version 2
run Iteration-20-20200521-09:52:02-54904
attr configname Iteration
attr datetime 20200521-09:52:02
attr experiment Iteration
attr inifile omnetpp.ini
attr iterationvars "$i=2, $j=8, $0=15-(2+8)"
attr iterationvarsf i=2,j=8,15-(2+8)-
attr measurement "$i=2, $j=8, $0=15-(2+8)"
attr network Network
attr processid 54904
attr repetition 0
attr replication #0
attr resultdir results
attr runnumber 20
attr seedset 20
itervar i 2
itervar j 8
param **.resourcePool.amount 2
param **.resourcePool1.amount 8
param **.resourcePool2.amount 15-(2+8)
param **.source.interArrivalTime exponential(6min)
param **.delay.delay uniform(4min,28min)
param **.delay1.delay uniform(10min,28min)
param **.delay2.delay uniform(4min,16min)
param **.allocate.resourceModuleName "\"Network.resourcePool\""
param **.allocate1.resourceModuleName "\"Network.resourcePool1\""
param **.allocate2.resourceModuleName "\"Network.resourcePool2\""
param **.deallocate.resourceModuleName "\"Network.resourcePool\""
param **.deallocate1.resourceModuleName "\"Network.resourcePool1\""
param **.deallocate2.resourceModuleName "\"Network.resourcePool2\""
param **.router.randomGateIndex "uniform(0, 1) > 0.2 ? 0 : 1"

vector 0 Network.allocate queueLength:vector ETV
attr interpolationmode sample-hold
attr title "queue length, vector"
vector 1 Network.allocate1 queueLength:vector ETV
attr interpolationmode sample-hold
attr title "queue length, vector"
vector 2 Network.allocate2 queueLength:vector ETV
attr interpolationmode sample-hold
attr title "queue length, vector"
vector 3 Network.sinkStat lifeTime:vector ETV
attr interpolationmode none
attr title "lifetime of arrived jobs, vector"
attr unit s
vector 4 Network.sink lifeTime:vector ETV
attr interpolationmode none
attr title "lifetime of arrived jobs, vector"
attr unit s
0	0	0	0
0	22	3194.553481921861	1
0	28	3352.250161958637	0
0	93	5974.701451415813	1
0	95	6131.17463283974	0
0	104	6283.156537037001	1
0	106	6397.46541045364	2
0	112	6715.648867793263	1
0	121	7099.211463553721	2
0	127	7296.051768135307	1
0	140	7802.340545725105	0
0	149	8055.088594961964	1
0	151	8323.33065916586	0
0	175	8852.242714799161	1
0	189	9446.404706762681	2
0	199	9822.173987708867	1
0	208	9932.042026883467	0
0	213	10094.863592174263	1
0	215	10268.906476580223	2
0	217	10300.276471814617	1
0	226	10379.074028906899	2
0	228	10733.956274448192	3
0	230	10754.791143879176	2
0	235	10813.963205430652	3
0	241	10952.050485032143	4
0	247	11132.866863058543	5
0	249	11142.274395442113	4
0	258	11240.280704218216	5
0	260	11303.746620491373	6
0	270	11429.758423491627	7
0	276	11797.518873594583	6
0	289	12058.925589239884	7
0	291	12248.046591230962	8
0	293	12253.758733867422	9
0	295	12262.722947120548	8
0	304	12529.329537665948	7
0	313	12796.70402891835	8
0	315	12999.130504697443	7
0	344	13901.272424636885	6
0	349	14034.447930260599	7
0	355	14048.051933418727	8
0	357	14195.994963243486	7
0	366	14491.35562839739	8
0	368	14863.083713008567	7
0	373	15032.873321244021	8
0	375	15091.907127059878	7
0	384	15467.448256795438	8
0	390	15585.967106698557	7
0	395	15640.642562328119	8
0	397	15824.62371189365	9
0	399	15878.827124729634	8
0	416	16183.803726950603	9
0	426	16638.035759262622	8
0	439	16942.871258879098	9
0	441	17021.62164792975	10
0	443	17023.738390810669	9
0	452	17120.568173965915	8
0	457	17409.270626062872	9
0	459	17427.038628359836	10
0	469	17988.559308092851	11
0	475	18116.588021147192	12
0	477	18181.77861612445	13
0	479	18235.752763068779	12
0	492	18429.995781525851	11
0	509	18878.30037282995	12
0	511	18954.195554210349	11
0	516	19211.066270964072	12
0	518	19362.678100420638	11
0	527	19718.17540266681	12
0	529	19731.201583128026	13
0	539	19987.074474476159	12
0	556	20870.95623596619	11
0	565	21134.618031449898	12
0	571	21510.126071430624	11
0	576	21668.834758622692	12
0	582	21774.514695732399	11
0	595	22297.261033383696	12
0	597	22358.780804321051	11
0	602	22498.412319737341	12
0	604	22528.457197414757	13
0	606	22569.49726416777	12
0	627	23146.69484778355	11
0	632	23198.757065607829	12
0	634	23218.141435613704	13
0	648	23592.213244631768	12
0	653	23609.495067051278	13
0	659	23714.822183019085	14
0	677	24540.67130531232	13
0	686	24872.582501366616	12
0	691	24898.526982949817	13
0	693	25234.461650520445	12
0	698	25371.44871986902	13
0	704	25568.182211754111	14
0	706	25757.854059404239	13
0	715	26339.959737835929	12
0	720	26396.295191621003	13
0	726	26690.748635733819	14
0	732	26713.120014451326	13
0	737	26829.914383672934	14
0	743	26944.892233126897	15
0	745	27017.700442679108	14
0	762	27600.143825104937	13
0	771	27838.4429306923	14
0	773	27892.849790461243	13
0	782	28012.994827436111	14
0	796	28581.173783430959	15
0	798	28650.876799738512	14
0	807	28907.402838289619	13
0	812	28945.472203251685	14
0	814	28974.331726724344	15
0	820	29158.599049270034	14
0	825	29256.897632433579	13
0	830	29423.989622500353	14
0	836	29657.67998122412	13
0	873	30748.919408424304	12
0	882	30771.183171433956	13
0	884	30846.465448185683	12
0	889	30887.417248635621	13
0	891	30938.038254966357	14
0	897	31343.986334351503	15
0	907	31695.347754015134	14
0	912	31807.925893224657	13
0	917	31824.079445839024	14
0	927	32140.239072188616	13
0	948	33105.755606673539	12
0	953	33258.601765315208	13
0	959	33340.310638351844	12
0	972	34070.017463446104	13
0	978	34235.770683631182	12
0	987	34446.639756107584	13
0	989	34541.514087981091	12
0	998	34714.252100128074	13
0	1012	35384.163972587744	14
0	1014	35465.703411709439	15
0	1016	35727.274165828562	16
0	1018	35787.158538281721	17
0	1024	35859.721225693703	16
0	1029	35908.643534956978	15
0	1034	35981.665907950585	16
0	1040	36508.388053433127	17
0	1046	36718.962497536885	18
0	1048	37019.684040367485	17
0	1057	37141.562931715058	16
0	1070	37807.017074703028	17
0	1072	37833.091316773103	16
0	1081	37946.937871508182	15
0	1102	39007.111737421261	14
0	1107	39199.155948877216	13
0	1112	39327.351819501673	14
0	1126	40181.207148675022	15
0	1128	40198.35563099991	14
0	1137	40362.09879134586	15
0	1139	40377.149379346157	16
0	1141	40499.613234855116	15
0	1146	40564.345991799	16
0	1156	41219.540212547149	17
0	1166	41413.096009165009	18
0	1176	41806.599427974331	17
0	1181	41883.465879529596	16
0	1194	42706.570494561806	17
0	1196	42713.717462076354	16
0	1201	42898.845636907201	17
0	1203	42922.504165467808	18
0	1205	42940.719413727795	19
0	1211	42979.130819840837	18
0	1216	42985.503415342712	19
0	1222	43117.128804350395	20
0	1224	43246.551254026473	19
0	1233	43459.16120237392	20
0	1255	44016.129864464991	21
0	1257	44037.061029122314	22
0	1259	44179.303121945641	23
0	1261	44415.605520001162	22
0	1274	44758.145538687587	21
0	1279	44975.02004198095	22
0	1281	45406.248391924143	23
0	1283	45559.008270025134	22
0	1288	45599.360819758244	23
0	1290	45630.025264872719	22
0	1295	45762.776971207052	23
0	1297	46039.547193653762	22
0	1322	46734.691007071619	23
0	1324	46759.506920937691	24
0	1326	46851.236981889714	23
0	1343	47319.069968357563	22
0	1352	47660.235655273426	23
0	1354	47914.880318961923	24
0	1356	47935.466417711673	25
0	1358	48151.811997376263	24
0	1367	48346.0651394264	23
0	1376	48641.335432507711	24
0	1378	48835.667768226119	25
0	1384	48940.656785818856	26
0	1390	49029.078297066467	27
0	1392	49255.306341867109	28
0	1402	49601.628306254625	27
0	1411	50023.857827252259	26
0	1424	50450.864500151753	27
0	1426	50473.083665825307	26
0	1431	50478.447241476955	27
0	1433	50654.336309999341	28
0	1435	50671.325140914361	29
0	1437	50854.471361877368	30
0	1439	50875.725631162405	29
0	1448	51023.681044505587	30
0	1462	51559.182403728247	29
0	1467	51595.63675764065	28
0	1472	51617.675493733878	29
0	1474	51748.858315687998	30
0	1480	51948.763762107989	31
0	1494	52298.394007671991	32
0	1500	52455.1291066854	31
0	1517	52913.967189460874	30
0	1522	53161.341007641067	29
0	1527	53447.89868063126	30
0	1529	53594.828197926164	29
0	1534	53737.95948858421	28
0	1539	54031.469130283703	27
0	1544	54050.220110477594	28
0	1550	54093.053960844756	27
0	1563	54845.425157363003	28
0	1573	55041.524347008648	29
0	1587	55385.743372373165	28
0	1600	55465.377785459852	29
0	1602	55634.597114800026	28
0	1619	56296.867492302256	29
0	1629	56569.643180191399	28
0	1638	56814.722087597956	27
0	1643	57111.757001441825	28
0	1653	57440.123389221474	29
0	1655	57517.015509950902	30
0	1665	57764.456569390233	31
0	1667	57844.938281877448	30
0	1672	57893.245982326255	31
0	1674	57971.395089745404	30
0	1687	58423.63144894003	31
0	1689	58798.358271015567	32
0	1691	58821.073658681942	33
0	1693	58871.400164868799	34
0	1695	58925.802347667398	33
0	1700	59010.474799033468	34
0	1702	59066.886930792143	33
0	1711	59096.626796964892	34
0	1713	59251.492215833544	35
0	1719	59516.864916449895	34
0	1740	60338.961549669387	33
0	1753	60709.00702483069	32
0	1762	61026.823779805377	33
0	1768	61217.426609611622	32
0	1773	61560.991757519426	31
0	1782	62118.139223240199	30
0	1791	62206.408903699947	31
0	1805	62645.515447659901	30
0	1826	63444.540243975701	29
0	1831	63624.017735259892	30
0	1833	63639.948787479055	31
0	1835	63690.873632475617	30
0	1844	63820.55405457811	31
0	1846	63835.297890957833	32
0	1852	63937.885436795535	31
0	1857	63979.184393238359	32
0	1859	64188.597934088222	31
0	1872	64841.60038268502	32
0	1878	65257.050621378673	33
0	1884	65282.221138431243	32
0	1889	65283.301553198048	33
0	1903	65559.774372324231	32
0	1908	65683.15280827742	31
0	1913	65760.706782941075	32
0	1923	66255.584496193015	33
0	1933	66690.741550103857	34
0	1939	67119.313368767384	33
0	1952	67221.353485538177	32
0	1957	67305.574595019346	33
0	1963	68167.612615758202	34
0	1969	68256.912314622216	33
0	1982	68564.115907470608	34
0	1984	68797.013157278184	33
0	1989	68873.947110899024	34
0	1995	68895.211872859411	33
0	2004	69264.316550091987	34
0	2006	69312.380614830665	33
0	2011	69357.361183993403	32
0	2020	69726.674252340658	33
0	2030	70059.166635952775	32
0	2035	70203.090434523784	33
0	2037	70397.247884165969	34
0	2039	70434.523005998246	33
0	2056	70744.058577670268	32
0	2061	70792.2607593958	33
0	2067	71144.303660011403	32
0	2072	71201.844137245374	33
0	2074	71328.723249142346	34
0	2084	71498.973180845265	33
0	2101	71776.595844839715	34
0	2107	71892.931075401489	33
0	2112	71959.430969311408	32
0	2125	72357.714687853936	31
0	2134	72419.564203313104	30
0	2139	72531.115441359373	31
0	2141	72565.511391817145	32
0	2147	72585.584261722894	33
0	2153	72778.868472918753	32
0	2166	73083.135095676891	31
0	2179	73546.711701490254	32
0	2185	73735.032965517043	33
0	2207	74274.966200246028	32
0	2212	74282.799414850656	31
0	2225	74753.515069978644	32
0	2227	74756.999587705843	31
0	2236	75160.761027451958	32
0	2238	75283.806266456727	31
0	2247	75328.79614059694	32
0	2257	75571.555463439338	31
0	2262	75726.591551560628	32
0	2276	76127.540822252003	33
0	2282	76209.532454170171	32
0	2287	76314.633577871613	33
0	2293	76698.36164631683	32
0	2302	77155.591085622635	33
0	2304	77210.430548703782	32
0	2321	77575.742834536843	31
0	2326	77650.903412025325	32
0	2328	77729.378566823784	31
0	2337	78013.048636399094	30
0	2342	78122.314369222634	29
0	2355	78384.293825074915	28
0	2360	78477.718831847888	29
0	2366	78665.376158645861	28
0	2371	78779.054675143467	29
0	2401	79480.01519413247	30
0	2403	79530.688247240965	29
0	2408	79683.899368001633	28
0	2425	80068.768728941564	27
0	2442	80572.121703449645	28
0	2448	80624.425909622126	27
0	2461	81131.737089496012	28
0	2463	81140.652531318252	27
0	2472	81418.591126061773	28
0	2482	81693.786114290542	29
0	2484	81702.823979042356	28
0	2497	82042.655875164406	29
0	2499	82051.71622823041	28
0	2508	82877.754545293634	27
0	2513	82879.706447200224	28
0	2523	83097.674839575944	29
0	2525	83445.218204996102	28
0	2538	83552.619540884977	27
0	2543	83671.799545266738	28
0	2545	83804.645019834076	29
0	2551	84329.01102763403	28
0	2560	84473.965281151978	29
0	2574	84991.908037579172	28
0	2583	85286.036391236945	29
0	2585	85447.9246074373	30
0	2591	85614.130829244738	29
0	2596	85824.790463140719	28
0	2605	85911.276844860534	29
0	2607	86064.935579583134	30
0	2609	86151.058490826302	29
0	2614	86293.380857713407	28
0	2627	86710.20984408878	29
0	2629	86788.000372862928	28
0	2634	86828.212916110789	29
0	2660	87776.000316108971	30
0	2674	87972.903465077168	29
0	2679	88013.744692868107	28
0	2684	88117.366924967696	29
0	2686	88289.947339165233	30
0	2688	88303.653643778438	31
0	2690	88637.776928861853	32
0	2708	89457.601922310776	31
0	2713	89632.869969076031	30
0	2722	89840.449921384341	29
0	2727	90036.143887449651	30
0	2729	90139.369551391262	31
0	2731	90507.421878871664	32
0	2733	90644.589935059328	33
0	2743	90881.563477262742	32
0	2752	91233.304754166413	33
0	2754	91262.528712926918	32
0	2759	91304.491557335049	33
0	2773	91719.579594240291	34
0	2779	91930.797173835225	33
0	2784	92205.089267185443	32
0	2789	92320.195818684772	33
0	2815	93454.76021055866	32
0	2820	93720.380579000824	31
0	2829	93884.262351736314	30
0	2838	94491.719819298494	31
0	2844	94580.684202955652	32
0	2846	94590.186151002349	33
0	2848	94635.247395173553	34
0	2850	94755.31722459016	35
0	2852	94887.700641705208	34
0	2857	94924.678034503358	35
0	2863	95043.05046278829	36
0	2869	95286.393945410735	35
0	2874	95299.332752069943	34
0	2879	95361.438052192556	35
0	2885	95567.048626996464	34
0	2890	95584.061449310296	33
0	2895	95716.472561654955	34
0	2897	95875.689631926653	35
0	2907	96257.037158227079	34
0	2916	96379.257978677932	35
0	2918	96487.112265656318	36
0	2936	96692.114963278062	35
0	2949	97083.922066865974	34
0	2978	97909.849596187675	35
0	2984	98244.178788371272	34
0	2989	98246.038235005429	35
0	2995	98527.194686299675	34
0	3000	98701.428334935049	35
0	3002	98748.934381037844	36
0	3004	99160.246964029856	35
0	3009	99205.216115126587	36
0	3011	99418.779773405307	35
0	3016	99558.642879807378	36
0	3022	99717.22696938449	37
0	3028	99919.318792765971	38
0	3030	99998.151362087946	39
0	3036	100061.468868619316	38
0	3045	100354.288988643645	39
0	3055	100585.084077276178	38
0	3076	101072.615112716819	39
0	3078	101355.461819297049	40
0	3084	101485.256880401187	39
0	3089	101487.744888724595	40
0	3091	101632.493788234778	39
0	3096	101728.373001117983	40
0	3098	102092.389405091219	41
0	3104	102444.752527630214	42
0	3106	102659.172834037357	41
0	3111	102679.51496300868	42
0	3113	102893.786220632211	43
0	3115	103049.19145156432	42
0	3128	103441.001085536558	43
0	3130	103546.669566974511	44
0	3144	103776.156218659853	45
0	3146	103958.092535986119	44
0	3151	104076.617912187941	45
0	3153	104128.05324478231	46
0	3155	104167.539522804209	45
0	3164	104310.129503566659	46
0	3170	104378.146025338004	47
0	3172	104423.744792249614	48
0	3182	105027.119064248384	49
0	3184	105132.415785834082	48
0	3197	105435.80271312004	49
0	3199	105526.708735591286	48
0	3208	105732.320290169485	49
0	3210	106158.810360458799	50
0	3220	106704.536476254352	49
0	3225	106743.163993796819	48
0	3230	107023.123967621803	49
0	3236	107313.739142217548	50
0	3242	107844.667786388212	49
0	3251	107873.285170987137	48
0	3256	107917.397352422079	49
0	3270	108910.855452488682	50
0	3272	108976.873905679714	51
0	3278	109069.739923290914	52
0	3280	109176.337441457921	51
0	3285	109350.570994585641	50
0	3290	109522.17704257475	51
0	3300	109794.612846589201	50
0	3313	109905.619282162887	51
0	3315	110075.388197943457	50
0	3328	110236.725379576655	51
0	3338	110744.937167878287	52
0	3340	110767.521772839018	51
0	3345	110771.383933845504	52
0	3347	110865.371802366283	53
0	3349	110917.466570425784	54
0	3351	111026.251163705571	55
0	3353	111101.364995136746	54
0	3358	111252.511760172622	55
0	3360	111325.473650336988	56
0	3362	111411.75367201727	55
0	3379	111750.500579244011	54
0	3392	112092.592774459705	55
0	3402	112430.928518746415	56
0	3412	112612.507870055624	55
0	3425	113395.515499776715	54
0	3430	113728.125335977071	55
0	3432	113929.347122216916	56
0	3442	114285.980558179208	55
0	3451	114777.502138464179	56
0	3453	114843.443558319026	55
0	3458	114855.697777353116	54
0	3471	115051.578257097292	55
0	3481	115719.901418036019	56
0	3483	115936.916141182073	55
0	3496	116390.152765168363	54
0	3501	116598.28148626525	53
0	3510	116951.938094138662	54
0	3516	117141.12065691876	55
0	3518	117144.409116250117	56
0	3524	117184.630850858875	55
0	3529	117320.881860729359	56
0	3531	117530.582610285396	55
0	3536	117686.12608231467	56
0	3542	117965.230289502556	55
0	3547	118083.013080738374	54
0	3560	118217.554311938665	55
0	3562	118349.264040776725	56
0	3568	118376.76546661379	57
0	3570	118472.196263805562	58
0	3572	118526.807232263721	59
0	3578	118771.013092363045	60
0	3584	119016.463315282488	61
0	3586	119024.884267850334	60
0	3603	119170.439640211467	61
0	3605	119340.203167904009	62
0	3611	119478.113119332606	61
0	3616	119629.824989485328	62
0	3622	119748.74238105509	63
0	3624	119762.051622129866	62
0	3637	120016.969261011595	61
0	3646	120287.357479219465	62
0	3648	120413.586494539838	63
0	3658	121283.735459789523	62
0	3667	121517.651576092953	61
0	3684	122044.909772656747	60
0	3689	122212.86339632214	61
0	3695	122281.975286817664	60
0	3700	122452.118156932183	59
0	3705	122790.656744025536	58
0	3714	122823.518893578894	59
0	3732	123573.250435246641	58
0	3737	123593.009274331584	59
0	3751	123919.247216291614	58
0	3772	124512.16898392059	59
0	3774	124540.022945947327	60
0	3776	124670.452536564696	61
0	3778	124822.610651553902	62
0	3780	124950.987325057276	61
0	3793	125093.165804185349	62
0	3795	125147.809223956663	63
0	3797	125248.332944987828	62
0	3802	125371.002414896416	63
0	3812	125730.188234071593	64
0	3814	125901.809376581127	63
0	3823	126014.573449313529	62
0	3828	126204.542432527017	63
0	3834	126477.764916038627	62
0	3843	126658.87254014274	63
0	3849	126843.373596524501	64
0	3851	126852.506234392412	63
0	3856	127148.89936980594	62
0	3865	127561.88282189755	63
0	3871	127638.610077901299	62
0	3876	127697.180391472953	63
0	3878	127770.857447209767	64
0	3880	127771.234385292582	65
0	3890	127952.740015117939	64
0	3903	128333.411292925366	63
0	3912	128369.750899568261	64
0	3922	128662.31992065024	63
0	3939	129309.178287825104	62
0	3952	129849.182358648929	63
0	3954	129853.685295477399	62
0	3959	130046.156345895048	61
0	3968	130542.919240956386	62
0	3970	130587.688606968246	63
0	3972	130630.103142550703	62
0	3981	130845.861661217996	61
0	3990	131081.087089023109	60
0	4011	131629.4403342231	59
0	4036	132292.640023185428	58
0	4041	132317.716175064334	57
0	4046	132480.286216584196	58
0	4060	132856.511766119417	57
0	4077	133457.255753435084	56
0	4082	133609.341496741887	55
0	4091	134076.406271299835	54
0	4108	134383.155779580447	55
0	4110	134518.432755707949	56
0	4112	134526.609112312186	57
0	4126	135070.37939184148	56
0	4139	135268.003851688023	55
0	4156	135700.685241683972	56
0	4158	135750.805023468921	55
0	4167	136140.449213132152	54
0	4172	136249.529592374202	55
0	4174	136292.27233006859	56
0	4176	136307.761332355697	57
0	4178	136409.520860156532	56
0	4183	136540.300581641437	57
0	4193	136904.182944750208	58
0	4195	136925.548886229618	59
0	4197	137085.299071676919	58
0	4202	137287.627669745679	59
0	4216	137747.880317615697	60
0	4226	137949.996297760423	59
0	4231	138018.602365076432	58
0	4236	138149.549053613581	59
0	4246	138215.356855469123	60
0	4248	138465.084049283083	59
0	4257	138774.063628201851	60
0	4259	138934.967702772794	61
0	4261	138947.629964976128	60
0	4270	139244.435482628534	59
0	4275	139406.512273470059	60
0	4281	139563.972772619328	61
0	4295	140218.387440881248	60
0	4300	140280.780044568772	61
0	4306	140476.729304760585	60
0	4315	140751.795134786819	61
0	4325	140920.054275140057	60
0	4330	140958.048579684015	59
0	4347	141315.855112898221	60
0	4349	141562.162939379734	61
0	4351	141720.269225842006	62
0	4353	141757.089384249479	63
0	4359	141817.049068033586	62
0	4372	142155.586041687544	61
0	4377	142187.637536145318	62
0	4383	142361.70334551713	63
0	4385	142453.320198790941	64
0	4391	142519.480402314695	65
0	4393	142620.946649937447	64
0	4398	142672.376085637211	65
0	4404	142827.607444979141	64
0	4417	143134.530574819985	65
0	4419	143165.514410741518	64
0	4424	143310.190518749759	65
0	4426	143373.511180398703	66
0	4436	143658.65200362217	65
0	4457	144373.725840328749	64
0	4466	144444.734979349176	65
0	4468	144600.267364396602	66
0	4470	144687.097609026382	67
0	4472	144756.188263809796	66
0	4477	144800.867291211973	65
0	4486	145058.807512066076	66
0	4492	145168.136885529237	67
0	4494	145216.72970903938	68
0	4496	145440.140684440623	67
0	4501	145525.764360046502	66
0	4518	146182.081369003769	65
0	4543	146680.743197843324	64
0	4548	146705.853716786086	65
0	4550	146713.318172945198	64
0	4559	146996.942409023534	63
0	4568	147152.314934662536	64
0	4574	147199.722373551246	63
0	4579	147208.282081618178	64
0	4581	147244.156230912304	65
0	4583	147432.455784611295	64
0	4592	147574.29681215287	65
0	4598	147773.764477379511	64
0	4607	147860.977658601619	65
0	4613	148088.42611504442	66
0	4622	148197.721057339128	65
0	4648	148694.58551438387	66
0	4654	148903.830755025039	65
0	4659	149047.931882605492	66
0	4665	149564.744950918524	67
0	4667	149597.429125300165	66
0	4676	150188.624157635983	65
0	4685	150325.077925823057	66
0	4687	150384.238060720156	65
0	4700	150570.975386789557	64
0	4705	150591.609645193297	65
0	4715	151034.975810152151	66
0	4721	151442.097862874235	67
0	4723	151591.814357406017	66
0	4728	151630.345974237356	67
0	4742	151916.689684137593	66
0	4747	151946.738369809663	67
0	4749	151984.847463509556	66
0	4758	152350.368520624827	65
0	4779	152668.041426851776	66
0	4781	152758.511097848307	65
0	4786	153042.329630140504	66
0	4788	153333.166963560995	65
0	4801	153553.35331399728	64
0	4806	153589.136941647645	63
0	4815	153739.710631892764	64
0	4817	153882.050983649108	65
0	4827	154139.293418086957	64
0	4836	154175.708197742594	65
0	4846	154446.813706551614	66
0	4852	154578.088883782103	67
0	4854	154661.367750435959	66
0	4863	154681.444139836323	67
0	4869	154869.815854719397	66
0	4878	155260.775404815046	67
0	4884	155509.4229797792	68
0	4898	155879.04204849888	67
0	4915	156211.279895769515	68
0	4917	156219.88987485927	67
0	4922	156497.253548608608	68
0	4924	156585.326019719135	67
0	4929	156630.506667672912	68
0	4931	156798.557630545017	67
0	4940	156838.060181312965	68
0	4950	157505.267291053253	69
0	4956	157630.148442714032	68
0	4969	157907.721031203758	67
0	4990	158824.601775398966	66
0	4995	158983.362499551967	67
0	5005	159261.008228108179	66
0	5018	160030.748044036221	65
0	5023	160240.189246936258	64
0	5040	160703.288684904468	63
0	5045	160707.204269994891	64
0	5047	160798.351816088667	65
0	5049	160869.150775289651	64
0	5058	161022.252186471338	65
0	5068	161413.008998012417	66
0	5070	161559.958887985464	65
0	5075	161655.21499934998	66
0	5077	161668.569118611407	65
0	5082	161695.137620274183	66
0	5084	161829.654248559095	67
0	5086	161961.514623044547	66
0	5115	162702.690948274515	67
0	5117	162759.449191199476	68
0	5119	162860.713207245545	69
0	5121	162938.192215904486	68
0	5126	162996.528262309598	69
0	5148	163507.284977278229	68
0	5153	163643.961755667672	69
0	5155	163693.511741931131	70
0	5157	163730.329584033078	71
0	5159	163825.495196067328	72
0	5161	163934.985905222487	71
0	5170	164236.310587026075	72
0	5176	164863.198349504289	71
0	5189	165472.802889694777	72
0	5191	165557.095752850067	71
0	5208	165785.537625393388	70
0	5213	165842.806435273246	71
0	5215	165980.648207723831	72
0	5217	165998.037423416761	73
0	5223	166203.75529712984	74
0	5225	166332.085214413595	73
0	5234	166618.834919604331	74
0	5236	166722.471796714352	75
0	5238	166745.376481628535	74
0	5247	166928.411665283038	75
0	5249	166943.74275730733	76
0	5251	166974.063664042354	77
0	5257	167353.780955009055	76
0	5270	167678.49263512141	77
0	5272	167755.407439943079	78
0	5274	167761.10039075702	79
0	5284	168024.787516173126	80
0	5286	168172.365880535384	81
0	5288	168293.246806031583	80
0	5293	168365.156881667566	79
0	5298	168461.632103641253	80
0	5304	168598.062890649822	81
0	5306	168612.876843167959	80
0	5311	168927.863406722853	81
0	5313	168985.090068423928	82
0	5323	169208.494738535368	83
0	5329	169284.024967967215	84
0	5331	169505.312973401068	83
0	5336	169604.651848543787	84
0	5338	169612.242736433928	85
0	5340	169643.16735853244	84
0	5361	170184.475746840466	85
0	5367	170854.478598840427	84
0	5372	170863.069199353612	85
0	5374	170918.903557681068	86
0	5376	170992.196235722421	85
0	5389	171141.217442973707	86
0	5391	171283.838922149061	85
0	5404	171537.52669600085	86
0	5406	171715.545406480418	87
0	5412	172000.564076509936	88
0	5414	172017.798089063201	89
0	5424	172225.364963204701	90
0	5426	172300.943690061462	89
0	5435	172321.68087852741	90
0	5437	172330.974062402446	91
0	5439	172454.345480679094	90
0	5444	172488.56550878867	91
0	5450	172822.760218538237	90
0	5459	173136.82114016999	89
0	5464	173302.931509315004	90
0	5466	173374.832737176239	89
0	5471	173407.705351971375	90
0	5485	173975.672833921489	91
0	5491	174304.10369101548	92
0	5493	174345.250815504225	93
0	5503	174509.663429065168	92
0	5512	174540.467616327	91
0	5517	174558.618693063525	92
0	5519	174586.038379643002	93
0	5529	175041.594323746753	92
0	5538	175270.713340315083	93
0	5544	175459.572150714588	92
0	5549	175731.508746548116	91
0	5554	175800.723207940795	92
0	5560	175900.091024160919	93
0	5562	175910.494485426576	94
0	5568	176015.740631937873	93
0	5573	176052.083628054932	94
0	5579	176082.623546028053	95
0	5581	176085.218030205488	94
0	5586	176100.746765402355	95
0	5592	176405.74928588283	94
0	5597	176548.768193285769	95
0	5599	176558.58987430454	96
0	5605	176866.608341066658	95
0	5622	177110.637940826602	96
0	5624	177232.529967868567	97
0	5626	177233.305451045172	98
0	5628	177339.03780140717	97
0	5641	177506.768517187357	96
0	5658	177846.370361773789	95
0	5671	178019.304465949174	96
0	5673	178050.892412655027	97
0	5675	178090.698670456134	98
0	5681	178354.28391764921	97
0	5686	178370.042164482069	96
0	5707	178729.661039924741	95
0	5720	179016.528896147723	96
0	5722	179069.915359649742	97
0	5732	179366.335978552592	96
0	5737	179391.953613100715	97
0	5751	180006.762105748823	98
0	5757	180078.517356617868	97
0	5762	180304.854181526565	98
0	5768	180654.286646163583	97
0	5773	180658.709051355613	96
0	5782	180746.964961438839	97
0	5792	181021.247368462681	98
0	5798	181216.76932371795	99
0	5812	181837.212879222798	100
0	5818	182001.127776399148	99
0	5823	182025.901116421938	98
0	5828	182623.953524427255	99
0	5834	182765.921917315622	100
0	5836	183122.429853183796	101
0	5842	183536.458933584285	100
0	5851	183617.083212873459	99
0	5856	183672.305318999056	100
0	5858	183692.615792394763	101
0	5864	184401.864012396455	100
0	5869	184402.358131043506	99
0	5882	185073.186588480962	98
0	5895	185439.401730542579	99
0	5901	185730.557727395118	98
0	5906	185761.550264643682	99
0	5912	185947.163611963643	100
0	5918	186060.299644463571	101
0	5920	186127.074860400081	100
0	5929	186366.712792936281	101
0	5935	186442.476699955655	102
0	5937	186582.76758070153	101
0	5946	186708.51637412597	100
0	5951	186913.375152340651	99
0	5960	187279.195723466469	98
0	5969	187482.393188924189	99
0	5971	187696.336888551748	100
0	5981	187922.680700900169	101
0	5983	187963.832185263258	102
0	5993	188158.35674713415	101
0	6002	188240.442441373957	100
0	6011	188433.727947633886	101
0	6017	188563.119313215982	102
0	6019	188697.885853648677	103
0	6025	188818.319183906475	104
0	6031	188903.075519740174	105
0	6041	189003.686278788866	104
0	6054	189501.565190726425	105
0	6056	189684.928526028884	104
0	6061	189757.836098140599	103
0	6070	189941.528388701894	104
0	6072	190115.056079190686	105
0	6074	190228.149534731997	104
0	6083	190514.546436025323	103
0	6088	190515.253735851658	104
0	6094	190734.123847585956	105
0	6100	190861.54941848233	106
0	6102	190865.590000995549	107
0	6104	190924.113257694813	108
0	6110	191211.324224989399	109
0	6128	191596.738395677773	110
0	6130	191651.678335115643	111
0	6132	191702.136030374588	110
0	6137	191759.973379753424	109
0	6142	191766.631563449684	110
0	6144	191900.218240976269	111
0	6146	192011.813465244267	112
0	6152	192061.015650390513	113
0	6154	192346.479115265033	114
0	6160	192854.061639955491	115
0	6170	192954.903418093814	114
0	6179	193191.35889847482	115
0	6181	193259.23283299724	116
0	6183	193378.606867259862	115
0	6192	193630.38394034468	116
0	6198	193762.409652492106	117
0	6204	194533.925861127569	116
0	6209	194548.811787417122	117
0	6215	194652.260304945509	118
0	6217	194831.611140138032	117
0	6222	195028.845378656405	118
0	6228	195314.088144836415	119
0	6234	195442.32528640938	118
0	6243	195703.824370222809	119
0	6245	195869.249229699268	118
0	6254	195948.852963888199	119
0	6256	195966.254676757874	118
0	6261	196128.747564696591	119
0	6263	196236.969932697608	118
0	6268	196357.090717414644	119
0	6274	196452.275940785118	120
0	6288	196903.555859669938	119
0	6297	197115.430241134945	120
0	6299	197210.001319489004	119
0	6320	198088.840028650954	118
0	6329	198485.862807138385	117
0	6342	198691.256244338944	116
0	6347	198742.972371681155	115
0	6352	198943.056084421421	116
0	6354	199045.694540115545	117
0	6360	199554.272062682331	118
0	6370	199858.855390723774	119
0	6372	199971.912037104263	118
0	6381	200113.831560379387	117
0	6398	200369.743942700221	116
0	6403	200509.57066352674	117
0	6409	200658.213752217485	116
0	6414	200689.380317528292	117
0	6416	200702.315003357461	118
0	6422	200990.837374076141	117
0	6431	201305.018325763153	118
0	6437	201336.814642427982	117
0	6442	201386.784108663325	118
0	6448	201540.032296821909	119
0	6450	201560.473432811796	120
0	6456	201862.835138670994	119
0	6477	202199.24875506003	118
0	6482	202341.501574321212	117
0	6487	202451.700824474193	118
0	6493	202516.77556268968	119
0	6507	203059.16750075309	120
0	6513	203164.302538359932	121
0	6515	203239.02846662809	122
0	6525	203514.976646220805	121
0	6534	203626.814680702878	120
0	6539	203742.069011829668	121
0	6549	204029.968132493654	122
0	6551	204049.287732773688	123
0	6553	204087.275437028402	124
0	6555	204243.499529182805	123
0	6568	204592.176221414031	122
0	6573	204707.047917845717	123
0	6575	204708.68683199755	124
0	6577	204738.518380306555	123
0	6582	204863.184687970699	122
0	6595	205227.768268785047	123
0	6601	205497.337943993403	122
0	6610	205563.68788420272	121
0	6631	206280.293466377196	122
0	6633	206340.59659199919	123
0	6639	206562.782485066475	122
0	6648	206773.232084452145	123
0	6654	207080.385417163266	122
0	6659	207137.002568408981	123
0	6661	207200.171443422128	124
0	6667	207338.489862315251	123
0	6672	207369.531510974126	124
0	6674	207402.369914029936	125
0	6680	207679.213112106696	126
0	6686	207831.909183200836	127
0	6688	207914.023598386468	126
0	6697	208241.283324554457	125
0	6714	208766.086403334923	126
0	6716	208789.593115272937	127
0	6722	209044.757288056337	128
0	6732	209242.824377110721	127
0	6737	209403.37442202302	128
0	6747	209895.952412530674	127
0	6756	210094.387113070609	126
0	6761	210103.380470973996	127
0	6771	210661.083785450381	128
0	6781	211259.346235312874	129
0	6787	211498.417771391465	128
0	6792	211666.911873585107	127
0	6797	211781.938784776741	128
0	6803	212362.848182812228	127
0	6808	212443.845163155087	128
0	6810	212684.937441546595	129
0	6820	213177.624673641399	130
0	6826	213219.06849204612	129
0	6831	213398.131166041362	130
0	6833	213422.058013301327	131
0	6839	213645.900083079829	130
0	6844	213731.853241131544	131
0	6854	214543.00456424047	130
0	6859	214568.29489490998	129
0	6872	215235.855915165069	128
0	6889	215506.384645695918	129
0	6891	215523.631580649469	130
0	6901	215992.682248958969	131
0	6903	215995.082736898952	132
0	6909	216012.77213855696	131
0	6914	216027.942212492123	130
0	6927	216591.369300100265	131
0	6929	216838.440357603028	130
0	6938	217131.724400076155	131
0	6940	217152.51911169626	132
0	6950	217490.259846998873	131
0	6959	217619.707039546417	132
0	6965	217821.030337572564	133
0	6967	217846.974842785143	134
0	6969	217927.888443617164	135
0	6971	218080.089440129593	134
0	6976	218141.726706577959	133
0	6981	218225.570676306619	134
0	6987	218483.587391264543	135
0	6989	218538.25011038485	136
0	6991	218755.04618102237	137
0	6993	218775.15884268147	136
0	6998	218929.843919169851	137
0	7000	218998.844593577118	138
0	7010	219389.103386169794	137
0	7015	219444.352871804864	138
0	7021	219645.772923461989	137
0	7026	219889.60937787582	136
0	7031	219980.584731242183	135
0	7044	220073.616078493976	136
0	7054	220212.373845318304	137
0	7056	220385.144498515912	138
0	7062	220450.491036018852	137
0	7071	220693.017321785489	138
0	7073	220708.670739723128	139
0	7091	221214.411417141453	138
0	7100	221487.299140473565	139
0	7102	221724.248918099824	138
0	7107	221769.910162383673	139
0	7121	222150.658369555966	138
0	7130	222243.688950494587	139
0	7140	222739.894189022378	138
0	7153	222979.226762548231	139
0	7155	223006.576537779096	138
0	7164	223744.048605454598	139
0	7170	224061.764823615448	138
0	7175	224206.301043386594	139
0	7177	224278.870697650536	140
0	7187	224424.097933313373	139
0	7192	224610.375777771607	140
0	7194	224802.756892971592	139
0	7207	225103.684587732052	140
0	7209	225263.054779067533	139
0	7218	225585.521896359538	140
0	7220	225734.520479059342	139
0	7241	226233.493107268044	140
0	7243	226244.78498641407	141
0	7249	226434.289169899612	142
0	7251	226507.308879315751	141
0	7256	226560.078942979233	142
0	7262	226810.820740373354	143
0	7264	226882.386474605947	144
0	7270	227061.666193537312	143
0	7275	227094.203920800686	144
0	7277	227212.354946500186	143
0	7282	227236.219052133643	144
0	7288	227424.724213037126	145
0	7290	227482.74833639946	146
0	7292	227765.266070017753	147
0	7298	227927.990785095776	148
0	7304	228183.389147974692	149
0	7306	228304.720976546305	148
0	7319	228688.234750768665	147
0	7324	228722.08192448771	148
0	7326	228756.847627878087	147
0	7331	228875.792289148281	148
0	7345	229066.333005419474	149
0	7351	229556.641260096021	150
0	7353	229624.962024121109	149
0	7366	229915.664890399868	150
0	7372	230082.456927567618	149
0	7377	230145.426637111727	148
0	7382	230216.852215078274	149
0	7388	230439.649211558808	150
0	7394	230612.687974813484	151
0	7396	230726.196305485127	152
0	7398	230786.870908260243	151
0	7403	230965.741667968003	152
0	7405	231104.871488073805	153
0	7419	231474.840612402681	152
0	7432	231936.172208731047	153
0	7446	232178.177642792361	152
0	7451	232348.437394364909	153
0	7453	232563.364815121996	154
0	7463	232831.223175277211	155
0	7465	233149.613095997397	154
0	7470	233559.501898109811	153
0	7475	233689.336658123933	154
0	7477	233830.716035613189	155
0	7483	234152.952323281384	156
0	7493	234529.624599768345	155
0	7498	234728.629718333377	156
0	7508	234965.215449154275	155
0	7513	235132.85914790751	156
0	7515	235278.733040052738	157
0	7521	235589.958621611558	158
0	7527	235766.998511783677	157
0	7536	236181.769643566136	156
0	7545	236357.466340964183	157
0	7555	236608.829117871719	156
0	7564	237191.654346501951	155
0	7573	237734.454797997969	154
0	7578	237863.231711229806	153
0	7583	237951.653318845021	154
0	7585	237992.949046909707	153
0	7594	238322.377900969358	154
0	7604	238474.724701575569	155
0	7610	238613.161303333836	154
0	7615	238695.928403875356	153
0	7644	239428.797306335097	152
0	7657	239727.885508267706	151
0	7662	239918.136886454888	152
0	7668	240089.84128312789	153
0	7670	240288.33062956749	154
0	7672	240292.842420197921	153
0	7689	240721.66471343003	154
0	7691	240865.908344469862	153
0	7708	241157.877416969993	154
0	7710	241162.908339417105	153
0	7715	241472.069769083088	152
0	7728	241878.228590299166	153
0	7730	241916.500319733489	154
0	7732	241918.748234151222	155
0	7734	241958.53688713898	154
0	7739	242267.058495870357	153
0	7744	242387.175564317543	154
0	7758	242714.135897178014	155
0	7760	242774.248850638676	156
0	7766	242873.333524398404	155
0	7771	242875.840380108481	154
0	7788	243439.770538008702	155
0	7806	243954.63035558154	154
0	7811	243956.49337042624	155
0	7813	244020.702551818019	154
0	7818	244275.608541622547	155
0	7820	244348.569550915187	154
0	7833	244523.836955883126	155
0	7835	244732.737839454973	156
0	7837	244767.86337186386	155
0	7850	245016.006893231458	156
0	7856	245076.761908298855	155
0	7869	245426.351179434483	154
0	7878	245662.080619205502	155
0	7880	245724.487628308127	156
0	7882	245750.139238265188	157
0	7892	245959.390208503619	158
0	7898	246051.034087322095	159
0	7900	246090.343182951887	160
0	7906	246281.641723334688	159
0	7915	246897.063603408533	158
0	7924	246956.147335796182	157
0	7937	247778.394985517458	158
0	7939	247796.571148045259	157
0	7952	248064.053321497673	158
0	7954	248111.400315240601	159
0	7956	248132.789575725692	158
0	7961	248292.628537434181	159
0	7967	248611.017024172966	158
0	7976	248704.781433049825	159
0	7978	248805.410156612508	160
0	7980	248821.810494199709	161
0	7998	249567.29170796265	160
0	8003	249706.1630950605	161
0	8009	249779.658436915402	160
0	8014	249830.862279551929	161
0	8016	249857.949427224594	160
0	8021	250156.92335847455	161
0	8023	250177.523789948874	162
0	8029	250308.216030362596	163
0	8035	250372.638964316436	164
0	8041	250912.739997985918	165
0	8047	251279.014576999967	164
0	8060	251500.495610728758	163
0	8073	252028.613433565585	164
0	8075	252039.487917354816	165
0	8077	252312.052462198071	166
0	8079	252478.945807954793	165
0	8084	252509.675012241615	166
0	8094	252774.225024849075	165
0	8119	253766.08869723094	164
0	8124	253830.009233554987	165
0	8126	253996.52985703935	164
0	8131	254001.745259161183	165
0	8137	254271.12841208269	164
0	8142	254587.400621592072	165
0	8144	254659.622319981355	164
0	8149	254764.649167921233	165
0	8155	254904.710292674947	166
0	8161	255120.185309874048	167
0	8163	255199.463224439447	166
0	8172	255281.330593950794	167
0	8174	255293.988975818429	168
0	8192	255778.101123662368	169
0	8194	256176.683449193735	168
0	8207	256409.142590342586	167
0	8212	256492.641215965052	166
0	8221	257299.576058135898	167
0	8227	257467.379459431891	166
0	8232	257525.301605417983	167
0	8234	257589.016730867227	166
0	8243	257619.970919370573	167
0	8249	257793.151592603449	166
0	8262	258110.248480317864	167
0	8264	258200.856396373235	168
0	8270	258574.772751583282	167
0	8287	258873.426906473836	166
0	8292	259058.729743924655	167
0	8294	259153.022215447474	168
0	8296	259177.306184478005	167
0	8305	259481.103510851878	168
0	8311	259561.201089833715	169
0	8325	259976.69623333079	168
0	8334	260071.235236238551	169
0	8344	260506.459490464847	170
0	8346	260555.735024332901	169
0	8355	260639.968518047158	168
0	8364	261000.24884733421	167
0	8377	261611.539793973531	168
0	8383	261952.021737127129	167
0	8388	261982.904877222975	166
0	8393	262000.030816038299	167
0	8399	262190.531880797345	168
0	8401	262300.70953827108	169
0	8411	262466.528789056961	168
0	8428	263028.297238096495	167
0	8433	263184.985067686562	166
0	8442	263500.462958766643	165
0	8463	263997.580818035939	166
0	8469	264155.588270619412	165
0	8478	264365.356502548332	166
0	8488	264737.151270239178	165
0	8493	264826.095078042095	166
0	8495	264965.499565429926	167
0	8497	265261.657347151692	168
0	8503	265344.507901232217	169
0	8509	265599.149308009569	168
0	8514	265765.55730868866	167
0	8523	266069.624735928799	168
0	8533	266287.108760874348	169
0	8539	266663.049367040296	168
0	8548	266776.40299049494	169
0	8550	266811.53584389997	168
0	8555	266879.300895966736	169
0	8565	267330.899650126596	168
0	8570	267450.920067829434	169
0	8572	267686.261765987154	170
0	8582	268346.725850841527	169
0	8587	268444.458196497864	170
0	8593	268595.420996323488	171
0	8595	268632.814080014725	170
0	8604	268833.283557493296	171
0	8606	268891.682243519399	172
0	8620	269359.590487322335	171
0	8633	269747.712103582819	170
0	8638	269915.916227943692	171
0	8644	270317.228628849758	172
0	8646	270338.00865093698	173
0	8648	270349.645769699252	174
0	8658	270654.346961668258	173
0	8667	270899.836157599307	174
0	8669	270997.525703726646	175
0	8671	271200.851368352671	174
0	8676	271219.253095410627	175
0	8682	271443.76606501633	176
0	8684	271589.636154755543	177
0	8686	271723.038768801236	178
0	8692	272042.320975340513	179
0	8694	272173.807196422046	178
0	8699	272279.681321948667	177
0	8720	273116.68630310138	176
0	8729	273292.621746389693	175
0	8734	273558.192426860853	176
0	8736	273679.432954369611	175
0	8741	273725.493714041494	176
0	8763	274601.249593764444	175
0	8768	274885.720579801626	174
0	8777	275028.57716673139	175
0	8787	275758.093320548435	174
0	8796	275874.987289561457	173
0	8813	276418.879965777612	174
0	8819	276631.602877050539	173
1	0	0	0
2	0	0	0
2	4620	148168.559736076634	1
2	4627	148251.054215245437	0
3	39	3750.150545129688	3430.8127452806
3	43	3780.799380846536	2675.2152743284
3	73	5315.650201650116	3098.3440609463
3	102	6261.290601739439	3066.7371198176
3	119	6860.020295920156	2583.736537965
3	138	7612.382943851755	2175.5631794315
3	147	7959.759550720807	3072.9746332392
3	173	8829.71282498713	2855.0113735713
3	183	9382.599389884649	3408.3918271959
3	193	9517.62643079835	3120.1610203447
3	197	9709.726968517409	3426.5704314804
3	224	10301.318118093564	3202.1066545398
3	264	11337.805015706001	2624.114997955
3	274	11624.098662722738	3569.0100677608
3	283	11884.508834991485	3032.2661201923
3	287	11990.795816006615	2544.3911092439
3	322	13211.444800270603	2942.5383236904
3	326	13304.901187113031	3210.0375949388
3	342	13887.310366044297	3508.2363371374
3	353	14045.158661816151	3231.1954563855
3	364	14340.780357930691	3606.8240834825
3	406	15916.22240117553	4783.355538117
3	433	16840.93696698594	5600.6562627677
3	437	16864.797952564315	5561.0513320729
3	450	17032.543039508641	5602.784616017
3	499	18577.699262292937	6323.9405284255
3	503	18618.670186687143	5821.9661577688
3	550	20703.781386881949	6669.3334566213
3	580	21774.265802829072	6306.8175460336
3	589	22005.186853947	6972.313532703
3	617	23043.88326907578	7403.2407067477
3	625	23065.642461504668	7241.018749611
3	646	23583.30650827895	7399.5027813283
3	657	23706.48855499725	6763.6172961182
3	663	23949.865643028646	6928.2439950989
3	675	24524.909603724137	7115.6389776613
3	684	24540.718982303991	7113.6803539442
3	713	25770.973181454941	7782.4138733621
3	752	27462.664858808623	9346.0768376614
3	760	27591.00547738421	9409.2268612598
3	790	28290.511736255616	8572.3363335888
3	794	28399.596329878898	9188.5300589148
3	805	28828.586281871305	7693.9682504214
3	855	30377.67806992668	8708.843311304
3	859	30479.590181960271	8182.3291485766
3	895	31089.007004171491	7870.8655685578
3	901	31439.68603916514	8911.2288417504
3	905	31455.10007565643	8256.3430100486
3	934	32191.241817910106	8476.419634891
3	938	32417.111454690353	8807.6163876391
3	957	33316.079623522715	8417.5526405729
3	966	33361.644156359018	7990.19543649
3	976	34095.705641282604	7699.4104496616
3	1002	35030.843646198392	8340.0950104646
3	1006	35172.117007049279	9603.9347952952
3	1038	36116.99619580108	9172.1039626742
3	1044	36700.364336294935	9870.449952622
3	1068	37745.791128706665	9732.7963012706
3	1092	38546.413570975766	9965.2397875448
3	1116	39476.524810810121	10531.052607558
3	1124	39770.377469240235	10346.38784674
3	1135	40352.686978045733	11378.355251321
3	1164	41362.345620382458	10474.928371747
3	1188	41942.972441499935	10598.986107148
3	1192	42320.445885435226	11382.407630469
3	1237	43544.535879102084	11720.456433263
3	1241	43682.042537006098	9612.02507356
3	1249	43773.889792382598	10515.288027067
3	1253	43937.27397646803	9223.02187634
3	1272	44699.938621090606	10253.298864983
3	1316	46493.245766507943	11109.08179392
3	1333	46884.953143783394	11157.678977955
3	1341	47233.898435428619	11446.739897147
3	1374	48421.078901037454	12439.412993087
3	1388	49001.431643078585	12493.043589645
3	1396	49278.97596368368	12560.013466147
3	1418	50193.271975117286	12386.254900414
3	1422	50223.694855829581	10896.343036328
3	1456	51301.351792335391	11120.14464366
3	1460	51549.001092659792	11186.902301314
3	1484	52186.451794670775	11809.302415325
3	1507	52661.380809832245	11441.840597285
3	1511	52711.65887041997	12147.312878621
3	1515	52869.932245246947	11456.836236082
3	1567	54950.567749457315	12243.997254896
3	1571	54956.291108967617	12033.7869435
3	1585	55354.421807332446	12455.576170425
3	1613	55837.765899478008	12852.262484135
3	1617	55952.622440660254	12835.49363631
3	1623	56372.338237278645	12913.177034905
3	1636	56695.879625219734	12658.818596097
3	1663	57744.970987318566	13728.841122854
3	1681	58010.824006749798	13035.803964769
3	1685	58219.233497407169	14039.930375462
3	1730	59979.099184815322	14379.738365057
3	1734	60125.278375146793	14719.029983223
3	1751	60602.548633078595	14839.771661872
3	1760	60757.408417957386	13097.172762684
3	1766	61070.247062843176	14335.556055772
3	1816	62968.168199491239	14326.832766984
3	1824	63192.669199656578	15257.202781945
3	1850	63845.722659377264	14905.065873558
3	1866	64192.347922688833	15356.680154463
3	1882	65274.700180886196	14823.835680734
3	1917	65859.047682434804	16603.741340568
3	1927	66373.00758516218	15894.560343685
3	1937	66717.126604719572	16045.801463805
3	1950	67177.967643651995	16523.631333653
3	1961	67416.841192190088	16562.369830313
3	1976	68445.487871245034	16827.812377511
3	1993	68885.431560853381	17861.750516348
3	2018	69665.339296488576	17716.575534381
3	2046	70481.962348446734	18183.568340775
3	2065	70852.78677986737	19103.928464179
3	2078	71408.23515862275	17358.015048145
3	2105	71880.088496280719	16838.564149272
3	2132	72371.14065555904	16074.273163257
3	2145	72576.505165966711	17731.080008604
3	2183	73660.226672133914	16220.103282912
3	2189	73774.234178408866	16257.218668458
3	2193	73866.73379073653	16102.277221346
3	2223	74641.231985511742	16747.986003185
3	2266	75889.073749222346	16878.598950189
3	2270	75954.762800680958	17083.362635812
3	2291	76517.982283810038	17421.355486845
3	2319	77566.786243860163	18315.294028027
3	2379	78850.714527012665	15210.765739534
3	2383	79118.740405412875	16912.331501713
3	2387	79136.239280161001	15315.685225583
3	2415	79684.905282855518	14427.854661477
3	2423	79955.784683085863	15114.184300401
3	2436	80288.240167459358	16309.055774221
3	2440	80563.376075495519	16728.078184538
3	2455	80677.669445013512	15394.367891815
3	2470	81259.10541675102	15498.39863381
3	2491	81920.551724313312	15229.810174209
3	2506	82635.877915097286	15330.303320078
3	2532	83463.6259501246	15296.013334366
3	2549	83860.489866889899	15296.373959419
3	2558	84355.027763822933	15481.080652924
3	2581	85257.855635304489	15993.539085213
3	2603	85906.474507560839	15509.226623395
3	2642	86965.764220515751	16762.673785992
3	2664	87796.585954798272	16467.862705656
3	2672	87875.64074395273	16099.044899113
3	2694	88646.818403034024	16115.702961675
3	2706	89284.087223802247	16698.502962079
3	2720	89760.868729369601	17195.357337552
3	2763	91382.181433027498	17835.469731537
3	2767	91517.258429769912	17782.225464253
3	2771	91582.206838780901	16828.691768802
3	2805	93109.912245674544	17949.151218223
3	2813	93315.164952648691	17588.573401088
3	2827	93866.44743925009	17738.906616998
3	2861	94948.138438628874	18633.504860757
3	2883	95455.408300382905	17804.504888358
3	2905	95957.331752116346	18801.740666494
3	2922	96549.039838314541	18071.321006467
3	2930	96634.309623751676	16062.187920302
3	2956	97237.501882073023	15543.715767782
3	2964	97495.945063380412	18716.890388237
3	2968	97503.096722206585	18023.081528074
3	2976	97813.424060354495	16681.686970858
3	2982	97980.418389549367	16561.827263488
3	3043	100147.851729055755	17268.145281856
3	3049	100414.827221862861	16743.027676596
3	3070	100975.895473240429	15689.859082003
3	3074	101029.328007409834	17224.682987576
3	3102	102430.287750678025	17956.322469526
3	3134	103562.49756544631	17651.220720586
3	3138	103704.90495837342	18256.980350936
3	3162	104264.327263234072	17554.117419145
3	3191	105232.707388541215	19167.771808958
3	3206	105558.020336833337	18729.807420723
3	3218	106696.878061050438	18406.930721885
3	3249	107870.671775965505	19753.304850998
3	3264	108185.789946942144	19548.01301808
3	3268	108571.754830086493	20268.101186308
3	3298	109608.348188773283	19468.978637382
3	3311	109868.165546197333	19832.021658748
3	3326	110191.809468046316	19684.387589175
3	3332	110435.169295377918	19790.579360319
3	3377	111605.776943928116	20372.472189762
3	3386	112007.102902445831	19686.907083761
3	3390	112030.533693961688	20726.042136627
3	3410	112508.020980796331	20788.441386556
3	3423	113285.538504235931	18695.352353234
3	3465	114936.008860543856	20300.76146537
3	3490	116264.786487026626	21340.108452523
3	3514	117057.372426360734	22014.321963572
3	3522	117168.381983049102	21451.909421394
3	3566	118356.764431649707	21869.652165993
3	3576	118705.812776014695	23344.374723822
3	3582	118871.025110583641	22995.335478657
3	3609	119373.145131755509	21463.295535568
3	3620	119719.566550506765	21473.528315501
3	3635	119961.35459784467	23582.096619167
3	3652	120825.490722628797	22124.062387694
3	3656	121221.015310055131	22015.799194929
3	3678	121641.914997564518	22892.980616527
3	3722	123229.662201405058	23310.343408639
3	3726	123291.853990133741	23293.702628046
3	3758	124002.025659287237	22929.41054657
3	3770	124399.862467004472	24045.573478361
3	3787	124991.429513767848	23635.967694471
3	3821	125981.448808831983	23536.696281202
3	3841	126495.72565396365	24403.336248872
3	3863	127430.923935659717	24537.137715028
3	3901	128115.457656865828	25435.942693857
3	3910	128363.787489608417	24922.786404072
3	3929	128840.781090120341	24530.651586554
3	3933	128844.294392166548	25297.624825192
3	3946	129635.159589685986	25859.003371026
3	3979	130756.501304617041	26628.448059835
3	4001	131206.018800130602	26827.872774793
3	4005	131286.146054165927	26259.026989918
3	4022	131815.04516107079	26379.242447951
3	4058	132833.525366827734	27101.205076658
3	4067	133067.814638056348	26044.690670435
3	4098	134127.857089208329	25217.00163672
3	4102	134219.884645259496	26302.487292837
3	4116	134582.297591642034	25605.423685962
3	4137	135143.273659895995	26073.533736605
3	4146	135459.684375068661	25937.507332494
3	4150	135475.617586831119	25238.892207254
3	4210	137554.232738726328	26809.295570848
3	4214	137732.93660062168	26815.470030196
3	4240	138183.077256465818	27317.7054541
3	4244	138196.359186179826	27424.975252334
3	4255	138619.260377416277	27593.009213711
3	4289	139803.205527216684	28550.693767044
3	4293	139876.425052292536	28550.951401956
3	4319	140752.22666041043	28659.633885951
3	4341	141212.855884563666	27484.730548587
3	4345	141269.744100643213	28838.815581897
3	4381	142302.291146626587	27524.789008162
3	4389	142489.538107307519	26769.636689271
3	4411	142839.649436055239	27788.071178958
3	4447	144260.384081081043	26939.502220352
3	4451	144301.40898985591	27156.999873606
3	4464	144395.501091471429	27254.380434553
3	4490	145160.168185222785	26942.613873284
3	4508	145692.799867680784	28006.673785366
3	4566	147081.200265912827	28554.393033649
3	4572	147173.416788233931	28701.220524428
3	4630	148251.054215245437	29080.614575034
3	4634	148466.113021234539	29125.909853331
3	4646	148607.886578932297	29591.42326365
3	4683	150206.233214352171	27993.36981803
3	4698	150461.048339317109	30047.461844777
3	4719	151184.618746396642	27591.609472065
3	4765	152410.238364190352	27739.785827626
3	4769	152422.666140951108	27910.497157031
3	4777	152514.674479617295	27421.508675432
3	4821	153916.806906208288	28545.804491312
3	4825	154015.446713946651	29192.836062393
3	4834	154163.770664558303	29015.961440602
3	4861	154676.439293052893	28471.896860526
3	4867	154695.069866991159	28964.88163292
3	4882	155478.570722910133	28635.197126386
3	4909	156061.292786558982	28499.409964661
3	4913	156073.458171180007	28376.277779707
3	4938	156810.100117705654	29039.242670496
3	4963	157742.524435977008	29372.773536409
3	4976	158048.707853565482	27505.788612609
3	4980	158095.087498629358	28245.90513998
3	4984	158183.452536694598	30412.218151402
3	4999	159202.458004458364	26722.171787874
3	5016	159803.694778920975	29216.006171953
3	5034	160442.169627585005	26059.013848005
3	5056	160972.209670355436	26453.776914647
3	5062	161202.28663735826	25501.601395674
3	5093	162036.529122479748	27509.920010168
3	5109	162459.103943305578	26166.831613237
3	5134	163014.232753543671	26473.932171902
3	5138	163091.299408225235	26841.769815851
3	5142	163117.292712936666	26213.109768186
3	5146	163335.553563468051	27027.792231112
3	5202	165622.28235559341	27874.402037978
3	5221	166079.193916367856	27929.644862754
3	5245	166865.301629088711	28649.94477362
3	5268	167600.518627949548	28826.454999748
3	5282	168018.538343569156	29083.570640796
3	5302	168597.068765648199	29190.556492178
3	5351	169866.032652163771	30302.059879544
3	5359	170126.010937756418	29845.230893188
3	5398	171335.95604240012	29615.686816558
3	5402	171489.970451777693	29927.807512398
3	5422	172216.74205377501	30029.10451763
3	5433	172308.729450200243	30551.640065951
3	5457	173132.836810034259	30679.516611243
3	5489	174076.262195853409	31714.558850336
3	5501	174448.798037432625	31929.317635118
3	5510	174531.16099620041	31858.784910563
3	5590	176275.880011702449	31831.145032353
3	5616	176951.586902335179	32264.489293309
3	5620	177087.115890055788	31918.979004527
3	5652	177698.339236742378	32481.609527703
3	5665	177849.119384258878	32790.311872193
3	5679	178172.347027324631	30964.064945706
3	5701	178641.96120221217	31489.64626755
3	5714	178823.922249188539	32118.068532402
3	5718	178958.89265438591	31097.914995784
3	5749	179975.567134665818	31887.141019621
3	5780	180726.052305295956	31678.12042269
3	5790	180944.083631169543	32249.498116786
3	5796	181157.013932141036	31592.268981223
3	5810	181794.647088256225	31203.037443063
3	5816	181988.253257254033	31663.175331431
3	5840	183510.011367376787	32067.913504503
3	5862	183807.431341521934	32772.45553137
3	5889	185088.457306379346	33458.111332142
3	5893	185316.567768110454	33369.829398301
3	5927	186315.752681221706	33647.71125437
3	5944	186636.753133375092	32754.702149726
3	5979	187889.784651082502	34150.07401919
3	6000	188196.902154163018	33750.088447611
3	6029	188868.983245126797	33608.207840312
3	6068	189804.543630320472	33593.263734551
3	6118	191485.137205326824	33979.869914274
3	6122	191494.972075084718	34656.911893772
3	6126	191560.512696148721	34930.006028476
3	6164	192884.757971875863	33901.395472324
3	6177	193007.158164556964	32299.953894562
3	6196	193679.73407593605	32881.382259847
3	6202	194207.615153908624	32794.606155896
3	6252	195901.893401916965	34246.678402567
3	6272	196398.308283202844	34703.170662929
3	6306	197231.82607459885	34472.376883399
3	6310	197303.201273528754	35473.54702497
3	6314	197314.269309926673	34453.556102681
3	6318	197340.382995196181	34637.692046922
3	6358	199423.172267033281	36426.644004724
3	6396	200259.998231605189	36529.668647572
3	6407	200519.513197420658	36283.202610395
3	6420	200747.509876226902	36922.01468016
3	6435	201330.893992537528	35858.091102843
3	6463	201920.442519318805	36077.636084046
3	6471	202153.575792394473	36172.927584671
3	6523	203445.585105882852	36723.113309168
3	6543	203831.711261859657	36903.299596577
3	6547	204019.382131684465	37075.639374377
3	6589	204913.739202095089	37939.675538053
3	6608	205514.457579525682	37835.964944404
3	6621	205818.925879828527	38057.825489072
3	6629	206077.834703671308	38322.427263728
3	6637	206517.593801028921	38492.806284856
3	6646	206726.106694238753	38553.740813703
3	6678	207479.383447515341	38881.320556866
3	6712	208663.43853595716	39678.348467533
3	6720	208967.96879866895	40040.105391946
3	6730	209160.653503861173	39876.628535894
3	6745	209507.322639925899	40298.827901391
3	6754	210065.675864776491	40461.024016233
3	6775	210901.091668820501	41288.848932387
3	6785	211372.616373149572	41188.140626309
3	6818	213164.782458327605	42245.878900647
3	6848	214097.956450644775	42560.429754644
3	6852	214170.733993649977	43029.516550676
3	6895	215620.222342999547	43619.65826649
3	6899	215792.992778029787	43775.194688967
3	6925	216404.227655902999	44073.253593501
3	6963	217753.569906035333	45431.889027508
3	6985	218346.150737365603	44938.445385394
3	7038	220011.530959262075	45707.427268247
3	7052	220135.525544265181	46159.852710344
3	7077	220928.082775657893	46582.831960154
3	7081	220929.874290135252	46371.255597072
3	7115	221863.371149814252	46592.657809499
3	7119	222121.095421209828	46320.372213269
3	7134	222565.887197061006	46655.392711634
3	7151	222889.317507371801	46837.233879317
3	7168	224051.259364604847	47968.635818577
3	7201	224821.709565350683	48272.941372065
3	7231	225862.310268364744	49303.72039406
3	7239	226221.081445226941	49110.4435044
3	7247	226281.41855439906	49048.88858653
3	7268	226927.789417177336	48908.484951228
3	7296	227771.243310962367	50537.937859917
3	7335	228885.242012876915	50834.349600222
3	7339	228939.608305001529	49923.079408854
3	7360	229706.598424602198	50636.683064952
3	7386	230429.680183316145	51037.726570215
3	7392	230489.497196178781	50482.73509043
3	7426	231546.715325899918	51241.861144373
3	7430	231672.301373079316	50925.33641164
3	7457	232595.501196468745	50758.288317246
3	7487	234164.841687006774	51540.88816258
3	7502	234780.070807021607	52014.148889706
3	7519	235307.616776142168	52185.186922958
3	7543	236268.760521111908	52576.144728717
3	7553	236493.299269918849	52820.99395092
3	7562	236732.495070237565	50970.944805594
3	7598	238327.615685463448	52888.213954921
3	7630	239015.692744197222	53068.529132234
3	7638	239257.938739043226	53197.63909458
3	7642	239383.029169093715	51900.63598017
3	7651	239482.607738329595	53040.131038374
3	7679	240404.960695559057	52482.279994659
3	7706	241153.756521614766	52590.637208399
3	7722	241794.20625357007	53360.478305936
3	7726	241817.547206038507	53853.715020775
3	7778	243289.298454495644	53787.733263769
3	7782	243316.195571590712	54618.309717942
3	7786	243413.596314161914	54595.277130255
3	7804	243947.402388069677	53832.346308879
3	7831	244491.37081403335	54549.842425331
3	7844	244817.705187583839	54302.451451732
3	7867	245269.641561667001	54408.092143185
3	7913	246303.698404028911	55438.108403033
3	7922	246928.769155825054	55717.444930836
3	7935	247086.027873578047	55434.349538462
3	7965	248325.574048392373	56425.355807416
3	8007	249733.114566745135	57721.301101501
3	8027	250213.692781767372	58152.677131377
3	8033	250338.074965475026	57991.59585021
3	8058	251383.465174630183	58529.403534675
3	8067	251760.812217817207	58569.453319342
3	8071	251787.002566613155	58527.769733616
3	8101	252925.423454612392	59163.01380212
3	8105	253114.723595437159	59484.339655092
3	8113	253570.253603216757	59021.4418158
3	8135	254221.125843746487	59568.865538801
3	8178	255556.756387779387	60242.668242943
3	8182	255560.526944788072	59431.779380091
3	8186	255592.36845555765	60563.523076901
3	8201	256217.534665202621	60268.681701314
3	8219	257098.659853572522	61394.83548335
3	8256	257891.175854446266	61534.085137032
3	8260	257939.72822056887	60824.297979434
3	8277	258580.67643312787	62128.400492343
3	8285	258782.629714580749	59839.573630159
3	8309	259543.928432220494	60498.233892105
3	8315	259651.350363996375	60097.078301314
3	8332	260012.753151990969	59503.182488464
3	8338	260302.561718754372	60443.706328031
3	8362	260710.780413465476	60008.465410108
3	8375	261589.934731945891	60900.554414418
3	8405	262330.648129738769	61025.629803976
3	8418	262660.282175029192	61099.808742217
3	8449	263602.277919694682	62062.245622873
3	8467	264150.377269301464	61091.209768548
3	8476	264338.29051318628	61821.514950497
3	8482	264482.646077313026	61318.343538953
3	8501	265299.413884906594	61557.344873077
3	8527	266243.416872751463	62213.448740258
3	8537	266304.11296777231	63065.084501144
3	8559	266984.14662298796	62896.87118596
3	8602	268677.547490483051	63968.860658486
3	8610	268920.461894860988	64213.413977015
3	8618	269147.035852361371	63919.267583576
3	8631	269678.073585816224	63397.780119439
3	8665	270699.291022075837	63926.058937624
3	8710	272632.710552597915	65432.539109176
3	8714	272888.539567503978	65519.00805653
3	8745	273752.112370420148	66072.899258313
3	8749	273934.787977478033	66532.418063448
3	8761	274576.048970902836	66744.139787702
3	8775	274959.859629187633	66193.773225853
3	8785	275598.910400122902	66554.153112067
3	8807	276169.43007974004	66766.055657717
3	8817	276421.084999430825	67631.491884158
3	8826	276879.033479893481	66775.653008919
4	80	5641.284951286092	2814.8816266749
4	414	16142.291157329931	5190.2406722978
4	486	18239.72370632726	6180.7981170874
4	507	18793.064392805576	6545.0178015746
4	533	19796.651932318239	5748.5999988995
4	563	20999.482039707258	6508.1264113099
4	756	27470.740811589987	8592.44043876
4	843	29946.041303957358	10214.839720829
4	880	30763.86286517407	8265.4505454367
4	1079	37945.684177426503	10107.241246734
4	1170	41499.880003575714	10728.696832142
4	1337	47125.022233862312	11659.318822153
4	1609	55716.776330990598	12776.056917263
4	1795	62413.15643960412	15653.649518666
4	1812	62788.786021555325	14873.905702593
4	1893	65348.617360282573	16319.539063216
4	2082	71462.855617830414	18014.956937199
4	2151	72703.949167651941	17238.571382192
4	2173	73100.15223031912	15988.395228877
4	2219	74454.174024572481	16030.542575632
4	2234	74926.212961273751	16127.854690258
4	2280	76191.510987931747	17370.43732925
4	2315	77557.280386237313	13933.262650977
4	2375	78791.352007824812	17764.528228019
4	2476	81521.319413676743	15265.734917484
4	2589	85537.479017002394	15810.804764662
4	2638	86871.867262227945	15670.023124983
4	2668	87801.994022874047	17009.733263478
4	2797	92716.885316649339	17388.089176052
4	2993	98462.58264234338	16419.926767179
4	3062	100672.994420361259	17575.319580785
4	3195	105351.697546101996	17575.697229993
4	3406	112500.092158445977	18008.372339147
4	3449	114765.724021343404	20185.039818388
4	3475	115434.072474127524	20678.755249537
4	3682	121881.888215812409	22323.245336005
4	3741	123630.567761741468	23913.340792357
4	3762	124274.910333145298	22787.165444421
4	3806	125544.170198904238	23815.797197786
4	3916	128453.992678772547	24377.374766585
4	4018	131684.978693377116	27261.233901128
4	4050	132574.792454084869	26415.982093626
4	4075	133366.181330744067	26052.442188527
4	4165	135976.313593655714	26070.694311493
4	4337	141204.562351936962	27275.21522972
4	4415	143035.307132348309	26083.36903821
4	4533	146510.071126611795	28160.807085835
4	4541	146644.304609997686	28267.539143384
4	4557	146740.231890182833	27969.21879782
4	4638	148522.204436185327	28773.46205513
4	4642	148582.686269190651	28295.328789971
4	4652	148813.522343931611	29183.697354446
4	4713	150784.960710041116	27961.441816462
4	4773	152475.327024534833	27935.304078588
4	4905	155914.630711523709	29255.758171381
4	5174	164433.573964673918	27508.025078444
4	5206	165756.193263000365	28468.565593255
4	5347	169750.720211731163	28998.925076944
4	5365	170378.365331031873	29062.510218134
4	5523	174765.965454157335	31455.774935408
4	5542	175330.173915178075	32195.643340358
4	5566	175948.87988392998	32575.368703531
4	5669	177890.210800068944	33289.943435672
4	5730	179196.753028734148	31952.596797822
4	5741	179561.759136000541	31987.462323848
4	5933	186426.089896727845	33383.760266587
4	5987	188052.985894612862	33877.27769687
4	6023	188787.580776103332	34209.491892321
4	6039	189002.35361938414	34320.909479548
4	6048	189211.965590436504	33702.542610657
4	6098	190846.514259819435	34349.260711211
4	6232	195349.077258864912	34326.825072394
4	6340	198602.029581189051	34958.067825521
4	6388	200147.370692210168	36453.858950279
4	6497	202707.376097271113	36088.541177667
4	6501	202790.151943078159	36586.396645948
4	6511	203139.771817541243	37141.734394124
4	6684	207765.099403791024	39303.46730015
4	6801	211889.986018734547	41026.916819381
4	6887	215328.955585957067	43613.410179477
4	6907	215998.212522247701	43772.847559043
4	6957	217567.687874911848	45079.122366123
4	7048	220093.519580411288	46790.588071096
4	7085	220955.598313892755	46369.55993425
4	7147	222886.486175198005	46986.395151037
4	7205	224950.537237292651	48849.79047189
4	7343	229003.818725059305	50913.120054603
4	7440	232043.768453440193	51022.521084978
4	7461	232748.747158104452	51531.977834387
4	7634	239183.596252918142	52816.883459982
4	7683	240418.098231107494	52721.761342556
4	7796	243649.400811537999	54746.325291798
4	7876	245513.716925529662	54779.593077944
4	7890	245940.108548608175	55015.995290913
4	7950	247841.392272364247	56244.653876686
4	7984	249143.170163753008	57376.538600303
4	8409	262438.460339187209	61051.676230524
4	8440	263233.875705991436	60782.174881517
4	8563	267323.439498392766	63274.151765619
4	8652	270362.264581981946	64021.667989983
4	8680	271225.258719006454	64088.256150597

