version 2
run Iteration-3-20200521-09:51:05-70636
attr configname Iteration
attr datetime 20200521-09:51:05
attr experiment Iteration
attr inifile omnetpp.ini
attr iterationvars "$i=1, $j=4, $0=15-(1+4)"
attr iterationvarsf i=1,j=4,15-(1+4)-
attr measurement "$i=1, $j=4, $0=15-(1+4)"
attr network Network
attr processid 70636
attr repetition 0
attr replication #0
attr resultdir results
attr runnumber 3
attr seedset 3
itervar i 1
itervar j 4
param **.resourcePool.amount 1
param **.resourcePool1.amount 4
param **.resourcePool2.amount 15-(1+4)
param **.source.interArrivalTime exponential(6min)
param **.delay.delay uniform(4min,28min)
param **.delay1.delay uniform(10min,28min)
param **.delay2.delay uniform(4min,16min)
param **.allocate.resourceModuleName "\"Network.resourcePool\""
param **.allocate1.resourceModuleName "\"Network.resourcePool1\""
param **.allocate2.resourceModuleName "\"Network.resourcePool2\""
param **.deallocate.resourceModuleName "\"Network.resourcePool\""
param **.deallocate1.resourceModuleName "\"Network.resourcePool1\""
param **.deallocate2.resourceModuleName "\"Network.resourcePool2\""
param **.router.randomGateIndex "uniform(0, 1) > 0.2 ? 0 : 1"

vector 0 Network.allocate queueLength:vector ETV
attr interpolationmode sample-hold
attr title "queue length, vector"
vector 1 Network.allocate1 queueLength:vector ETV
attr interpolationmode sample-hold
attr title "queue length, vector"
vector 2 Network.allocate2 queueLength:vector ETV
attr interpolationmode sample-hold
attr title "queue length, vector"
vector 3 Network.sink lifeTime:vector ETV
attr interpolationmode none
attr title "lifetime of arrived jobs, vector"
attr unit s
vector 4 Network.sinkStat lifeTime:vector ETV
attr interpolationmode none
attr title "lifetime of arrived jobs, vector"
attr unit s
0	0	0	0
0	5	314.507818388528	1
0	7	974.122508774846	2
0	9	1097.878055761676	3
0	11	1144.441989898356	4
0	13	1401.856496947106	5
0	15	1547.834524661644	4
0	20	1705.109618910106	5
0	22	2520.936774124971	6
0	24	2527.750127696543	7
0	26	2576.062325340304	8
0	28	2590.994847684948	9
0	34	2674.600665373731	10
0	36	2693.622675737994	11
0	38	2728.982256415249	12
0	40	2938.237901954895	13
0	46	3073.678143956109	12
0	51	3365.509480592198	13
0	53	3523.011156246408	12
0	58	3582.813226427017	13
0	60	3700.31912596246	14
0	62	3857.570308370369	15
0	68	4263.577880625187	16
0	74	4585.311592044717	17
0	76	4594.050279001886	18
0	78	4697.7785905454	17
0	87	5116.659560841257	18
0	93	5301.975964440393	19
0	95	5591.663152019724	20
0	97	5711.691488049161	21
0	99	5742.528473176404	20
0	104	5843.380600112277	21
0	106	6052.407055448059	22
0	108	6168.137491592709	23
0	110	6229.564810725633	24
0	116	6447.814827232023	25
0	118	6958.09150854654	26
0	124	6980.647077299997	25
0	133	7503.692926053702	26
0	135	7661.810562834486	25
0	152	8308.485562174394	26
0	154	8363.921090112894	27
0	156	8460.489173047587	26
0	161	8765.649448688921	27
0	167	9168.930068128153	26
0	172	9361.489493945551	27
0	174	9560.521409987869	28
0	176	9595.351384161413	29
0	178	9787.575379482657	30
0	184	9983.477044962689	29
0	193	10169.036903903366	30
0	199	10177.456933280569	31
0	201	10314.061503362315	32
0	203	10501.892088063166	33
0	213	10799.718693755286	34
0	215	10912.637785000197	35
0	217	11026.767744869336	34
0	222	11251.269639826772	35
0	228	11471.557543566195	36
0	230	11686.94933857803	35
0	243	12180.733712338871	36
0	249	12780.930770512716	37
0	251	12881.217561625287	36
0	260	12949.628273141691	37
0	266	13464.258944132304	38
0	268	13487.980746132126	39
0	274	13747.763508663927	40
0	276	13775.873359963641	39
0	281	13780.62094411183	40
0	283	13993.168867543019	41
0	285	14155.058432049406	42
0	287	14317.040710094635	43
0	293	14759.815094939045	44
0	299	15013.265955821023	43
0	304	15254.225854077371	44
0	310	15674.901209001124	45
0	312	15843.29708562328	46
0	314	16248.439763672993	45
0	323	16511.649839819299	46
0	325	16791.293817315637	47
0	331	17097.469724775666	48
0	333	17239.395799916387	49
0	339	17450.553882941947	48
0	344	17504.829970892536	49
0	346	17634.398981159436	50
0	348	17734.465786435996	51
0	350	17895.89694168453	50
0	363	18326.731516574418	51
0	369	18750.07730957971	52
0	379	19128.504095203999	53
0	381	19382.072939977327	54
0	383	19535.004699193285	53
0	388	19614.102229809328	54
0	390	19697.582397307584	55
0	392	19722.536627284816	56
0	394	20658.567468040403	57
0	396	20685.686081283508	58
0	402	20802.611551974421	59
0	404	20872.329200387628	60
0	406	20931.625064221098	61
0	408	21096.967931464658	60
0	417	21481.118186936126	59
0	426	22600.495759602778	60
0	428	22675.385449638993	61
0	434	22707.758626119051	62
0	440	22804.19983018224	61
0	445	23102.13538171325	62
0	447	23263.728410406705	63
0	449	23518.782585598872	62
0	458	23705.880140950351	63
0	468	24516.38242490624	62
0	473	24646.756389983881	63
0	483	25413.399001022469	64
0	485	25579.032457545744	63
0	494	26077.891878104501	64
0	496	26322.92477704619	63
0	501	26466.608594937148	64
0	511	27021.195772196926	65
0	513	27185.216313276946	66
0	519	27853.879964538263	65
0	528	27954.282545143954	66
0	530	28031.064317477187	67
0	532	28126.88591827806	68
0	534	28592.517891913679	69
0	540	28674.146846657163	70
0	546	28879.230932742702	69
0	555	29818.271284992311	70
0	557	30100.645650467646	71
0	559	30222.490901463079	70
0	564	30328.781832983114	71
0	570	30570.391396084257	72
0	572	30591.789750866937	71
0	581	31261.495620347905	70
0	590	31517.265384237308	71
0	592	31769.149841248692	72
0	594	31857.667483913493	73
0	604	32163.374956643342	74
0	606	32190.905854857687	75
0	608	32200.031302050102	74
0	617	32529.558045120898	75
0	619	32543.848478243413	76
0	621	32599.542350386525	77
0	639	33725.077498928059	76
0	644	34266.575122289706	75
0	661	35558.794824034322	74
0	670	36421.072906331132	75
0	676	36801.302806902075	76
0	678	37001.54951125418	75
0	687	37753.799402602363	74
0	692	37929.483177655646	75
0	694	37950.890577732169	76
0	696	38000.8835913797	77
0	698	38032.0261677376	78
0	704	38094.790214039731	77
0	709	38649.283192716885	76
0	714	38739.964298336337	77
0	736	40076.320400648165	76
0	749	40994.079413712371	75
0	754	41032.174019940191	76
0	756	41461.725188649253	77
0	766	41723.687945939947	76
0	775	42180.278242284628	77
0	777	42242.203729689209	78
0	779	42272.836390176578	79
0	785	42700.272898985372	80
0	791	43140.218865722764	79
0	796	43363.21062072335	80
0	798	43523.372312459249	81
0	800	43559.260432051485	82
0	806	44026.233603588606	83
0	808	44080.306849823056	84
0	810	44358.656889128845	85
0	812	44427.31784958427	84
0	817	44494.237929459283	85
0	819	44627.800838631964	86
0	825	45382.827497591306	87
0	827	45442.92189511201	88
0	837	45602.703341953803	87
0	842	45690.061620199739	88
0	852	46972.461527845308	89
0	854	46993.211956695069	88
0	863	47528.325224556376	87
0	876	48948.465825021614	86
0	885	49177.443588566617	87
0	887	49340.993108749737	86
0	892	49414.589999818487	87
0	898	49512.647324157338	88
0	900	49943.287172995405	89
0	914	50608.583652191212	88
0	923	50683.853416651967	89
0	925	51159.550887234857	88
0	930	51263.354268775449	89
0	932	51399.373065638584	90
0	938	51731.486214245497	91
0	940	51826.26125747805	92
0	942	52029.139185034232	93
0	948	52240.187628015427	94
0	954	52611.070263865077	95
0	956	52621.108497344306	94
0	965	53160.07859465811	95
0	967	53332.711231999462	96
0	969	53869.655500209981	97
0	971	54058.334541590968	98
0	973	54066.261970252147	97
0	982	54152.817051504251	98
0	984	54458.411224782815	97
0	993	54653.365392059612	98
0	1003	55721.381161996753	99
0	1005	55911.384683120772	100
0	1007	55928.503351733437	99
0	1016	56368.917530887177	98
0	1025	56572.378685115061	99
0	1031	56689.041357003501	98
0	1036	56731.216130160465	99
0	1038	56946.045717436715	100
0	1040	57007.21467285328	101
0	1050	57240.510280148198	102
0	1052	57492.029488730782	103
0	1054	57657.494880019361	104
0	1064	58056.212200858048	103
0	1073	58293.290167946445	104
0	1075	58316.439365403528	105
0	1077	58477.712862572356	106
0	1083	59253.962335736837	107
0	1085	59452.284477837733	106
0	1090	59466.451620375456	107
0	1092	59586.562551983533	108
0	1094	59615.211514699001	109
0	1096	59701.392914542575	110
0	1098	59979.999643429138	111
0	1108	60133.107784502558	110
0	1113	60176.266875777713	111
0	1115	60382.66724557404	112
0	1121	60587.269189194551	113
0	1123	60637.739919498913	112
0	1128	60932.491585013094	113
0	1130	61281.307861155101	114
0	1132	61406.309283371441	115
0	1134	61574.252217639078	116
0	1136	61717.709068619065	115
0	1141	61792.306915320496	116
0	1147	61853.895204275398	117
0	1149	61969.917881229134	118
0	1155	62315.844346362213	119
0	1161	62638.162075837523	120
0	1163	62686.077787988645	121
0	1169	62777.060835613129	122
0	1171	62848.689748868697	121
0	1176	62877.271589787155	122
0	1178	62881.893104566717	123
0	1180	62882.161591942809	124
0	1182	62997.751726504326	125
0	1184	63008.832615182127	126
0	1194	63422.911429629081	125
0	1199	63896.94122541731	124
0	1208	64033.333887136012	125
0	1226	65115.423828624541	124
0	1235	65570.743375310986	125
0	1237	65642.510882536822	126
0	1239	65850.873857622441	127
0	1241	65918.403373062963	126
0	1246	66341.162067465346	127
0	1252	66668.339700858043	128
0	1254	66694.05501905864	127
0	1259	66720.22373931181	128
0	1265	67082.366258301912	129
0	1275	67597.091148689352	130
0	1281	67787.234369426086	131
0	1283	68076.439675651844	130
0	1292	68317.129170000906	129
0	1297	68766.346710175629	128
0	1302	68776.671902338418	129
0	1308	69078.053555603065	130
0	1322	69418.506878106211	131
0	1324	69612.916236752925	132
0	1326	69928.600951813292	133
0	1328	69930.140156244031	134
0	1330	69968.301101182725	135
0	1332	70017.25569084322	134
0	1337	70070.207500808899	135
0	1347	70651.402851436848	136
0	1349	70777.087062565992	137
0	1351	70980.025305338557	136
0	1360	71434.357473287423	137
0	1362	71482.082347277969	138
0	1364	71718.776419248174	139
0	1366	71993.348701545699	140
0	1376	72472.381059439664	141
0	1378	72642.907663993891	140
0	1383	72818.204440249132	141
0	1389	73518.539552322831	142
0	1391	73553.505683578904	141
0	1396	73586.712113029257	142
0	1398	73774.395488653658	143
0	1400	73789.868314430186	144
0	1406	74489.07614985151	145
0	1408	75009.262593575175	144
0	1417	75061.920634371981	145
0	1423	75514.295573332793	146
0	1433	76151.924924900443	147
0	1435	76222.69768174773	146
0	1444	76697.016181710586	147
0	1450	76952.470956334124	148
0	1452	76952.776445784028	147
0	1457	77231.702345423754	146
0	1462	77547.986374758538	145
0	1471	77691.099163051686	146
0	1485	78534.772494217662	147
0	1491	78555.85188934169	148
0	1497	78963.414092921075	147
0	1502	79007.6045564165	148
0	1508	79486.134388657616	149
0	1510	79719.540046073145	150
0	1512	79752.929723457507	151
0	1514	79800.177252143976	150
0	1519	80002.870135802969	151
0	1525	80661.563495472428	150
0	1538	80887.69307721928	151
0	1540	80982.619401869127	152
0	1542	81542.456435512738	153
0	1548	82001.945605464634	152
0	1557	82358.686125898578	153
0	1567	83267.142084349245	154
0	1569	83312.014745697734	153
0	1582	84280.777526237426	152
0	1587	84568.573554201587	153
0	1593	84686.279940754531	152
0	1598	85085.523279319155	153
0	1600	85175.723949522136	152
0	1605	85360.281708248231	153
0	1615	86025.089448833447	154
0	1621	86205.316293835996	153
0	1630	86363.171894688342	154
0	1632	86477.719308214102	155
0	1646	87041.019795119472	156
0	1648	87072.637512698576	157
0	1650	87152.648803033291	156
0	1659	88301.594243683277	155
0	1668	88535.361898185448	156
0	1670	88817.409168982287	157
0	1672	88957.023929256619	158
0	1678	89250.429391620649	159
0	1680	89364.029545709847	158
0	1693	89980.928419292053	159
0	1695	90413.462703499041	160
0	1697	90426.411745027064	159
0	1706	90836.209459750298	160
0	1712	91039.790318432777	161
0	1714	91078.574808326496	162
0	1716	91098.56204246447	163
0	1722	91151.942659129347	164
0	1724	91152.708675402933	165
0	1726	91314.179797247409	164
0	1731	91508.723452242384	165
0	1733	91596.620847601086	166
0	1735	91661.364718551554	167
0	1737	91856.157070324182	166
0	1746	91922.787943771814	167
0	1752	92548.126201977337	168
0	1754	92620.065884217977	167
0	1759	92788.216176979941	168
0	1769	93558.888557028841	169
0	1775	94050.277449976811	170
0	1781	94236.739229113221	169
0	1786	94339.952810674768	170
0	1788	94453.442045796422	171
0	1790	94696.596026415026	172
0	1796	95375.047349334121	171
0	1805	95695.275624496332	172
0	1807	95698.841685276186	173
0	1813	95976.389748769399	174
0	1819	96723.350142911435	173
0	1828	97033.99125676638	172
0	1837	97945.379595267766	173
0	1839	97959.836135995614	174
0	1841	97987.795244094652	175
0	1843	98193.618950881423	174
0	1852	98482.099224460167	175
0	1862	98955.740668964284	176
0	1864	99004.23648379779	175
0	1869	99225.185090247569	176
0	1871	99378.279530873777	177
0	1877	99656.74006173383	178
0	1883	100112.480591866952	179
0	1889	100302.168071235031	180
0	1891	100596.977494210364	179
0	1896	100632.752176879564	180
0	1906	101440.90334072745	179
0	1911	102103.029778765873	180
0	1921	102902.338457854318	181
0	1923	102948.634742474478	182
0	1925	102997.754162252309	181
0	1934	103091.860280208672	182
0	1936	103242.910232024117	183
0	1938	103515.309804566564	182
0	1943	103525.587317787045	183
0	1945	103544.418933493884	184
0	1951	103764.031945616366	183
0	1956	103769.283373226965	184
0	1958	103948.691847518845	185
0	1960	104013.671621419849	184
0	1965	104228.047195117184	185
0	1975	104845.957502143423	186
0	1977	104877.069074263754	187
0	1979	104955.812595725018	188
0	1981	105045.5697364267	189
0	1995	105692.142974175873	188
0	2000	105956.950658247799	189
0	2002	106038.683506407747	190
0	2008	106131.470172425963	191
0	2014	106657.048158668015	192
0	2016	106679.635052717977	193
0	2022	106823.97424325383	192
0	2027	106860.397093324307	193
0	2029	107095.988162681821	192
0	2038	107249.136230516126	193
0	2040	107389.465376474324	192
0	2045	107581.983451446702	193
0	2051	107781.424124043942	194
0	2057	107981.624136360679	195
0	2059	108248.475972410188	196
0	2065	108372.80426245337	197
0	2071	108544.811967611674	196
0	2080	108879.922052967586	197
0	2086	109121.806931320439	198
0	2088	109244.077971540421	199
0	2090	109248.818863292781	200
0	2092	109258.908479746411	201
0	2094	109343.854812421266	200
0	2103	109732.153085694078	199
0	2108	110042.20191724913	200
0	2118	110521.98114309496	199
0	2131	111422.910050541877	200
0	2133	111439.107692609824	201
0	2143	112041.873341910902	200
0	2148	112320.396678792441	201
0	2150	112456.973461695376	200
0	2159	112768.590853269958	201
0	2161	112818.252638914052	200
0	2166	113067.284396887342	201
0	2172	113187.483154468961	202
0	2178	113462.863378415041	203
0	2180	113547.564449184894	204
0	2182	113563.806892068728	205
0	2184	113764.726284332934	204
0	2189	113809.280145859299	205
0	2199	114204.259436038002	206
0	2205	114696.713315548988	207
0	2207	114742.616256699327	206
0	2220	115168.038309281808	207
0	2222	115204.852111563448	206
0	2235	116304.764578670622	207
0	2245	116702.70233847237	206
0	2250	116786.997567548938	207
0	2252	116814.55178208695	208
0	2254	117101.404561634114	209
0	2260	117372.398689564969	210
0	2262	117398.725559339289	209
0	2267	117423.877333826415	210
0	2269	117838.945877197684	211
0	2271	117908.900121959489	212
0	2277	118178.388957678508	213
0	2283	118328.780856032434	214
0	2285	118534.855761044089	213
0	2290	118547.571752358901	214
0	2300	118979.719517371908	215
0	2302	119036.071421305955	216
0	2304	119139.008683342935	217
0	2310	119534.308349698719	218
0	2312	119748.300788477425	217
0	2321	120128.41995470262	216
0	2326	120409.163417742018	215
0	2335	120686.276118749888	216
0	2337	120746.864206205417	217
0	2343	121000.7187460631	218
0	2349	121023.395503209572	219
0	2355	121093.857934978274	220
0	2357	121521.935680922342	221
0	2359	121657.612122289696	222
0	2361	121716.717737913494	221
0	2370	121992.197160037179	222
0	2372	122426.868488267426	221
0	2381	123178.312207416106	222
0	2391	123526.877964668333	223
0	2393	123582.929405862615	224
0	2399	123836.514928337377	225
0	2405	124015.348980648496	226
0	2407	124048.64251997358	225
0	2412	125010.602181442444	224
0	2421	125379.586955169823	225
0	2427	125810.301568026154	226
0	2437	126624.575347192948	225
0	2442	127025.032034800783	226
0	2444	127145.475540216966	227
0	2446	127150.812223703079	228
0	2448	127697.993755340939	227
0	2453	127816.779491804897	228
0	2467	128783.815256744396	229
0	2469	128985.517492818168	230
0	2471	129049.825734806008	231
0	2473	129097.980478667086	230
0	2478	129222.407342337848	231
0	2484	129585.984095644368	232
0	2486	129676.244293514954	233
0	2488	129765.07788345254	232
0	2493	130229.097579921933	233
0	2495	130277.377666993626	234
0	2497	130303.549188760704	235
0	2503	130662.932621782763	236
0	2509	131074.961952860772	237
0	2511	131146.142949536806	236
0	2524	131449.329177177635	237
0	2526	131539.884459562963	236
0	2535	131866.80409304834	235
0	2540	132155.673778553872	236
0	2554	132742.557718008883	237
0	2556	132948.338754774867	238
0	2558	133075.505170921846	239
0	2564	133236.124763973421	238
0	2569	133632.50067256051	239
0	2579	134181.812432296938	238
0	2584	134356.112746687013	239
0	2590	134875.631098770656	240
0	2592	135072.354010008639	239
0	2601	135555.504115362779	240
0	2611	136525.203204602367	239
0	2620	136722.162631536001	240
0	2622	137230.450572111076	239
0	2631	137587.034712696152	240
0	2637	137851.696284751589	241
0	2639	138326.793724149829	240
0	2644	138329.434707819084	241
0	2650	138479.882220545276	242
0	2652	138619.695649469875	243
0	2654	138658.617507619859	244
0	2656	138992.207545899218	243
0	2665	139306.260670340587	244
0	2667	139403.379124522373	245
0	2669	139585.420937907019	246
0	2671	139650.11110961472	247
0	2677	139790.985160330057	248
0	2683	140022.924095720379	249
0	2689	140263.652588315671	248
0	2698	140749.21259291328	249
0	2700	140989.761883779922	250
0	2702	141660.487779256855	251
0	2708	141857.444868546665	252
0	2710	141859.91068016774	251
0	2719	142487.237249575918	250
0	2724	142586.884449526197	251
0	2726	142964.113368187849	252
0	2732	143151.238397891694	253
0	2738	143517.317974865799	252
0	2747	143797.033332101119	253
0	2749	144070.62407139743	254
0	2755	144351.57737965268	255
0	2757	144384.348540492718	254
0	2770	145144.579721075403	255
0	2772	145414.486343860988	254
0	2777	145611.475334927974	255
0	2783	145874.241420589749	254
0	2788	146268.852938810625	255
0	2790	146308.087311615298	256
0	2808	147067.825598936576	257
0	2810	147178.919705599908	256
0	2815	147275.61832840165	257
0	2817	147337.292447984555	258
0	2823	148048.10387857588	259
0	2829	148520.252156977062	260
0	2831	148579.562387479023	261
0	2833	148649.039596246828	262
0	2835	148714.985981509451	261
0	2840	148721.469927692586	262
0	2842	148746.270073074154	263
0	2848	149145.412983821748	264
0	2850	149308.070503361885	263
0	2855	149352.886533841465	264
0	2857	149476.50893194977	265
0	2859	149718.223881051306	264
0	2872	150486.098705054768	265
0	2878	151003.7855463576	266
0	2880	151039.049597755436	265
0	2893	151391.80137425544	266
0	2899	151893.47726522643	267
0	2901	151954.850581532729	268
0	2903	151962.660191449387	269
0	2905	152081.546689453295	270
0	2907	152325.127164909093	271
0	2909	152335.732645839814	270
0	2914	152417.688537579146	271
0	2920	152647.801592328723	272
0	2922	152773.941630187299	273
0	2924	152864.069422236938	274
0	2926	152979.668258517338	275
0	2928	153078.716467756055	276
0	2934	153258.759268841309	277
0	2936	153790.252902917925	276
0	2945	154141.245960847592	277
0	2951	154637.991006177193	278
0	2953	155285.97695414013	277
0	2966	156111.657628044847	276
0	2971	156215.810793840495	277
0	2973	156263.608699439809	278
0	2979	156725.948202699055	279
0	2981	156862.532576136652	278
0	2990	157170.764614276588	279
0	2996	157411.680981288091	280
0	2998	157467.290739219176	281
0	3000	157506.76229997572	282
0	3006	158051.174702495698	281
0	3015	158608.152174502973	280
0	3020	158662.319303636264	281
0	3022	158665.07209881454	282
0	3040	159718.127427883808	281
0	3045	160079.493020793301	282
0	3047	160130.461078162967	283
0	3057	160342.42497162951	284
0	3059	160395.635792723417	285
0	3061	160630.126702189807	284
0	3070	160822.555466301953	285
0	3072	161045.663588472644	286
0	3074	161062.508557823937	287
0	3076	161503.991199325549	288
0	3078	161511.85340798466	289
0	3080	161835.826834328834	288
0	3093	162402.100414298836	287
0	3102	162648.227090649668	286
0	3107	162890.176719504045	287
0	3109	162999.671938794106	288
0	3119	163596.923499381315	289
0	3121	163698.350369411367	290
0	3127	163795.676236608346	291
0	3129	163800.061845071975	290
0	3146	164717.911048755411	289
0	3151	164720.388554634125	290
0	3153	165155.592813641194	289
0	3158	165343.744217052164	290
0	3168	165673.619876578288	291
0	3170	165895.830171936912	292
0	3176	166481.042660162606	293
0	3178	166540.377876647178	292
0	3187	166666.124279619666	293
0	3189	166777.546861603147	294
0	3203	167656.189345329268	295
0	3205	167850.136381148566	296
0	3207	167882.317274881769	297
0	3209	167969.780612579334	298
0	3211	168040.910754620028	299
0	3213	168169.571918398503	298
0	3218	168261.226235231805	299
0	3220	168448.803697765673	300
0	3222	168714.912999125778	301
0	3224	168762.338107973698	300
0	3229	169132.841729882634	301
0	3231	169534.558558983689	302
0	3233	169786.81663799028	303
0	3243	169874.378169104818	302
0	3252	170336.912432173635	303
0	3254	170601.353623681132	302
0	3259	170606.171473049672	303
0	3261	170612.583174069465	304
0	3271	171260.543544731949	305
0	3277	171691.446952142768	306
0	3283	171905.711696185533	305
0	3288	171944.33853165645	306
0	3290	172048.428877309993	307
0	3292	172209.759300910298	306
0	3305	172746.491088537182	307
0	3307	172792.228192687396	306
0	3312	172856.44412922626	307
0	3314	173194.551338798884	308
0	3324	173758.380764269311	309
0	3326	173861.343955232876	310
0	3328	174311.353622522714	311
0	3334	174415.407573171321	310
0	3343	174553.765889855722	311
0	3345	174792.277040281943	312
0	3351	175034.733793647235	313
0	3353	175172.408640798947	314
0	3355	175643.101547042714	315
0	3357	175961.942607425514	314
0	3366	176291.945879671956	315
0	3368	176575.34194700456	314
0	3373	176697.944453298823	315
0	3375	176821.342547466373	316
0	3377	176846.806023402978	317
0	3383	177068.39501531	318
0	3389	177520.413758878291	319
0	3391	177881.631578468147	318
0	3400	177917.373837797011	319
0	3402	178004.126759189249	320
0	3412	178260.2825420195	321
0	3414	178687.518061280386	322
0	3416	178781.5562672053	323
0	3418	179001.377597207578	324
0	3420	179036.330586526924	325
0	3426	179440.529601052764	324
0	3431	179491.857450983979	325
0	3433	179650.083145144067	326
0	3439	179709.824798660992	327
0	3441	179960.995867336057	328
0	3443	180372.077965173347	329
0	3445	180665.656662620965	328
0	3450	180722.490834415273	329
0	3456	181022.129039891134	330
0	3458	181070.198357556275	331
0	3460	181405.44341256476	332
0	3462	181417.696680501464	331
0	3467	181462.269039005399	332
0	3469	181637.840143443588	333
0	3475	181878.17643981463	332
0	3480	182036.281692980566	333
0	3482	182287.325576320651	332
0	3495	182572.394027930889	333
0	3505	183011.883714366402	334
0	3507	183109.961829969682	335
0	3513	183201.864017779607	336
0	3515	183263.141706921521	335
0	3520	183295.013436545585	336
0	3522	183343.307712387566	337
0	3524	183353.214098474197	338
0	3526	183547.143763022004	339
0	3536	183820.545424092338	340
0	3538	183939.355843903442	341
0	3540	183977.08841200954	340
0	3545	183980.129074099235	341
0	3551	184197.309322527658	342
0	3553	184260.893990649654	343
0	3555	184624.182543095131	344
0	3561	184994.264255284621	345
0	3563	185202.051361050907	346
0	3569	185449.504459500673	345
0	3582	186397.958602607765	346
0	3584	186433.088839739421	347
0	3590	186772.694994733098	346
0	3595	186934.876722813701	347
0	3601	187435.418435782555	346
0	3610	187879.278718624042	347
0	3612	187923.380569542881	348
0	3614	187940.61709791458	347
0	3619	188091.198944902494	348
0	3625	188805.273089616111	349
0	3627	188847.931744823316	350
0	3633	189115.365480147663	349
0	3638	189225.113109719164	350
0	3640	189286.142143332323	351
0	3642	189423.903773347697	352
0	3648	189793.380279699086	353
0	3658	190087.837713845435	352
0	3663	190387.208028412989	353
0	3677	191010.665738452561	354
0	3683	191361.03621392534	355
0	3685	191475.351563431684	354
0	3690	191616.133212901954	355
0	3692	191646.124141383335	356
0	3694	192196.11613352702	357
0	3700	192524.768793173496	356
0	3709	192687.701270569302	357
0	3711	193576.344707981114	356
0	3720	193854.834166790253	357
0	3722	193993.685559527382	358
0	3724	194007.230309051703	359
0	3726	194088.616080729215	360
0	3732	194735.724847615127	359
0	3741	194966.460290667311	360
0	3743	194969.813383548676	361
0	3745	194988.174457708985	362
0	3747	195057.715033832469	363
0	3753	195390.164574794833	362
0	3758	195512.649257526031	363
0	3760	195736.451177615182	364
0	3762	195897.332363792971	365
0	3772	196503.095977835357	366
0	3774	196637.556404686298	367
0	3776	196812.409334681572	368
0	3782	196939.778524488573	367
0	3791	197429.083409344977	368
0	3793	197725.692710811257	369
0	3795	197727.949821125456	370
0	3801	197869.947671151916	371
0	3803	197894.449473484109	372
0	3809	198450.927116871243	371
0	3814	198851.080457849513	372
0	3816	199146.347134421646	373
0	3818	199325.644988048435	374
0	3824	199713.398853217421	375
0	3830	199906.841123178964	374
0	3835	200423.505986955526	375
0	3837	200563.599402855403	376
0	3839	200669.241254181033	375
0	3844	200761.700422810289	376
0	3846	201076.733564414638	377
0	3848	201083.611617097822	378
0	3850	201115.032638034895	379
0	3856	201742.287568003853	380
0	3858	201749.024316681466	381
0	3864	201796.82946781806	382
0	3866	201822.577165551847	381
0	3871	202038.694306087221	382
0	3873	202082.501128763324	381
0	3882	202295.048027885819	382
0	3884	202433.013305262168	383
0	3886	202845.696091167992	382
0	3891	202862.48977153521	383
0	3905	203173.120342507654	384
0	3919	203964.35032465765	385
0	3925	204345.951946065259	386
0	3927	204424.064666445866	387
0	3929	204488.819712698823	386
0	3934	204650.027286547233	387
0	3936	205065.648506398288	388
0	3938	205113.341293355218	389
0	3940	205255.137125142282	388
0	3949	205416.184862753465	389
0	3951	205445.47487299503	390
0	3953	205824.773782827323	389
0	3962	206061.041987149718	390
0	3964	206175.324912963425	391
0	3970	206551.798952285674	392
0	3972	206641.623880570196	393
0	3982	207175.016589351361	392
0	3995	207881.411435645138	393
0	3997	207946.834009058965	394
0	4003	208245.811584517722	393
0	4008	208762.610235648459	394
0	4010	208863.051647246246	393
0	4015	209045.329369026532	394
0	4017	209171.255423984591	395
0	4023	209946.994659006958	394
0	4028	210171.078016014284	395
0	4030	210423.250948351178	396
0	4044	210792.417002485203	397
0	4046	210803.680196271598	398
0	4048	210986.549782380824	397
0	4061	211042.842931302709	398
0	4067	211917.481495607584	399
0	4069	211970.164551027482	398
0	4078	212364.196247134911	399
0	4080	212737.180370984823	400
0	4082	212814.884556048868	401
0	4088	212918.450986702777	402
0	4090	213300.681231341769	403
0	4096	213512.634292506044	402
0	4101	213635.145864490808	403
0	4103	213789.446456318759	404
0	4105	213852.696578586694	405
0	4107	213965.229103304808	404
0	4116	215228.614552878206	403
0	4121	215367.113972015779	404
0	4135	215769.684319310253	403
0	4140	216508.791376762455	402
0	4145	216538.459536266696	403
0	4151	216833.228730409994	404
0	4157	217140.931253912196	405
0	4167	217998.726371943494	406
0	4173	218115.698277889517	407
0	4175	218180.649829693502	406
0	4180	218466.062048834214	407
0	4182	218490.383869569858	408
0	4188	218531.648566584837	409
0	4190	218826.92587606106	410
0	4192	219057.720091234048	411
0	4194	219418.323555997421	412
0	4196	219473.355405616701	413
0	4198	219680.755589530235	412
0	4211	220411.256586284992	413
0	4217	220636.814110875493	412
0	4222	220864.290520521263	413
0	4228	221340.808706270312	414
0	4230	221442.435294981372	415
0	4232	221506.678965092069	414
0	4237	221827.053082457009	415
0	4239	221848.23748413175	416
0	4241	221910.877891742057	415
0	4250	222187.127050547884	416
0	4252	222447.633620351917	415
0	4269	222881.502331143136	416
0	4275	223499.761962301715	417
0	4285	223761.87342025376	416
0	4290	223919.698015471261	417
0	4292	224236.634304458061	418
0	4302	224676.66092433258	419
0	4308	224940.885422188389	420
0	4310	225069.184530452258	419
0	4315	225530.136355984752	420
0	4317	225533.904250339038	419
0	4322	225677.239792486126	420
0	4328	226019.897651691428	421
0	4330	226088.371011478338	422
0	4332	226229.102507828961	423
0	4342	226324.8713493869	424
0	4344	226520.836188713794	425
0	4346	226593.949889205761	424
0	4355	227029.985096948901	425
0	4357	227262.98799257762	424
0	4366	227348.420397773814	425
0	4368	227422.231370822289	426
0	4370	227552.152606992123	427
0	4372	228032.772839524069	428
0	4374	228110.425534072894	429
0	4384	228549.436747953661	428
0	4389	228893.989243346453	429
0	4391	228903.845182247825	428
0	4400	229440.065737404294	427
0	4405	229448.176984443717	428
0	4411	229755.745390241015	429
0	4413	229921.480639831867	430
0	4415	229979.920827898573	431
0	4421	230106.029751393138	432
0	4423	230131.032842662807	433
0	4425	230434.491322158717	434
0	4435	230605.931107507593	435
0	4437	230714.084398262568	434
0	4442	230858.041229366881	435
0	4452	231312.3649172116	434
0	4457	232115.827737376843	435
0	4467	232504.010187771661	436
0	4477	232938.138691857823	435
0	4482	233275.761715730621	436
0	4484	233452.571895615039	437
0	4486	233849.972190894552	436
0	4495	234125.757123537714	437
0	4497	234473.398455286404	438
0	4503	234723.965318166085	437
0	4512	235446.235571720266	438
0	4518	235627.201125957437	437
0	4527	235863.466881395834	438
0	4529	236188.145220340005	439
0	4531	236251.005904302366	438
0	4536	236294.897028512486	439
0	4542	236722.613234919853	440
0	4548	237155.769441016383	439
0	4553	237548.877509722193	440
0	4555	237697.764659077294	439
0	4572	238084.288712878431	440
0	4582	238794.637685780636	441
0	4588	238966.395744048424	440
0	4593	239081.589711526212	441
0	4599	239630.059446208544	440
0	4608	239780.823565476767	441
0	4610	239840.854814041156	442
0	4612	240092.541527223837	443
0	4618	240676.365132626318	444
0	4620	240854.29915938766	445
0	4626	240967.745765485235	444
0	4631	241150.580707153769	445
0	4637	241191.795154113295	446
0	4639	241342.88527321107	445
0	4644	241715.621185179297	446
0	4650	242045.24521119002	447
0	4652	242234.748573410206	448
0	4654	242438.961412284323	449
0	4664	242570.668741241412	450
0	4666	242792.307750992843	449
0	4675	243155.940963242105	450
0	4677	243167.668188587197	449
0	4682	243380.574668930497	450
0	4688	243864.761466893953	451
0	4690	244054.437431505387	452
0	4700	244508.821902722486	451
0	4713	245243.415363600344	452
0	4715	245775.444652177759	451
0	4724	246117.090493953023	452
0	4726	246259.94937033207	453
0	4728	246496.609582794795	454
0	4734	246571.539135389396	453
0	4739	246606.411366257137	454
0	4741	246854.70660506841	455
0	4743	247100.894741972091	456
0	4749	247473.063312665262	457
0	4755	247789.169202484557	456
0	4764	248342.80857488447	457
0	4766	248562.406945857915	458
0	4772	248812.982888073096	457
0	4777	249001.298112081635	458
0	4783	249446.76301707607	459
0	4785	249518.96198624484	460
0	4787	249610.608982453074	461
0	4789	249611.007385626802	460
0	4794	249829.460087008187	461
0	4800	249914.522357263917	462
0	4802	249988.380993653667	463
0	4816	250917.461515628168	462
0	4821	251099.423251342485	463
0	4823	251206.881897513155	464
0	4825	251442.170977629142	465
0	4827	251610.486307107279	464
0	4832	251637.908973905352	465
0	4834	251848.83943658146	466
0	4836	252164.422708973655	465
0	4841	252182.658679616884	466
0	4843	252494.664727219906	467
0	4849	252642.501336495443	468
0	4855	253011.667583915484	469
0	4857	253217.36770951531	470
0	4867	253675.845768787333	469
0	4876	253823.21323415616	470
0	4878	253889.776777554697	471
0	4880	254025.944258670173	472
0	4886	254570.182810708203	473
0	4892	254913.201737404236	472
0	4901	256106.902037896582	471
0	4910	256325.170613907373	472
0	4916	256936.817003190884	471
0	4921	257251.557584550321	472
0	4923	257643.101037822415	473
0	4925	257658.23322767754	474
0	4943	258507.504524626205	473
0	4948	258661.08972731289	474
0	4950	258823.844357990096	473
0	4955	259364.001250524728	474
0	4961	259945.193621223168	475
0	4967	260263.524907033363	476
0	4969	260496.464974359046	475
0	4982	260619.19995504266	476
0	4984	260845.132989511262	475
0	4989	261257.190196092023	476
0	4995	261573.871676830594	477
0	4997	261733.882310400617	478
0	4999	262151.471567251703	479
0	5005	262294.197109263194	480
0	5007	262362.341643485452	481
0	5009	262376.099334992837	480
0	5014	262395.282236789986	481
0	5024	262791.841498438316	482
0	5026	262882.567560412358	481
0	5031	263578.850686997544	480
0	5036	263581.237575951033	481
0	5038	263616.608042512253	482
0	5048	264121.954703055941	483
0	5050	264314.97650296376	484
0	5064	265035.778648108613	483
0	5069	265087.910560107862	484
0	5071	265282.274936157737	485
0	5073	265301.79953990335	486
0	5079	265756.009329829268	487
0	5081	265976.244052154552	488
0	5083	266169.746680222821	487
0	5088	266189.221264207717	488
0	5102	267124.216117344761	489
0	5104	267186.439772313155	490
0	5106	267364.448047310319	491
0	5108	267680.013841726255	490
0	5113	267711.852788101111	491
0	5115	267799.185491116619	492
0	5121	268153.146937395465	493
0	5123	268360.571460590761	494
0	5125	268508.748020492863	493
0	5134	268711.523171323256	494
0	5136	268748.693569976879	495
0	5142	269354.63539328463	494
0	5147	269612.136375941705	493
0	5156	270172.613464102953	494
0	5158	270246.774747372042	493
0	5163	270310.997227875993	494
0	5165	270311.139623162254	495
0	5167	270432.977250496166	496
0	5169	270520.350862821814	497
0	5187	271175.198483530317	498
0	5189	271234.453616887699	497
0	5198	271578.459579759226	498
0	5200	271875.64564283974	497
0	5217	272199.449900851966	498
0	5223	272533.608563207458	497
0	5228	272633.407332366686	498
0	5230	272969.783961757073	499
0	5232	273244.17108939144	500
0	5238	273474.733967299004	501
0	5240	273486.944785631327	502
0	5242	273596.573273688152	503
0	5252	274010.642960891496	502
0	5261	274546.195022245727	503
0	5263	274569.690459557009	504
0	5269	274945.790383899537	505
0	5275	275309.253975786637	504
0	5280	275807.09278030709	505
0	5290	276596.567700603547	506
0	5292	276603.660288416218	505
0	5297	276864.986964961003	506
0	5299	276948.955010622879	507
1	0	0	0
2	0	0	0
3	44	3038.340997202663	2750.2393364813
3	415	21162.664317032667	17305.094008662
3	553	29471.125412015589	23627.744811903
3	598	31933.02467256819	25764.887180975
3	633	33357.516981196005	26909.702153964
3	668	36024.826614773248	27716.341052599
3	1014	56187.461480312398	42439.697971648
3	1102	60049.967443868867	45732.926733774
3	1159	62613.249404197909	47359.023550121
3	1233	65558.956432156617	48461.486707381
3	1316	69232.054537367429	51497.588750931
3	1345	70481.32041470183	51731.243105122
3	1442	76420.500130169447	56697.963502885
3	1811	95917.87573225832	67325.357840345
3	1881	100066.531944331141	69737.750111348
3	1915	102156.325567802773	70639.060183565
3	2137	111485.762395216513	73484.878803837
3	2197	114041.209363984305	73009.035344044
3	2482	129370.286904722815	83680.225284523
3	2518	131334.7461742632	84362.284646418
3	2548	132590.010143826148	83077.362819669
3	2846	148867.489752713952	93146.108590717
3	3136	163966.96031138337	104265.56739684
3	3349	175012.791313724954	113042.8734325
3	3410	178199.603356728692	115513.52556874
3	3437	179677.211666843284	116900.15083123
3	3511	183199.731310848508	120317.56971891
3	3549	184093.099009544018	121084.26639436
3	3623	188308.438775884348	122457.56491826
3	3652	189813.50937199815	123472.34730453
3	3828	199758.386916974923	129829.78596516
3	3862	201758.07821478731	131827.93805854
3	3989	207442.462581014624	135723.68616177
3	4059	211022.500150706982	137503.96059838
3	4076	212134.002412418266	138547.29029939
3	4125	215403.439968526727	141613.5716541
3	4273	223044.211552339039	144509.43905812
3	4635	241166.107067577906	152348.6978986
3	4658	242461.540248506137	153504.51631925
3	4673	242992.133291857683	153741.70390024
3	4694	244140.639738543325	154159.71131925
3	4711	245174.412717409798	154760.95001391
3	4781	249409.606732242176	158311.04468978
3	4810	250482.246812368179	159330.30415324
3	4861	253476.641839333245	161967.91838709
3	4976	260496.942424215744	166156.98961354
3	5018	262411.041075829784	167957.59903003
3	5058	264748.637820771333	169053.36219628
3	5096	266986.493003406	169041.11340814
3	5119	267823.513501389321	169863.67736539
4	85	4761.755887614905	4447.2480692264
4	91	5253.411375619814	4279.288866845
4	131	6981.466012373908	5883.5879566122
4	142	7804.728966625749	6660.2869767274
4	150	8113.681633845314	6711.8251368982
4	182	9886.646978268742	8181.5373593586
4	207	10535.876633208588	8014.9398590836
4	211	10579.202879099518	8051.452751403
4	241	12064.742266275331	9488.679940935
4	247	12713.56251251918	10122.567664834
4	264	13307.997917291119	10633.397251917
4	291	14407.983319489628	11714.360643752
4	308	15467.424902003602	12738.442645588
4	329	16970.988205448137	14032.750303493
4	357	17937.378757102759	14571.869276511
4	367	18372.287659002811	14789.474432576
4	377	19099.690491566778	15399.371365604
4	438	22768.706542263151	18505.128661638
4	456	23604.171033297078	19018.859441252
4	477	24818.743201988161	20224.692922986
4	481	25247.999192821206	20131.33963198
4	505	26697.179335030139	21395.20337059
4	517	27427.418274470018	21835.75512245
4	544	28746.193984356121	23034.502496307
4	579	30762.381356247114	24709.974300799
4	615	32528.959509712057	26299.394698986
4	637	33363.220442487273	26405.128933941
4	659	35332.658760492105	27828.965834438
4	685	37412.27686247823	29048.355772365
4	722	39002.900884691972	30237.251436003
4	726	39247.384343659851	29885.894849714
4	734	39632.334140157672	30071.81273017
4	747	40903.093299735684	31307.741915574
4	773	42113.354623243559	31944.31771934
4	783	42422.389914542783	32634.81453506
4	804	43767.967051398356	33590.510118118
4	835	45579.442830253739	35265.381326891
4	846	46354.157079905617	35852.264991842
4	861	47440.643174164344	36640.924480409
4	874	48223.42965757509	37310.791872575
4	896	49468.556025605996	38217.286385779
4	912	50509.38692314585	38328.653210807
4	921	50609.515372645457	39137.957829079
4	946	52041.798147047287	39260.867376535
4	963	52845.479257535538	39895.850984394
4	991	54634.453695034956	41170.194750903
4	1023	56453.147272784612	42965.166526652
4	1044	57037.014671834534	43256.393727723
4	1058	57820.809697602293	43827.640830059
4	1071	58140.475686313933	43985.417254265
4	1119	60456.909542708075	45697.094447769
4	1188	63009.965954134591	47166.668868511
4	1192	63110.220510457061	47435.319301456
4	1216	64761.040311856546	47969.746494541
4	1220	64779.104946349167	48267.45510653
4	1269	67179.097105944881	49939.701306028
4	1279	67739.766916772703	50234.93694588
4	1290	68239.383023605104	50604.984042446
4	1320	69397.377427080999	51070.645910507
4	1370	72319.076377572845	53190.572282369
4	1387	73021.035720687713	53638.96278071
4	1421	75181.195950042811	55567.093720233
4	1427	75609.270322108995	55911.687924801
4	1469	77593.011956857871	56934.444488817
4	1479	78326.242124345507	57523.630572371
4	1495	78794.675816577282	57922.34661619
4	1506	79280.025934353825	58594.33985307
4	1532	80785.752170086262	59854.127105865
4	1546	81572.671170058083	58972.175410455
4	1561	82775.45165968163	60100.066210043
4	1576	83733.225321593117	61025.466695474
4	1591	84601.958838319761	61499.823456607
4	1619	86105.589568475617	62841.861158069
4	1636	86608.007817091776	61961.251427108
4	1644	86980.9717912603	63275.09165031
4	1657	87799.837869396789	62386.438868374
4	1676	89170.086612971856	63092.194734867
4	1691	89973.168112784981	63506.559517848
4	1710	90989.152464792488	63967.956692596
4	1744	91883.224725760876	64698.008412484
4	1763	93032.74431755802	65078.461772414
4	1773	93762.348017031684	65731.283699554
4	1794	95068.792654946804	66941.906736669
4	1826	96837.789826672882	68163.642980016
4	1856	98509.563369164602	68691.292084172
4	1860	98952.18574981241	68851.540099345
4	1900	100818.217267059149	70247.825870975
4	1932	103046.239814041541	71277.089972793
4	1969	104618.817218104737	72761.149734191
4	1989	105345.488879653053	73182.11392301
4	2006	106061.288506444903	73870.382651587
4	2012	106567.766455123561	74038.208410003
4	2036	107173.552995939168	74629.704517696
4	2063	108329.767832942667	71908.694926612
4	2069	108493.553979806962	75894.01162942
4	2084	109008.385696597758	72207.082889696
4	2112	110195.697882809106	72266.214705153
4	2129	110813.898664694641	72863.008086962
4	2157	112653.166839043039	74621.140671305
4	2193	113950.682821069274	75210.718522733
4	2214	114847.431697277713	73385.706508628
4	2229	115503.257573815423	73322.979331531
4	2243	116554.216729747492	74312.013000058
4	2258	117187.674529478315	74914.838139302
4	2294	118765.05311782508	75401.842497102
4	2298	118940.522339521338	76240.249440536
4	2319	119784.769997699547	76261.39768524
4	2347	121013.112680446718	77453.852248395
4	2353	121079.42186418957	77053.188260601
4	2379	122441.373873697956	78361.067023875
4	2397	123737.176628411179	79378.519739282
4	2403	123977.580528268952	79483.34259881
4	2431	126076.520429440204	81448.719590808
4	2435	126126.678199414526	80743.850701823
4	2461	128690.73152762874	83247.809632517
4	2522	131425.816907631596	82248.373319065
4	2552	132709.467941560215	83294.877941742
4	2577	134134.558868278182	84191.271695283
4	2588	134571.300052283696	83887.446635632
4	2609	136304.729245733833	85041.374976958
4	2618	136610.55457609742	85211.181510459
4	2635	137725.602514865241	85994.11630062
4	2663	139093.208175562686	87266.946918085
4	2687	140032.620765660321	87792.433137645
4	2696	140426.147141959881	88397.007956926
4	2717	142433.219937626636	89822.149673762
4	2736	143328.006202299511	90167.927607641
4	2764	144625.635480918353	91292.924248919
4	2768	145138.247324610491	91268.591824401
4	2794	146505.376733364899	92447.042191774
4	2802	146787.542226650182	92134.176834591
4	2821	147715.91430783308	93563.097256329
4	2876	150820.799878090982	94909.41519497
4	2887	151159.855435742428	94587.476750627
4	2897	151722.931749979396	94991.715619819
4	2932	153204.730123952393	96258.684406516
4	2949	154310.265871221561	97303.051198368
4	2964	155801.83340673371	98561.323126585
4	2988	157143.485869001959	99651.456380271
4	3004	157913.794802576665	100256.29992256
4	3030	159140.064358450834	100846.7741905
4	3038	159678.141823755939	101361.70245835
4	3051	160265.461685164262	101787.74882259
4	3068	160745.241004936759	101491.2786692
4	3091	162334.041704126064	102867.59008375
4	3113	163023.34852400272	103436.78597202
4	3140	164580.510655278701	104965.29914058
4	3166	165547.363370713208	105567.36372728
4	3174	166093.283959925536	105917.01708415
4	3197	167298.755449504021	106916.08820393
4	3201	167527.33762452415	106940.06843533
4	3250	170097.779205907497	109165.28762089
4	3265	170645.652148826409	109364.34428767
4	3281	171860.90708966403	110454.59780629
4	3299	172334.037886606891	110759.78566897
4	3318	173463.530582990859	111671.22366767
4	3332	174388.89052797145	112534.9953237
4	3381	176865.014768783364	114549.17042242
4	3406	178144.149205554638	115505.98712972
4	3473	181692.892968366284	118815.62137858
4	3499	182794.617718737934	119912.72461417
4	3530	183762.779014129553	120765.02728763
4	3576	185591.541988468159	121558.20810133
4	3580	185702.095943289238	120131.35256798
4	3599	187240.290273940551	121597.7793914
4	3667	190449.774836041395	123781.43513518
4	3671	190745.127667384583	124024.90392807
4	3681	191260.726415012393	124178.36015671
4	3707	192606.780974706996	125009.68982602
4	3730	194265.147645473842	126477.91327605
4	3751	195258.374316571643	126481.70241423
4	3780	196857.450913805876	127779.3973582
4	3789	196952.41127152032	127533.90439341
4	3807	198341.136915898313	128728.22067915
4	3895	202869.23570023886	132900.93459906
4	3913	203644.723633556059	132993.32078212
4	3917	203915.120507562897	133844.91300675
4	3923	204310.845655212542	133533.75859265
4	3968	206306.692790193847	134872.33531691
4	3976	206691.649311492583	135209.56696421
4	4001	208228.436231976738	136235.08753043
4	4038	210657.940778993432	138185.55971955
4	4055	210996.889315583174	138178.68487533
4	4094	213504.909583572662	139730.51409492
4	4133	215680.584224658449	141191.50807481
4	4155	216971.211086018374	141909.29045165
4	4171	218036.070661340272	142521.77508801
4	4186	218505.923383459812	142353.99845856
4	4215	220557.884893631926	143860.86871192
4	4226	220927.349575469634	143974.87861914
4	4267	222873.237233646578	145182.13807059
4	4279	223523.838746855399	144967.98685751
4	4296	224318.092035986848	145310.48747957
4	4306	224901.14710551723	145415.01271686
4	4340	226264.443274820588	146544.90322875
4	4353	226988.811662383742	147235.88193893
4	4382	228286.542474348463	148283.67233855
4	4398	229186.46211776919	148298.76904055
4	4419	230070.193267474316	149087.57386561
4	4446	231074.734046692394	148716.04792079
4	4450	231129.015602358051	149586.55916685
4	4471	232672.611613683768	149405.46952933
4	4475	232897.185979271674	148328.61242507
4	4501	234490.041102003673	149404.51782268
4	4516	235448.018665109196	150087.73695686
4	4540	236345.077661788456	150319.98821296
4	4570	238006.435747798898	151643.26385311
4	4576	238566.527226921536	152088.80791871
4	4580	238582.899858868114	151541.88006375
4	4606	239636.723016733669	152564.08550404
4	4616	240295.614252239831	151760.25235405
4	4722	246025.620063692697	155189.41060394
4	4747	247405.044775484495	156365.25445705
4	4762	248254.777263543004	157176.20245522
4	4814	250873.388191573688	159720.67951617
4	4874	253688.246676847706	162091.62582925
4	4884	254379.939944502333	162718.57522595
4	4899	255255.275719138228	163332.48777537
4	4914	256791.340916715929	164243.21471474
4	4937	258116.869182344892	165328.65300536
4	4941	258425.795213720197	164866.90665669
4	4980	260569.079153770949	166518.80170379
4	5022	262653.429992832612	167956.83396642
4	5062	264892.937558237832	169194.09587296
4	5077	265332.401177017387	169356.01142825
4	5140	268818.795680515837	170831.00043642
4	5173	270531.353397118297	172049.25417266
4	5196	271453.458713721853	172497.71804476
4	5207	271942.00660098381	172716.82151074
4	5211	271954.519446399432	172576.23991553
4	5221	272370.391052896525	172713.65099116
4	5246	273651.299999170374	173538.8194073
4	5259	274460.453710900988	174158.28563967
4	5273	275155.383319883045	174522.631143
4	5288	276539.354633111875	174436.32485435

