version 2
run Iteration-24-20200521-09:52:13-56864
attr configname Iteration
attr datetime 20200521-09:52:13
attr experiment Iteration
attr inifile omnetpp.ini
attr iterationvars "$i=2, $j=12, $0=15-(2+12)"
attr iterationvarsf i=2,j=12,15-(2+12)-
attr measurement "$i=2, $j=12, $0=15-(2+12)"
attr network Network
attr processid 56864
attr repetition 0
attr replication #0
attr resultdir results
attr runnumber 24
attr seedset 24
itervar i 2
itervar j 12
param **.resourcePool.amount 2
param **.resourcePool1.amount 12
param **.resourcePool2.amount 15-(2+12)
param **.source.interArrivalTime exponential(6min)
param **.delay.delay uniform(4min,28min)
param **.delay1.delay uniform(10min,28min)
param **.delay2.delay uniform(4min,16min)
param **.allocate.resourceModuleName "\"Network.resourcePool\""
param **.allocate1.resourceModuleName "\"Network.resourcePool1\""
param **.allocate2.resourceModuleName "\"Network.resourcePool2\""
param **.deallocate.resourceModuleName "\"Network.resourcePool\""
param **.deallocate1.resourceModuleName "\"Network.resourcePool1\""
param **.deallocate2.resourceModuleName "\"Network.resourcePool2\""
param **.router.randomGateIndex "uniform(0, 1) > 0.2 ? 0 : 1"

vector 0 Network.allocate queueLength:vector ETV
attr interpolationmode sample-hold
attr title "queue length, vector"
vector 1 Network.allocate1 queueLength:vector ETV
attr interpolationmode sample-hold
attr title "queue length, vector"
vector 2 Network.allocate2 queueLength:vector ETV
attr interpolationmode sample-hold
attr title "queue length, vector"
vector 3 Network.sinkStat lifeTime:vector ETV
attr interpolationmode none
attr title "lifetime of arrived jobs, vector"
attr unit s
vector 4 Network.sink lifeTime:vector ETV
attr interpolationmode none
attr title "lifetime of arrived jobs, vector"
attr unit s
0	0	0	0
0	8	1304.051695137701	1
0	10	1441.562876093167	2
0	12	1531.040024942603	3
0	14	2406.248396469865	2
0	19	2964.311634400316	1
0	24	3018.560305633266	2
0	26	3166.169549769376	1
0	35	4088.803272864435	0
0	84	5770.00857486257	1
0	86	5869.040536850151	0
0	91	5872.277468427831	1
0	93	6110.879217493213	2
0	100	6407.84972440863	3
0	102	6504.722246348318	2
0	112	6798.964187667543	1
0	120	7479.622311496014	0
0	125	7531.601992281136	1
0	135	7942.0671522873	2
0	140	8031.28679112291	1
0	145	8094.303940099812	2
0	152	8628.506790564234	1
0	165	9121.989344544121	2
0	167	9163.513956052854	3
0	169	9403.127803428999	4
0	171	9478.214985607442	5
0	173	9558.023488789257	4
0	189	10070.847703605677	5
0	191	10097.150021301661	6
0	193	10241.446179651494	5
0	198	10318.820566057619	4
0	203	10607.624037979747	5
0	205	10755.0315157183	6
0	215	11103.074613481093	7
0	217	11116.060396439787	6
0	222	11250.829074808235	5
0	232	11370.839438369288	6
0	237	11426.409106021694	7
0	239	11689.70436424708	6
0	247	11841.523111518228	7
0	254	12035.662609699395	8
0	259	12070.023584269757	7
0	264	12106.53418597525	6
0	269	12377.308935806019	7
0	282	12857.785320636991	8
0	287	12935.867184332963	7
0	297	13539.564383802502	8
0	307	13665.667190083141	7
0	315	14422.692369350071	6
0	320	14495.863849453088	5
0	330	14818.271009456298	6
0	338	15175.712905502171	7
0	345	15364.360103837606	6
0	350	15369.793250688191	5
0	355	15471.995687906227	6
0	357	15695.951984825947	7
0	362	15739.56501989001	8
0	374	16184.888959402668	9
0	376	16231.112003267582	8
0	381	16307.548923274631	9
0	383	16390.005273825881	8
0	391	16620.058536284443	7
0	396	16644.385254393506	8
0	401	17002.996276251432	7
0	406	17027.799772235167	8
0	413	17181.658536876603	9
0	421	17647.892657823321	8
0	429	17719.58221422213	7
0	442	17972.126008374399	8
0	444	18263.599694887207	9
0	449	18837.414263201547	10
0	456	18962.67921999788	9
0	469	19219.760866776881	8
0	474	19629.844708946279	9
0	476	19662.961238667858	10
0	481	19982.209817335782	9
0	494	20332.608307457921	8
0	499	20646.756898719524	9
0	501	20717.329944089828	8
0	511	20810.946577161011	7
0	516	21006.263424655255	8
0	526	21362.620183915673	7
0	534	21405.35382889673	8
0	547	21614.730100990347	9
0	549	21676.345070628497	10
0	551	21680.962226141344	11
0	553	21733.362368356993	12
0	555	22144.305319000149	13
0	562	22282.232060932396	12
0	567	22337.399981922862	11
0	572	22460.715307695716	12
0	574	22545.479577826136	13
0	589	23016.408498451965	14
0	591	23248.092057529679	15
0	596	23296.824352582769	16
0	598	23363.600876449999	15
0	603	23391.963006310938	14
0	608	23560.388749559698	15
0	610	23724.865762523767	14
0	623	24208.804068134008	13
0	633	24595.946297801491	12
0	649	24807.121358156977	11
0	654	24869.057758718189	10
0	662	25091.555731093132	11
0	667	25250.389724645356	12
0	672	25611.974322997806	11
0	677	25613.496336499444	12
0	687	25827.775168952289	13
0	689	26011.0085019626	12
0	694	26042.591575018522	11
0	702	26334.73855608779	10
0	715	26811.600021598917	11
0	717	26871.679703296353	12
0	719	26991.389959060429	11
0	732	27336.505433859096	12
0	734	27458.500904261526	11
0	750	27784.38115777423	12
0	755	27992.100311905919	11
0	765	28780.019928307115	10
0	773	28991.843977614697	9
0	778	29093.800104462384	8
0	794	29903.081862527981	9
0	796	29963.142030180274	8
0	812	30523.262153369847	9
0	814	30545.608265891131	8
0	819	30671.201292472658	9
0	829	31141.582222000538	8
0	834	31575.313777297195	7
0	839	31581.942989281014	8
0	841	31611.650835291325	7
0	846	31654.024161394202	8
0	856	32221.973617083784	7
0	861	32263.84473344016	6
0	874	32489.746398052686	7
0	876	32623.10405904186	8
0	878	32684.77611925302	9
0	880	32710.161275054638	10
0	885	33004.557824196659	11
0	890	33011.272475325345	10
0	903	33356.92325565039	11
0	905	33462.437437146362	10
0	916	33900.95980433452	9
0	921	34014.977210171629	10
0	931	34570.426336049494	9
0	941	34899.372707351503	8
0	946	34959.461561379288	9
0	956	35390.606416852056	8
0	961	35443.547573181108	9
0	963	35532.648561804203	10
0	965	35549.561393121206	11
0	967	35579.118337682506	12
0	969	35880.282639756954	13
0	976	35992.70164218491	12
0	981	36067.698136004856	13
0	991	36248.288670091455	14
0	993	36298.575393786167	15
0	998	36484.095773322752	16
0	1000	36668.821496979176	15
0	1005	36737.186880416629	14
0	1032	38050.651713181579	15
0	1039	38247.900752887904	14
0	1044	38333.865151710269	13
0	1049	38461.052016762509	14
0	1051	38570.019743867993	13
0	1056	38598.75137862674	14
0	1063	39171.869736851036	13
0	1068	39202.187392163222	14
0	1070	39297.816901213882	13
0	1075	39361.451254678824	14
0	1091	39982.429745757515	15
0	1096	40077.290623306689	14
0	1109	40530.54861838797	15
0	1111	40530.563544609427	14
0	1116	40588.919889092857	15
0	1118	40610.197985793384	16
0	1125	40754.339851807036	17
0	1130	41134.546451675332	18
0	1137	41318.298463149776	19
0	1139	41329.650670003246	20
0	1141	41366.796701473712	21
0	1143	41639.554350830076	20
0	1148	41717.15678369461	21
0	1158	42057.666158496795	20
0	1163	42073.783276356836	21
0	1165	42142.500829898595	20
0	1170	42294.580440729677	21
0	1175	42329.592942811697	22
0	1177	42334.320038179237	23
0	1179	42529.759245940327	22
0	1184	42710.698943331299	21
0	1189	42799.122889649482	22
0	1196	42942.03595876795	23
0	1198	42954.711260265263	24
0	1200	42989.933448387564	25
0	1202	42996.547706312333	26
0	1204	43059.242847307978	25
0	1209	43398.031009559369	26
0	1214	43494.94514485526	25
0	1222	43567.306231274299	26
0	1224	43600.656398480017	27
0	1237	43756.753372184394	26
0	1242	44208.221725015598	27
0	1249	44338.352193767121	28
0	1251	44460.329343409033	29
0	1256	44635.197221139878	30
0	1261	44801.034818645842	31
0	1263	44875.64501242417	30
0	1268	44939.241885876684	31
0	1275	45139.738732405781	30
0	1283	45291.053845963834	29
0	1288	45629.444261912668	30
0	1295	45799.720630198716	31
0	1297	45810.39267824789	32
0	1299	45824.591296703398	31
0	1307	45934.843587146724	32
0	1312	46144.837720894098	31
0	1320	46393.561298315543	32
0	1327	46762.179367595196	31
0	1335	46815.128941541939	32
0	1337	46900.728095851301	31
0	1345	47050.892088144129	32
0	1352	47790.091309064911	33
0	1359	48002.515162236451	32
0	1364	48026.782063633979	31
0	1369	48122.579050220366	32
0	1376	48253.19135746934	33
0	1387	48623.565503262759	32
0	1392	48769.695884555041	31
0	1397	48834.270567647454	32
0	1404	49011.50916681385	31
0	1420	49641.376656859576	30
0	1436	50096.382024341107	29
0	1441	50190.292376564374	30
0	1443	50217.12829400471	31
0	1445	50410.575500476413	32
0	1463	51320.154578059375	31
0	1468	51436.332115956426	30
0	1473	51724.839404727342	31
0	1480	51846.078902748435	32
0	1482	52159.303267166794	31
0	1487	52208.779552809357	30
0	1500	52572.863981702209	29
0	1513	52879.776437885522	28
0	1518	53057.496662546315	29
0	1520	53250.968156145183	30
0	1527	53355.515947469354	29
0	1538	53662.548423699679	30
0	1540	53684.08517212367	29
0	1553	54123.716466769039	28
0	1572	54969.203844868422	27
0	1577	54974.99258590378	28
0	1579	54997.190079433584	29
0	1581	55278.841309293568	28
0	1597	56262.59493940116	29
0	1599	56286.767948816735	30
0	1609	56540.83333497572	29
0	1614	56558.238825506926	28
0	1619	57008.807411917329	27
0	1632	57209.331805311542	28
0	1642	58230.566141314269	27
0	1655	58488.908464998782	26
0	1660	58916.266932093382	25
0	1665	59099.401574104489	24
0	1670	59121.099784091951	25
0	1680	59366.134853445058	26
0	1682	59458.482743546098	27
0	1684	59477.035645505458	28
0	1689	59601.629220251961	29
0	1691	59620.702527889075	30
0	1701	59815.939993618355	31
0	1703	59841.794661283976	32
0	1705	59845.774688547745	33
0	1715	60094.212056861103	32
0	1720	60103.762338031247	33
0	1722	60118.814913806967	34
0	1724	60135.868244684708	35
0	1726	60135.946987445934	36
0	1728	60212.640848827283	37
0	1735	60683.11072711593	36
0	1740	60942.461415299295	37
0	1750	61609.078403731036	38
0	1752	61676.422302769069	39
0	1754	61742.922951110483	38
0	1764	61831.772405139566	37
0	1769	62006.287831083716	36
0	1782	62317.451041720272	35
0	1792	62518.923634909294	36
0	1794	62595.285074058163	37
0	1796	62663.964502820343	38
0	1804	62820.769314955774	39
0	1811	62909.420182863527	40
0	1816	63094.974131384826	41
0	1818	63113.110247996909	42
0	1828	63230.162140771211	41
0	1833	63532.005729877235	40
0	1838	63798.133827098857	41
0	1853	64625.554442905666	40
0	1858	64661.46136541611	39
0	1866	64949.033405377925	38
0	1871	65000.562536471368	37
0	1884	65454.202964545072	36
0	1897	65525.440237147511	37
0	1902	66040.511916733742	36
0	1915	66410.777308202744	35
0	1923	67108.968553707779	34
0	1933	67152.042544125526	35
0	1938	67282.998804903985	34
0	1943	67320.959026526621	35
0	1945	67510.060658390068	36
0	1947	67553.016854075043	37
0	1949	67555.606646571602	38
0	1951	67567.791495247121	39
0	1956	67797.123306893588	38
0	1961	67853.3045176039	39
0	1963	68003.007951918011	40
0	1976	68436.887971045886	41
0	1978	68514.716885453505	42
0	1988	68832.749294124008	41
0	1993	68861.104137316787	42
0	1995	68939.980395600976	41
0	2005	69251.965931450497	42
0	2012	69428.838485767485	43
0	2014	69434.412160744451	44
0	2016	69547.565814485507	45
0	2021	69763.683132806166	46
0	2028	70158.118928723814	45
0	2033	70500.893079347373	44
0	2046	70768.632457314414	45
0	2064	71639.162509382548	44
0	2069	71661.435470231932	45
0	2071	72082.94775564915	44
0	2076	72199.130696999952	45
0	2083	72767.943488561394	44
0	2093	72929.821105830299	45
0	2106	73346.784263427665	46
0	2113	73515.402417264343	45
0	2123	73838.185219313623	46
0	2128	73955.622014626477	47
0	2130	74004.668565743449	46
0	2140	74389.811649396126	47
0	2145	74825.946208916069	46
0	2155	75352.264011853221	45
0	2160	75425.256042005795	46
0	2167	75654.964500705243	47
0	2172	75708.716137496567	48
0	2182	76038.010786517919	47
0	2187	76207.714851356585	48
0	2189	76321.204743375724	49
0	2191	76345.153523346525	50
0	2198	76472.208940584206	51
0	2200	76532.834712124825	50
0	2205	76573.422839731756	49
0	2216	76816.637748127089	50
0	2218	76824.170635321024	49
0	2228	77276.209295693728	50
0	2230	77403.577523321691	49
0	2241	77786.351255930424	48
0	2251	78005.515053321646	49
0	2253	78096.464015900551	50
0	2258	78518.398002318502	49
0	2263	78595.193397660144	50
0	2265	78670.632262320104	49
0	2273	78821.327720691124	50
0	2280	78981.633577975142	51
0	2282	79001.187377429963	50
0	2290	79245.230979304414	51
0	2292	79252.811619200929	52
0	2294	79472.066886388514	53
0	2304	79987.989838838042	52
0	2309	80058.040933773699	51
0	2325	80479.205767705916	52
0	2327	80668.971862203838	51
0	2332	80696.057135403934	50
0	2348	81093.405814821488	51
0	2350	81106.249310902716	50
0	2365	81814.69219562872	51
0	2367	81839.759580728856	52
0	2375	82097.387980203793	53
0	2377	82215.20636064637	52
0	2385	82281.011146760942	51
0	2395	82587.888402871253	50
0	2400	82674.79675242263	51
0	2410	82922.415738423041	52
0	2412	82981.606989710544	53
0	2414	83101.090730719069	54
0	2421	83405.610666243781	55
0	2423	83501.925820314172	54
0	2431	83711.511155051476	55
0	2433	83786.409407126542	56
0	2435	83890.868790901663	55
0	2448	84285.461534515116	56
0	2450	84320.754668682279	55
0	2455	84589.069888085252	56
0	2462	84698.167977603881	57
0	2464	84725.318602801846	58
0	2472	84858.583209062632	59
0	2479	85028.616896622661	58
0	2484	85223.967793367269	57
0	2489	85224.53693654167	58
0	2491	85622.540655404307	59
0	2493	85626.339879266226	60
0	2506	86020.731929630819	59
0	2511	86151.195459894302	58
0	2519	86457.374045827273	57
0	2529	86507.070823500576	58
0	2531	86552.409638460106	59
0	2533	86689.786579876604	58
0	2541	87057.588473343587	59
0	2546	87332.962811195139	58
0	2559	87813.302748770777	59
0	2564	88253.278853006127	58
0	2574	88445.814755872671	57
0	2579	88535.548956943982	58
0	2586	88808.079447222026	59
0	2588	88823.040083528279	60
0	2590	88848.97918003589	61
0	2592	88956.827654385815	62
0	2600	89019.171530087753	63
0	2602	89340.803740897064	62
0	2607	89481.750513210359	61
0	2617	89824.574015728112	62
0	2622	89865.388707557882	63
0	2629	90252.092666008358	62
0	2639	90536.160165408782	63
0	2641	90613.714370585444	62
0	2646	90628.879479616494	63
0	2648	90648.845054912088	64
0	2658	90845.049840335985	65
0	2663	91042.249955940035	66
0	2670	91284.7221089525	67
0	2672	91349.7456442872	68
0	2674	91468.759636103573	67
0	2679	91515.653965181817	68
0	2681	91581.924270867323	69
0	2691	91927.394919075852	68
0	2709	92859.822223127669	67
0	2720	93109.591787129107	66
0	2725	93126.635218911654	65
0	2735	93467.818759442986	66
0	2737	93553.642988887116	67
0	2747	93924.715019480849	68
0	2749	93990.095536808072	69
0	2759	94218.661933183623	70
0	2761	94303.277480935494	71
0	2766	94434.93887775338	70
0	2771	94479.880960574803	71
0	2773	94501.221854031867	70
0	2778	94841.639133788914	71
0	2780	94896.608589358569	72
0	2787	95143.70565050042	71
0	2792	95417.106250428444	70
0	2808	95767.723664769505	71
0	2810	95840.685556370981	72
0	2820	96277.739716937268	73
0	2822	96296.0230893426	72
0	2827	96347.505129945443	73
0	2829	96418.68818816207	74
0	2836	96695.890234678451	73
0	2841	96787.356602767256	74
0	2859	97640.932587438113	73
0	2864	97894.153253666524	72
0	2877	98260.352020414796	73
0	2879	98342.760806658155	72
0	2895	98814.130696812487	73
0	2897	99149.458636424903	72
0	2902	99165.169702421579	73
0	2904	99168.901799272921	74
0	2911	99295.885742024368	73
0	2916	99428.77517969108	72
0	2921	99601.389594801551	71
0	2926	99871.830455927523	72
0	2931	100004.594366565984	73
0	2933	100008.039905928856	72
0	2943	100304.803422450991	73
0	2945	100422.217999620125	74
0	2947	100432.341021976832	73
0	2961	100608.413652894723	74
0	2974	101290.531053856796	73
0	2979	101413.175961466788	74
0	2989	101655.981009534959	73
0	2999	102016.679074041538	74
0	3001	102069.845343090061	73
0	3006	102350.946723238415	72
0	3011	102388.598775647048	71
0	3021	102544.105671228566	72
0	3023	102710.885024699	73
0	3025	102716.29780475742	72
0	3030	102834.02536089425	73
0	3038	103080.86317886346	74
0	3040	103129.719213619791	75
0	3042	103178.069610304598	74
0	3047	103193.067761872024	75
0	3049	103352.666789979524	74
0	3059	103430.091023030325	75
0	3064	103657.571483852897	76
0	3072	103897.969704947833	75
0	3085	104097.332281038947	74
0	3093	104500.610355816249	73
0	3103	104655.553956718035	72
0	3108	104672.690384479542	73
0	3113	104816.657357003929	74
0	3115	104846.82354186422	73
0	3128	105374.664167619709	72
0	3136	105521.621357851513	71
0	3152	105712.384068930802	72
0	3157	105980.085912176259	71
0	3162	106020.681822959893	72
0	3164	106046.508025695138	73
0	3174	106544.698151297761	74
0	3179	106838.914383656744	73
0	3189	106863.940323639779	74
0	3194	106913.026614999368	75
0	3196	107173.632095956095	74
0	3201	107446.736596020898	75
0	3206	107553.983812282392	76
0	3208	107578.48414065773	77
0	3210	107733.856053219184	78
0	3217	108047.11150741622	79
0	3219	108062.939156896834	78
0	3224	108151.474271351301	79
0	3234	108714.940397680589	78
0	3244	108904.240678816502	77
0	3252	109156.93982664867	78
0	3262	109722.765926846155	77
0	3272	109992.077367316514	78
0	3277	110389.599676958685	77
0	3295	110795.514366456159	76
0	3300	111097.054831289538	75
0	3305	111191.447803828357	76
0	3307	111296.386634613485	77
0	3314	111414.406771629517	76
0	3319	111560.735049728815	77
0	3326	111884.800952647553	78
0	3340	112185.293477032895	79
0	3347	112286.069418580123	78
0	3352	112459.10356002499	79
0	3354	112662.542493767682	80
0	3361	112818.046527176564	79
0	3366	113130.394463919158	80
0	3371	113241.755439095982	79
0	3381	113341.79378070754	80
0	3383	113564.231437795647	79
0	3396	113804.476877799273	80
0	3398	113870.291024188168	81
0	3400	113986.586035442163	82
0	3402	114099.444986411222	81
0	3412	114413.113512701755	80
0	3417	114459.513180408718	81
0	3430	114880.048032874772	82
0	3432	114913.843140208014	81
0	3437	114944.216197264235	82
0	3442	115231.747483626791	81
0	3452	115687.756689384049	80
0	3468	116148.562150830246	81
0	3475	116272.805464037113	82
0	3480	116355.682914641671	83
0	3485	116758.05790921379	82
0	3490	116812.397064722544	81
0	3505	117189.472673145814	82
0	3507	117485.368090699394	83
0	3517	117893.985248512989	82
0	3522	118113.044089057335	81
0	3535	118583.135444463083	80
0	3540	118726.261096193856	79
0	3545	118806.658921668193	80
0	3547	118882.716878609918	81
0	3554	119060.322422022185	82
0	3564	119268.865916929184	83
0	3566	119294.447315478451	84
0	3568	119498.32075369305	83
0	3573	119507.156046233877	84
0	3581	119749.831503159925	85
0	3588	119911.14857240598	86
0	3590	119990.476722492239	87
0	3592	120108.48610625363	86
0	3597	120110.223714352438	85
0	3613	120908.180612854129	84
0	3618	120910.09791554584	85
0	3620	120994.334160005083	86
0	3627	121294.273428565435	87
0	3632	121400.980515160451	86
0	3637	121502.704648548436	87
0	3639	121514.779077908798	88
0	3641	121541.95233993207	89
0	3651	121859.574510992933	90
0	3653	121879.741325757962	91
0	3655	121891.614022046417	92
0	3657	122194.28002089954	91
0	3667	122275.933107305896	92
0	3669	122292.814906745199	93
0	3677	122515.310259439836	92
0	3690	122916.906046193656	93
0	3692	123217.517391551266	94
0	3702	123626.214406394253	93
0	3707	123648.800530440575	92
0	3712	123837.429953210641	93
0	3714	123857.290964592058	94
0	3716	123883.445398113314	95
0	3723	124390.70040895971	96
0	3725	124623.882600448495	95
0	3730	124722.11187755395	94
0	3743	125051.579777087489	95
0	3748	125301.364096009479	96
0	3755	125516.717387742764	95
0	3763	125668.331299220256	96
0	3770	125754.616644234562	97
0	3775	125944.083626993786	96
0	3780	126084.402601241535	95
0	3790	126412.154606112133	94
0	3795	126498.207658312684	93
0	3805	127093.11880172008	94
0	3813	127241.093999228841	93
0	3829	127588.481040538143	92
0	3845	128002.336694084971	93
0	3847	128298.804760256947	94
0	3849	128325.374077946733	93
0	3854	128392.085207633144	92
0	3867	128658.949218638936	93
0	3874	129032.033442638284	92
0	3879	129037.689937105216	93
0	3884	129211.019793571742	94
0	3886	129284.371124558936	93
0	3891	129343.10017872214	94
0	3899	129742.791468767038	95
0	3906	130215.730589234124	94
0	3911	130479.174527644581	93
0	3921	130739.929714107339	94
0	3926	130991.705163676949	95
0	3928	131011.067782246362	94
0	3938	131402.093212993377	95
0	3940	131833.339963908334	96
0	3945	132016.507712505609	97
0	3947	132081.338660016126	96
0	3963	132416.273518704664	95
0	3968	132685.940742365742	96
0	3970	132703.544424971707	97
0	3972	132898.351766027682	98
0	3974	132940.205339581057	99
0	3981	133085.104642760902	100
0	3989	133466.116322136886	99
0	3994	133524.895908289975	100
0	3996	133525.492269449722	99
0	4001	133536.099236843167	100
0	4003	133713.534610321133	101
0	4015	134327.39726965953	100
0	4023	134607.208163584817	101
0	4030	134915.657298236556	100
0	4041	135236.379512695357	101
0	4048	135422.514726936288	100
0	4053	135688.895925297817	101
0	4060	135846.771323232921	102
0	4062	135847.495365903567	101
0	4067	135965.962073824223	102
0	4074	136096.078127029846	103
0	4076	136270.510153747833	104
0	4081	136294.966111748882	103
0	4091	136669.826690811488	104
0	4093	136771.274141101884	105
0	4095	136810.127947606366	106
0	4103	137103.239152707945	105
0	4108	137143.721776779327	106
0	4115	137339.477112821706	105
0	4120	137539.542515012868	106
0	4122	137669.935041479792	107
0	4124	137715.221498363506	106
0	4129	137844.787395417162	105
0	4148	138236.552012687328	106
0	4153	138509.382994759755	107
0	4160	138822.984581523796	108
0	4162	139142.794253460535	107
0	4167	139175.84888720591	106
0	4172	139198.465975652333	107
0	4182	139820.164864201817	108
0	4184	139961.904407414081	109
0	4186	140031.158336230409	108
0	4202	140472.06832405872	107
0	4207	140551.493767418663	108
0	4214	140861.529813428232	109
0	4216	140881.537230769732	110
0	4226	141619.512003713143	109
0	4231	141690.38410881176	110
0	4236	141957.282205640742	109
0	4246	141977.851163596745	110
0	4248	142278.827920227708	111
0	4255	142357.371684887171	112
0	4257	142361.721126478736	113
0	4262	142606.321018763673	112
0	4267	142852.456477663883	111
0	4277	143124.935061975786	110
0	4282	143358.736862037951	111
0	4287	143388.781688144505	112
0	4289	143496.762401654789	111
0	4294	143521.635655627441	110
0	4307	143688.086754231568	111
0	4309	143742.263505734656	112
0	4314	143952.264719211351	111
0	4319	144082.34644532554	112
0	4332	144592.997532194281	113
0	4339	144885.029828927884	112
0	4347	145285.031193249714	111
0	4360	145901.03952787193	112
0	4365	145904.964763007531	111
0	4375	146420.504886060516	112
0	4380	146582.54497688956	111
0	4385	146644.600637980592	110
0	4390	146733.74495894701	111
0	4400	147369.162910616022	112
0	4413	148022.017708129654	111
0	4418	148184.739571676445	110
0	4428	148885.467874414692	109
0	4449	149452.835553937447	108
0	4454	149775.072032145629	107
0	4462	150222.421834589094	108
0	4469	150357.384795218179	107
0	4474	150422.397311478403	108
0	4481	150729.580224943554	109
0	4483	150876.583713672528	108
0	4488	150876.980711363948	109
0	4493	150921.585069649708	108
0	4498	151024.792614739322	109
0	4500	151032.117439632906	110
0	4508	151225.443555384347	109
0	4513	151287.606791086902	110
0	4520	151416.559679668247	111
0	4522	151805.788918704526	112
0	4524	151821.480013184711	113
0	4529	152157.426864375352	114
0	4539	152198.488184220562	113
0	4544	152326.707776316297	112
0	4557	152810.847893153275	113
0	4559	152858.08428110261	112
0	4564	152966.431299600448	113
0	4574	153806.532029674244	112
0	4579	153818.470195978613	113
0	4581	153858.747782006333	112
0	4589	154101.114357745423	113
0	4596	154159.109557165842	114
0	4606	154611.436271981192	113
0	4622	154905.907274932614	114
0	4624	154906.949156962761	115
0	4626	155192.702666168539	116
0	4628	155287.837161474717	115
0	4633	155496.152806512485	114
0	4646	155942.037184070677	115
0	4651	156010.136228254632	116
0	4656	156137.393623616244	117
0	4663	156298.994574868858	118
0	4665	156341.423727807425	119
0	4667	156415.625249632106	120
0	4669	156466.271615830276	121
0	4671	156612.58124495258	122
0	4673	156741.861569962869	121
0	4678	156758.354266674114	120
0	4688	157238.204854232064	121
0	4690	157431.821577229393	120
0	4698	157694.548710517031	121
0	4705	157831.971257151323	122
0	4710	157977.472577213715	121
0	4715	158277.403802182612	122
0	4717	158562.268713822056	123
0	4724	158997.264860027326	122
0	4732	159127.381420185402	123
0	4737	159352.751116955716	124
0	4739	159355.845976795252	125
0	4741	159413.461536128619	126
0	4743	159521.359708576869	125
0	4753	159636.421339788331	124
0	4758	159692.044451908041	125
0	4760	159786.240370046981	126
0	4770	160497.794669286205	125
0	4775	160499.45234160444	126
0	4782	160628.015214323472	125
0	4790	161021.627593929481	126
0	4795	161087.360303468102	127
0	4802	161596.492612066683	128
0	4809	161991.428056232656	129
0	4817	162139.13734235562	128
0	4822	162143.852594957544	127
0	4827	162191.86565395554	128
0	4829	162276.581602811861	129
0	4831	162441.037041723022	130
0	4843	162917.84135646868	131
0	4848	163003.940292724265	130
0	4853	163003.969330634282	131
0	4855	163076.870628490519	130
0	4860	163550.585534074745	131
0	4870	163907.697802006673	130
0	4875	164033.969392822669	131
0	4888	164404.418169424726	130
0	4893	164414.661565106486	131
0	4895	164751.42625659081	132
0	4902	164775.956346184804	131
0	4907	165060.748904032518	132
0	4912	165267.059013745647	133
0	4914	165291.235234818827	132
0	4927	165694.977263488664	131
0	4943	166576.016834468438	130
0	4948	166593.033698009749	131
0	4950	166713.475200978131	132
0	4952	166740.832739144038	131
0	4957	166809.529887213179	132
0	4967	167389.307847514318	133
0	4969	167416.923937887742	132
0	4974	167492.641325792504	133
0	4984	168021.947984617726	134
0	4989	168102.963709123293	135
0	4991	168113.685243993472	134
0	4996	168207.837620057954	133
0	5009	168972.480926706861	132
0	5022	169365.096894993852	131
0	5030	169400.044296585812	130
0	5035	169569.32865156149	131
0	5037	169708.87932766634	132
0	5039	169780.883363351503	133
0	5044	169869.618935744982	134
0	5046	169934.429599724184	133
0	5059	170265.844978957842	132
0	5064	170682.781890227864	131
0	5069	170727.66507668127	130
0	5074	170743.977983166002	131
0	5087	170993.111090005233	130
0	5092	171241.201441958491	131
0	5097	171391.39627709256	132
0	5107	171593.593340526537	133
0	5112	171803.024823681309	132
0	5117	171881.616940915058	131
0	5122	171992.57676641453	132
0	5129	172137.203130418053	133
0	5136	172376.489883007075	134
0	5152	173145.398967058256	133
0	5157	173187.062345750103	132
0	5167	173488.494644239802	133
0	5169	173507.092790086714	134
0	5171	173530.34256882232	135
0	5181	173928.170747659126	136
0	5183	174138.589575570289	137
0	5188	174343.748611106942	136
0	5193	174443.620591267614	137
0	5195	174546.677523718074	136
0	5200	174763.423122589548	137
0	5210	175221.006472036782	138
0	5212	175619.242300066945	139
0	5214	175636.267240689774	140
0	5221	175663.312487594022	141
0	5223	175774.227731234799	140
0	5236	176095.889307685986	139
0	5246	176350.504454624518	140
0	5248	176542.443004033933	139
0	5253	176624.157061816051	138
0	5258	176875.294118570963	139
0	5260	177106.200060757284	140
0	5281	177769.63191789336	139
0	5286	177803.115632437959	138
0	5299	178511.930187500487	137
0	5304	178686.865372330452	138
0	5309	178723.100755783733	139
0	5311	178749.510713976152	140
0	5326	179477.685447313681	139
0	5331	179492.992312915097	138
0	5336	179561.251036196584	139
0	5341	179630.981824676775	140
0	5343	179748.447210724126	141
0	5345	179851.568840003978	140
0	5355	180050.507865789931	141
0	5357	180104.626905750318	142
0	5359	180202.142166385866	143
0	5366	180675.253525619363	144
0	5368	180753.310020349394	143
0	5376	180981.697599829033	142
0	5389	181291.942302742516	143
0	5399	181557.697146428637	144
0	5401	181604.39559998058	145
0	5408	182179.55096726067	144
0	5421	182267.693551719979	143
0	5429	182505.687429855737	144
0	5444	183507.401237311026	145
0	5446	183523.782336782982	146
0	5451	183837.379597879421	145
0	5456	183859.686105347322	146
0	5458	183946.713637166516	145
0	5468	184674.238807462947	144
0	5473	184675.876462632025	145
0	5480	184840.176703386561	146
0	5485	185156.437148421478	145
0	5490	185160.444126988509	146
0	5492	185164.566678549512	147
0	5494	185280.546168477134	146
0	5499	185425.271248142227	147
0	5509	185660.337714932334	146
0	5514	185868.096891219566	147
0	5524	186389.293595969152	146
0	5529	186421.749773898022	145
0	5545	186697.050328890165	146
0	5547	186835.379690096574	145
0	5560	187067.471521503791	146
0	5562	187316.357487195858	147
0	5572	187691.18750762887	146
0	5580	187947.737899988365	145
0	5593	188055.823173175082	146
0	5595	188176.192476690607	145
0	5600	188585.675277680493	146
0	5610	188681.64887913151	147
0	5612	188742.950217816665	148
0	5617	188837.245273895037	147
0	5622	189078.945826024573	148
0	5629	189258.402359478973	149
0	5631	189578.264823020922	150
0	5633	189609.062562702434	151
0	5635	189649.561678000586	150
0	5656	190288.868039480817	149
0	5661	190313.034220465319	148
0	5677	191196.285730932195	149
0	5679	191580.679122560518	148
0	5689	191794.974126815325	149
0	5691	191797.230284071934	148
0	5699	192010.726673171716	147
0	5704	192114.031791371205	148
0	5706	192148.393683448595	149
0	5713	192483.360843860405	148
0	5718	192707.693844245875	149
0	5723	192742.178791493551	150
0	5736	192862.604655208959	151
0	5738	193435.443230166507	150
0	5743	193444.880813487666	149
0	5761	194340.414346725664	150
0	5763	194423.559255830419	149
0	5768	194465.06371427439	150
0	5773	194677.822971350786	151
0	5775	194734.477643721598	150
0	5780	194889.021435647678	149
0	5804	195626.310860977369	148
0	5812	196224.945134229433	147
0	5822	196902.542211933002	148
0	5829	197107.037297242182	147
0	5834	197107.970330126059	146
0	5845	197320.942623269927	147
0	5847	197380.437815749803	148
0	5854	197569.159574292076	147
0	5859	197949.272610840378	148
0	5861	198215.933347276819	147
0	5871	198290.380023648104	148
0	5873	198384.807126931664	149
0	5875	198396.058404782012	150
0	5891	198746.953700871068	149
0	5912	199739.601274959219	148
0	5917	199760.364464276331	147
0	5927	200138.239908895863	146
0	5932	200182.198477978947	147
0	5934	200323.759259163312	148
0	5936	200395.425859721657	149
0	5946	200759.387499547971	148
0	5956	200949.034359880584	147
0	5967	201711.618603512121	146
0	5980	202086.028757912575	147
0	5982	202255.102180254501	148
0	5992	202352.797964852909	149
0	5994	202382.516431352657	150
0	6001	202579.443919413584	149
0	6011	203123.525584522596	150
0	6016	203238.370335527557	149
0	6021	203264.602279781772	148
0	6034	203787.578953080987	149
0	6036	204024.779803545076	148
0	6041	204144.514381184651	147
0	6046	204250.539574448124	148
0	6067	205022.275175169903	147
0	6072	205165.759069959409	148
0	6074	205206.943576515093	149
0	6081	205433.338752257329	150
0	6083	205438.973070436019	149
0	6091	205510.563056177868	148
0	6101	205823.21170100649	147
0	6109	206092.912322782773	146
0	6114	206112.940836053863	147
0	6119	206295.630707996111	148
0	6121	206338.255623348687	149
0	6128	206766.192580104667	148
0	6147	207153.115041635408	147
0	6152	207307.477557016661	148
0	6159	207518.201567509073	147
0	6164	207718.991266352198	148
0	6174	207845.941468335166	147
0	6179	207937.099300281158	148
0	6181	207937.99437491011	149
0	6186	208316.068778052689	150
0	6188	208330.480107926737	151
0	6195	208592.775133007067	150
0	6200	208644.839792665519	151
0	6202	208782.565507760012	152
0	6210	208978.404766104593	151
0	6223	209996.514260477795	150
0	6233	210241.280040309626	149
0	6241	210509.148450239211	150
0	6248	211159.244337684884	149
0	6259	211410.191334911484	148
0	6264	211603.004006484951	149
0	6271	211795.513414655548	150
0	6273	211987.202178209498	149
0	6289	212593.392540730483	150
0	6291	212897.530117460389	149
0	6296	212907.581485173525	150
0	6311	213343.067199594751	149
0	6316	213350.385081214701	150
0	6318	213556.541831525156	151
0	6320	213780.139120541517	152
0	6325	213900.248266155088	153
0	6332	214012.405151436991	154
0	6337	214547.708005026777	153
0	6347	214640.92936455657	154
0	6349	214644.534023874419	155
0	6351	214841.750877022222	154
0	6364	215541.773618876413	153
0	6374	215638.987894974383	154
0	6376	215738.034135525741	155
0	6378	215743.020862295373	156
0	6385	216076.622653060456	155
0	6404	217005.799788337019	156
0	6406	217015.324204727978	157
0	6408	217057.009766369537	156
0	6413	217078.701689557036	155
0	6418	217300.771335206403	156
0	6420	217519.414330424467	157
0	6427	217906.36173279663	156
0	6443	218549.777191772536	155
0	6448	218673.601579969966	156
0	6458	219028.201118887529	157
0	6460	219066.875387371382	156
0	6465	219167.071787017672	157
0	6467	219291.532430150409	158
0	6469	219581.001959832761	159
0	6479	219694.911020191639	160
0	6481	219871.312936443341	161
0	6483	219952.458134710268	160
0	6488	220165.500174590251	159
0	6493	220188.509233435919	160
0	6498	220301.670918090208	161
0	6505	220358.510215877193	162
0	6507	220668.994266406498	161
0	6512	220731.139262421817	162
0	6514	220797.983374050848	163
0	6516	220866.9221615631	164
0	6518	220918.121132263346	165
0	6520	221180.87232560882	166
0	6522	221188.605186191853	167
0	6529	221273.672816276328	168
0	6531	221311.378753080443	167
0	6536	221411.746040896378	166
0	6560	222102.992818262662	167
0	6562	222143.172307080951	168
0	6564	222303.983006050289	169
0	6574	222525.939740070954	170
0	6576	222793.640686608832	171
0	6581	222942.06000932254	170
0	6591	223002.533851952158	169
0	6596	223334.989190316781	170
0	6598	223353.640806980003	171
0	6600	223539.692720935546	170
0	6616	223930.576811186246	171
0	6618	224098.259725924931	172
0	6620	224101.353271296716	173
0	6627	224569.229813411311	172
0	6632	224606.071173974179	171
0	6642	224889.028210934936	172
0	6644	224954.293594111008	173
0	6646	225037.00529573302	174
0	6651	225183.012967050873	173
0	6661	225495.322713572884	174
0	6663	225560.162874251199	175
0	6665	225694.187300747312	176
0	6667	225729.632249183432	175
0	6675	225754.01048069527	174
0	6680	225805.688053099975	175
0	6687	226006.575902716123	174
0	6695	226024.586465631891	175
0	6697	226311.255589656011	174
0	6702	226378.665763347962	175
0	6707	226588.981844782823	176
0	6712	226630.112502076742	177
0	6719	226776.065038154583	178
0	6721	226925.988880729498	179
0	6737	227347.312945506946	178
0	6742	227376.578743212723	177
0	6752	227863.906745638688	178
0	6754	227909.001555777899	179
0	6759	228133.153847471678	178
0	6764	228171.810739084558	177
0	6774	228521.647193691538	178
0	6776	228570.497200728261	177
0	6781	228583.332351155059	176
0	6799	229057.691108006536	177
0	6812	229580.87150246598	176
0	6820	229663.535810846624	177
0	6822	229869.761502488928	176
0	6835	230030.173005179369	175
0	6840	230144.452226287235	176
0	6842	230398.815566249615	177
0	6844	230445.988896383861	178
0	6851	230694.332256473288	179
0	6853	230855.305321232283	178
0	6869	231205.624214007931	177
0	6877	231379.122624575933	178
0	6879	231627.457696662152	177
0	6884	231724.178552152251	178
0	6886	231760.292303125344	179
0	6888	231801.471085710014	180
0	6895	231993.764826500175	181
0	6897	232361.463020003813	180
0	6905	232411.623513371712	181
0	6915	232562.115548194254	180
0	6920	232647.275744018044	181
0	6930	233327.546538941043	180
0	6943	233558.424985797012	179
0	6956	233914.010551438457	180
0	6958	234022.047225732383	181
0	6960	234037.294629707413	180
0	6965	234176.999404259825	179
0	6975	234229.618156131564	180
0	6983	234466.761456149407	181
0	6985	234575.829922423566	180
0	6995	234932.189688251222	179
0	7000	235205.80627617188	178
0	7005	235292.449765461831	179
0	7021	235842.218988848916	180
0	7026	236275.823511645998	179
0	7031	236305.797893970685	178
0	7049	237261.152858936097	177
0	7054	237402.401920466497	178
0	7056	237486.010097339616	179
0	7066	237638.013070456164	178
0	7074	238012.521065618638	179
0	7079	238186.387250886168	178
0	7092	239027.444424564177	179
0	7094	239175.446209140923	178
0	7099	239183.692998036223	177
0	7109	239300.95886497609	178
0	7117	239993.44617650177	179
0	7119	240085.937682202183	180
0	7126	240379.170721664506	179
0	7134	240627.328955546823	178
0	7139	240692.396886588245	179
0	7146	241016.184806180986	180
0	7148	241097.522722308847	181
0	7153	241208.350590931696	182
0	7155	241326.895551874715	181
0	7168	241768.244579180996	182
0	7170	241831.520975778	183
0	7172	242191.487812601832	182
0	7182	242277.772567929228	183
0	7184	242542.187570947795	184
0	7186	242577.49178751589	185
0	7196	242915.258808589953	184
0	7204	243054.539630542193	185
0	7211	243586.548084408847	184
0	7219	243745.680499493557	183
0	7229	244190.335024317425	184
0	7231	244210.030276399283	185
0	7254	244931.247854090708	184
0	7259	245054.461768806783	183
0	7264	245079.201103061961	184
0	7266	245150.565051013428	185
0	7273	245687.968989894916	186
0	7275	245719.352716372219	185
0	7280	245724.857164032238	184
0	7285	245804.249643877674	185
0	7301	246366.120503959687	186
0	7303	246739.595626384822	185
0	7308	247134.131638142611	186
0	7318	247166.229555714525	187
0	7320	247339.270594275969	186
0	7325	247490.255983530136	187
0	7327	247699.102514765952	188
0	7329	247967.17069385281	187
0	7342	248142.333052251486	188
0	7349	248739.804373250214	187
0	7362	248816.459842779597	188
0	7367	248990.134733735996	187
0	7372	249076.414848056591	188
0	7374	249166.850269628104	189
0	7376	249213.947816081107	190
0	7386	249719.360057460895	191
0	7388	249900.514542971529	192
0	7390	250071.34588377258	191
0	7395	250089.117686718183	190
0	7408	250403.733259224243	191
0	7410	250497.674836623467	192
0	7415	250785.157282815186	191
0	7425	251289.808402822224	190
0	7430	251418.803177056042	191
0	7432	251424.830398516778	192
0	7434	251466.151628812985	193
0	7441	251552.850767388905	194
0	7443	251592.918081574643	195
0	7448	251656.304787040559	194
0	7453	251762.872982777136	193
0	7458	251836.233817599643	194
0	7463	252016.609863172479	195
0	7465	252062.774645246218	196
0	7478	252560.384663089591	195
0	7483	252633.959380117492	196
0	7493	252888.718432007002	197
0	7495	253115.973971464542	196
0	7510	253619.476103059961	197
0	7512	253655.956581585911	196
0	7517	253858.76690734871	195
0	7528	254002.188941740301	194
0	7538	254188.145978374832	195
0	7543	254395.29514297302	196
0	7545	254471.341481039894	197
0	7547	254524.249815790513	198
0	7560	254976.722269661206	197
0	7565	255245.677803733256	196
0	7575	255329.382887002767	197
0	7577	255348.62699442305	196
0	7582	255505.589401625898	195
0	7592	255828.611437254664	196
0	7600	256418.004787199125	197
0	7602	256450.347206413228	196
0	7610	256556.347515119112	197
0	7612	256671.15550216881	198
0	7622	257135.096490696874	197
0	7627	257136.792936465114	198
0	7629	257259.321707941074	197
0	7634	257343.024192996431	198
0	7641	257664.46693402477	197
0	7649	257852.746309026734	198
0	7656	258064.740798712578	197
0	7661	258149.254602399281	198
0	7663	258203.490861690737	199
0	7673	258560.730053611901	198
0	7678	258713.080547702322	199
0	7680	258722.728152878065	198
0	7693	259227.10127009162	199
0	7707	259737.137227893677	198
0	7717	260021.524417221029	197
0	7727	260740.97347585625	198
0	7729	260869.213263031068	199
0	7731	261041.155438914378	198
0	7736	261100.434447347323	199
0	7741	261185.06425445607	198
0	7754	261581.340326943305	197
0	7767	262157.599645347205	196
0	7772	262168.45978458174	195
0	7793	262952.451581821648	194
0	7804	263138.402879915614	193
0	7809	263526.570111864118	192
0	7814	263646.759792871256	191
0	7838	264656.107964252091	192
0	7843	264794.571272007453	193
0	7850	264921.334767348396	194
0	7852	264955.036891288954	195
0	7854	264975.815139726607	194
0	7859	265156.728706478555	193
0	7869	265286.945025937107	194
0	7874	265700.289109600423	195
0	7881	265884.474819392769	194
0	7886	266058.395651161738	195
0	7893	266240.92046986652	196
0	7898	266337.314714687417	197
0	7900	266569.238551916263	198
0	7902	266579.470506451162	199
0	7904	266727.417037605722	198
0	7914	266933.545008325604	199
0	7919	267044.873409314984	200
0	7921	267209.352735333948	199
0	7931	267299.790609162736	200
0	7933	267399.033459258238	201
0	7938	267521.882833444385	200
0	7948	268167.95490690269	199
0	7953	268176.920460284157	200
0	7960	268514.438138126241	201
0	7965	268687.07624099228	202
0	7967	268694.623873724304	203
0	7977	269061.038341342886	202
0	7982	269091.246063799469	201
0	7990	269582.025018335667	202
0	7992	269654.653746352403	201
0	8008	269747.717373638828	200
0	8013	270073.151843541369	201
0	8015	270113.863070427854	200
0	8025	270393.206002492245	201
0	8030	270655.644538231997	200
0	8040	270734.316305897613	199
0	8051	271232.719821856459	200
0	8053	271233.740479142277	199
0	8058	271247.96671894141	198
0	8071	271944.540545715325	199
0	8081	272138.094119425904	200
0	8089	272538.80171016552	199
0	8094	272544.313399248629	198
0	8104	273105.671756758769	197
0	8120	273475.969245002478	196
0	8125	273532.895919477643	197
0	8127	273673.030484400173	196
0	8132	273965.133298889549	197
0	8139	274009.321175605863	196
0	8147	274248.912938599338	197
0	8159	274712.973590278813	198
0	8161	274945.862920225471	197
0	8166	274956.141014606854	198
0	8174	275134.086777910074	197
0	8179	275226.33916215679	196
0	8192	275626.967765518337	195
0	8197	275854.197018605624	196
0	8199	276036.635204828563	197
0	8201	276088.804290972134	196
0	8206	276180.396297806809	197
0	8219	276344.426398907949	198
0	8221	276562.620433389625	197
0	8234	276759.51616805641	198
0	8247	277189.663592890709	197
1	0	0	0
2	0	0	0
2	41	4107.824283570637	1
2	43	4241.469421174962	0
2	53	4414.467002745174	1
2	59	4757.9350279948	0
2	65	4985.401652783741	1
2	71	5147.36006517208	2
2	74	5215.843481547587	3
2	76	5261.75365050568	2
2	95	6149.856197827149	1
2	107	6775.08322051971	0
2	118	7194.591628329289	1
2	128	7596.094149870258	2
2	130	7621.884495348323	1
2	138	8006.392956410373	2
2	147	8111.286745306689	1
2	158	8632.908441654245	2
2	160	9013.893352293063	1
2	179	9653.221035113018	2
2	182	9892.326230105783	3
2	184	9926.992888853539	2
2	207	10842.052483849813	1
2	213	11069.781251826715	2
2	227	11252.849705026139	1
2	235	11381.097220319162	2
2	245	11837.174692179468	3
2	249	11942.399753399779	2
2	257	12059.714285309818	3
2	271	12603.589514542957	2
2	277	12676.805703851233	3
2	280	12797.018402682077	4
2	285	12883.529433698785	5
2	292	13302.146889504631	4
2	299	13543.603647176762	3
2	305	13558.985290608207	4
2	313	13848.737431333791	5
2	325	14503.335989539166	4
2	333	15021.114881370986	5
2	336	15128.019010384406	6
2	340	15299.789010335346	5
2	360	15715.167210798171	6
2	364	15880.481935416003	5
2	369	16143.117878486057	4
2	389	16551.339839964565	5
2	399	16919.749467016037	6
2	408	17069.141122189005	5
2	416	17308.417102933701	6
2	419	17598.269984021244	7
2	427	17694.926389061686	8
2	435	17900.747377236765	9
2	437	17926.881287426342	8
2	447	18555.758094412666	9
2	451	18837.598445874293	8
2	462	19031.907464393255	9
2	464	19206.81281709357	8
2	479	19902.960133550149	9
2	486	20145.304900996972	8
2	492	20170.679166807634	9
2	506	20796.503845781673	8
2	519	21143.218587597293	9
2	521	21168.202603042711	8
2	532	21388.140727027161	9
2	537	21506.692873861101	10
2	539	21551.761733845462	9
2	545	21601.095030137179	10
2	557	22209.755553428669	9
2	576	22648.189458337267	8
2	582	22872.452885226189	9
2	584	22986.197838087221	8
2	594	23278.671543343766	9
2	615	23779.99492026179	8
2	621	23979.547741047499	9
2	628	24353.922072344114	8
2	639	24674.679909169134	9
2	642	24686.970390497549	10
2	644	24778.788821578612	9
2	660	24983.329367970508	10
2	665	25227.689349136157	11
2	670	25329.086524646189	12
2	679	25690.12048752292	11
2	685	25813.509612481501	12
2	700	26074.305383653222	13
2	707	26337.569193982174	12
2	713	26567.545861971406	13
2	724	27046.354965653857	12
2	730	27325.314467649367	13
2	740	27494.649697278468	14
2	743	27750.428114847122	15
2	745	27777.501886237999	14
2	753	27900.997509012772	15
2	760	28727.371116906991	14
2	771	28860.526915376466	15
2	784	29223.44405277337	16
2	787	29400.964378674357	17
2	789	29518.206840169271	16
2	802	29977.209325886174	17
2	805	30152.828885416891	18
2	807	30216.091902007004	17
2	822	30753.449058445944	18
2	824	30828.03926042526	17
2	848	31666.632015940388	16
2	854	31809.520368378069	17
2	867	32454.402768720715	18
2	869	32462.411471523931	17
2	883	32920.188374405187	18
2	888	33006.636803119286	19
2	896	33276.757446078043	20
2	898	33278.703215096732	19
2	911	33713.691960980027	20
2	914	33778.563448839664	21
2	923	34057.97267272382	20
2	929	34111.658030662146	21
2	936	34721.919334021052	20
2	948	34979.863398496648	19
2	954	35047.054307588218	20
2	971	35912.377908707252	19
2	984	36166.679374787417	20
2	986	36223.983562023035	19
2	996	36426.224980649931	20
2	1010	36983.506887566886	19
2	1016	37051.48285456638	20
2	1019	37255.255043029246	21
2	1021	37353.279972144059	20
2	1027	37588.75457972048	21
2	1030	37589.203107884928	22
2	1034	38119.24941172137	21
2	1058	39074.379122976801	20
2	1077	39419.569585241965	19
2	1083	39475.245823531255	20
2	1086	39688.541600701791	21
2	1089	39930.958225426657	22
2	1094	40003.59072570394	23
2	1102	40106.963025654509	24
2	1104	40285.831544262013	23
2	1120	40691.035953958175	22
2	1128	40858.786567801071	23
2	1132	41144.850627717218	22
2	1151	41956.417940609932	23
2	1153	42047.579513427457	22
2	1173	42302.369961382283	23
2	1191	42837.191001896402	22
2	1212	43416.138346556036	23
2	1220	43530.597616431146	24
2	1227	43620.00491500592	25
2	1229	43710.37824304088	24
2	1235	43730.906365436345	25
2	1244	44321.66677464976	24
2	1254	44522.631332843958	25
2	1259	44733.9468561182	26
2	1270	45089.469359081826	25
2	1281	45171.61042747724	26
2	1290	45764.874872428021	25
2	1305	45878.147201842471	26
2	1310	45989.261078571363	27
2	1318	46347.699993734091	28
2	1322	46575.548011225304	27
2	1333	46778.500844479382	28
2	1343	47050.005631993368	29
2	1347	47163.02070020943	28
2	1354	47798.210077334783	27
2	1371	48167.483739119611	26
2	1379	48307.626584793285	27
2	1382	48365.825456173553	28
2	1385	48615.002153951137	29
2	1399	48852.810636155895	28
2	1410	49236.474440988929	29
2	1412	49240.966173999599	28
2	1418	49629.883949502216	29
2	1425	49755.375305016181	28
2	1431	49916.794303075805	29
2	1434	49978.141506814792	30
2	1447	50708.265858062199	29
2	1453	50792.282538663059	30
2	1456	50876.212660779089	31
2	1458	51088.42637473031	30
2	1475	51787.090286363504	29
2	1492	52218.025268961332	28
2	1498	52461.252619025692	29
2	1505	52586.85628076329	28
2	1511	52787.620634973824	29
2	1522	53327.729591962538	28
2	1533	53376.302628728955	29
2	1536	53646.58792597878	30
2	1546	53729.7864959732	31
2	1548	54037.797026198945	30
2	1559	54221.651350647986	31
2	1562	54400.102262727379	32
2	1565	54746.055878500848	33
2	1567	54765.51404803305	32
2	1586	55447.243616629979	31
2	1592	55731.383343969866	32
2	1595	55930.103239171982	33
2	1602	56381.34898046723	34
2	1604	56388.338655133387	33
2	1624	57055.991993502369	32
2	1630	57206.690091823623	33
2	1634	57558.808661413034	32
2	1640	57629.282603978024	33
2	1648	58297.451465098962	34
2	1650	58390.788661774834	33
2	1672	59144.978917103847	32
2	1678	59284.444526114897	33
2	1687	59485.660665488646	34
2	1693	59655.86150904431	33
2	1699	59695.834812966019	34
2	1708	59872.250130379037	35
2	1710	59964.513540614983	34
2	1730	60312.233056754461	33
2	1742	61052.119160641572	32
2	1748	61122.338753991604	33
2	1759	61762.046276789746	32
2	1774	62105.896766942582	31
2	1780	62238.969634219469	32
2	1787	62489.913617216638	31
2	1799	62700.184937060655	32
2	1802	62747.690390149907	33
2	1806	62841.457471225998	32
2	1814	63019.964629716636	33
2	1820	63173.702312365762	32
2	1826	63180.120310957939	33
2	1840	63842.489624165586	32
2	1846	64289.057842453406	33
2	1848	64555.031301335088	32
2	1864	64912.269355512069	33
2	1876	65024.911900994024	32
2	1882	65298.049958951235	33
2	1889	65460.257701717905	32
2	1895	65512.626848292382	33
2	1900	65646.888411973999	34
2	1907	66296.832046334288	33
2	1913	66379.957399104566	34
2	1921	66604.426650653438	35
2	1928	67129.283961926243	34
2	1936	67227.867744050384	35
2	1954	67713.021138866827	36
2	1965	68082.868145287624	35
2	1971	68169.336121274934	36
2	1974	68419.889855261357	37
2	1980	68516.642813247284	36
2	1986	68524.27326171364	37
2	2000	69116.247847576281	36
2	2007	69410.40464981704	35
2	2019	69617.2847893717	36
2	2023	69790.221530415704	35
2	2039	70512.706214587049	36
2	2041	70687.840156511059	35
2	2048	70951.721081428817	34
2	2054	71222.220800861181	35
2	2056	71487.62843570917	34
2	2062	71599.964741959082	35
2	2078	72350.253885418764	34
2	2088	72856.260660917154	33
2	2096	73100.198250205652	34
2	2098	73127.728563726536	33
2	2104	73266.179997778343	34
2	2108	73384.868960261933	33
2	2118	73679.378137209109	32
2	2126	73876.837077370691	33
2	2135	74335.487340849481	32
2	2143	74785.233340745256	33
2	2150	75017.823450614355	32
2	2162	75501.727476187638	31
2	2170	75683.320788905802	32
2	2174	75796.536755778483	31
2	2180	75980.089916901128	32
2	2193	76391.132229503832	31
2	2211	76662.598457417847	32
2	2214	76740.820208179611	33
2	2223	77211.204355911008	32
2	2236	77675.077734307781	33
2	2239	77705.349685975197	34
2	2246	77955.638823949388	33
2	2256	78442.339985982362	34
2	2271	78717.815908106822	35
2	2275	78905.281935681245	34
2	2288	79024.448667669133	35
2	2296	79477.098257832817	34
2	2302	79798.877862959564	35
2	2315	80080.64092602286	36
2	2318	80257.689667714224	37
2	2320	80303.65172255098	36
2	2338	80717.442733792053	37
2	2340	80804.206215713761	36
2	2346	80985.782425549659	37
2	2355	81127.583592713467	36
2	2360	81734.067297403357	35
2	2370	81845.674168465124	36
2	2373	82028.538773177969	37
2	2383	82273.776643683599	38
2	2390	82291.35866615235	37
2	2403	82844.942449104819	38
2	2405	82907.750357233576	37
2	2416	83310.530738805078	36
2	2429	83595.14799166231	37
2	2441	84050.84258431329	38
2	2443	84164.141927745782	37
2	2457	84635.778575346463	36
2	2467	84738.827137423145	37
2	2470	84744.934683234278	38
2	2474	84955.13077167108	37
2	2495	85857.268588033163	36
2	2501	85877.482039674032	37
2	2504	85921.51598713121	38
2	2517	86285.472877898651	39
2	2524	86500.370632123792	38
2	2539	86893.225514299634	39
2	2544	87060.756397980112	40
2	2551	87346.853601329619	39
2	2557	87517.793978524241	40
2	2562	87880.225612267318	41
2	2569	88267.010042045856	40
2	2581	88755.983228248203	39
2	2595	88971.551882370223	40
2	2598	88988.013656043845	41
2	2612	89569.64179828077	40
2	2620	89826.600608357076	41
2	2624	90019.809454504991	40
2	2634	90434.986844875509	39
2	2651	90695.150934837225	40
2	2653	90839.37976480707	39
2	2661	90954.98872446533	40
2	2665	91197.632829055781	39
2	2684	91750.810641848331	40
2	2686	91887.088977315123	39
2	2697	92152.785548639881	40
2	2699	92452.592923392202	39
2	2704	92748.995380152609	38
2	2715	92960.804441102629	39
2	2718	93066.916758257362	40
2	2730	93316.334520962681	39
2	2739	93595.872298863377	38
2	2745	93718.284785391229	39
2	2752	94111.151764334029	40
2	2754	94210.983275876041	39
2	2764	94362.955587410218	40
2	2782	95082.89310173377	39
2	2798	95453.567238754991	40
2	2800	95691.524782099422	39
2	2806	95764.475557354129	40
2	2812	95945.450771071609	39
2	2818	96058.038806987393	40
2	2831	96424.331371032294	39
2	2843	96980.336808648553	38
2	2849	97030.779812258518	39
2	2852	97152.035207559204	40
2	2854	97546.185785376128	39
2	2869	97977.347722754475	38
2	2875	98195.494905568127	39
2	2885	98404.871236548609	40
2	2887	98408.435684808191	39
2	2893	98670.89445881306	40
2	2906	99228.471791159954	39
2	2929	99892.136756569928	40
2	2938	100136.279557321813	39
2	2953	100569.387110431528	40
2	2956	100576.939049556319	41
2	2959	100590.450090744382	42
2	2964	100692.139712728027	43
2	2966	100777.641110115346	42
2	2972	100868.082842404804	43
2	2981	101482.623631947335	42
2	2987	101591.103884398404	43
2	2994	101935.579195835289	42
2	3016	102502.392735828307	41
2	3033	102889.578176463804	42
2	3036	103075.253350611244	43
2	3054	103366.037069067952	42
2	3062	103637.247780931032	43
2	3067	103683.06136892869	44
2	3070	103843.222871122349	45
2	3077	104014.298683509824	44
2	3083	104053.347829903875	45
2	3091	104118.158830848921	46
2	3098	104565.310764250008	45
2	3111	104784.503086997978	46
2	3120	105232.738692958502	45
2	3126	105328.050441823367	46
2	3134	105378.260288031239	47
2	3141	105568.572211240081	46
2	3147	105608.176528073315	47
2	3150	105639.032005739249	48
2	3155	105941.868497288637	49
2	3166	106458.677458756266	48
2	3172	106473.737271080576	49
2	3177	106725.999716154698	50
2	3184	106855.054693271069	49
2	3192	106897.582345108353	50
2	3204	107545.725153635655	51
2	3212	107756.119585123508	50
2	3226	108200.944566310047	49
2	3232	108292.243034995012	50
2	3239	108800.348712739198	49
2	3250	108905.516005752076	50
2	3254	109182.818156567066	49
2	3260	109337.922691047975	50
2	3267	109965.414386533796	49
2	3275	110232.061326482733	50
2	3282	110431.474968858659	49
2	3288	110522.92342471596	50
2	3290	110715.443146855235	49
2	3309	111408.368243475109	48
2	3321	111679.022574790418	47
2	3329	111959.774124750336	48
2	3332	112037.473470686787	49
2	3335	112111.07985098552	50
2	3338	112137.338572151427	51
2	3342	112189.19553988859	50
2	3356	112687.546350911855	49
2	3369	113167.322408991718	50
2	3376	113303.710136201828	49
2	3389	113586.473925074031	50
2	3391	113607.460137934088	49
2	3407	114146.591572661548	48
2	3420	114526.748090728038	49
2	3422	114712.182061553597	48
2	3428	114840.831893418767	49
2	3440	115016.071265644246	50
2	3447	115281.151138034314	49
2	3457	115754.882582493723	48
2	3463	116025.213516332992	49
2	3466	116082.232145199021	50
2	3470	116226.400806207806	49
2	3478	116339.832885253095	50
2	3483	116564.974482913902	51
2	3495	116904.918064226061	50
2	3500	117171.3167681849	49
2	3509	117586.909232076853	48
2	3515	117771.435808034083	49
2	3528	118301.709234422856	50
2	3530	118519.581701599657	49
2	3549	118946.512136247605	48
2	3557	119123.710532558551	49
2	3559	119256.134401776493	48
2	3576	119510.299400339687	49
2	3579	119685.90641185402	50
2	3583	119753.732327625752	49
2	3603	120125.820357442686	50
2	3605	120301.094097246081	49
2	3611	120780.352894186443	50
2	3622	121232.718567524702	49
2	3630	121343.588942352152	50
2	3643	121627.809182249606	49
2	3649	121632.883777438516	50
2	3662	122268.919197314084	49
2	3672	122340.395834685156	50
2	3675	122371.622334902576	51
2	3683	122796.610799345589	52
2	3685	122851.88012340352	51
2	3694	123423.514900405557	50
2	3700	123586.575562606419	51
2	3718	124073.074054580779	50
2	3736	124875.171886213909	51
2	3738	124881.444098011256	50
2	3746	125179.062561697728	51
2	3750	125354.183616147042	50
2	3761	125611.358145361236	51
2	3765	125737.421300627888	50
2	3773	125763.28541399617	51
2	3785	126395.75519263059	50
2	3800	127049.9972079812	49
2	3808	127177.495562562189	50
2	3811	127231.616278418741	51
2	3818	127372.483917914928	50
2	3824	127383.717922854092	51
2	3827	127418.40086473844	52
2	3835	127807.93319310699	53
2	3837	127933.744692814202	52
2	3843	128000.856607572576	53
2	3859	128508.413028598429	52
2	3865	128516.053256678249	53
2	3869	128962.097597618253	52
2	3882	129064.511448384117	53
2	3894	129574.497800457693	54
2	3897	129726.821012140653	55
2	3901	129781.155604433865	54
2	3916	130586.86350881368	53
2	3924	130944.822702879871	54
2	3933	131245.294085901827	53
2	3943	131888.07487311479	54
2	3952	132115.200046815575	53
2	3958	132155.055841726652	54
2	3961	132414.208382216137	55
2	3976	133046.385129515679	54
2	3984	133348.871706703148	55
2	3987	133383.670366952982	56
2	4005	133740.57897051111	55
2	4010	134065.081184164287	54
2	4021	134479.905605844077	55
2	4025	134615.323661856951	54
2	4036	135094.511585950322	55
2	4039	135183.162668987032	56
2	4043	135244.740510780962	55
2	4055	135796.95654177353	54
2	4069	136054.78511418462	53
2	4079	136278.404833504401	54
2	4086	136599.706983876081	53
2	4098	136847.099087329052	54
2	4101	136916.633617893647	55
2	4110	137205.353281621488	54
2	4135	137870.79032068833	55
2	4137	137959.251456291082	54
2	4143	138118.388499437686	55
2	4146	138182.796635178321	56
2	4151	138410.658034120541	57
2	4155	138753.863463134172	56
2	4175	139407.979618206092	57
2	4177	139447.97290406436	56
2	4191	140051.746205866936	55
2	4197	140143.190976276466	56
2	4200	140352.643153282669	57
2	4209	140813.503711943183	56
2	4219	141398.441581657943	57
2	4221	141534.63047850192	56
2	4234	141791.475922407055	57
2	4241	141957.907059334819	56
2	4250	142298.5401940091	55
2	4260	142381.708439380717	56
2	4272	142868.326699503367	55
2	4285	143365.013237360337	56
2	4299	143622.116406478589	55
2	4305	143630.347093145218	56
2	4312	143757.654413382926	57
2	4322	144218.777530703166	58
2	4325	144299.254577296641	59
2	4327	144306.257709462797	58
2	4334	144827.358081091797	57
2	4345	145057.525413872147	58
2	4353	145444.775551591855	59
2	4355	145602.952496458447	58
2	4363	145904.602732683936	59
2	4370	146278.988983885056	58
2	4378	146515.885727710495	59
2	4393	146871.614219310549	60
2	4395	147194.45135548026	59
2	4403	147416.955877027879	60
2	4406	147535.538057355997	61
2	4408	147926.444518373019	60
2	4423	148541.91209708587	59
2	4433	148996.404549304999	58
2	4439	149181.359415461165	59
2	4442	149182.219150054673	60
2	4444	149389.24478362561	59
2	4460	149798.082549727926	60
2	4464	150246.757415898748	59
2	4476	150708.166728273638	58
2	4491	150899.019176826668	59
2	4503	151041.734779037008	60
2	4506	151045.155266642043	61
2	4515	151393.512919445195	60
2	4527	151849.579543105182	61
2	4532	152168.035022800261	62
2	4534	152183.541246664383	61
2	4549	152511.234842289843	60
2	4555	152772.550076597774	61
2	4566	153301.156844899662	60
2	4572	153393.105151604334	61
2	4587	153869.054098796886	62
2	4591	154104.932269987323	61
2	4598	154471.058210295298	60
2	4604	154531.951712022391	61
2	4612	154828.925162597964	62
2	4614	154840.457519323238	61
2	4620	154885.938587213722	62
2	4638	155664.944782045343	61
2	4644	155696.993248534245	62
2	4649	155969.851857942385	63
2	4654	156099.105831885184	64
2	4658	156154.549651101836	63
2	4683	156992.921135772624	62
2	4696	157650.926402832786	63
2	4700	157785.67284425036	62
2	4708	157933.479640927953	63
2	4719	158740.378566992143	62
2	4730	159009.379767660839	63
2	4735	159283.051003187369	64
2	4748	159589.841606703261	63
2	4763	160189.423744443279	64
2	4765	160289.13422343568	63
2	4777	160529.346085426072	62
2	4788	160655.711180667249	63
2	4793	161075.544730654775	64
2	4797	161408.040563513199	63
2	4804	161828.576282460848	62
2	4812	162029.296540531736	63
2	4815	162045.245755619227	64
2	4833	162444.795628872374	63
2	4838	162793.396856517205	62
2	4846	162949.799432779519	63
2	4862	163660.256360073248	62
2	4868	163745.53917587496	63
2	4878	164210.751398957741	64
2	4881	164231.983054212151	65
2	4883	164251.631528225402	64
2	4897	164764.505314689736	63
2	4910	165184.385603403147	64
2	4919	165553.289462209354	63
2	4925	165606.773084427087	64
2	4933	166291.941973033219	65
2	4935	166319.478942335258	64
2	4941	166468.888165519979	65
2	4960	166984.565793794437	66
2	4962	167150.537597530196	65
2	4977	167685.748913211222	66
2	4979	168019.047090627859	65
2	4987	168033.299799437492	66
2	5002	168408.475241471871	67
2	5004	168470.655429039756	66
2	5014	169274.651526000956	65
2	5020	169355.525578760399	66
2	5028	169378.276053068634	67
2	5042	169866.847506973367	68
2	5051	170186.802393060783	67
2	5057	170261.325049099918	68
2	5077	170892.483882621719	69
2	5079	170975.140586283663	68
2	5085	170982.513902091827	69
2	5095	171347.542299122954	70
2	5100	171506.800474922578	71
2	5102	171552.016154613951	70
2	5110	171770.689169621884	71
2	5124	172053.610994678596	70
2	5131	172325.849717252562	69
2	5139	172574.551404069035	70
2	5142	172590.190866438145	71
2	5144	172746.882536199549	70
2	5150	172916.587707974806	71
2	5162	173392.436803460726	70
2	5174	173855.17392710489	71
2	5176	173913.284194164583	70
2	5186	174200.145988536472	71
2	5202	174866.98976894156	70
2	5208	175156.422276252354	71
2	5216	175641.359902408579	70
2	5228	176012.759367220709	69
2	5234	176059.581213702306	70
2	5241	176310.542581763724	69
2	5263	177153.051148427124	70
2	5265	177208.756399594853	69
2	5270	177526.195931111137	68
2	5276	177567.091384191856	69
2	5279	177623.864932755798	70
2	5292	178003.009700437481	71
2	5294	178032.595481251041	70
2	5307	178689.073837219596	71
2	5314	178896.986780536766	72
2	5316	178934.138862763206	71
2	5321	179239.529309563945	70
2	5339	179597.771602009828	71
2	5350	179919.66276933686	70
2	5361	180482.157325849544	69
2	5374	180811.921509110774	70
2	5382	181122.057342936143	71
2	5384	181215.406999227267	70
2	5392	181342.017305528219	71
2	5394	181539.940694638204	70
2	5403	181938.899172109228	69
2	5413	182236.016776033353	68
2	5419	182237.328112383779	69
2	5427	182304.476227217212	70
2	5431	182962.04165908755	69
2	5437	183308.9214136707	70
2	5439	183420.485846393418	69
2	5449	183630.941090059326	70
2	5463	183976.932792209696	69
2	5475	184749.950964425366	68
2	5483	185035.681409991753	69
2	5501	185498.091095325213	68
2	5507	185505.206799746351	69
2	5516	186182.590241034191	68
2	5522	186314.427376852231	69
2	5535	186494.167075480194	70
2	5538	186543.48326568253	71
2	5540	186549.415012628447	70
2	5552	186990.314332984995	69
2	5558	187028.198417245817	70
2	5565	187455.543336921778	71
2	5567	187626.719292935591	70
2	5578	187946.44614983988	71
2	5586	187964.944109531911	72
2	5588	187981.028092552584	71
2	5602	188592.314673692596	70
2	5608	188596.409320959297	71
2	5615	188789.500523728725	72
2	5624	189215.846504916114	71
2	5641	189659.293314345973	72
2	5643	189745.579382528228	71
2	5649	190050.921127542329	72
2	5651	190142.890009519321	71
2	5666	191025.468717359615	70
2	5672	191133.32615700257	71
2	5675	191193.432558948966	72
2	5684	191595.36645489992	71
2	5697	191933.865488187817	72
2	5708	192353.683421232415	71
2	5721	192735.21117338672	72
2	5725	192759.973123774541	71
2	5731	192775.668035472604	72
2	5734	192857.754444626021	73
2	5749	193466.157828855189	74
2	5751	193691.011648227138	73
2	5756	194103.124152117086	72
2	5771	194570.488310080814	73
2	5785	194891.693697602165	72
2	5791	195067.209319842455	73
2	5794	195559.152154128474	74
2	5797	195579.03581103948	75
2	5799	195613.212855078888	74
2	5810	195705.80880487099	75
2	5817	196439.24329222427	74
2	5824	196956.980785795164	73
2	5840	197135.730814232897	74
2	5843	197143.23263342199	75
2	5849	197537.307968207312	74
2	5866	198251.419865016503	73
2	5878	198426.565877764893	74
2	5881	198616.754051937583	75
2	5884	198621.436610098404	76
2	5886	198725.502120622111	75
2	5896	199017.440903310341	74
2	5902	199279.342871790228	75
2	5905	199412.040907933238	76
2	5907	199495.40693386705	75
2	5922	200042.954970162971	74
2	5939	200410.834237763134	75
2	5941	200534.31575891809	74
2	5951	200930.514932472868	73
2	5962	201045.371630123677	74
2	5965	201621.716812958417	75
2	5973	201862.982644184354	76
2	5975	201866.342851084335	75
2	5984	202291.445634544505	74
2	5990	202326.281828589214	75
2	5996	202567.527138192816	74
2	6006	203078.681432542069	73
2	6014	203161.957006470708	74
2	6027	203311.542462610501	75
2	6029	203560.297590990229	74
2	6048	204360.904699426754	73
2	6054	204372.312075726165	74
2	6057	204456.30401510452	75
2	6059	204685.65961036147	74
2	6065	204762.662154657243	75
2	6076	205285.393076737089	74
2	6089	205461.172855670426	75
2	6096	205708.875410326434	74
2	6107	205841.28531142776	75
2	6117	206232.701953889279	76
2	6123	206514.729843617094	75
2	6133	206943.149048939956	74
2	6139	207024.484866444814	75
2	6142	207065.204778794992	76
2	6145	207073.886567463029	77
2	6154	207347.289255496723	76
2	6167	207734.915874336708	77
2	6169	207795.652625758809	76
2	6184	208153.426664078086	77
2	6190	208396.367851712418	76
2	6205	208919.028857273459	77
2	6208	208969.248824498478	78
2	6215	209284.510431673986	77
2	6221	209927.746806831508	78
2	6228	210152.561275579644	77
2	6239	210269.940791862878	78
2	6243	210873.099862367524	77
2	6254	211173.809305874108	78
2	6257	211357.562551020506	79
2	6266	211700.944820114089	78
2	6279	212125.668034150674	79
2	6282	212355.051629177157	80
2	6284	212554.29425915019	79
2	6298	212933.95583045916	78
2	6304	213236.974228646084	79
2	6306	213275.647945341331	78
2	6323	213803.061128721435	79
2	6327	213900.496863064033	78
2	6335	214340.690422567949	79
2	6342	214619.372887958449	78
2	6357	215260.347556003232	79
2	6359	215310.893328145754	78
2	6369	215624.12502960549	77
2	6380	216068.137509164077	76
2	6391	216170.260582507998	77
2	6394	216472.077007840798	78
2	6397	216709.166007523288	79
2	6399	216818.529899858546	78
2	6422	217523.453445949268	77
2	6433	217979.395626370659	78
2	6435	218153.234247167271	77
2	6441	218273.079211942331	78
2	6450	218824.229391322148	77
2	6456	218891.453035964495	78
2	6472	219631.333297348992	79
2	6474	219692.469281845403	78
2	6496	220200.850140430829	79
2	6500	220303.830631741	78
2	6524	221201.820972443236	77
2	6542	221535.858287017272	78
2	6544	221628.708184634013	77
2	6550	221822.04693728765	78
2	6553	221822.64788426166	79
2	6555	222066.121926766498	78
2	6566	222336.604014833136	77
2	6572	222364.955439192108	78
2	6579	222832.059616984279	79
2	6586	222955.667279635234	78
2	6605	223653.327127446099	77
2	6611	223760.236250438593	78
2	6614	223923.55625026621	79
2	6622	224269.116169244661	78
2	6637	224856.823789898916	77
2	6649	225166.532030102663	78
2	6656	225205.014750876143	77
2	6673	225744.7903376887	78
2	6682	225965.63086386086	77
2	6693	226010.520069754549	78
2	6705	226535.320815403812	79
2	6710	226596.742698379659	80
2	6714	226663.154342800989	79
2	6724	226956.213112852947	80
2	6726	227069.478407625719	79
2	6732	227160.931250282974	80
2	6735	227310.026743166946	81
2	6747	227574.397400014713	80
2	6757	228100.897561560796	81
2	6769	228258.107118804618	80
2	6786	228658.916821566089	79
2	6792	228893.159439504945	80
2	6794	229039.061001737281	79
2	6802	229129.689817239398	80
2	6805	229327.54502107151	81
2	6807	229340.54484212087	80
2	6818	229636.865090827869	81
2	6828	229898.402173022607	82
2	6830	229902.439258892699	81
2	6846	230647.949921724065	80
2	6859	231025.885656995179	81
2	6862	231070.000017785879	82
2	6864	231147.648010358824	81
2	6875	231289.614740392992	82
2	6890	231975.328197155757	81
2	6903	232396.820977150875	82
2	6908	232471.455509892532	83
2	6910	232511.332683779908	82
2	6922	232752.761499707264	81
2	6928	233152.606795231679	82
2	6936	233429.231992873231	83
2	6938	233454.455900502068	82
2	6949	233687.19315195218	83
2	6951	233839.545283515614	82
2	6970	234218.093274564159	81
2	6978	234286.958710017482	82
2	6981	234346.05624463171	83
2	6990	234874.225248315048	82
2	7008	235454.170303770209	83
2	7011	235541.526232861782	84
2	7014	235570.133257077488	85
2	7016	235709.75128791542	84
2	7024	235920.555990866254	85
2	7037	236324.256053843947	86
2	7039	236541.863746319574	85
2	7044	237151.638295829904	84
2	7058	237565.193364482981	83
2	7064	237621.818280459251	84
2	7072	237654.668066117393	85
2	7077	238022.237248231526	86
2	7084	238502.907197896999	85
2	7090	238976.809080287295	86
2	7104	239204.410964374107	85
2	7112	239578.817142254542	86
2	7115	239924.790350298809	87
2	7121	240137.879745543611	86
2	7132	240530.010355382096	87
2	7141	240876.985928260398	86
2	7151	241181.974762461561	87
2	7160	241589.891863998634	86
2	7166	241707.866639771369	87
2	7177	242202.06011590795	86
2	7188	242631.498234768076	85
2	7194	242741.657904337573	86
2	7202	242985.783609465567	87
2	7206	243516.978960160775	86
2	7217	243595.865347587916	87
2	7224	243913.900190752609	86
2	7233	244295.398903743042	85
2	7239	244375.657455722672	86
2	7241	244682.305275660618	85
2	7247	244833.266496423113	86
2	7249	244926.284879401936	85
2	7268	245488.425318610533	84
2	7288	246000.05671710415	85
2	7291	246125.776793889182	86
2	7293	246308.037302338197	85
2	7299	246329.26435773954	86
2	7311	247137.414227413816	87
2	7313	247140.01317763017	86
2	7334	247996.712624479695	85
2	7340	248028.317078563256	86
2	7344	248255.700848449631	85
2	7354	248752.75051568882	84
2	7360	248812.380598734004	85
2	7365	248873.072091096493	86
2	7378	249453.848269649459	85
2	7384	249457.025421202985	86
2	7401	250099.338992002832	87
2	7403	250384.735953204943	86
2	7413	250692.714474692421	87
2	7420	251022.11034580381	86
2	7436	251495.523459494723	85
2	7446	251594.626018681435	86
2	7461	251943.557768656744	87
2	7468	252148.464274552522	88
2	7470	252168.833951514823	87
2	7476	252432.971578619855	88
2	7485	252692.497282654656	87
2	7491	252770.103581339923	88
2	7500	253211.002793081714	87
2	7505	253475.73862434612	86
2	7523	253896.263374022079	87
2	7526	253901.63362934016	88
2	7533	254026.304732349379	87
2	7541	254298.03066236606	88
2	7549	254810.322204188122	87
2	7555	254868.975882070941	88
2	7558	254896.802973381656	89
2	7570	255264.478666309877	88
2	7587	255745.440857440843	87
2	7595	256057.589927201572	88
2	7598	256145.436902024653	89
2	7608	256458.772086955089	90
2	7614	256686.702716939761	89
2	7620	256875.363506355193	90
2	7636	257354.158580687507	89
2	7647	257766.391654123966	90
2	7651	258024.224921625718	89
2	7665	258331.962057233467	88
2	7671	258540.620756574777	89
2	7686	258833.43469703332	90
2	7688	258886.469294366106	89
2	7696	259239.672587930639	90
2	7699	259307.79695643751	91
2	7702	259343.980190844689	92
2	7705	259677.815990612712	93
2	7712	259793.337527301773	92
2	7722	260712.483266231283	91
2	7739	261164.516336756629	92
2	7747	261281.031818694849	93
2	7749	261325.88964342387	92
2	7759	261863.907399152085	91
2	7765	262062.630489363749	92
2	7777	262407.404318649933	91
2	7783	262584.701087723357	92
2	7785	262766.143699076638	91
2	7791	262870.203612127212	92
2	7799	262958.34865716925	93
2	7802	263058.423921416928	94
2	7819	263706.707446121291	93
2	7824	264204.267781481758	92
2	7830	264540.462156968994	93
2	7833	264612.517412190197	94
2	7836	264653.024839067314	95
2	7841	264793.724141062651	96
2	7845	264842.5895308076	95
2	7864	265286.719977439061	94
2	7872	265612.233130183874	95
2	7876	265760.90305979611	94
2	7888	266218.141407736257	93
2	7896	266296.32663236693	94
2	7909	266749.244793907419	93
2	7917	267039.761111956893	94
2	7926	267271.452671599254	93
2	7936	267516.924700362091	94
2	7943	267594.661906783149	93
2	7955	268261.410152495519	92
2	7963	268550.666549491568	93
2	7970	268713.366058382078	94
2	7972	269033.244030524657	93
2	7988	269160.881799736474	94
2	7998	269699.342108952685	95
2	8001	269709.009540609499	96
2	8003	269739.196823865787	95
2	8020	270251.375107497589	94
2	8028	270559.857104092319	95
2	8035	270717.006084260212	94
2	8046	270852.889160715847	95
2	8049	271170.272051540617	96
2	8064	271376.782128007023	97
2	8066	271469.801234502958	96
2	8073	272002.239664227383	95
2	8079	272067.935679655005	96
2	8084	272188.253622956057	97
2	8087	272284.071993219538	98
2	8099	272604.503576879071	97
2	8110	273228.105118859042	98
2	8112	273387.919130169468	97
2	8118	273450.278366112023	98
2	8134	273985.984064557271	97
2	8145	274128.008595684026	98
2	8149	274350.880003322529	97
2	8154	274697.383426346498	96
2	8169	274967.241176186934	97
2	8172	274977.95701758644	98
2	8185	275324.095027286043	99
2	8187	275441.594917487966	98
2	8209	276201.828800474167	99
2	8212	276248.838916213667	100
2	8214	276282.741170351075	99
2	8226	276602.555812031643	98
2	8232	276721.511201185047	99
2	8237	276955.378233061587	100
2	8239	276991.748260029273	99
2	8245	277051.004744048103	100
3	46	4241.469421174962	3082.5183760654
3	62	4757.9350279948	3453.8833328571
3	79	5261.75365050568	3977.2509197772
3	98	6149.856197827149	4618.8161728845
3	110	6775.08322051971	3756.5229148864
3	133	7621.884495348323	6180.3216192552
3	150	8111.286745306689	3061.4549232323
3	163	9013.893352293063	3243.8847774305
3	187	9926.992888853539	4431.9585784672
3	210	10842.052483849813	4731.1732663566
3	230	11252.849705026139	5380.5722365983
3	252	11942.399753399779	5534.5500289911
3	274	12603.589514542957	5071.9875222618
3	302	13543.603647176762	5449.2997070769
3	328	14503.335989539166	5339.8220334863
3	343	15299.789010335346	6177.7996657912
3	372	16143.117878486057	6072.2701748804
3	411	17069.141122189005	7590.9261365816
3	440	17926.881287426342	7319.2572494466
3	509	20796.503845781673	9370.09473976
3	542	21551.761733845462	9516.0991241461
3	579	22648.189458337267	10270.880522531
3	587	22986.197838087221	10128.41251745
3	618	23779.99492026179	8961.7239108055
3	631	24353.922072344114	10814.357688542
3	647	24778.788821578612	9603.0759160764
3	682	25690.12048752292	10218.124799617
3	710	26337.569193982174	10641.617209156
3	727	27046.354965653857	10861.466006251
3	748	27777.501886237999	11469.952962963
3	763	28727.371116906991	12987.806097017
3	792	29518.206840169271	12873.821585776
3	810	30216.091902007004	13034.43336513
3	827	30828.03926042526	13800.23948819
3	872	32462.411471523931	14490.28546315
3	901	33278.703215096732	15015.10352021
3	926	34057.97267272382	14428.127963778
3	939	34721.919334021052	15058.958095353
3	974	35912.377908707252	15265.621009988
3	989	36223.983562023035	14818.629733126
3	1024	37353.279972144059	15676.934901516
3	1037	38119.24941172137	16438.28718558
3	1061	39074.379122976801	16930.073803977
3	1080	39419.569585241965	17686.207216885
3	1107	40285.831544262013	17825.116236566
3	1123	40691.035953958175	17674.627455506
3	1156	42047.579513427457	19502.099935601
3	1232	43710.37824304088	20413.553890458
3	1247	44321.66677464976	19230.111043557
3	1273	45089.469359081826	19839.079634436
3	1293	45764.874872428021	20151.378535929
3	1325	46575.548011225304	20747.772842273
3	1350	47163.02070020943	20351.420678611
3	1357	47798.210077334783	20461.704643476
3	1402	48852.810636155895	21068.429478382
3	1415	49240.966173999599	19337.884311472
3	1428	49755.375305016181	19084.174012544
3	1450	50708.265858062199	20185.003704692
3	1461	51088.42637473031	19506.483385449
3	1495	52218.025268961332	20564.001107567
3	1525	53327.729591962538	20642.95347271
3	1570	54765.51404803305	22055.352772978
3	1589	55447.243616629979	22090.32036098
3	1627	57055.991993502369	23041.014783331
3	1637	57558.808661413034	22115.261088232
3	1675	59144.978917103847	23264.696277347
3	1696	59655.86150904431	24076.743171362
3	1762	61762.046276789746	25694.348140785
3	1777	62105.896766942582	25621.80099362
3	1790	62489.913617216638	24439.261904035
3	1809	62841.457471225998	24380.405454463
3	1823	63173.702312365762	23812.251057687
3	1843	63842.489624165586	25243.738245539
3	1851	64555.031301335088	24572.601555578
3	1879	65024.911900994024	25822.724508831
3	1910	66296.832046334288	25542.492194527
3	1931	67129.283961926243	26598.735343538
3	1983	68516.642813247284	27906.444827454
3	2003	69116.247847576281	27786.597177573
3	2010	69410.40464981704	28275.858198142
3	2026	69790.221530415704	28423.424828942
3	2081	72350.253885418764	30055.673444689
3	2091	72856.260660917154	30057.137771268
3	2101	73127.728563726536	30793.408525547
3	2111	73384.868960261933	30442.833001494
3	2121	73679.378137209109	30689.444688822
3	2138	74335.487340849481	31380.776080584
3	2153	75017.823450614355	32021.275744302
3	2177	75796.536755778483	32398.505746219
3	2196	76391.132229503832	32790.475831024
3	2226	77211.204355911008	33002.982630895
3	2278	78905.281935681245	34270.084714541
3	2299	79477.098257832817	35016.768914424
3	2343	80804.206215713761	35864.964329837
3	2358	81127.583592713467	35498.139330801
3	2363	81734.067297403357	35923.674619155
3	2393	82291.35866615235	36356.515079006
3	2408	82907.750357233576	37108.029727035
3	2419	83310.530738805078	36495.401797263
3	2460	84635.778575346463	37584.886487202
3	2477	84955.13077167108	37165.039462606
3	2498	85857.268588033163	37604.077230564
3	2527	86500.370632123792	36310.078255559
3	2554	87346.853601329619	39224.274551109
3	2572	88267.010042045856	37856.434541569
3	2615	89569.64179828077	39352.513504276
3	2627	90019.809454504991	38294.970049778
3	2637	90434.986844875509	38588.907942127
3	2656	90839.37976480707	37781.883102261
3	2668	91197.632829055781	37946.664672911
3	2689	91887.088977315123	38224.540553615
3	2702	92452.592923392202	37477.600337488
3	2707	92748.995380152609	36486.400440751
3	2733	93316.334520962681	38319.144441529
3	2742	93595.872298863377	37309.104350047
3	2757	94210.983275876041	37001.651470564
3	2785	95082.89310173377	35961.793317642
3	2803	95691.524782099422	36325.389928654
3	2834	96424.331371032294	36965.848627486
3	2846	96980.336808648553	37359.634280759
3	2857	97546.185785376128	37944.556565124
3	2872	97977.347722754475	38135.55306147
3	2909	99228.471791159954	39412.531797542
3	2941	100136.279557321813	40017.464643515
3	2969	100777.641110115346	40673.878772084
3	2984	101482.623631947335	41346.755387263
3	3019	102502.392735828307	42366.445748382
3	3080	104014.298683509824	42405.220279779
3	3101	104565.310764250008	43622.849348951
3	3123	105232.738692958502	42713.815058049
3	3169	106458.677458756266	43637.9081438
3	3187	106855.054693271069	43945.634510408
3	3215	107756.119585123508	45092.155082303
3	3229	108200.944566310047	45105.970434925
3	3257	109182.818156567066	45384.684329468
3	3270	109965.414386533796	42813.371842408
3	3285	110431.474968858659	43110.515942332
3	3293	110715.443146855235	45190.002909708
3	3312	111408.368243475109	43898.307585085
3	3324	111679.022574790418	44126.005720715
3	3345	112189.19553988859	44633.588893317
3	3379	113303.710136201828	45450.405618598
3	3410	114146.591572661548	45709.703601616
3	3425	114712.182061553597	46197.4651761
3	3450	115281.151138034314	46420.047000718
3	3460	115754.882582493723	46502.916651043
3	3473	116226.400806207806	46797.56232044
3	3498	116904.918064226061	47357.352249741
3	3503	117171.3167681849	47736.90460744
3	3512	117586.909232076853	47823.226099271
3	3533	118519.581701599657	47750.949244285
3	3552	118946.512136247605	47285.076666016
3	3562	119256.134401776493	47057.003704777
3	3586	119753.732327625752	46406.948064198
3	3608	120301.094097246081	47371.272991416
3	3646	121627.809182249606	47672.187167623
3	3665	122268.919197314084	47879.107547918
3	3688	122851.88012340352	46644.165272047
3	3721	124073.074054580779	48418.109553876
3	3741	124881.444098011256	49172.727960515
3	3768	125737.421300627888	49416.216557252
3	3788	126395.75519263059	49923.546252046
3	3803	127049.9972079812	50233.359459854
3	3821	127372.483917914928	50096.274622221
3	3840	127933.744692814202	49928.229639493
3	3862	128508.413028598429	49526.779450623
3	3872	128962.097597618253	50865.633581718
3	3904	129781.155604433865	50959.827883743
3	3919	130586.86350881368	51991.670111154
3	3936	131245.294085901827	51773.227199513
3	3955	132115.200046815575	52869.969067511
3	3979	133046.385129515679	51952.979314694
3	4013	134065.081184164287	53585.875416458
3	4028	134615.323661856951	52800.631466228
3	4046	135244.740510780962	53404.980930052
3	4058	135796.95654177353	53122.159789351
3	4072	136054.78511418462	53957.397133981
3	4089	136599.706983876081	53677.291245453
3	4113	137205.353281621488	54223.746291911
3	4140	137959.251456291082	54858.160725572
3	4158	138753.863463134172	55348.25279689
3	4180	139447.97290406436	55736.461749013
3	4212	140813.503711943183	56528.042177428
3	4224	141534.63047850192	56836.462500898
3	4244	141957.907059334819	57368.83717125
3	4253	142298.5401940091	57573.221591207
3	4275	142868.326699503367	58009.743490441
3	4302	143622.116406478589	57995.776527212
3	4337	144827.358081091797	58320.287257591
3	4373	146278.988983885056	60656.448328481
3	4398	147194.45135548026	60642.04171702
3	4411	147926.444518373019	60868.856045029
3	4426	148541.91209708587	59733.832649864
3	4447	149389.24478362561	60540.26560359
3	4467	150246.757415898748	61423.71733237
3	4479	150708.166728273638	61751.339073888
3	4518	151393.512919445195	62374.341389357
3	4537	152183.541246664383	62318.152539107
3	4552	152511.234842289843	61975.074676881
3	4601	154471.058210295298	63842.178730679
3	4617	154840.457519323238	63995.407678987
3	4661	156154.549651101836	64804.804006815
3	4686	156992.921135772624	65708.19902682
3	4703	157785.67284425036	66203.748573383
3	4722	158740.378566992143	67224.72460181
3	4751	159589.841606703261	66122.02284726
3	4768	160289.13422343568	66364.419203955
3	4780	160529.346085426072	66975.703096539
3	4800	161408.040563513199	67189.37863033
3	4807	161828.576282460848	67838.480745653
3	4836	162444.795628872374	67964.914668298
3	4841	162793.396856517205	68490.119375582
3	4865	163660.256360073248	68763.647770715
3	4886	164251.631528225402	69409.992394436
3	4938	166319.478942335258	69971.97381239
3	4965	167150.537597530196	70872.797880593
3	4982	168019.047090627859	71600.358902466
3	5007	168470.655429039756	71683.298826272
3	5054	170186.802393060783	71021.632690639
3	5082	170975.140586283663	72161.009889471
3	5105	171552.016154613951	71680.185698686
3	5127	172053.610994678596	72884.709195406
3	5147	172746.882536199549	72742.288169634
3	5165	173392.436803460726	72970.218803841
3	5205	174866.98976894156	73453.813807475
3	5219	175641.359902408579	73624.680828367
3	5231	176012.759367220709	73468.653695992
3	5244	176310.542581763724	73476.517220869
3	5268	177208.756399594853	74497.871374896
3	5273	177526.195931111137	74396.476717491
3	5297	178032.595481251041	74951.732302388
3	5319	178934.138862763206	75741.071100891
3	5324	179239.529309563945	75809.438286534
3	5353	179919.66276933686	76262.091285484
3	5364	180482.157325849544	75809.46694137
3	5387	181215.406999227267	75503.022930296
3	5397	181539.940694638204	76723.283337634
3	5406	181938.899172109228	75918.217349149
3	5442	183420.485846393418	76507.459231394
3	5504	185498.091095325213	78051.354499304
3	5519	186182.590241034191	78448.734187815
3	5543	186549.415012628447	78970.930871971
3	5555	186990.314332984995	78943.202825569
3	5570	187626.719292935591	79475.245021584
3	5591	187981.028092552584	78824.088265904
3	5627	189215.846504916114	79223.7691376
3	5646	189745.579382528228	78449.192747915
3	5654	190142.890009519321	78582.154959791
3	5669	191025.468717359615	78840.175240327
3	5687	191595.36645489992	79710.565502252
3	5711	192353.683421232415	79691.140927465
3	5728	192759.973123774541	80300.86956375
3	5754	193691.011648227138	80560.617184308
3	5759	194103.124152117086	80761.33037141
3	5788	194891.693697602165	81021.402673414
3	5820	196439.24329222427	81979.730111816
3	5827	196956.980785795164	82970.394750353
3	5852	197537.307968207312	82593.091770943
3	5889	198725.502120622111	82452.696656585
3	5899	199017.440903310341	82868.87875248
3	5910	199495.40693386705	83139.724019225
3	5925	200042.954970162971	82853.482297017
3	5954	200930.514932472868	82123.856010805
3	5978	201866.342851084335	82983.625972474
3	5987	202291.445634544505	83231.123212522
3	5999	202567.527138192816	83298.661221264
3	6009	203078.681432542069	83571.525386308
3	6032	203560.297590990229	84265.850275512
3	6051	204360.904699426754	84449.756127021
3	6062	204685.65961036147	84935.828107202
3	6079	205285.393076737089	85294.916354245
3	6099	205708.875410326434	84798.777494781
3	6126	206514.729843617094	85520.395683612
3	6136	206943.149048939956	85648.875620375
3	6157	207347.289255496723	85832.510177588
3	6172	207795.652625758809	86292.94797721
3	6193	208396.367851712418	86854.41551178
3	6231	210152.561275579644	88292.986764587
3	6246	210873.099862367524	88981.485840321
3	6269	211700.944820114089	88784.03877392
3	6287	212554.29425915019	90261.479352405
3	6301	212933.95583045916	90658.022723153
3	6309	213275.647945341331	89438.217992131
3	6330	213900.496863064033	90682.979471513
3	6362	215310.893328145754	91427.447930032
3	6402	216818.529899858546	91766.950122771
3	6425	217523.453445949268	91855.122146729
3	6438	218153.234247167271	92398.617602933
3	6477	219692.469281845403	92599.350480125
3	6503	220303.830631741	91644.881413102
3	6527	221201.820972443236	92903.016212186
3	6547	221628.708184634013	92591.018247529
3	6569	222336.604014833136	93125.584221261
3	6589	222955.667279635234	92215.737565528
3	6608	223653.327127446099	92661.621963769
3	6659	225205.014750876143	93371.674786968
3	6685	225965.63086386086	93949.123151355
3	6729	227069.478407625719	94171.126641598
3	6750	227574.397400014713	94634.192060434
3	6772	228258.107118804618	95554.562693833
3	6789	228658.916821566089	95573.812178805
3	6797	229039.061001737281	95502.961764894
3	6810	229340.54484212087	94733.336678536
3	6833	229902.439258892699	96377.543350603
3	6849	230647.949921724065	96934.415311403
3	6867	231147.648010358824	95458.752085061
3	6893	231975.328197155757	96738.94868446
3	6913	232511.332683779908	96664.561360547
3	6925	232752.761499707264	96482.251345959
3	6941	233454.455900502068	97488.493826678
3	6954	233839.545283515614	97743.467156486
3	6973	234218.093274564159	97548.266583753
3	6993	234874.225248315048	98102.951107213
3	7042	236541.863746319574	99002.321231307
3	7047	237151.638295829904	99481.70325435
3	7061	237565.193364482981	100421.4715877
3	7087	238502.907197896999	99679.922616373
3	7107	239204.410964374107	100695.02796961
3	7124	240137.879745543611	101901.32773286
3	7180	242202.06011590795	101320.52288514
3	7209	243516.978960160775	102965.48519274
3	7252	244926.284879401936	102647.45695917
3	7271	245488.425318610533	103131.05363372
3	7296	246308.037302338197	103946.31617586
3	7316	247140.01317763017	103781.27631559
3	7337	247996.712624479695	104607.93093634
3	7347	248255.700848449631	104567.61409422
3	7357	248752.75051568882	105010.48700995
3	7406	250384.735953204943	104483.69642533
3	7423	251022.11034580381	106429.11281361
3	7439	251495.523459494723	105075.01857343
3	7473	252168.833951514823	105435.08899257
3	7488	252692.497282654656	102470.07544807
3	7508	253475.73862434612	102746.1583994
3	7536	254026.304732349379	103149.32402099
3	7573	255264.478666309877	104232.36122668
3	7617	256686.702716939761	105270.14303727
3	7639	257354.158580687507	106066.5517896
3	7691	258886.469294366106	106729.04242999
3	7752	261325.88964342387	107507.41944745
3	7762	261863.907399152085	107762.79304141
3	7788	262766.143699076638	107860.23642414
3	7848	264842.5895308076	108832.45330255
3	7867	265286.719977439061	109344.68279337
3	7891	266218.141407736257	110080.74778412
3	7912	266749.244793907419	110407.8210661
3	7929	267271.452671599254	110855.82742197
3	7946	267594.661906783149	111128.39029095
3	7958	268261.410152495519	111023.20529826
3	7975	269033.244030524657	111338.69532001
3	8006	269739.196823865787	113126.61557891
3	8023	270251.375107497589	111973.97130531
3	8038	270717.006084260212	112885.03482711
3	8069	271469.801234502958	112342.41981432
3	8076	272002.239664227383	113439.97095041
3	8115	273387.919130169468	113695.87467826
3	8137	273985.984064557271	114572.52252843
3	8152	274350.880003322529	114564.63963328
3	8190	275441.594917487966	114942.14257588
3	8217	276282.741170351075	115195.38086688
3	8242	276991.748260029273	115000.3202038
4	295	13302.146889504631	5360.0797372173
4	367	15880.481935416003	6477.354131987
4	454	18837.598445874293	8740.4484245726
4	467	19206.81281709357	8103.7382036125
4	489	20145.304900996972	9390.2733852787
4	524	21168.202603042711	9797.3631646734
4	560	22209.755553428669	10368.23244191
4	851	31666.632015940388	12829.217752739
4	951	34979.863398496648	13973.599973841
4	1013	36983.506887566886	15368.776786577
4	1135	41144.850627717218	17896.758570188
4	1194	42837.191001896402	19276.802252337
4	1374	48167.483739119611	21295.804035823
4	1478	51787.090286363504	19297.343888311
4	1508	52586.85628076329	19963.752221721
4	1551	54037.797026198945	21033.239202002
4	1607	56388.338655133387	21428.877093754
4	1653	58390.788661774834	22841.227268654
4	1713	59964.513540614983	24431.864978811
4	1733	60312.233056754461	24013.657662968
4	1745	61052.119160641572	24803.83049055
4	1892	65460.257701717905	24871.337812625
4	1968	68082.868145287624	26764.569682138
4	2044	70687.840156511059	28970.683372816
4	2051	70951.721081428817	28877.937805072
4	2059	71487.62843570917	29158.035492897
4	2165	75501.727476187638	31934.421244913
4	2249	77955.638823949388	33617.286630182
4	2323	80303.65172255098	35502.616903905
4	2446	84164.141927745782	37770.58062943
4	2584	88755.983228248203	39921.712660601
4	2815	95945.450771071609	36468.415125566
4	2890	98408.435684808191	38562.66099626
4	2997	101935.579195835289	41722.938347008
4	3057	103366.037069067952	41689.614766299
4	3144	105568.572211240081	42973.287137182
4	3242	108800.348712739198	45687.238464742
4	3359	112687.546350911855	45119.754855665
4	3394	113607.460137934088	45604.452186016
4	3625	121232.718567524702	47394.533348211
4	3697	123423.514900405557	47998.2588584
4	3753	125354.183616147042	49009.030092801
4	4008	133740.57897051111	54487.76735131
4	4194	140051.746205866936	56265.33679874
4	4330	144306.257709462797	59081.720772921
4	4358	145602.952496458447	57789.649747688
4	4436	148996.404549304999	60460.855592361
4	4569	153301.156844899662	63476.582829172
4	4594	154104.932269987323	63456.087215075
4	4641	155664.944782045343	64622.694826105
4	4900	164764.505314689736	68923.819758319
4	4922	165553.289462209354	69785.56579744
4	5017	169274.651526000956	71014.299505586
4	5134	172325.849717252562	72021.046294802
4	5179	173913.284194164583	73304.87054127
4	5416	182236.016776033353	75691.318624736
4	5434	182962.04165908755	76915.533633392
4	5466	183976.932792209696	77112.99246857
4	5478	184749.950964425366	77195.967152143
4	5605	188592.314673692596	77400.866869864
4	5802	195613.212855078888	81808.73597728
4	5869	198251.419865016503	83371.371832142
4	5944	200534.31575891809	83048.947668219
4	6218	209284.510431673986	87404.769105916
4	6345	214619.372887958449	90762.081923366
4	6372	215624.12502960549	91233.424620646
4	6383	216068.137509164077	90766.773413155
4	6453	218824.229391322148	90821.892697237
4	6558	222066.121926766498	92723.021748044
4	6625	224269.116169244661	94526.324700478
4	6640	224856.823789898916	93454.730576906
4	6717	226663.154342800989	93977.213600435
4	7019	235709.75128791542	98899.623340309
4	7144	240876.985928260398	101056.82106406
4	7163	241589.891863998634	102391.42588835
4	7191	242631.498234768076	102669.59382735
4	7227	243913.900190752609	102223.51608194
4	7236	244295.398903743042	103433.86909031
4	7244	244682.305275660618	102704.45411206
4	7381	249453.848269649459	105371.50182432
4	7503	253211.002793081714	105841.83988247
4	7552	254810.322204188122	104387.92489271
4	7590	255745.440857440843	104720.6482427
4	7654	258024.224921625718	106202.74490844
4	7668	258331.962057233467	106526.17313853
4	7715	259793.337527301773	106982.48963415
4	7725	260712.483266231283	107746.05196663
4	7780	262407.404318649933	108248.29476148
4	7822	263706.707446121291	108514.00477995
4	7827	264204.267781481758	109297.31862452
4	7879	265760.90305979611	109461.90848493
4	8102	272604.503576879071	113251.75245992
4	8157	274697.383426346498	115341.53744955
4	8229	276602.555812031643	115580.9282181

