version 2
run Iteration-67-20200521-09:55:11-70724
attr configname Iteration
attr datetime 20200521-09:55:11
attr experiment Iteration
attr inifile omnetpp.ini
attr iterationvars "$i=7, $j=5, $0=15-(7+5)"
attr iterationvarsf i=7,j=5,15-(7+5)-
attr measurement "$i=7, $j=5, $0=15-(7+5)"
attr network Network
attr processid 70724
attr repetition 0
attr replication #0
attr resultdir results
attr runnumber 67
attr seedset 67
itervar i 7
itervar j 5
param **.resourcePool.amount 7
param **.resourcePool1.amount 5
param **.resourcePool2.amount 15-(7+5)
param **.source.interArrivalTime exponential(6min)
param **.delay.delay uniform(4min,28min)
param **.delay1.delay uniform(10min,28min)
param **.delay2.delay uniform(4min,16min)
param **.allocate.resourceModuleName "\"Network.resourcePool\""
param **.allocate1.resourceModuleName "\"Network.resourcePool1\""
param **.allocate2.resourceModuleName "\"Network.resourcePool2\""
param **.deallocate.resourceModuleName "\"Network.resourcePool\""
param **.deallocate1.resourceModuleName "\"Network.resourcePool1\""
param **.deallocate2.resourceModuleName "\"Network.resourcePool2\""
param **.router.randomGateIndex "uniform(0, 1) > 0.2 ? 0 : 1"

vector 0 Network.allocate queueLength:vector ETV
attr interpolationmode sample-hold
attr title "queue length, vector"
vector 1 Network.allocate1 queueLength:vector ETV
attr interpolationmode sample-hold
attr title "queue length, vector"
vector 2 Network.allocate2 queueLength:vector ETV
attr interpolationmode sample-hold
attr title "queue length, vector"
vector 3 Network.sinkStat lifeTime:vector ETV
attr interpolationmode none
attr title "lifetime of arrived jobs, vector"
attr unit s
vector 4 Network.sink lifeTime:vector ETV
attr interpolationmode none
attr title "lifetime of arrived jobs, vector"
attr unit s
0	0	0	0
0	351	10143.707633587875	1
0	357	10212.729188520992	2
0	359	10232.05930917894	1
0	364	10297.914053926138	2
0	370	10567.331227124204	3
0	372	10595.218229201027	2
0	377	10650.436659463154	1
0	386	10668.479020678668	2
0	388	10690.465636974265	1
0	396	10795.044339704394	2
0	398	10830.95914684742	1
0	407	10961.843023309476	2
0	421	11235.747261910998	3
0	423	11312.504565435329	2
0	428	11341.213671048575	1
0	433	11356.416636774558	0
0	451	11663.329019555785	1
0	465	11795.142545941153	0
0	1199	28480.176168470919	1
0	1205	28611.955521314395	0
0	1809	41999.851176466046	1
0	1815	42211.814157515635	0
0	5507	122717.412453765662	1
0	5509	122764.163022055466	2
0	5511	122765.836209014722	1
0	5516	122927.487278239898	2
0	5522	122999.266610423895	3
0	5524	123042.825160546791	2
0	5529	123224.530639726563	1
0	5542	123316.68592445433	2
0	5548	123372.482369958702	1
0	5553	123388.220589645513	0
0	5561	123475.47619409624	1
0	5563	123501.866751584667	2
0	5565	123572.644183602078	1
0	5569	123646.486766452273	0
0	10793	256677.493830017165	1
0	10795	256891.289412584866	2
0	10797	257229.933582936839	1
0	10802	257312.800537446138	0
1	0	0	0
1	122	4862.929985924262	1
1	124	5047.906600254382	0
1	142	5538.873368580337	1
1	144	5599.082675997338	0
1	283	8942.741609669163	1
1	285	9010.767587938924	0
1	390	10690.465636974265	1
1	400	10830.95914684742	2
1	402	10858.030396182067	1
1	409	10976.268657569141	0
1	435	11356.416636774558	1
1	446	11589.675286721737	0
1	471	11884.793562673436	1
1	474	11907.977435657731	2
1	477	11923.421687824124	3
1	483	11996.3518778127	2
1	493	12117.636916128983	3
1	496	12142.871982660481	4
1	502	12247.16721096901	5
1	504	12277.693323165977	4
1	510	12502.242120499033	5
1	516	12577.173225146086	4
1	521	12639.314667000839	3
1	526	12673.622339767271	2
1	530	12734.744415235178	1
1	535	12831.713803016514	2
1	558	13357.336457249181	1
1	563	13446.75347357882	0
1	707	16540.90346412328	1
1	709	16569.065969422578	0
1	805	18872.61169502478	1
1	811	19097.468718190372	0
1	1062	25915.950033141897	1
1	1068	26213.177580654753	2
1	1074	26389.185142493827	1
1	1080	26413.206559058605	2
1	1083	26460.990569357571	3
1	1092	26527.053870730748	2
1	1097	26546.794324887175	1
1	1103	26653.524016290566	2
1	1113	27135.344294823954	1
1	1121	27164.147236698497	0
1	1222	28876.011362542144	1
1	1225	28937.69873376988	2
1	1227	28948.515773989976	1
1	1237	29155.582299031163	2
1	1242	29350.64574980257	1
1	1251	29482.808079799949	2
1	1254	29529.233065790487	3
1	1261	29553.893152425082	4
1	1266	29586.396937857311	3
1	1279	30003.755043422476	4
1	1281	30021.116056508743	3
1	1287	30061.303603379724	4
1	1289	30168.965319270984	3
1	1300	30288.502299499688	2
1	1316	30711.772311136987	1
1	1329	30921.376814721952	0
1	1335	30978.756743571988	1
1	1337	31004.363188931146	0
1	1343	31037.530515642442	1
1	1346	31139.508125886384	2
1	1348	31200.689056084276	1
1	1353	31220.318451331103	2
1	1371	31512.026795756932	1
1	1380	31905.575528765813	0
1	1535	36410.776060108725	1
1	1538	36437.306122521411	2
1	1540	36444.811370994242	1
1	1546	36639.937653772453	2
1	1555	37094.489270249152	1
1	1560	37174.29376155826	0
1	1724	40277.864651897615	1
1	1740	40859.216292464679	0
1	1752	41161.041490918864	1
1	1761	41322.942775967089	0
1	1845	42346.891042122163	1
1	1847	42600.943399904785	0
1	1853	42607.326968789799	1
1	1866	43015.456636231263	0
1	1887	43290.498522938524	1
1	1889	43331.418833025423	0
1	1895	43401.675269368478	1
1	1897	43482.964703519304	0
1	1919	43755.325730539905	1
1	1921	43832.854748834149	0
1	2032	46830.302013248235	1
1	2044	47037.217571312819	0
1	2170	49264.741298043606	1
1	2173	49516.194183678431	2
1	2175	49609.155962359026	1
1	2184	49858.947130021828	0
1	2323	53281.618068734314	1
1	2325	53422.564864365782	0
1	2452	56891.760090740821	1
1	2454	56936.774290470107	0
1	2697	62570.854958863104	1
1	2704	62867.470286364153	2
1	2707	62920.743753735096	3
1	2710	63027.342183486025	4
1	2716	63093.618598135542	3
1	2721	63314.856239007614	2
1	2736	63744.906451795812	1
1	2741	63767.399755727854	0
1	2747	63804.300258380445	1
1	2752	63873.258743208039	0
1	2867	65786.086448920019	1
1	2876	66151.915955364861	0
1	2999	68600.399756840557	1
1	3010	69059.978388226431	0
1	3045	69697.218407433935	1
1	3047	69713.058535088625	0
1	3053	69767.476921889362	1
1	3059	69884.154568270804	0
1	3084	70189.361707206355	1
1	3094	70531.389091664754	2
1	3099	70676.018286513928	1
1	3108	70793.530696383517	0
1	3290	75059.464877808419	1
1	3292	75077.218993414899	0
1	3298	75097.420633262877	1
1	3300	75191.170246088811	0
1	3328	75835.094248163191	1
1	3330	75847.074024768537	0
1	3508	79367.128949343935	1
1	3510	79545.814908580702	0
1	3622	81442.406954282601	1
1	3628	81584.025196510077	2
1	3637	81797.106462612434	1
1	3645	82024.273885948016	0
1	3681	82582.587625189291	1
1	3684	82652.001495815819	2
1	3686	82697.454389182537	1
1	3691	82706.272977970982	2
1	3711	82961.840329249585	3
1	3713	83059.485013079395	2
1	3726	83336.644603836714	1
1	3731	83402.069830556967	0
1	4018	90515.20049635696	1
1	4021	90728.111479661092	2
1	4023	90811.335885972337	1
1	4035	90892.894329330154	0
1	4041	91088.274019361096	1
1	4043	91202.159685607737	0
1	4147	93227.788538261945	1
1	4150	93235.968501344619	2
1	4153	93237.600922448022	3
1	4159	93732.386178335824	2
1	4165	93761.780196138594	3
1	4167	93779.163365309735	2
1	4173	93831.92560689166	3
1	4175	93869.9811496617	2
1	4180	94017.244777676778	1
1	4185	94256.992198762644	2
1	4190	94415.404258929495	1
1	4197	94456.254960297325	0
1	4387	98863.807780828284	1
1	4394	99094.853747665989	2
1	4396	99452.594931572997	1
1	4402	99457.222943805447	2
1	4404	99527.967354596527	1
1	4409	99715.967017149611	0
1	4461	100633.453994734854	1
1	4463	100767.443088420601	0
1	4625	103742.421259418922	1
1	4628	103908.674602556891	2
1	4634	104043.129378435158	3
1	4640	104221.943131440738	4
1	4642	104241.44348817657	3
1	4647	104316.273098180432	2
1	4652	104568.731943030942	1
1	4658	104606.251566142724	2
1	4663	104801.377924207668	1
1	4672	104913.467125388192	0
1	4830	107617.047725189664	1
1	4833	107649.240648357974	2
1	4835	107858.167520981443	1
1	4850	108075.329718539015	0
1	4907	109114.422192759126	1
1	4924	109505.692543069535	0
1	5048	111593.142766263268	1
1	5050	111615.030022238765	0
1	5056	111655.645740716349	1
1	5058	111734.876393346115	0
1	5531	123224.530639726563	1
1	5537	123265.776586700434	0
1	5555	123388.220589645513	1
1	5557	123430.389258091071	0
1	5567	123572.644183602078	1
1	5571	123646.486766452273	2
1	5574	123729.583585746892	3
1	5582	123888.263999230507	4
1	5589	124036.096963279613	5
1	5592	124102.92699754475	6
1	5594	124118.485059357156	5
1	5603	124238.081545774097	4
1	5609	124239.391164666605	5
1	5614	124364.909194287476	4
1	5618	124387.484807658288	3
1	5622	124458.32683283157	2
1	5627	124602.696156617148	3
1	5643	124776.564683196604	4
1	5660	125213.443765724281	3
1	5666	125216.38910874941	4
1	5668	125219.743983846721	3
1	5675	125303.003839208652	2
1	5680	125370.337700413577	3
1	5683	125523.454818627336	4
1	5696	125825.144055140506	5
1	5702	125924.434557619784	4
1	5707	125953.097916983732	3
1	5721	126172.554892989343	4
1	5730	126698.635854860971	3
1	5735	126701.754768321854	2
1	5747	126853.0020599355	1
1	5769	127158.787555399084	0
1	5922	129918.934381805179	1
1	5931	130064.277907767773	0
1	5948	130233.672724937117	1
1	5950	130317.907847948577	0
1	5972	130771.173827036604	1
1	5975	130793.96806165588	2
1	5980	130912.293929802812	1
1	6000	131359.490028069795	0
1	6210	135000.035508785366	1
1	6213	135006.734489381099	2
1	6216	135009.375393013034	3
1	6225	135229.932748031347	2
1	6233	135429.477958485733	1
1	6239	135495.052209360409	2
1	6241	135505.948085159027	1
1	6249	135651.953659041524	2
1	6261	135938.573124397471	3
1	6264	136031.571342678272	4
1	6266	136080.463728003453	3
1	6278	136178.883425321394	2
1	6283	136271.876132802098	1
1	6287	136317.463239076092	0
1	6669	149329.24276956038	1
1	6680	149771.851178460509	2
1	6682	149855.385277816158	1
1	6687	149891.460732730495	0
1	6863	154781.652192289812	1
1	6871	155077.174433813003	0
1	6915	155834.364615898933	1
1	6922	155977.53745360877	2
1	6924	155986.581187228245	1
1	6930	155991.024135106349	2
1	6933	156044.248395493308	3
1	6935	156198.602182831584	2
1	6948	156320.490746743387	3
1	6955	156609.930867498299	4
1	6961	156949.662352388529	3
1	6966	156971.418428881063	2
1	6974	157236.293447101916	1
1	6982	157398.022740223488	0
1	7407	168062.023973500116	1
1	7410	168144.539113080571	2
1	7426	168482.434687555281	1
1	7431	168577.234144861865	0
1	7452	168831.222821917035	1
1	7458	168952.778118058761	2
1	7460	169014.950312149154	1
1	7466	169034.272108485355	2
1	7471	169200.276141837414	1
1	7495	169558.021013068859	2
1	7497	169575.715490065436	1
1	7502	169743.418983413281	0
1	7964	182247.688468277281	1
1	7969	182413.452467592103	0
1	7975	182634.56486934861	1
1	7977	182775.240912577665	0
1	8119	186102.226252871586	1
1	8122	186147.667647013842	2
1	8128	186331.704309664325	1
1	8134	186377.578186805337	2
1	8137	186412.237592927896	3
1	8139	186460.477689185435	2
1	8144	186595.739372252906	1
1	8149	186659.84427787461	0
1	8518	194900.655532180866	1
1	8520	194918.181451812996	0
1	9023	208335.254214739285	1
1	9025	208355.436550138953	0
1	9054	209019.492952629988	1
1	9059	209080.597208776003	0
1	9086	209545.721801037867	1
1	9092	209773.218098525482	0
1	9148	210720.544616816117	1
1	9153	210761.470297027863	0
1	9162	210935.897134625001	1
1	9171	211256.157752548809	0
1	9204	211820.701385287133	1
1	9206	211853.534537621326	0
1	9243	212439.658458923934	1
1	9249	212535.614491853396	0
1	9325	213829.151908461921	1
1	9327	213928.089751142908	0
1	9333	214071.658880625308	1
1	9335	214161.508192941648	0
1	9598	221264.118715852594	1
1	9607	221548.625515826745	0
1	9639	222277.286211779423	1
1	9648	222441.814159706965	0
1	10172	236356.753656071515	1
1	10175	236471.207980446332	2
1	10177	236784.053096163195	1
1	10182	236865.69330637751	0
1	10361	243492.002705390429	1
1	10363	243574.070042256679	0
1	10556	249579.159505981597	1
1	10558	249607.619337961337	0
1	10702	253872.944610578302	1
1	10708	254061.388273909914	0
1	10823	257684.28054101054	1
1	10829	257736.249686531473	2
1	10834	258026.031931139361	1
1	10843	258329.633965180811	2
1	10846	258358.277238469161	3
1	10849	258386.153032948689	4
1	10857	258648.10455526361	3
1	10862	258699.961249488962	2
1	10871	258889.137534857168	1
1	10880	258930.09147607641	0
1	10893	259066.061383432688	1
1	10896	259339.29001295613	2
1	10898	259487.70864264464	1
1	10911	259587.625934642989	2
1	10917	259681.052621458661	3
1	10928	260023.563455435384	4
1	10930	260109.755754183473	3
1	10935	260199.951988743243	2
1	10940	260273.903176113159	1
1	10946	260280.960675347535	2
1	10948	260292.748364121094	1
1	10952	260377.491675302219	0
1	10957	260407.770795195475	1
1	10965	260732.318897640244	2
1	10976	260972.932677633556	1
1	10981	261044.337474209384	0
1	11224	266571.466316777092	1
1	11234	266930.849603889429	2
1	11236	266968.087192807464	1
1	11242	267015.380787755912	2
1	11244	267070.010146634689	1
1	11249	267127.711384221468	0
1	11255	267236.97833834827	1
1	11257	267319.910885898505	0
1	11283	267740.885529870627	1
1	11295	268174.982862198843	0
1	11390	269761.275031831977	1
1	11393	269944.821903363631	2
1	11395	270011.813178632322	1
1	11401	270018.97763968004	2
1	11403	270048.432721285945	1
1	11408	270175.381946445296	0
2	0	0	0
2	419	11225.937376851552	1
2	437	11432.114593110956	0
2	454	11692.963860122464	1
2	456	11694.953896239377	0
2	528	12673.622339767271	1
2	532	12734.744415235178	2
2	537	12887.93382655114	1
2	542	13032.499553780475	0
2	569	13497.61715969287	1
2	572	13559.560894160935	2
2	574	13616.748932253973	1
2	579	13915.227708439746	0
2	585	13944.369572148526	1
2	600	14099.056708354907	0
2	606	14345.787719812648	1
2	608	14381.595272849182	0
2	968	23654.687252104584	1
2	970	23735.749028043179	0
2	1127	27177.214694763248	1
2	1133	27240.274241465112	2
2	1135	27455.121678274373	1
2	1140	27500.364595798034	0
2	1156	27583.236903729869	1
2	1158	27724.17323329697	0
2	1302	30288.502299499688	1
2	1304	30493.325507084768	0
2	1350	31200.689056084276	1
2	1355	31231.818547910879	0
2	1425	32818.496088559524	1
2	1431	33120.948808782663	0
2	1777	41488.608158148046	1
2	1780	41528.304284534226	2
2	1789	41608.751132657325	1
2	1794	41612.024246654031	0
2	1829	42243.15123217324	1
2	1835	42254.109474608248	0
2	1899	43482.964703519304	1
2	1902	43529.751267912356	2
2	1908	43658.405146897462	1
2	1913	43698.392124827822	0
2	1923	43832.854748834149	1
2	1925	43973.687159906298	0
2	1939	44290.579461203759	1
2	1941	44299.566598872811	0
2	1947	44307.135662720014	1
2	1949	44373.194104097654	0
2	2101	47935.948535052254	1
2	2107	47998.968078732748	2
2	2109	48021.080046005695	1
2	2122	48429.197924656742	0
2	2194	50071.986558513607	1
2	2196	50095.771743658796	0
2	2205	50241.823439312965	1
2	2207	50355.937052750028	0
2	2213	50420.877749271174	1
2	2218	50657.809252020902	0
2	2385	55050.877133723842	1
2	2387	55090.468278419579	0
2	2493	58139.016186309099	1
2	2495	58152.692512398775	0
2	2754	63873.258743208039	1
2	2760	63973.888455870496	2
2	2762	64052.139782814663	1
2	2770	64181.628545999881	0
2	2776	64265.365566955707	1
2	2779	64465.333660441081	2
2	2792	64571.902286038365	1
2	2800	64784.734929774311	0
2	2817	65123.234737906171	1
2	2820	65194.225900128838	2
2	2826	65325.237439662355	1
2	2831	65344.160605874475	0
2	2844	65514.741207066166	1
2	2857	65667.302606862393	0
2	2931	66905.794530313118	1
2	2936	67257.049440385155	0
2	3121	71010.013856397042	1
2	3132	71157.319480155619	2
2	3134	71321.081021518511	1
2	3142	71481.926490719262	0
2	3172	72125.114749920387	1
2	3178	72196.490306057807	0
2	3187	72322.259563622048	1
2	3189	72359.447980876546	0
2	3238	73619.987471246214	1
2	3247	73919.897582916817	0
2	3363	76590.054310957676	1
2	3376	76900.337548133511	0
2	3382	76942.424332078537	1
2	3387	77072.689209086754	0
2	3393	77087.238425467238	1
2	3398	77223.089214877945	0
2	3576	80888.758399869555	1
2	3578	80960.817337569417	0
2	3655	82082.767365321833	1
2	3666	82289.865219221203	2
2	3671	82357.499005280121	1
2	3688	82697.454389182537	2
2	3693	82707.072274604245	1
2	3698	82831.797362497861	0
2	3737	83595.243779638682	1
2	3744	83790.80655655606	2
2	3749	83937.58704165419	1
2	3759	84125.203986147054	2
2	3761	84135.022604519137	1
2	3766	84198.675395067214	0
2	3776	84280.347431799894	1
2	3778	84594.382954001924	0
2	3784	84704.977174190237	1
2	3787	84749.374145067113	2
2	3789	84801.185566022425	1
2	3794	84970.964333040275	0
2	3803	85077.91138944743	1
2	3805	85174.601230849078	0
2	4052	91583.246575175406	1
2	4055	91674.425996243437	2
2	4058	91735.070033421594	3
2	4060	91741.180018559651	2
2	4068	91826.003319988229	1
2	4077	91887.23458927471	2
2	4079	91904.761870152986	1
2	4095	92290.454518007316	2
2	4100	92437.887721046543	1
2	4105	92504.576758047768	0
2	4182	94017.244777676778	1
2	4192	94415.404258929495	2
2	4199	94456.254960297325	3
2	4201	94529.53221084864	2
2	4206	94579.42685175841	1
2	4212	94688.450353230958	2
2	4214	94692.296186702975	1
2	4219	94781.74985949264	0
2	4225	94815.038091170947	1
2	4228	94839.705947821157	2
2	4230	94855.328963568111	1
2	4236	95095.976067016551	2
2	4238	95104.896462803383	1
2	4247	95178.362164264847	2
2	4249	95210.527715891014	1
2	4254	95504.856298769542	0
2	4415	99755.113943835628	1
2	4418	99780.182169286882	2
2	4420	99781.091835052096	1
2	4436	100201.05080831828	0
2	4445	100359.444295408263	1
2	4447	100370.640032158168	0
2	4480	101044.393006072417	1
2	4486	101148.340073802443	0
2	4495	101331.567927951721	1
2	4504	101488.68428027077	2
2	4506	101498.071100802095	1
2	4515	101708.406056035631	0
2	4533	102070.031244956823	1
2	4535	102114.723585245134	0
2	4665	104801.377924207668	1
2	4667	104848.611759955425	0
2	4674	104913.467125388192	1
2	4676	104983.363072450862	0
2	4711	105756.233175818239	1
2	4713	105774.411867212162	0
2	4856	108109.674663616563	1
2	4859	108272.542992769842	2
2	4861	108296.704771227922	1
2	4866	108382.463645577592	0
2	5071	112271.849384888459	1
2	5078	112314.959827241547	2
2	5080	112363.630149470095	1
2	5086	112372.582182088866	2
2	5100	112596.81165501527	3
2	5102	112642.52119703777	2
2	5107	112693.623915178154	1
2	5112	112758.653071965291	0
2	5338	119213.23826804767	1
2	5344	119290.390429216578	0
2	5559	123430.389258091071	1
2	5576	123828.118684737138	0
2	5616	124364.909194287476	1
2	5620	124387.484807658288	2
2	5624	124458.32683283157	3
2	5629	124612.774764597619	2
2	5634	124762.308386525265	1
2	5648	124999.227820104827	0
2	5670	125219.743983846721	1
2	5677	125303.003839208652	2
2	5685	125583.245710219164	1
2	5690	125659.555265994868	0
2	5709	125953.097916983732	1
2	5711	126061.725826962123	0
2	5783	127336.43987883834	1
2	5789	127586.166109303216	0
2	5795	127678.352964456101	1
2	5797	127934.566433122585	0
2	5952	130317.907847948577	1
2	5954	130346.826372259522	0
2	5960	130420.102295835145	1
2	5962	130533.305042264492	0
2	5982	130912.293929802812	1
2	5984	130938.725538908912	0
2	6028	131827.353745912547	1
2	6038	131846.156320903551	0
2	6061	132205.212943452037	1
2	6063	132237.24522394697	0
2	6083	132548.449891029154	1
2	6093	132874.719108417139	0
2	6243	135505.948085159027	1
2	6251	135718.681733802746	0
2	6285	136271.876132802098	1
2	6289	136317.463239076092	2
2	6291	136320.137271929781	1
2	6296	136387.988707918923	0
2	6302	136480.389684041857	1
2	6308	136938.527305682181	2
2	6310	136974.457360238086	1
2	6315	136997.87586620819	0
2	6329	137154.519290075182	1
2	6331	137247.662855938326	0
2	6697	149981.942454309681	1
2	6700	150104.966870749578	2
2	6706	150132.748945267003	1
2	6712	150572.667468633892	2
2	6714	150680.00037577601	1
2	6719	150750.278979787283	0
2	6984	157398.022740223488	1
2	6987	157470.000798048956	2
2	6996	157577.448636496244	1
2	7002	157609.338814055351	2
2	7004	157860.17068065141	1
2	7010	157976.108412960513	2
2	7012	158031.630605245436	1
2	7017	158205.474397444902	0
2	7023	158231.154297929572	1
2	7026	158324.880915024361	2
2	7031	158439.954951750542	1
2	7037	158460.175822535957	2
2	7043	158703.961140824451	1
2	7052	158920.363448942508	0
2	7369	167296.672229810411	1
2	7378	167424.258423686167	0
2	7473	169200.276141837414	1
2	7475	169204.572367545241	0
2	7508	169898.977791272549	1
2	7515	170069.495704806465	2
2	7517	170099.860947940522	1
2	7522	170105.087872861328	0
2	7581	171244.808547810095	1
2	7583	171380.420868899848	0
2	7646	172775.162304814262	1
2	7651	172877.766564792802	0
2	7987	182898.97103467527	1
2	7990	183030.780000851716	2
2	7992	183207.050029625786	1
2	8006	183638.563596820986	0
2	8151	186659.84427787461	1
2	8157	186757.185352780374	2
2	8159	186760.826674026692	1
2	8168	186903.711689982051	0
2	8182	187112.72077677551	1
2	8191	187401.060772157694	2
2	8194	187444.548707176106	3
2	8199	187502.369914033705	2
2	8204	187611.006573156709	1
2	8209	187682.335361532355	0
2	8219	188092.802713998637	1
2	8221	188259.370388697321	0
2	8272	189388.523146988267	1
2	8284	189777.351503204196	0
2	8538	195443.818555864496	1
2	8543	195672.959580936369	0
2	8553	195798.817094711753	1
2	8556	195811.769643372534	2
2	8558	195857.692584537579	1
2	8563	195876.029813576276	0
2	8877	205090.167823824167	1
2	8883	205234.098175603549	0
2	9065	209275.476113101982	1
2	9076	209518.866253646487	0
2	9185	211499.367494749543	1
2	9187	211564.170132998861	0
2	9270	212838.450581585464	1
2	9276	213027.580548723511	0
2	9301	213426.658400039653	1
2	9303	213443.341893630586	0
2	9352	214377.261811043869	1
2	9354	214714.859770916302	0
2	9371	215096.258937027154	1
2	9373	215182.080069183466	0
2	9487	218818.601521367817	1
2	9489	218886.429408540882	0
2	9504	219054.311678474248	1
2	9510	219237.012402207469	0
2	9673	222759.364935491933	1
2	9675	222973.025700759873	0
2	9745	224105.406465476877	1
2	9747	224370.014202867914	0
2	9828	226011.595812370508	1
2	9830	226037.891239118944	0
2	9943	229244.401028951781	1
2	9945	229338.14206109879	0
2	10019	230843.019699918472	1
2	10021	230964.659857274622	0
2	10215	237683.880589855472	1
2	10222	237995.928104868511	2
2	10224	238074.699744821635	1
2	10229	238104.307528607689	0
2	10391	244515.309850137455	1
2	10393	244521.766874239031	0
2	10591	250992.569843887856	1
2	10596	251130.488610891885	0
2	10725	254816.243237836355	1
2	10731	255014.046857450383	0
2	10753	255675.576174093905	1
2	10758	255771.02017620601	0
2	10950	260292.748364121094	1
2	10954	260377.491675302219	2
2	10959	260550.561478416563	1
2	10967	260814.729155456272	0
2	10983	261044.337474209384	1
2	10985	261066.753781045915	0
2	10991	261133.567456215992	1
2	10993	261360.759693774523	0
2	11018	261857.21279430339	1
2	11020	261936.140068662909	0
2	11165	265561.056459639656	1
2	11171	265702.602164169312	2
2	11176	265923.620153227384	1
2	11181	266043.286886450916	0
2	11259	267319.910885898505	1
2	11261	267351.323917048088	0
2	11319	268507.096682062481	1
2	11331	268829.231239629491	2
2	11333	268902.648985931768	1
2	11338	268949.135207645152	0
2	11344	269070.315285144491	1
2	11365	269315.871440904251	0
2	11605	275883.861979890553	1
2	11607	275885.174028744756	0
2	11664	277181.311448178649	1
3	56	3579.308678467079	2794.0271315631
3	73	3868.669324991968	3584.5102093276
3	115	4585.309566393072	2711.6890128236
3	119	4730.436297608663	2711.787497839
3	139	5455.53189955538	2816.6393230017
3	154	5693.9256319948	1675.5127717182
3	172	6189.98493314924	3043.0813533347
3	180	6276.579377837466	2546.6361996531
3	192	6502.682688225807	3095.3600982204
3	199	6693.035014226291	2165.6654203869
3	259	8345.669318608831	2701.8359461706
3	266	8558.989604025182	2471.4088237938
3	292	9049.056874838104	2940.6558725517
3	324	9736.64120108417	2898.8036262151
3	331	9816.586976744434	3124.0017550439
3	342	9918.233030637373	2576.8932995014
3	355	10204.289965294821	2123.1216965429
3	384	10650.582630199735	2073.7371077389
3	394	10786.608970513214	3480.0717605341
3	444	11543.778293245015	2231.7735627014
3	459	11694.953896239377	2567.1391091157
3	463	11773.547716096342	3250.5181930494
3	481	11995.385428436399	2161.0209171352
3	514	12571.641923327403	2779.2278135754
3	540	12887.93382655114	3194.2241259274
3	545	13032.499553780475	2364.0205331018
3	549	13136.465552721471	2341.4212130171
3	553	13191.101687093133	3264.9477783311
3	577	13616.748932253973	1953.4199126982
3	582	13915.227708439746	3617.3136545136
3	611	14381.595272849182	4237.8876392613
3	622	14617.631122049348	4404.9019335284
3	626	14765.004525534281	4197.6732984101
3	653	15282.764595936136	1961.4213286433
3	671	15748.38986765487	3503.6399477925
3	685	16279.402785086845	2261.3139638957
3	704	16514.989084638917	2534.7597715817
3	727	17064.603535568139	3043.8401158992
3	742	17244.036727700501	2683.4161556326
3	757	17493.902758603938	1624.9366613477
3	787	18352.181062072608	3541.8414945435
3	798	18626.745059028386	2998.435361058
3	809	18972.289298774542	3381.584682148
3	836	19610.520979511698	2840.325891953
3	844	19795.506891750425	3406.0591658391
3	855	19936.454720323302	2698.8732587267
3	875	20372.195935643493	1834.3382138852
3	879	20505.788284039751	2442.0922308071
3	883	20620.346594653193	3129.4435992278
3	906	21632.974584556605	2259.4424425811
3	949	22967.863914310237	3053.0634763185
3	961	23519.021951332454	4245.7043749373
3	973	23735.749028043179	3111.3408898003
3	987	24062.476350997864	2424.1273818379
3	1010	24643.148116646021	2541.1909131892
3	1072	26349.643621683806	2608.4296226967
3	1087	26485.800335750371	3898.1507741008
3	1111	27071.201138910552	2615.0170922466
3	1138	27455.121678274373	2146.0651541222
3	1143	27500.364595798034	2487.9818038736
3	1169	27789.139066037912	2815.1496314129
3	1176	27933.239424542714	2503.5133231849
3	1180	28026.977958522985	3303.8243918434
3	1203	28570.150440137092	2911.0695210728
3	1234	28956.06013073797	2949.0663464027
3	1258	29542.228109107137	3046.9118412584
3	1276	29972.151828418355	2739.5828584582
3	1307	30493.325507084768	3342.8483597003
3	1314	30566.000833089248	2659.8812803682
3	1323	30746.218126221918	3201.9769000635
3	1327	30768.399690709006	3240.2929005026
3	1358	31231.818547910879	2837.3353598549
3	1362	31431.789585457113	3025.2824843387
3	1378	31875.299671815136	2688.0923596351
3	1402	32345.539315740362	2420.6275585528
3	1434	33120.948808782663	3559.1688289874
3	1438	33122.315454344134	3661.5896229261
3	1442	33204.660876906836	3008.0800381825
3	1450	33460.117707283165	3287.5294308735
3	1454	33661.89146096936	3132.8021518048
3	1472	34457.216314760038	2982.0160254836
3	1480	34665.57595877423	2744.8648538813
3	1521	36163.629391025105	2146.7881169915
3	1553	37050.197002447488	2288.0155553017
3	1575	37370.31831667363	1570.1703154575
3	1592	37643.377682373427	2473.449289659
3	1600	37807.810123522004	3414.0648467001
3	1619	38206.601296361306	2654.1091010657
3	1666	39274.556223536192	3075.1225539297
3	1677	39325.649557148467	4155.4821514985
3	1705	40046.979053123883	2481.3250671141
3	1731	40414.363073302294	3550.7227563858
3	1738	40771.586331462905	3299.9487097375
3	1756	41177.063585941248	3147.5677226577
3	1792	41608.751132657325	2976.3485581521
3	1797	41612.024246654031	2749.0508141275
3	1813	42090.659231873718	3252.7832120021
3	1838	42254.109474608248	3950.4895907178
3	1842	42286.794549180064	3444.8006291594
3	1857	42708.838711597086	1477.8826847859
3	1864	42935.226381068623	3657.3013556263
3	1881	43169.216598211346	2855.9575314965
3	1911	43658.405146897462	3082.0098182559
3	1916	43698.392124827822	2717.9359338619
3	1928	43973.687159906298	2643.7495880295
3	1932	44043.281322960433	3105.9297834488
3	1944	44299.566598872811	2827.8686517597
3	1952	44373.194104097654	2563.6390489548
3	1956	44642.455589752515	2666.2043177266
3	1960	44718.456969338626	3178.360418389
3	1973	45175.642805109424	2343.3440310521
3	1995	45485.525368330872	3485.6741918648
3	2013	46244.862262467148	2995.2837584412
3	2039	46960.393344045867	2034.4445808884
3	2061	47288.473918592815	2527.2083732765
3	2090	47744.77187695859	2866.9334068056
3	2112	48021.080046005695	2275.7834720146
3	2125	48429.197924656742	2707.1862174757
3	2132	48571.557374902218	3308.9801654974
3	2140	48776.388072366218	1778.2606961019
3	2144	48837.565867787176	3509.3387105147
3	2160	48925.40186305473	2006.4480410144
3	2182	49766.602977282823	2651.2145904545
3	2199	50095.771743658796	2475.4539003409
3	2210	50355.937052750028	3084.1094325297
3	2221	50657.809252020902	2670.5788560021
3	2229	50718.208969262617	2209.7763514984
3	2236	50998.219698149577	3525.36082118
3	2255	51518.536808611082	2391.2939892785
3	2291	52514.667155704433	2315.4464602936
3	2305	52949.876179346466	2028.3731939178
3	2332	53453.025264673598	2820.2812669706
3	2351	54077.34166559058	2622.9500025976
3	2355	54274.898314414577	2451.122253919
3	2390	55090.468278419579	2686.154551981
3	2407	55373.278181564461	3078.2206225566
3	2429	56156.697556464607	3305.6036317907
3	2461	57064.347767263126	4167.3024327122
3	2476	57700.724731074347	3035.6278916169
3	2498	58152.692512398775	2110.3887707368
3	2509	58416.139803579266	3063.3335405413
3	2543	59173.638550787842	1345.7615391165
3	2580	60164.728410988272	2621.9229353964
3	2602	60623.332138656017	2329.6630090289
3	2618	60938.567153910292	1835.1142450981
3	2635	61491.218415873724	2777.8259320557
3	2701	62713.965630253034	2874.3778696284
3	2714	63038.509301059694	2723.294045683
3	2734	63703.932414417915	2530.3129536007
3	2765	64052.139782814663	3597.7367194276
3	2773	64181.628545999881	2447.1617068194
3	2795	64571.902286038365	3509.6469106525
3	2803	64784.734929774311	3607.7518823961
3	2829	65325.237439662355	1939.6712336122
3	2834	65344.160605874475	3209.6221720745
3	2874	66131.512794420686	4048.5073665829
3	2883	66232.560368381578	2411.439144869
3	2891	66324.045104191062	2378.7214567691
3	2899	66510.572987283499	1802.0485409908
3	2917	66850.518694192328	2731.6082995199
3	2939	67257.049440385155	3575.4788859375
3	2943	67259.863347307004	1909.9635359301
3	2947	67315.09311042575	2774.812809946
3	2958	67816.734848988555	2919.7640400191
3	2985	68328.063070744736	2270.5334405601
3	2996	68527.86462464241	2906.0550836474
3	3057	69795.438675807097	3268.3224672452
3	3091	70456.717831381979	2200.8627075981
3	3106	70754.559197437973	3437.0452185161
3	3137	71321.081021518511	2689.6482038219
3	3149	71652.783140851956	2677.9553395979
3	3157	71886.667763532204	2491.5996214785
3	3192	72359.447980876546	2085.4954404943
3	3196	72363.196279386822	3579.7976980279
3	3210	72762.748952158567	3119.5472999414
3	3214	72946.479541193228	3417.0662813117
3	3254	74107.683036381401	3163.3363572042
3	3272	74482.931146150965	3892.5213806424
3	3280	74588.147069732001	3225.3309515223
3	3321	75645.630946417113	3144.5770384837
3	3325	75662.119417870351	3394.3678196613
3	3337	75924.280317931585	2937.837032564
3	3379	76900.337548133511	2719.5297543425
3	3390	77072.689209086754	3380.6693189358
3	3405	77363.702800152757	1849.6515074328
3	3416	77575.117238795173	2913.0785304342
3	3431	77817.982801169682	4304.4885108682
3	3468	78596.773335008291	3384.830167545
3	3486	79165.198384162975	2445.6433377508
3	3524	79786.146126028552	2240.1584711205
3	3539	80228.554363825992	2395.6072588172
3	3547	80304.369390891712	2474.122100668
3	3555	80573.688646892189	3396.3051967509
3	3581	80960.817337569417	3302.7724768594
3	3588	81057.792486078885	2405.7160240636
3	3602	81226.125521559836	1328.0457482593
3	3632	81609.929785233211	3788.7218819652
3	3674	82357.499005280121	3426.2032991834
3	3696	82707.072274604245	2988.1691099424
3	3701	82831.797362497861	3498.931081295
3	3708	82904.272294386907	2230.2583968726
3	3720	83144.874683239861	2513.2974330454
3	3724	83248.438911258096	2246.9576944086
3	3752	83937.58704165419	2695.209078826
3	3764	84135.022604519137	2781.2944038212
3	3769	84198.675395067214	3088.8788489631
3	3781	84594.382954001924	3044.7733454785
3	3792	84801.185566022425	3106.6763341596
3	3797	84970.964333040275	3774.7728554597
3	3808	85174.601230849078	3194.9558047173
3	3815	85275.19236890915	3993.4347500791
3	3826	85483.595730790504	3132.6661140144
3	3834	85992.336574852964	2175.4776964885
3	3846	86110.532778041985	3256.8033812474
3	3881	87388.153625728999	2143.508197898
3	3889	87774.287722863106	2364.7821716219
3	3919	88586.417045806129	1854.4047758169
3	3966	89495.461871240708	2921.3136828225
3	3970	89537.474758093974	2988.8478676602
3	3985	89688.337632274286	3049.5484631136
3	4015	90434.619556632414	2548.4967826679
3	4033	90831.24828090348	1633.8008647598
3	4071	91826.003319988229	3380.0891279988
3	4082	91904.761870152986	2734.8770731129
3	4103	92437.887721046543	2834.715315774
3	4108	92504.576758047768	3491.045887186
3	4116	92634.348927122162	3719.7004053151
3	4140	93097.803563162422	3145.5349708191
3	4157	93259.60519631786	3275.2038863372
3	4204	94529.53221084864	2992.3166142683
3	4209	94579.42685175841	2711.2095311657
3	4217	94692.296186702975	3863.5363404639
3	4222	94781.74985949264	2623.443694968
3	4241	95104.896462803383	2838.9584590571
3	4252	95210.527715891014	2777.9253823152
3	4257	95504.856298769542	2714.987902361
3	4276	96078.345452028672	3104.5611494688
3	4280	96200.983834097811	3135.68803821
3	4334	97802.495249852467	1808.5302341077
3	4342	97888.44577857053	3470.3969642892
3	4391	98878.817132339552	2585.9018067643
3	4423	99781.091835052096	2224.7150784731
3	4450	100370.640032158168	3486.3914130908
3	4458	100617.190717065765	3166.0794657748
3	4470	100798.876094539039	3003.427829396
3	4489	101148.340073802443	3091.3101366541
3	4509	101498.071100802095	2816.5263859414
3	4518	101708.406056035631	4514.6735717807
3	4526	101830.607805845262	3119.3973814546
3	4538	102114.723585245134	3884.0463472327
3	4542	102293.306849729591	3585.384006223
3	4560	102489.618168489398	2199.524314804
3	4570	102653.698414673032	2672.194684325
3	4591	102941.863875498588	2066.2891277019
3	4599	103389.090261336725	2157.3660823982
3	4670	104848.611759955425	2080.8651601709
3	4679	104983.363072450862	3577.7905272413
3	4683	105061.844594140637	2522.3726878781
3	4716	105774.411867212162	3035.9419628599
3	4724	105895.958058086324	3269.2339138018
3	4728	106007.413678232239	2568.4497732695
3	4743	106373.636604200707	3951.7604816851
3	4765	106865.92886643331	2920.8538074656
3	4806	107436.235009410903	3351.4694489446
3	4864	108296.704771227922	2760.0823600218
3	4869	108382.463645577592	1700.2173280902
3	4873	108585.72426243265	3245.3388702404
3	4896	109016.350769649978	2054.4184982959
3	4918	109251.375789245415	2360.7636114769
3	4922	109437.442239742888	2126.0141361654
3	4939	109867.142690661066	2316.8032279797
3	4953	110135.616176487402	3577.0324362839
3	4957	110153.851596936183	2629.9536611326
3	4993	110736.584761368581	2773.2395996433
3	5105	112642.52119703777	2614.6679546311
3	5110	112693.623915178154	2148.5670893579
3	5139	113547.360730427517	3076.192193967
3	5154	114119.335528918786	2907.5396905281
3	5166	114349.473126879662	2285.8721660357
3	5173	114547.187221321145	3095.8960948605
3	5183	114901.13110958861	3824.685458187
3	5228	116455.10588724894	2564.6071164776
3	5243	116718.366231292553	2048.1297050603
3	5257	117219.135595231748	2399.4525449071
3	5279	117791.898205141527	3310.0472995173
3	5295	117973.045258171571	2475.292714918
3	5302	118165.101655472307	2987.4474386405
3	5347	119290.390429216578	1863.0023611151
3	5351	119429.867211924831	2863.7296911143
3	5362	119820.641554369732	3851.8590290463
3	5373	119930.61673218877	2907.671630485
3	5385	120170.391889806106	2045.1327128336
3	5389	120227.88859867294	3244.2522798758
3	5403	120383.670373822296	2740.9412718471
3	5432	121175.53330333889	2577.811881071
3	5484	122319.302509853607	3418.5611472465
3	5502	122653.135414190142	2790.0250598788
3	5535	123233.421366685155	2982.6222552638
3	5579	123828.118684737138	3558.3451033104
3	5586	123961.731688563794	3302.7952680085
3	5601	124170.089404508675	3772.7654096391
3	5632	124612.774764597619	2855.9170806746
3	5637	124762.308386525265	3142.9406521147
3	5658	125196.34851811474	2988.3756048061
3	5688	125583.245710219164	2979.4017403671
3	5693	125659.555265994868	3022.0476152104
3	5700	125909.047947356603	2981.5606691167
3	5714	126061.725826962123	3956.1614818758
3	5718	126169.336120440532	2852.6501959862
3	5725	126269.780872992519	3270.5142625686
3	5742	126728.413881054351	4011.0014272887
3	5760	127119.672948094924	3644.1967539987
3	5792	127586.166109303216	4930.7912979346
3	5800	127934.566433122585	3172.085739311
3	5812	128146.020593296084	3827.1942784617
3	5834	128386.678467923979	3525.7916739405
3	5842	128602.036733400333	1776.7945001554
3	5859	128864.599300211859	3608.678523548
3	5900	129503.687374952378	2394.7920074221
3	5915	129795.842597874463	3211.9121001475
3	5926	129965.362299285758	2815.6907852646
3	5957	130346.826372259522	3298.5772527661
3	5965	130533.305042264492	1674.9475669116
3	5998	131223.280954194481	2861.8742943844
3	6017	131487.251389923914	2688.9218920216
3	6041	131846.156320903551	2537.2204032261
3	6048	131956.308033494484	2684.2552122634
3	6066	132237.24522394697	2058.5721256554
3	6100	132899.254647042703	3358.6041793346
3	6155	134048.335946152352	3142.5952147599
3	6166	134367.797230371635	2199.5051439665
3	6181	134510.30825932908	3105.4292967729
3	6203	134884.809696138848	2893.5489853006
3	6254	135718.681733802746	3462.2657055035
3	6258	135804.910441086172	3314.0332802944
3	6276	136162.902543553005	2286.7247230195
3	6294	136320.137271929781	3144.9333620723
3	6299	136387.988707918923	2833.314536233
3	6313	136974.457360238086	2974.9046222161
3	6318	136997.87586620819	3130.2935081287
3	6338	137280.160870205576	1901.1749102921
3	6342	137339.828160975378	2968.5314479641
3	6361	137980.171496823679	2792.2530778486
3	6379	138254.556974254512	3405.3164321419
3	6390	138639.490287939879	3064.5477573853
3	6416	139318.613093306338	3197.0811087079
3	6431	139800.396925626925	3203.7726802379
3	6443	140404.295473178678	2404.2823621351
3	6455	140661.341870381868	3238.185120821
3	6471	141095.343526236687	2371.4049475081
3	6475	141166.889544473552	2635.1070380118
3	6483	141527.892337356271	3279.5274493843
3	6526	144630.466693721737	2183.9574737381
3	6542	145411.692224750503	2540.2983186208
3	6569	146809.59808244795	3275.6069986615
3	6573	146847.649772893233	2369.9721852131
3	6577	146924.791380440869	3228.6655416805
3	6608	147863.274124917267	1982.8559719026
3	6632	148648.193666875804	1567.7115131635
3	6677	149521.396828833039	2116.4899246953
3	6726	150826.4042007039	2187.4122309979
3	6762	151864.495957470563	3642.497998782
3	6769	152172.338582535077	3506.0095991101
3	6810	153833.443703131912	2564.9606617168
3	6814	153984.781859058004	2473.679560069
3	6843	154553.189950865964	2882.2950012982
3	6919	155928.061238343983	1857.6856288221
3	6945	156286.341213539888	3096.7416782677
3	6952	156549.637571814043	3443.9820149314
3	6959	156852.65401380506	3924.6166216303
3	6999	157577.448636496244	2475.3816126287
3	7034	158439.954951750542	2747.2162364361
3	7055	158920.363448942508	1702.2288034727
3	7062	159120.070900002299	4426.1882346605
3	7074	159499.798429528221	3289.337803137
3	7078	159702.259313231762	4948.1806625119
3	7100	160327.786860787318	3076.4094386715
3	7155	162184.088830279284	3135.4104205314
3	7167	162350.895332366855	2204.4701695908
3	7179	162681.571919859512	2943.9394253679
3	7194	163397.262646413494	2628.073854642
3	7202	163422.135528214194	2213.8582124468
3	7226	163942.755633210006	2505.2592716832
3	7241	164200.221197175161	3523.5317876469
3	7260	164898.298170861709	1741.0833736975
3	7300	165788.656716895684	2300.282236319
3	7337	166548.246334396518	2816.0167451575
3	7381	167424.258423686167	2727.0064785238
3	7385	167532.005477555941	1883.8212974276
3	7404	167704.186313994624	3869.3113441765
3	7414	168167.40646842462	2633.0621445738
3	7449	168815.441206988392	2896.381237926
3	7478	169204.572367545241	3292.8087160271
3	7485	169440.715633816141	4079.6940153278
3	7520	170099.860947940522	3418.313452469
3	7525	170105.087872861328	1634.6617745336
3	7529	170289.907393984418	2621.891627647
3	7545	170532.19799863922	3354.1643794163
3	7560	171031.352839587631	3961.1403574496
3	7564	171055.113751718696	2281.363814157
3	7586	171380.420868899848	4080.5523620066
3	7594	171583.372212801367	2544.4166622218
3	7598	171625.897905510094	3302.4926680488
3	7614	171882.807854638846	2409.0004606638
3	7635	172573.325489630373	3660.3451676387
3	7658	172959.769835405549	3541.7583265342
3	7673	173363.965056060662	2239.2899653777
3	7677	173539.352787211356	2915.1218296308
3	7696	174367.333137237547	1892.4708504416
3	7716	174810.417042076317	2016.4150487445
3	7730	175005.796819228799	2912.3437179811
3	7734	175145.825597298866	2856.9997820165
3	7745	175803.09469268602	2241.9658063352
3	7749	175972.832782717259	2721.4729040489
3	7793	177594.678216054782	1799.4112235215
3	7804	177846.553528204971	2904.7029379942
3	7835	178559.883150797287	3682.6530980878
3	7868	179661.244717910408	3177.574218018
3	7879	179814.970363665878	2399.6154807229
3	7887	179864.436380265003	2260.6216624472
3	7946	181739.751780280518	2395.5686230212
3	7995	183207.050029625786	2926.496908078
3	8009	183638.563596820986	2159.636276532
3	8043	184274.740869328907	2443.4895649365
3	8047	184281.388973584069	3388.7647508437
3	8113	185832.834710650759	2362.8029198013
3	8126	186256.083957078529	2670.6766299158
3	8162	186760.826674026692	2791.408472294
3	8175	186940.106627128677	2765.8214558288
3	8202	187502.369914033705	2005.0454317557
3	8207	187611.006573156709	2457.6228597451
3	8212	187682.335361532355	2937.4561948618
3	8224	188259.370388697321	2940.1786949591
3	8244	188574.78813844868	2566.7109147456
3	8287	189777.351503204196	2411.2194664311
3	8291	189997.022310742742	2535.81857468
3	8295	190060.127870727132	2761.1179816257
3	8303	190226.774479634702	3511.4541422261
3	8325	190865.42864098871	1830.7699403912
3	8361	191665.576867986254	2453.1496801414
3	8384	191969.774272989944	2743.8269517291
3	8395	192242.933366491066	2573.3695137128
3	8425	192992.021681983415	2080.0109253824
3	8433	193150.390682167288	2606.5207188483
3	8444	193494.32621108127	2499.9235810339
3	8473	194113.850058612653	3756.5765700024
3	8477	194207.310951099553	2597.8585986793
3	8496	194300.226185615852	2358.3356527425
3	8515	194726.31096831697	3283.3059736155
3	8527	195087.36303084343	2939.6112692356
3	8566	195876.029813576276	1774.0198227391
3	8574	196392.715771247311	2759.5219322894
3	8578	196486.402995393511	3513.9732640459
3	8597	197277.864543965458	3034.4765360467
3	8626	198412.026537326739	3863.4747744631
3	8649	199115.364021277249	3454.6478314977
3	8653	199230.378244039393	2129.9262787588
3	8657	199230.89503614903	1831.8008723203
3	8693	200376.318016007257	2974.9322236329
3	8745	201927.45388196721	2664.6723986696
3	8759	202210.173013818963	2829.0541595221
3	8767	202373.912398195033	2694.2440933641
3	8793	202781.737119446946	3443.2665837184
3	8797	202882.937732609443	1941.5133508109
3	8812	203426.485134644078	2419.6919299476
3	8820	203682.272452132174	2233.8896954432
3	8886	205234.098175603549	3258.7700813357
3	8890	205256.898344105251	2827.4848129414
3	8902	205510.286138139318	2978.3925798522
3	8906	205649.350043566678	1886.2890847027
3	8910	205685.958606881907	3666.9118109252
3	8937	206616.93264445116	2051.2163755205
3	8999	208015.842428974579	3851.8866820168
3	9006	208084.859450635192	3560.9607765265
3	9036	208792.413348185333	1638.7375395186
3	9079	209518.866253646487	2275.3178049065
3	9090	209602.630025001153	3541.7789774481
3	9099	209777.084666211581	2035.4818352032
3	9110	209948.116212023819	2924.7828925977
3	9122	210163.951377198624	2985.2100517787
3	9126	210388.691625252801	3575.1627714509
3	9134	210410.359649141009	2390.4878216889
3	9190	211564.170132998861	3364.0224634856
3	9194	211593.589822948504	2645.9152325965
3	9219	212028.688679536338	2150.009632241
3	9231	212148.982356630749	2856.3417880787
3	9259	212809.71733343182	3307.8811918151
3	9283	213102.858230372682	2643.3038917277
3	9306	213443.341893630586	2670.7764448272
3	9314	213617.718605938075	2862.1205238719
3	9318	213628.481101909004	2649.6062996871
3	9361	214791.145829409463	2876.9613820687
3	9376	215182.080069183466	3225.148919737
3	9380	215222.861286315967	3060.946426822
3	9388	215533.541919698838	3167.4953568661
3	9399	216103.939897193668	3359.3343759135
3	9417	216280.38589003506	3145.3737222792
3	9424	217012.577074516035	2663.72628632
3	9492	218886.429408540882	2091.1554259714
3	9513	219237.012402207469	2982.9617640004
3	9517	219306.671141341878	2187.3838905618
3	9531	219722.185457622565	3527.1147465997
3	9535	219789.486513751778	2601.6460879426
3	9543	220089.366932135885	3992.493126511
3	9566	220510.778464286696	2125.618594503
3	9605	221515.17670495403	2593.7082301732
3	9628	222077.233026546193	3032.4991010875
3	9646	222390.612672593151	3392.9730274715
3	9662	222595.072399941863	1880.8570117224
3	9693	223275.944608425855	3731.5589830745
3	9701	223324.889899120124	3007.4467647169
3	9714	223571.9092396954	1895.806720918
3	9726	223804.900958680347	3291.7386304966
3	9750	224370.014202867914	2876.5463688131
3	9762	224579.990764057994	3520.5070176876
3	9783	224969.217598692793	3143.217986916
3	9787	225034.037751722616	2480.2478594519
3	9813	225596.538055166534	2086.438410636
3	9837	226082.096120228864	2581.3294237666
3	9845	226347.88050342835	1543.9704987125
3	9852	226417.30232714358	3081.9905622583
3	9885	227652.346096998199	2871.0188535322
3	9893	227729.069171065066	3115.7029363979
3	9910	228435.32575932482	2940.7562977262
3	9948	229338.14206109879	3809.6202886943
3	9955	229445.989976772895	2174.3072527461
3	9970	229731.79308765084	3332.7918635868
3	9986	230021.078743110722	2178.2228862226
3	9997	230287.803707755253	2841.8745816685
3	10001	230289.774104264415	3149.4928440638
3	10028	230981.576861242017	2412.3377025034
3	10055	231614.012153288007	2213.5952229251
3	10078	232417.245124696276	2860.2588870004
3	10090	232647.377624060003	2420.1983736735
3	10117	234022.173411596923	1626.1437268183
3	10137	235619.213624468057	2752.474860549
3	10193	237184.35992840154	2426.7798238434
3	10201	237368.880455835831	2353.9242514875
3	10227	238074.699744821635	2327.5663094858
3	10232	238104.307528607689	3228.2747618482
3	10236	238240.921890216282	3411.0065955855
3	10240	238350.337424822293	2527.6300882328
3	10251	238893.126962629256	2991.6745349835
3	10255	239120.020782861861	2844.3027952965
3	10288	241045.817298008012	2427.8192810062
3	10335	242547.100826936014	1642.1854831651
3	10346	242784.776397330509	2252.2308644
3	10380	244124.172382910218	2591.6684102174
3	10396	244521.766874239031	2801.0355019849
3	10416	245326.649643954072	2779.338801891
3	10420	245350.008005728105	4204.8642850667
3	10424	245482.47739843693	3430.5940126792
3	10466	246945.330915570475	2944.169509029
3	10494	247986.834241682432	2177.3062303942
3	10512	248508.41890121866	1691.2590365577
3	10541	249410.650486409278	3648.8006019965
3	10545	249476.515194991858	2926.6702573188
3	10584	250831.570798183507	3974.5243913122
3	10603	251345.314844665523	2376.8100746814
3	10617	251491.45487444322	2611.3671444822
3	10629	251908.359417552388	2754.35849738
3	10667	253047.37865332107	2525.0186077785
3	10683	253284.246788413996	2244.3332772329
3	10734	255014.046857450383	2632.4959929474
3	10746	255146.550662023502	2788.216005452
3	10775	256035.001132460537	3353.4085966618
3	10788	256300.623275134938	2139.8359945954
3	10869	258868.536064889114	2965.9352663811
3	10878	258917.672500397505	3150.5429665279
3	10887	258962.379693571103	2893.9378172625
3	10905	259551.82109782882	3564.5275962632
3	10921	259878.506324336992	3673.5047497507
3	10925	259977.199523685332	3550.0550770214
3	10962	260550.561478416563	3873.0676483994
3	10988	261066.753781045915	3379.1140944581
3	10996	261360.759693774523	3344.7439059747
3	11004	261480.228479030969	3164.0508338017
3	11034	262195.878728776367	3717.1470482091
3	11042	262534.178160814401	2881.8462995383
3	11049	262572.331014485655	3517.4302250691
3	11067	263080.666699902282	3500.2586878345
3	11100	264021.456921882328	2432.1918535978
3	11112	264419.225933645405	1875.409103483
3	11116	264447.273992913637	2442.5551111065
3	11179	265923.620153227384	3121.0577773489
3	11184	266043.286886450916	2546.6371069942
3	11192	266085.467039229827	1510.4194436129
3	11214	266451.070230056613	3063.5621699426
3	11228	266610.99829793864	3382.1986945989
3	11264	267351.323917048088	2541.4183362667
3	11280	267735.686369056232	2295.5875599291
3	11287	267811.545351817761	2298.3750885632
3	11305	268210.576493112406	2346.2549214474
3	11341	268949.135207645152	2787.301420886
3	11379	269597.794425809792	3101.2145422097
3	11383	269611.384020937725	3936.1585391495
3	11415	270373.080110896292	1680.4430359136
3	11419	270433.319764151102	2228.9458577614
3	11434	270753.355280731658	2811.033223439
3	11441	271033.862027742609	2292.6450691
3	11445	271149.87083821812	2746.3703139313
3	11472	271672.167348397809	3530.5443799654
3	11483	272104.420131607777	2858.5575778243
3	11491	272417.142968580912	3829.2351254333
3	11518	273030.65103825347	3471.8373857997
3	11525	273532.826745309018	2671.6019034293
3	11548	274379.68314954131	2590.481549995
3	11562	274608.988066593651	2956.9971380197
3	11610	275885.174028744756	3441.0107695777
3	11614	275984.009845871201	2512.0908056572
4	100	4400.144640205344	1819.0961884148
4	207	6830.263803618754	3042.0099874103
4	222	7167.263490270993	3304.1097016704
4	440	11432.114593110956	2728.0946728494
4	490	12019.009001407749	2493.4500009473
4	603	14099.056708354907	3137.2136850454
4	645	15133.738046157042	3897.990784246
4	746	17386.572521526367	1467.5337140635
4	851	19924.997970953418	1914.2748792283
4	991	24076.144126636646	2117.7576198243
4	1006	24481.28404316026	2782.0131642558
4	1107	26774.536863653941	2788.9162770007
4	1161	27724.17323329697	2778.8642264941
4	1369	31482.193941912482	3002.0177734416
4	1398	32340.439680416997	3888.388523049
4	1410	32476.061425174576	3679.3485534349
4	1608	38001.033204279269	2275.4024804849
4	1623	38222.553292948099	2698.2038650574
4	1693	39814.660829418778	2419.9882931728
4	2248	51438.270124931819	4069.8650995787
4	2367	54455.739175121849	2870.2842227183
4	2397	55192.680014046941	2235.2797803562
4	2415	55771.298741888608	2263.4228788687
4	2513	58538.398238246487	3417.798516769
4	2532	58917.873322182485	2966.1078015715
4	2551	59377.892581043466	4156.9445105672
4	2576	60094.771928982208	2291.2390108779
4	2667	62262.610004624259	2621.8898666091
4	2675	62402.13527519005	2444.6846289095
4	2807	64825.888410734367	2575.5066546483
4	2860	65667.302606862393	3205.2402063834
4	3039	69578.648167862397	2941.3733694982
4	3066	69974.023985613356	3110.9700563829
4	3074	70122.205370594587	2981.6637846135
4	3145	71481.926490719262	3088.9101995062
4	3181	72196.490306057807	2045.2572858026
4	3250	73919.897582916817	1444.5798257925
4	3348	76150.234725398934	2619.4699167833
4	3401	77223.089214877945	2884.903306989
4	3456	78306.994705120447	2182.3619260825
4	3490	79166.64273641566	2193.4805142693
4	3908	88080.846413675502	3099.806184629
4	3951	89198.751545000713	1852.3637930397
4	4063	91741.180018559651	2494.832614297
4	4233	94855.328963568111	3110.7797469956
4	4265	95755.87889464726	2993.7120161324
4	4313	97409.034071807207	3066.2508433498
4	4338	97859.191515786727	2749.4020667486
4	4439	100201.05080831828	2267.1622239691
4	4603	103390.140951597293	1982.9663750622
4	4687	105171.831405630697	2747.3937932219
4	4779	107003.936645818944	4198.5619163556
4	4817	107493.984346670363	2871.8386826199
4	4842	107871.57961120018	2593.0030095298
4	4914	109218.44800630228	3201.4111651304
4	5000	110852.273276879479	1737.6202136278
4	5016	111039.619394263649	2992.884158548
4	5034	111322.172542809212	3835.3467413778
4	5045	111528.507684089376	2606.8279207964
4	5083	112363.630149470095	2017.4391587265
4	5115	112758.653071965291	2631.5270741936
4	5119	112978.438243499024	2554.5422154171
4	5131	113351.341268246446	2591.8919662748
4	5205	115526.25969835707	3072.8926252853
4	5462	121939.911688496727	3456.7543906812
4	5473	122123.935106347135	2581.405077735
4	5651	124999.227820104827	4097.34262635
4	5764	127120.00887086485	4355.8458488094
4	5804	127969.28611591711	4467.4193643324
4	5874	129063.671942774871	4056.8362883424
4	5987	130938.725538908912	2158.8111776579
4	5991	130963.967220233262	2723.6798076451
4	6073	132294.366774511964	3403.8831674062
4	6096	132874.719108417139	2876.0751710453
4	6108	133009.25624660979	1525.1375717204
4	6119	133336.352890505896	2372.0928915713
4	6220	135023.608926852647	3078.8926763088
4	6334	137247.662855938326	3094.7508710113
4	6357	137700.381204255174	2953.0079913683
4	6487	141953.485934814952	2419.8683294468
4	6498	142567.758757945	3600.3338379599
4	6673	149518.597930674226	2225.0651918259
4	6709	150132.748945267003	1838.5849130061
4	6717	150680.00037577601	3188.2313116919
4	6722	150750.278979787283	2536.1194019392
4	6730	151176.548812749254	3986.1408915726
4	6734	151219.322082815372	2011.0973723502
4	6825	154058.702520791284	2300.0198938977
4	6885	155404.593390296586	1383.6405452527
4	6889	155429.282033172009	3341.1826175451
4	7007	157860.17068065141	2926.9550398437
4	7015	158031.630605245436	3364.6487152018
4	7020	158205.474397444902	3383.1657206237
4	7046	158703.961140824451	4327.1815058753
4	7089	159860.435076925957	2297.5839249138
4	7140	161657.644610482353	3309.6038628928
4	7245	164325.441563409629	2307.4042162299
4	7292	165683.427906696886	2228.754571164
4	7329	166452.62384830036	2388.7491001468
4	7418	168219.911353938421	3212.5694325188
4	7492	169509.460239593314	3624.5293206163
4	7654	172877.766564792802	1784.9520961381
4	7823	178240.196385538594	1262.3606890161
4	7839	178742.136879441396	2221.0383439902
4	7905	180529.701907927654	2618.9945517294
4	7931	181262.642688605301	2387.3193501402
4	7950	181805.215924347128	2877.8256913181
4	8013	183692.103561115482	4008.2078565191
4	8017	183804.592220084412	3311.9396825081
4	8051	184369.135794612175	3709.2021173735
4	8105	185793.189743774798	3544.9544193875
4	8171	186903.711689982051	3437.3531019967
4	8228	188293.298693855548	2770.6445245615
4	8240	188419.737213772977	3348.8313657365
4	8399	192289.208884687481	2883.9495935943
4	8546	195672.959580936369	2397.954752706
4	8561	195857.692584537579	3286.3517359458
4	8582	196498.725679710294	2507.3864876183
4	8705	200644.337016335619	2286.9454486202
4	8730	201471.433405797928	2981.1501691863
4	8842	204253.542261612243	2616.7537443805
4	8952	206954.644593960213	3777.4396026693
4	8965	207184.893155208645	2124.307678258
4	8969	207215.592264153145	2748.337884061
4	9169	211051.447659591636	2922.7148635857
4	9247	212461.170834295936	3408.5059653165
4	9279	213027.580548723511	3668.2518626656
4	9342	214245.219779221825	2517.1956473966
4	9357	214714.859770916302	2358.374505043
4	9446	217647.861901322722	2704.493899215
4	9595	221162.780319608973	2649.8758200556
4	9678	222973.025700759873	3343.6789799854
4	9754	224501.939009052819	2205.7577091269
4	9833	226037.891239118944	2973.9067846164
4	10024	230964.659857274622	2581.8053038884
4	10032	231002.761482610337	2998.006575359
4	10067	232161.956116151812	3219.9807590246
4	10101	232930.674791323999	1703.9382297546
4	10105	233029.447535794641	2240.4160030838
4	10270	240061.865061406341	2555.2434476092
4	10313	241849.574055505235	2270.4039154295
4	10400	244684.058904100312	2779.3076035939
4	10456	246601.193675460915	2949.8680043221
4	10508	248312.349486380477	2734.8618478887
4	10565	249980.516459942123	1925.2695147414
4	10599	251130.488610891885	3123.1766394998
4	10679	253213.180068485785	1828.6052370351
4	10706	253998.717022145157	2652.1462880261
4	10738	255035.708492157874	2693.7178205699
4	10761	255771.02017620601	2725.5098817946
4	10768	255916.744023076057	3757.2265196219
4	10970	260814.729155456272	3923.4397428714
4	10974	260832.260744172575	4571.1324686517
4	11000	261479.481856437025	3804.461666497
4	11023	261936.140068662909	3407.6036123115
4	11138	264855.430679100122	2086.823358424
4	11268	267438.538612980513	2014.3060516007
4	11336	268902.648985931768	3985.5939948329
4	11368	269315.871440904251	3184.2809044161
4	11372	269444.520292952214	2616.6342537403
4	11498	272490.626377044566	1769.1607775632
4	11618	276027.997017551871	2445.8700267412
4	11642	276688.761250769554	2291.8023875541

