version 2
run Iteration-36-20200521-09:52:57-67004
attr configname Iteration
attr datetime 20200521-09:52:57
attr experiment Iteration
attr inifile omnetpp.ini
attr iterationvars "$i=4, $j=1, $0=15-(4+1)"
attr iterationvarsf i=4,j=1,15-(4+1)-
attr measurement "$i=4, $j=1, $0=15-(4+1)"
attr network Network
attr processid 67004
attr repetition 0
attr replication #0
attr resultdir results
attr runnumber 36
attr seedset 36
itervar i 4
itervar j 1
param **.resourcePool.amount 4
param **.resourcePool1.amount 1
param **.resourcePool2.amount 15-(4+1)
param **.source.interArrivalTime exponential(6min)
param **.delay.delay uniform(4min,28min)
param **.delay1.delay uniform(10min,28min)
param **.delay2.delay uniform(4min,16min)
param **.allocate.resourceModuleName "\"Network.resourcePool\""
param **.allocate1.resourceModuleName "\"Network.resourcePool1\""
param **.allocate2.resourceModuleName "\"Network.resourcePool2\""
param **.deallocate.resourceModuleName "\"Network.resourcePool\""
param **.deallocate1.resourceModuleName "\"Network.resourcePool1\""
param **.deallocate2.resourceModuleName "\"Network.resourcePool2\""
param **.router.randomGateIndex "uniform(0, 1) > 0.2 ? 0 : 1"

vector 0 Network.allocate queueLength:vector ETV
attr interpolationmode sample-hold
attr title "queue length, vector"
vector 1 Network.allocate1 queueLength:vector ETV
attr interpolationmode sample-hold
attr title "queue length, vector"
vector 2 Network.allocate2 queueLength:vector ETV
attr interpolationmode sample-hold
attr title "queue length, vector"
vector 3 Network.sinkStat lifeTime:vector ETV
attr interpolationmode none
attr title "lifetime of arrived jobs, vector"
attr unit s
vector 4 Network.sink lifeTime:vector ETV
attr interpolationmode none
attr title "lifetime of arrived jobs, vector"
attr unit s
0	0	0	0
0	39	2878.981589917343	1
0	41	2890.898605960443	2
0	48	3245.705411964047	1
0	52	3282.252281638786	0
0	116	5746.376889270239	1
0	122	6146.466430231251	2
0	124	6226.547003732805	1
0	128	6298.612346344497	0
0	132	6362.847639099231	1
0	139	6768.116249508198	0
0	143	6789.398480389013	1
0	145	6799.918853630645	2
0	147	6887.348156636292	3
0	149	6951.4216638817	2
0	153	7019.95527642682	3
0	155	7161.454452765737	4
0	157	7169.712987294734	5
0	163	7318.427980886583	4
0	167	7318.62044914718	5
0	169	7330.662526219126	4
0	173	7392.078448005822	3
0	177	7438.647827775638	2
0	181	7591.512611157119	3
0	188	7859.380922451042	4
0	190	7860.425301538269	3
0	194	7880.086656846882	4
0	196	7982.562980272677	3
0	204	8191.091677630131	2
0	208	8460.260243694873	3
0	210	8592.812786707143	2
0	214	8736.836035295291	3
0	216	8750.856559975978	2
0	220	8765.80081534553	1
0	224	8869.413089760999	0
0	233	9148.536069012108	1
0	235	9207.911937675413	0
0	239	9277.809909029108	1
0	245	9659.939747669604	0
0	272	10900.363334961976	1
0	274	10907.37205150246	0
0	306	11976.265330074696	1
0	308	12036.938100376133	2
0	310	12119.71859972798	3
0	317	12173.274842411876	2
0	321	12368.745603116373	3
0	323	12376.031041179045	4
0	325	12583.138645075501	3
0	333	12711.793039836586	2
0	342	13107.3238796096	3
0	344	13176.702033925746	2
0	348	13183.354749008059	1
0	356	13291.388348229316	2
0	358	13334.844987772645	1
0	362	13385.902660627398	2
0	364	13466.799653097954	3
0	366	13534.672342090845	2
0	370	13625.629928231479	1
0	374	13959.548990028559	2
0	376	14008.125022388041	1
0	380	14036.528695770205	0
0	480	18651.752762583048	1
0	482	18759.945875901689	0
0	530	20330.201254758799	1
0	532	20386.770226051076	0
0	765	30471.926352594776	1
0	767	30539.679734955967	0
0	771	30559.086536739142	1
0	773	30569.663410611875	0
0	777	30812.504178883954	1
0	784	31004.260044343466	2
0	786	31117.971626247524	1
0	790	31265.690023414701	2
0	792	31275.792383986951	1
0	796	31461.664576066259	0
0	800	31647.532377196709	1
0	806	31713.978047800783	0
0	822	32220.530859017081	1
0	824	32371.459512117568	2
0	826	32515.026774060922	3
0	833	32530.682151672963	2
0	837	32534.05888686633	1
0	841	32720.826126681638	0
0	849	33000.570192349223	1
0	851	33234.787179414219	2
0	853	33333.564191443447	1
0	857	33548.841444397908	0
0	861	33572.394733688878	1
0	863	33641.286343081673	2
0	865	33747.265422402474	3
0	867	33921.512142165824	4
0	874	34181.592684301793	3
0	878	34322.477726126087	2
0	886	34347.036011984173	1
0	890	34448.4512162835	0
0	894	34604.44190420655	1
0	896	34641.530428300243	0
0	900	34739.345440482041	1
0	902	34786.044298460494	2
0	904	34938.503164811736	3
0	906	34960.640652142482	4
0	908	35224.870389011032	5
0	910	35255.313077728945	6
0	912	35368.36218240416	5
0	916	35450.973282290224	4
0	920	35480.020912448019	5
0	927	35736.632944317532	4
0	935	36025.237369346064	3
0	939	36047.174668142523	4
0	941	36299.973523365331	3
0	945	36586.728103148996	2
0	949	36661.533106436554	1
0	953	36696.125482544733	2
0	955	36748.867513025177	1
0	959	36908.535403810164	2
0	966	36927.771486783963	1
0	970	37137.469011049031	0
0	974	37202.342764772269	1
0	976	37230.026145299498	0
0	980	37441.634590674537	1
0	986	37580.802947613042	0
0	990	37756.426273918692	1
0	992	38025.64330057844	2
0	994	38301.566314791862	1
0	998	38302.558287652207	0
0	1029	39396.043332846335	1
0	1036	39593.696335097341	0
0	1109	43872.989545017032	1
0	1115	43941.272756766942	2
0	1117	44209.702376105965	3
0	1119	44220.784096588367	4
0	1121	44425.622302828403	5
0	1123	44557.94741017482	4
0	1127	44605.682795614197	3
0	1131	44608.431923168814	2
0	1135	44802.569786805639	1
0	1144	45038.051482898426	2
0	1146	45081.16013685948	3
0	1152	45261.924674257619	4
0	1154	45591.204967373981	5
0	1156	45679.779606060252	6
0	1158	45801.498246375408	7
0	1160	45819.456847578574	8
0	1162	45860.295457433081	7
0	1166	45900.005748245845	6
0	1170	45933.931504644647	5
0	1179	46234.360029378149	4
0	1183	46296.916379042163	3
0	1187	46375.598707481325	4
0	1189	46610.498503047953	3
0	1193	46637.971621077501	4
0	1195	46644.610481174514	5
0	1197	46853.807538669477	6
0	1199	46943.02362748606	5
0	1203	46966.138914136512	6
0	1209	47117.549629442587	5
0	1218	47293.075377120993	6
0	1220	47296.887891085062	5
0	1224	47407.162961217678	4
0	1228	47468.736929234097	3
0	1236	47514.921679687133	4
0	1238	47706.559295773699	3
0	1242	48117.502601782895	2
0	1246	48210.970313858221	1
0	1250	48278.137040652954	2
0	1252	48296.389697003683	3
0	1254	48333.81921959779	2
0	1258	48388.597763931255	3
0	1265	48524.040651734091	2
0	1269	48635.759080618813	1
0	1277	48810.361576761802	2
0	1279	48947.13519455118	1
0	1283	49285.39641400474	2
0	1285	49326.280617493454	3
0	1287	49607.177813912846	2
0	1291	49806.647106193575	3
0	1293	49838.499711879704	2
0	1297	49839.751781885604	3
0	1304	49969.899313258175	4
0	1306	50146.414197504714	3
0	1310	50149.745451922633	2
0	1318	50439.104238983224	1
0	1322	50696.641252160266	0
0	1326	50850.079893450536	1
0	1328	50882.037065380428	0
0	1337	51183.099606022591	1
0	1339	51215.69525957872	0
0	1398	53832.433553856297	1
0	1400	53907.449324373381	2
0	1402	54034.815332105372	3
0	1404	54039.145192549138	4
0	1406	54114.706233160846	3
0	1415	54133.456250367825	2
0	1419	54276.644351032606	1
0	1423	54394.32857725263	0
0	1571	61543.867422167455	1
0	1573	61663.447949632293	2
0	1575	61779.160695986597	3
0	1577	61884.758175656615	4
0	1579	61993.610865632308	3
0	1583	62013.635858102851	2
0	1587	62338.347539441961	3
0	1593	62616.314068402619	2
0	1597	62669.773249973076	3
0	1604	62990.968546896391	2
0	1608	63043.473422930522	1
0	1612	63180.520928904429	2
0	1618	63275.569223584843	1
0	1622	63478.660167719693	0
0	1688	66276.781410624751	1
0	1694	66544.477919334053	2
0	1696	66665.470770774618	1
0	1705	66911.931024812703	0
0	1709	66988.691650049492	1
0	1711	67098.734091200914	2
0	1713	67267.274806771189	1
0	1717	67407.272406919137	0
0	1785	69308.571141717589	1
0	1787	69359.962619817107	0
0	1797	69831.713656037946	1
0	1799	69921.374571402882	0
0	1803	69930.505852558491	1
0	1810	70199.981977066792	0
0	1926	75341.961228515387	1
0	1928	75403.741122321948	0
0	1985	78338.254931665482	1
0	1987	78428.601881654265	2
0	1989	78446.170127387943	3
0	1995	78512.863908535748	2
0	1999	78616.446087331086	1
0	2003	78730.044685574552	0
0	2041	80292.42179952906	1
0	2047	80713.124845940798	0
0	2051	80726.372752468157	1
0	2053	80942.029529878942	0
0	2061	80980.738891075901	1
0	2063	80982.341842378005	2
0	2065	80994.315407925927	3
0	2067	81071.587711529399	4
0	2069	81103.007590179811	5
0	2071	81137.252286840409	4
0	2075	81188.489035695085	3
0	2079	81200.675837243048	2
0	2088	81461.626437321751	3
0	2090	81498.287514906326	4
0	2092	81607.778710502402	3
0	2096	81614.55157131615	4
0	2102	81708.285896302774	5
0	2104	82025.279153459353	6
0	2106	82076.893283969405	7
0	2108	82441.04458792153	6
0	2117	82773.631005316267	5
0	2121	82869.930173674671	4
0	2125	82909.596563096361	3
0	2129	82943.763856273323	2
0	2133	83025.346414776174	3
0	2139	83206.657284205994	4
0	2141	83380.858729159621	5
0	2143	83507.779377467225	4
0	2147	83694.602137674402	5
0	2149	83769.199090293835	4
0	2153	83845.761635926633	5
0	2160	84295.483156437127	4
0	2164	84309.936925705137	5
0	2166	84344.191117550449	4
0	2170	84495.452213008135	3
0	2174	84737.209322823309	4
0	2176	84781.954293119599	5
0	2178	84843.592242965547	4
0	2182	84849.434555947076	3
0	2190	85011.991668793575	2
0	2194	85230.732858135592	1
0	2198	85360.572553056494	0
0	2223	86281.76201327896	1
0	2225	86387.936625547003	0
0	2304	89486.824641171255	1
0	2306	89608.249258590749	0
0	2402	93560.609211456499	1
0	2408	93767.671597903733	0
0	2418	94190.18776613566	1
0	2420	94445.280291424293	0
0	2469	95814.691067969518	1
0	2476	96231.516560374844	2
0	2478	96398.363563383513	1
0	2486	96781.269219411261	0
0	2507	97382.032496297529	1
0	2513	97614.903415569368	2
0	2515	97675.271357970827	1
0	2524	97997.167185371363	0
0	2528	98125.636555000116	1
0	2530	98185.481029791482	0
0	2534	98223.288725781082	1
0	2540	98295.241169341244	2
0	2542	98320.621609920096	3
0	2544	98371.336212773729	4
0	2546	98419.49358984242	3
0	2550	98521.72994248453	4
0	2552	98595.157878895843	3
0	2556	98793.852593987215	4
0	2558	98838.332622622693	3
0	2562	98868.403687508505	2
0	2566	98980.125229256035	3
0	2568	98981.610435287052	2
0	2572	99072.347521274165	3
0	2574	99134.780907534139	4
0	2581	99392.210190965889	5
0	2583	99655.052786091071	4
0	2587	99702.892553066559	3
0	2591	99721.447909896815	2
0	2595	99777.081993346369	3
0	2601	100470.356953521915	2
0	2605	100627.483834701174	1
0	2614	101040.936699969316	0
0	2618	101182.570567662186	1
0	2620	101263.470182003182	0
0	2628	101413.388872119019	1
0	2630	101557.38901838898	0
0	2678	103437.712203883565	1
0	2680	103513.266259551769	0
0	2699	103964.13580430129	1
0	2701	104070.020755367879	2
0	2703	104310.378297091251	1
0	2707	104376.94021488474	0
0	2711	104393.806236483885	1
0	2713	104454.234417265557	2
0	2715	104472.233355306451	3
0	2717	104532.932427986302	4
0	2723	104828.742888204522	5
0	2725	104868.808305286398	4
0	2729	104942.351265395895	5
0	2731	105035.086928770976	6
0	2733	105055.268228778116	5
0	2737	105167.721152213697	6
0	2744	105258.734918562037	5
0	2748	105492.745551042332	6
0	2750	105520.634955711286	7
0	2752	105588.600807440136	8
0	2754	105648.600873889508	9
0	2756	105673.096734666055	8
0	2760	105679.284435936682	7
0	2773	106063.828670026235	6
0	2777	106308.01653687728	5
0	2781	106328.801269218853	4
0	2790	106653.475758721394	3
0	2798	106915.825768985486	4
0	2804	107022.786654987162	3
0	2808	107033.019277662566	2
0	2812	107421.702733339268	3
0	2814	107464.333915700914	4
0	2816	107503.880295035703	3
0	2825	107541.423529698489	4
0	2827	107677.534185065439	5
0	2829	107683.415249886537	6
0	2831	107690.197414287798	5
0	2835	107729.071376633556	6
0	2837	107767.4094863944	7
0	2839	107945.155367427101	6
0	2843	108006.17847802983	5
0	2847	108155.042255054702	6
0	2853	108403.773308338098	5
0	2857	108465.149550460806	4
0	2861	108516.993567653721	3
0	2865	108931.470503541813	4
0	2872	109156.027740330867	3
0	2876	109273.624904167764	4
0	2882	109510.385199691874	5
0	2884	109535.627909255488	4
0	2888	109938.632081941491	3
0	2892	110039.713255020188	4
0	2894	110065.711569212904	3
0	2898	110120.390408923192	2
0	2902	110146.909279727809	1
0	2915	110644.115179942422	0
0	2997	114128.102906027424	1
0	3004	114539.319034544093	2
0	3006	114804.436035152065	1
0	3014	114851.026961792619	0
0	3018	114854.906943932712	1
0	3020	115114.255870957757	0
0	3162	121775.401190084367	1
0	3164	122130.575574353478	0
0	3168	122199.41381630976	1
0	3170	122239.294545190711	0
0	3180	122432.282040482784	1
0	3182	122551.070683673039	0
0	3191	122621.632019557183	1
0	3193	122658.571969787505	2
0	3195	122870.263417905372	3
0	3197	123038.782658824999	2
0	3205	123339.394068174205	1
0	3209	123443.952548916237	2
0	3211	123468.422789536431	1
0	3215	123681.083925055642	0
0	3219	123887.730445739094	1
0	3221	123988.841100242624	0
0	3230	124089.640932154625	1
0	3232	124097.383274122474	2
0	3234	124102.012341866572	1
0	3238	124222.197523418537	2
0	3240	124459.329125709973	1
0	3244	124772.193838199021	2
0	3246	124853.988901749268	1
0	3254	124884.303342863326	2
0	3256	125063.528294124004	3
0	3258	125097.438960211654	2
0	3267	125223.955251072237	1
0	3271	125384.481828302286	0
0	3275	125416.02778959072	1
0	3277	125619.935515516584	2
0	3283	125814.971465654686	1
0	3287	125873.466641103544	2
0	3289	126061.238282335272	3
0	3291	126096.732118303259	2
0	3295	126108.214175273368	1
0	3299	126362.37585535862	0
0	3303	126493.91818784618	1
0	3305	126496.507525465497	2
0	3312	126950.05619300812	3
0	3314	126967.799132034324	2
0	3318	127011.053015390714	1
0	3322	127053.533453588078	0
0	3374	128667.759885993906	1
0	3376	129045.620144707661	2
0	3378	129408.106739065919	1
0	3386	129577.341282509631	0
0	3390	129606.397374743865	1
0	3392	129626.094158637032	0
0	3424	130613.223230299201	1
0	3430	130730.200908730879	0
0	3516	133608.340237322185	1
0	3518	133745.455545777235	0
0	3630	137458.780197196788	1
0	3632	137713.26143016307	0
0	3642	138077.858168214752	1
0	3649	138230.971573171554	0
0	3653	138279.591564235682	1
0	3655	138331.768238341463	2
0	3657	138371.901662228792	1
0	3661	138560.918208297476	0
0	3665	138769.613316310821	1
0	3667	138777.309801016491	2
0	3669	138792.819772335169	3
0	3671	138899.87568276876	2
0	3679	139026.013017705887	3
0	3681	139107.360937091641	4
0	3683	139338.601987217106	3
0	3692	139590.146993260965	2
0	3696	139902.948145803492	3
0	3698	139953.659809981129	4
0	3700	140008.846510192542	3
0	3704	140028.322079081223	2
0	3708	140065.24137944404	1
0	3717	140352.387702699885	0
0	3797	142717.87709752319	1
0	3799	142746.086233865848	2
0	3801	142806.935085768985	3
0	3803	143124.86624742964	2
0	3812	143402.082484771031	3
0	3814	143501.210781532234	2
0	3822	143654.972234877204	1
0	3826	143772.264595582278	0
0	3932	148114.564744843341	1
0	3938	148241.509556553923	0
0	3986	150256.899352491436	1
0	3988	150523.225433821048	2
0	3990	150595.938601555227	3
0	3996	150661.514739956913	4
0	3998	150928.10312529752	3
0	4002	150945.109856441393	2
0	4011	151186.042471756911	3
0	4013	151346.945053880509	2
0	4017	151457.375953250668	1
0	4025	151890.50965456023	0
0	4064	152925.275439666432	1
0	4070	152982.465405228947	0
0	4079	153097.852070282587	1
0	4081	153307.156929108005	2
0	4083	153350.310455807586	1
0	4087	153393.549815724498	2
0	4098	153978.769712470015	3
0	4100	154026.302920096137	2
0	4104	154057.254021849521	1
0	4108	154135.280349047391	2
0	4114	154287.63875460944	1
0	4118	154326.281968633187	2
0	4120	154373.514957078834	1
0	4124	154450.957673411436	2
0	4126	154545.644322915324	3
0	4128	154555.44213292379	2
0	4132	154558.615010806564	3
0	4134	154562.597266854966	4
0	4136	154962.739293418899	5
0	4138	154982.278779447593	4
0	4151	155631.995073917721	3
0	4155	155695.590160351285	2
0	4159	155705.62086439236	1
0	4163	155777.053585662555	2
0	4165	155984.125662916442	1
0	4169	156047.836647007653	0
0	4173	156082.542117237142	1
0	4175	156321.892256425568	2
0	4177	156392.763416157206	1
0	4181	156416.618049382526	2
0	4183	156550.469726548113	1
0	4187	156563.944475299865	2
0	4194	156780.663228342083	3
0	4196	156904.87265426717	2
0	4200	157168.892069186483	1
0	4204	157252.634021353015	0
0	4256	159835.259521287065	1
0	4262	159878.77737868889	0
0	4266	159922.074840839717	1
0	4268	159978.988664179889	2
0	4279	160573.78121354449	1
0	4283	160629.297118938122	0
0	4287	160645.478102199106	1
0	4294	160974.70355350836	0
0	4341	163191.547986921791	1
0	4343	163403.861840589328	2
0	4345	163488.013652543398	1
0	4349	163499.444634504004	0
0	4443	168433.934315996465	1
0	4445	168454.143351735232	0
0	4454	168881.650131370644	1
0	4456	168945.029586771729	0
0	4481	169786.600769366782	1
0	4487	170111.978052192984	0
0	4491	170301.311465428925	1
0	4493	170400.036146113875	0
0	4508	170665.540906983846	1
0	4510	170689.224710473932	0
0	4524	171608.085811829265	1
0	4526	171633.80751500071	2
0	4528	171728.581262873627	1
0	4537	171795.246213259402	0
0	4653	177930.11634523188	1
0	4655	177990.092062168343	0
0	4760	183778.857041372771	1
0	4766	183867.088651355288	0
0	4781	184232.899354489245	1
0	4783	184499.282699886089	2
0	4789	184842.984726670108	3
0	4791	184880.992534009005	2
0	4795	185275.179362236806	1
0	4799	185277.119641598246	0
0	4857	187520.601892767696	1
0	4859	187633.358121855176	2
0	4861	187843.180806741259	1
0	4865	187996.576682560706	0
0	4917	190227.04931191186	1
0	4924	190421.76432152802	0
0	4961	191776.006912999393	1
0	4963	192026.510499415802	0
0	4971	192394.629151243802	1
0	4973	192496.603574117528	0
0	5039	194561.301381278536	1
0	5041	194628.94373728945	0
0	5049	194855.491877117352	1
0	5051	195031.454464702786	2
0	5053	195112.125002919278	1
0	5057	195273.765366125432	0
0	5061	195323.456182227326	1
0	5068	195530.286964165772	0
0	5072	195549.099929911801	1
0	5074	195689.751474032058	0
0	5088	196109.236687907952	1
0	5090	196287.216879049196	0
0	5111	196879.023382836836	1
0	5117	197011.987989586818	2
0	5119	197022.154971863878	3
0	5121	197026.887381782054	2
0	5130	197135.856452094271	1
0	5134	197173.041071690252	2
0	5136	197354.107310228951	1
0	5140	197407.483457753318	2
0	5142	197503.709214997708	1
0	5146	197584.004702135183	0
0	5160	198072.978884424037	1
0	5162	198082.337125454697	2
0	5164	198092.608898598357	3
0	5166	198138.355098063006	2
0	5170	198225.205557771765	3
0	5172	198330.193548715528	2
0	5181	198501.630543186523	1
0	5185	198561.487201121915	2
0	5187	198726.485695538341	1
0	5191	199049.825294126986	0
0	5247	200431.413090194641	1
0	5249	200468.951594382929	2
0	5251	200534.26796803725	1
0	5255	200866.227376512679	2
0	5257	200946.12116013077	3
0	5259	200992.601717530518	2
0	5263	201003.799739241303	3
0	5270	201033.217370688709	2
0	5274	201668.592542848171	3
0	5276	201825.264092632654	2
0	5280	201854.178617296103	1
0	5284	201905.507051764756	0
0	5292	201973.110894279118	1
0	5299	202060.752214260193	0
0	5309	202344.499616216078	1
0	5311	202555.950716726276	0
0	5321	202748.217821850136	1
0	5332	203022.887499665204	0
0	5336	203171.1943881499	1
0	5338	203599.325504211062	2
0	5344	203709.323446703964	1
0	5348	203717.086726940963	0
0	5396	205554.558362453433	1
0	5398	205739.226698105106	0
0	5402	205768.593655399505	1
0	5404	205862.474650799265	0
0	5412	206227.650560832775	1
0	5419	206254.849249418295	0
0	5571	213696.500556805016	1
0	5573	213752.512099217098	2
0	5575	213879.804735192034	1
0	5579	213911.145052002512	0
0	5583	213948.512353648464	1
0	5585	214081.131754129269	0
0	5589	214081.999189031896	1
0	5591	214172.263277516637	0
0	5595	214213.754054781386	1
0	5597	214248.034380913917	2
0	5604	214579.934486230934	3
0	5606	214684.573660703145	2
0	5610	214707.842042417202	1
0	5614	214717.520694383822	2
0	5616	214871.336186002607	3
0	5618	214944.177982968408	4
0	5620	214973.61661174586	5
0	5622	215066.740880701403	4
0	5626	215100.658291251335	3
0	5630	215131.224742963054	2
0	5638	215310.438348631547	3
0	5640	215527.662121901058	2
0	5644	215665.79154101806	3
0	5646	215736.838747445944	4
0	5648	215796.611041966538	3
0	5657	215914.987944112096	2
0	5661	216078.358993099799	3
0	5663	216150.342453853928	2
0	5667	216465.459488021558	3
0	5669	216529.844162634649	2
0	5677	217159.471703478072	1
0	5686	217273.873978169404	0
0	5712	217869.861474278823	1
0	5714	217931.873613869799	0
0	5718	217961.123083263339	1
0	5720	218390.094947702649	2
0	5722	218408.964615845521	1
0	5726	218569.980018928511	2
0	5733	218769.02325781598	1
0	5737	218788.150745012587	0
0	5741	218966.547142423878	1
0	5747	219106.075499290069	0
0	5813	221788.58382235623	1
0	5819	221936.439385164106	2
0	5821	221960.471365424489	3
0	5823	222075.530851254333	2
0	5827	222277.354063980265	1
0	5831	222300.747065412255	0
0	5925	226238.80106707971	1
0	5927	226298.46248027319	0
0	5931	226544.948424831722	1
0	5933	226651.193081351326	0
0	5937	226773.030284851727	1
0	5944	227231.512062065698	0
0	6044	231291.439678754919	1
0	6055	231648.203013365222	0
0	6059	231785.018685628191	1
0	6061	231987.203445365642	0
0	6069	232126.213985287536	1
0	6071	232262.249439279413	2
0	6073	232269.39831252571	1
0	6077	232278.918273649395	0
0	6081	232553.353296912665	1
0	6088	232764.968640837377	2
0	6090	232803.793378745271	1
0	6094	233197.961228213489	2
0	6096	233228.164200836656	3
0	6098	233295.53549957949	2
0	6107	233363.570283086857	1
0	6111	233549.227039409791	0
0	6129	233973.407474549587	1
0	6131	234006.917555030415	2
0	6133	234093.257915689827	1
0	6137	234198.419660772321	2
0	6139	234412.389370738746	1
0	6148	234664.121938801419	2
0	6150	234776.312519578253	1
0	6154	234875.416244784257	0
0	6290	240985.544388878262	1
0	6292	241048.331929936013	0
0	6339	243438.598447365224	1
0	6346	243556.28651174096	2
0	6348	243611.791044056832	3
0	6350	243637.84910867715	4
0	6352	243648.975070528947	3
0	6356	244131.633160412879	4
0	6362	244301.335502056725	5
0	6364	244317.397459851843	6
0	6366	244365.439888949203	7
0	6368	244408.689544270214	6
0	6372	244410.00843271194	7
0	6374	244512.887829453989	8
0	6376	244627.299435237845	7
0	6380	244690.184982347068	6
0	6384	244840.629598865684	5
0	6388	244899.723883755766	4
0	6397	245012.902118641134	5
0	6399	245038.766439544459	4
0	6403	245255.991774158951	3
0	6407	245457.947212780317	2
0	6411	245467.655382044874	1
0	6419	245724.773672589479	2
0	6421	245847.885102654299	1
0	6425	245900.989744732555	0
0	6429	246007.702613947614	1
0	6431	246018.999711406707	2
0	6433	246080.375595296374	3
0	6435	246082.390573511911	4
0	6437	246123.997684272703	3
0	6441	246173.537233286093	4
0	6448	246645.985559246292	5
0	6450	246684.926790399118	6
0	6452	246727.33272759845	5
0	6456	246893.004525974654	4
0	6464	247050.669745619174	3
0	6473	247215.610460589132	2
0	6477	247440.958875845086	3
0	6479	247475.455356048819	2
0	6487	247712.005460957489	1
0	6491	247776.357880684312	0
0	6495	247987.647766156771	1
0	6502	248142.556588053075	2
0	6504	248266.298855357133	1
0	6508	248499.694262794031	2
0	6510	248718.597122425613	1
0	6518	248893.336815722548	0
0	6528	249217.240240148	1
0	6530	249401.661833899792	0
0	6572	250774.996795699392	1
0	6574	251208.220713255805	0
0	6578	251210.101342388985	1
0	6580	251410.835754576285	0
0	6711	256951.622367069719	1
0	6713	257133.071531350959	0
0	6717	257137.806454072496	1
0	6719	257151.31466689667	0
0	6723	257177.737031898232	1
0	6725	257241.258857142373	2
0	6732	257457.066244560954	3
0	6734	257658.029771341353	2
0	6742	257716.111315223623	1
0	6746	257762.874265211309	0
0	6750	258176.418474425931	1
0	6752	258348.993465398716	2
0	6754	258449.136117241888	1
0	6758	258603.528576749612	0
0	6783	259438.507362082793	1
0	6785	259665.422997917284	0
0	6860	262429.661867487095	1
0	6862	262573.154703542126	0
0	6902	263627.93710576687	1
0	6904	263685.774698397888	0
0	6947	265185.185411552953	1
0	6949	265185.404183791482	0
0	6990	266256.78821616715	1
0	6992	267064.613318752143	0
0	6996	267268.557332669752	1
0	7003	267320.346641753382	0
0	7062	269367.510847744658	1
0	7064	269532.773258540901	2
0	7066	269543.184561077044	1
0	7075	269749.354016998789	2
0	7077	269990.201813816853	1
0	7081	270124.641132751741	0
0	7100	270474.264371761992	1
0	7102	270690.37886583788	0
0	7154	273058.228182581622	1
0	7156	273076.954298131775	0
0	7170	273576.772933844479	1
0	7172	273727.172309967885	0
0	7176	273827.267527707683	1
0	7183	274045.822662143279	2
0	7185	274111.616194844853	1
0	7193	274344.644809541783	0
0	7209	274698.692452418436	1
0	7211	275074.002520330857	0
0	7220	275114.643504895845	1
0	7222	275964.982855943522	0
1	0	0	0
1	16	1575.699535061145	1
1	22	1954.966069384518	2
1	25	2113.534250453421	3
1	43	2934.877784692338	2
1	50	3245.705411964047	3
1	54	3282.252281638786	4
1	57	3590.488361599848	5
1	64	3743.432607538778	6
1	70	3920.962063698808	7
1	76	4283.622946066331	8
1	78	4557.888417935586	7
1	87	4656.660597561169	8
1	90	4787.923689641941	9
1	97	5168.341343991334	10
1	108	5659.977655199012	9
1	126	6226.547003732805	10
1	130	6298.612346344497	11
1	134	6756.914366597897	10
1	141	6768.116249508198	11
1	151	6951.4216638817	12
1	165	7318.427980886583	13
1	171	7330.662526219126	14
1	175	7392.078448005822	15
1	179	7438.647827775638	16
1	183	7710.087419536552	15
1	192	7860.425301538269	16
1	198	7982.562980272677	17
1	206	8191.091677630131	18
1	212	8592.812786707143	19
1	218	8750.856559975978	20
1	222	8765.80081534553	21
1	226	8869.413089760999	22
1	228	9126.993969783774	21
1	237	9207.911937675413	22
1	247	9659.939747669604	23
1	250	9805.198763915758	24
1	253	10369.179625241992	25
1	256	10385.130720967238	26
1	267	10686.167606946668	25
1	276	10907.37205150246	26
1	279	11045.01086078996	27
1	289	11117.001611024943	28
1	295	11201.346208217436	29
1	298	11663.745106559865	30
1	312	12152.337656079447	29
1	319	12173.274842411876	30
1	327	12583.138645075501	31
1	335	12711.793039836586	32
1	337	12841.99134174048	31
1	346	13176.702033925746	32
1	350	13183.354749008059	33
1	360	13334.844987772645	34
1	368	13534.672342090845	35
1	372	13625.629928231479	36
1	378	14008.125022388041	37
1	382	14036.528695770205	38
1	384	14163.039595040149	37
1	390	14437.222848731969	38
1	393	14637.456919462086	39
1	396	14852.426849983872	40
1	411	15334.729637645773	39
1	417	15374.300810619235	40
1	424	15968.526783699449	41
1	429	16015.79307996913	40
1	438	16368.300018270948	41
1	441	16440.286719381967	42
1	451	17052.052557974071	43
1	457	17165.645392306735	44
1	460	17289.474910639133	45
1	462	17407.059920162551	44
1	484	18759.945875901689	45
1	486	18776.335222527973	44
1	492	18837.365877179988	45
1	498	18957.572837947523	46
1	501	19323.405901446504	47
1	514	19809.078542713036	48
1	517	19813.414136725381	49
1	522	20254.214188738383	48
1	534	20386.770226051076	49
1	537	20436.453483580954	50
1	546	21046.186357590027	49
1	552	21131.151075481132	50
1	554	21650.904771697365	49
1	560	21774.946447114495	50
1	570	22007.317495820089	51
1	573	22013.171982479451	52
1	585	22527.754057368853	51
1	595	23214.528579375473	52
1	598	23270.173445909782	53
1	603	23390.414105730721	52
1	609	23390.851411347566	53
1	612	23610.400831794556	54
1	622	24024.30511606887	55
1	630	24249.645765426227	54
1	643	24647.857319220992	55
1	646	24980.058260998213	56
1	652	25342.140015233435	57
1	655	25550.84754661659	58
1	657	25783.938229961911	57
1	668	26475.716208315113	56
1	681	26592.039573030525	57
1	684	26688.36776967367	58
1	699	27708.771855004722	57
1	705	28046.964290863692	58
1	708	28071.148369530814	59
1	714	28239.399599736921	60
1	727	28423.508889211029	61
1	730	28755.436024803181	62
1	733	28850.447450009659	63
1	735	29298.249134377235	62
1	744	29674.847584436049	63
1	756	29989.595621333237	64
1	769	30539.679734955967	65
1	775	30569.663410611875	66
1	779	30909.965545034626	65
1	788	31117.971626247524	66
1	794	31275.792383986951	67
1	798	31461.664576066259	68
1	808	31713.978047800783	69
1	811	31778.15654798174	70
1	817	32066.682017274625	71
1	828	32526.752292302096	70
1	835	32530.682151672963	71
1	839	32534.05888686633	72
1	843	32720.826126681638	73
1	855	33333.564191443447	74
1	859	33548.841444397908	75
1	869	33970.202933384696	74
1	876	34181.592684301793	75
1	880	34322.477726126087	76
1	888	34347.036011984173	77
1	892	34448.4512162835	78
1	898	34641.530428300243	79
1	914	35368.36218240416	80
1	918	35450.973282290224	81
1	922	35617.000825202683	80
1	929	35736.632944317532	81
1	937	36025.237369346064	82
1	943	36299.973523365331	83
1	947	36586.728103148996	84
1	951	36661.533106436554	85
1	957	36748.867513025177	86
1	961	36910.232304718936	85
1	968	36927.771486783963	86
1	972	37137.469011049031	87
1	978	37230.026145299498	88
1	988	37580.802947613042	89
1	996	38301.566314791862	90
1	1000	38302.558287652207	91
1	1003	38329.99079684472	92
1	1005	38418.66150202475	91
1	1014	38661.318593467217	92
1	1017	38720.399277267579	93
1	1031	39578.203909353013	92
1	1038	39593.696335097341	93
1	1041	39703.064052121693	94
1	1044	39849.975327784193	95
1	1053	40668.240180912088	94
1	1059	40881.820041745328	95
1	1062	41105.657713589756	96
1	1072	41713.759025688985	97
1	1074	42343.820249394174	96
1	1087	42947.46709853483	97
1	1093	43091.148020680209	98
1	1101	43327.012471885081	97
1	1125	44557.94741017482	98
1	1129	44605.682795614197	99
1	1133	44608.431923168814	100
1	1137	44802.569786805639	101
1	1139	44869.874482324939	100
1	1164	45860.295457433081	101
1	1168	45900.005748245845	102
1	1172	45933.931504644647	103
1	1174	46172.926962936889	102
1	1181	46234.360029378149	103
1	1185	46296.916379042163	104
1	1191	46610.498503047953	105
1	1201	46943.02362748606	106
1	1211	47117.549629442587	107
1	1213	47199.299449103545	106
1	1222	47296.887891085062	107
1	1226	47407.162961217678	108
1	1230	47468.736929234097	109
1	1240	47706.559295773699	110
1	1244	48117.502601782895	111
1	1248	48210.970313858221	112
1	1256	48333.81921959779	113
1	1260	48409.208488541316	112
1	1267	48524.040651734091	113
1	1271	48635.759080618813	114
1	1281	48947.13519455118	115
1	1289	49607.177813912846	116
1	1295	49838.499711879704	117
1	1299	49846.13076682448	116
1	1308	50146.414197504714	117
1	1312	50149.745451922633	118
1	1320	50439.104238983224	119
1	1324	50696.641252160266	120
1	1330	50882.037065380428	121
1	1332	51118.739766667258	120
1	1341	51215.69525957872	121
1	1344	51316.292824524559	122
1	1347	51643.715281456903	123
1	1349	51740.572636828419	122
1	1359	51865.578950133155	123
1	1362	51963.715740197513	124
1	1368	52523.340141011995	123
1	1376	53151.210382871923	122
1	1408	54114.706233160846	123
1	1410	54130.517919885588	122
1	1417	54133.456250367825	123
1	1421	54276.644351032606	124
1	1425	54394.32857725263	125
1	1432	54809.21161228246	126
1	1435	55164.212060679725	127
1	1438	55312.330513576321	128
1	1446	55723.082113966939	127
1	1452	55873.098792897038	128
1	1455	55914.245930337573	129
1	1458	56001.693924958412	130
1	1473	57037.35317509867	129
1	1482	57139.724799556396	130
1	1489	57747.906103582808	131
1	1491	57898.580663588492	130
1	1497	58017.024560918799	131
1	1507	58493.156340641331	132
1	1509	58853.073098578153	131
1	1521	59053.511642859176	132
1	1530	60097.702117667196	131
1	1536	60208.610445316132	132
1	1539	60483.946294900666	133
1	1542	60493.797295886231	134
1	1555	61215.53925998399	135
1	1566	61538.680804495362	134
1	1581	61993.610865632308	135
1	1585	62013.635858102851	136
1	1595	62616.314068402619	137
1	1599	62839.257616328669	136
1	1606	62990.968546896391	137
1	1610	63043.473422930522	138
1	1620	63275.569223584843	139
1	1624	63478.660167719693	140
1	1627	63797.80960780592	141
1	1630	63975.919023671134	142
1	1633	64376.455996971102	143
1	1636	64380.983161769026	144
1	1638	64419.158565628005	143
1	1650	64975.701953782056	144
1	1666	65606.353313600517	145
1	1668	65627.202811066655	144
1	1677	65772.052136399849	145
1	1680	65829.357393313915	146
1	1698	66665.470770774618	147
1	1700	66848.457913485018	146
1	1707	66911.931024812703	147
1	1715	67267.274806771189	148
1	1719	67407.272406919137	149
1	1722	67484.711926155333	150
1	1728	67538.399842929562	151
1	1731	67671.557036127657	152
1	1741	67895.422507329122	153
1	1747	68013.77259123789	154
1	1755	68265.922110576776	153
1	1761	68781.367785099426	154
1	1767	68875.653862508607	153
1	1776	69203.088198502143	154
1	1789	69359.962619817107	155
1	1792	69717.845485873823	156
1	1801	69921.374571402882	157
1	1805	70075.337192474526	156
1	1812	70199.981977066792	157
1	1815	70313.81764214984	158
1	1825	70653.462445041387	159
1	1831	70773.456856880138	160
1	1834	70890.4385434173	161
1	1843	71025.751851185061	162
1	1848	71496.847692050633	161
1	1854	71527.354752177304	162
1	1857	71650.417440155994	163
1	1860	71771.030186727531	164
1	1867	72025.58525120574	165
1	1869	72144.833769027737	164
1	1887	73078.006974954751	163
1	1893	73503.647576247812	164
1	1896	73577.729978228998	165
1	1899	73608.451819457756	166
1	1908	74597.504365595651	165
1	1930	75403.741122321948	166
1	1933	76079.769914535436	167
1	1935	76082.476896227	166
1	1941	76270.849450470469	167
1	1944	76537.760129480941	168
1	1951	76990.530253933534	169
1	1963	77403.012134775787	170
1	1965	77440.150268713606	169
1	1980	78187.424748002214	168
1	1997	78512.863908535748	169
1	2001	78616.446087331086	170
1	2005	78730.044685574552	171
1	2008	79000.009408832277	172
1	2011	79252.184037687561	173
1	2014	79320.235577010125	174
1	2016	79533.466714809311	173
1	2028	79970.753007060795	174
1	2033	80151.129137866793	173
1	2049	80713.124845940798	174
1	2055	80942.029529878942	175
1	2073	81137.252286840409	176
1	2077	81188.489035695085	177
1	2081	81200.675837243048	178
1	2083	81325.023454877211	177
1	2094	81607.778710502402	178
1	2110	82441.04458792153	179
1	2112	82707.669329459442	178
1	2119	82773.631005316267	179
1	2123	82869.930173674671	180
1	2127	82909.596563096361	181
1	2131	82943.763856273323	182
1	2145	83507.779377467225	183
1	2151	83769.199090293835	184
1	2155	84107.747428438289	183
1	2162	84295.483156437127	184
1	2168	84344.191117550449	185
1	2172	84495.452213008135	186
1	2180	84843.592242965547	187
1	2184	84849.434555947076	188
1	2192	85011.991668793575	189
1	2196	85230.732858135592	190
1	2200	85360.572553056494	191
1	2202	85603.965163363738	190
1	2208	85747.303537683634	191
1	2211	85897.591504622429	192
1	2227	86387.936625547003	193
1	2229	86559.738739563746	192
1	2235	86702.54642501773	193
1	2238	87151.968115477616	194
1	2248	87374.412442115769	195
1	2254	87461.174662850093	196
1	2259	87847.879901437683	195
1	2265	87865.841286914887	196
1	2271	88069.445080467317	197
1	2274	88383.975165408336	198
1	2280	88562.02908790916	197
1	2289	88694.318990172957	198
1	2308	89608.249258590749	199
1	2311	89764.509226598353	200
1	2314	89798.178888461691	201
1	2316	89854.913210126234	200
1	2325	90375.891019883697	201
1	2328	90570.908855242542	202
1	2334	90763.173650356604	201
1	2347	91218.109883657998	202
1	2359	91771.14961353673	203
1	2362	91789.667613268393	204
1	2367	92208.831163647248	203
1	2373	92324.668813485978	204
1	2376	92527.003286950612	205
1	2389	93150.896724245807	206
1	2391	93186.795352234169	205
1	2410	93767.671597903733	206
1	2413	93849.834509973116	207
1	2422	94445.280291424293	208
1	2425	94616.034158032716	209
1	2427	94626.213611497208	208
1	2433	94856.708884150881	209
1	2442	95109.017967065935	210
1	2445	95300.164715964021	211
1	2458	95553.354265953713	212
1	2461	95572.997345479166	213
1	2471	96015.904497404247	212
1	2480	96398.363563383513	213
1	2488	96781.269219411261	214
1	2491	96804.976514353624	215
1	2493	96844.176257636994	214
1	2502	97203.447539853438	215
1	2517	97675.271357970827	216
1	2519	97768.433261674493	215
1	2526	97997.167185371363	216
1	2532	98185.481029791482	217
1	2548	98419.49358984242	218
1	2554	98595.157878895843	219
1	2560	98838.332622622693	220
1	2564	98868.403687508505	221
1	2570	98981.610435287052	222
1	2576	99205.134465166032	221
1	2585	99655.052786091071	222
1	2589	99702.892553066559	223
1	2593	99721.447909896815	224
1	2603	100470.356953521915	225
1	2607	100627.483834701174	226
1	2609	100854.095891819	225
1	2616	101040.936699969316	226
1	2622	101263.470182003182	227
1	2632	101557.38901838898	228
1	2635	101707.166738887973	229
1	2638	101842.466434652501	230
1	2640	101988.692506572828	229
1	2649	102099.589685288811	230
1	2656	102518.875995384258	231
1	2667	103327.199786075056	230
1	2673	103348.387319683211	231
1	2682	103513.266259551769	232
1	2685	103518.85198402398	233
1	2694	103933.452737725005	232
1	2705	104310.378297091251	233
1	2709	104376.94021488474	234
1	2727	104868.808305286398	235
1	2735	105055.268228778116	236
1	2739	105219.861494491473	235
1	2746	105258.734918562037	236
1	2758	105673.096734666055	237
1	2762	105679.284435936682	238
1	2768	106004.223462466747	237
1	2775	106063.828670026235	238
1	2779	106308.01653687728	239
1	2783	106328.801269218853	240
1	2785	106634.856565522627	239
1	2792	106653.475758721394	240
1	2806	107022.786654987162	241
1	2810	107033.019277662566	242
1	2818	107503.880295035703	243
1	2820	107513.588643486277	242
1	2833	107690.197414287798	243
1	2841	107945.155367427101	244
1	2845	108006.17847802983	245
1	2855	108403.773308338098	246
1	2859	108465.149550460806	247
1	2863	108516.993567653721	248
1	2867	108939.856653215961	247
1	2874	109156.027740330867	248
1	2886	109535.627909255488	249
1	2890	109938.632081941491	250
1	2896	110065.711569212904	251
1	2900	110120.390408923192	252
1	2904	110146.909279727809	253
1	2906	110251.477916811259	252
1	2917	110644.115179942422	253
1	2920	110916.406936780145	254
1	2923	110949.458262034481	255
1	2932	111576.325787072344	256
1	2935	111578.976988324397	257
1	2940	111773.743697938176	256
1	2949	112271.001543923525	257
1	2956	112522.667418864072	258
1	2962	112792.038141893938	259
1	2967	113102.357281104328	258
1	2973	113158.725196278892	259
1	2982	113333.258197916529	260
1	2992	113697.657636430913	261
1	2999	114436.971669832842	260
1	3008	114804.436035152065	261
1	3016	114851.026961792619	262
1	3022	115114.255870957757	263
1	3025	115211.757973083388	264
1	3027	115270.028564541267	263
1	3036	115869.760623793589	264
1	3039	115914.666964694169	265
1	3042	116064.643532250435	266
1	3048	116131.704918634976	267
1	3060	116245.430002494382	266
1	3066	116525.860263463796	267
1	3069	116690.347067224029	268
1	3078	117467.059205931278	267
1	3084	117586.536561585816	268
1	3087	117735.092688620753	269
1	3096	118158.057066558527	268
1	3102	118530.724182001071	269
1	3108	119430.757655876356	268
1	3130	120748.892662046329	269
1	3133	120884.86270131265	270
1	3136	120912.845719245381	271
1	3138	120977.462978048849	270
1	3144	121015.900542178291	271
1	3166	122130.575574353478	272
1	3172	122239.294545190711	273
1	3175	122310.972153307199	274
1	3184	122551.070683673039	275
1	3186	122619.397432154644	274
1	3199	123038.782658824999	275
1	3207	123339.394068174205	276
1	3213	123468.422789536431	277
1	3217	123681.083925055642	278
1	3223	123988.841100242624	279
1	3225	123996.394119917083	278
1	3236	124102.012341866572	279
1	3242	124459.329125709973	280
1	3248	124853.988901749268	281
1	3260	125097.438960211654	282
1	3262	125129.259358525876	281
1	3269	125223.955251072237	282
1	3273	125384.481828302286	283
1	3285	125814.971465654686	284
1	3293	126096.732118303259	285
1	3297	126108.214175273368	286
1	3301	126362.37585535862	287
1	3307	126650.347436827276	286
1	3316	126967.799132034324	287
1	3320	127011.053015390714	288
1	3324	127053.533453588078	289
1	3327	127275.596921294943	290
1	3329	127310.392081721354	289
1	3346	128124.146713937004	290
1	3352	128267.132064162008	291
1	3358	128522.31981431707	292
1	3364	128568.274923954795	293
1	3366	128628.885703182448	292
1	3380	129408.106739065919	293
1	3388	129577.341282509631	294
1	3394	129626.094158637032	295
1	3397	129733.578490492291	296
1	3399	129808.305206981156	295
1	3408	130053.765121802066	296
1	3414	130155.308077419803	297
1	3416	130427.754270418216	296
1	3432	130730.200908730879	297
1	3435	130956.536205180353	298
1	3445	131264.046231310327	299
1	3448	131271.678201526148	300
1	3454	131803.516810226395	301
1	3457	131846.504576303078	302
1	3459	132033.116222734232	301
1	3474	132178.537185814605	302
1	3477	132556.724074189261	303
1	3489	132803.808886960749	302
1	3495	133005.699252298469	303
1	3498	133143.075266770078	304
1	3505	133382.012717683645	305
1	3520	133745.455545777235	306
1	3523	133843.318482764046	307
1	3525	133997.482003851463	306
1	3534	134142.570817558221	307
1	3537	134275.833477649667	308
1	3549	134753.966060022493	307
1	3555	134934.30749066587	308
1	3561	135113.041836315546	309
1	3564	135120.444747882573	310
1	3574	135418.34779760168	311
1	3580	135474.071334486846	312
1	3582	135892.305293784146	311
1	3591	136136.503910649315	312
1	3601	136582.481897586511	313
1	3606	136637.871596359317	312
1	3615	136829.875166914654	313
1	3618	137000.923947557908	314
1	3634	137713.26143016307	315
1	3637	137842.595989331405	316
1	3644	138208.525805680682	315
1	3651	138230.971573171554	316
1	3659	138371.901662228792	317
1	3663	138560.918208297476	318
1	3673	138899.87568276876	319
1	3685	139338.601987217106	320
1	3687	139459.60562160485	319
1	3694	139590.146993260965	320
1	3702	140008.846510192542	321
1	3706	140028.322079081223	322
1	3710	140065.24137944404	323
1	3712	140260.242426872855	322
1	3719	140352.387702699885	323
1	3726	140574.125403826473	324
1	3729	140645.057097118832	325
1	3738	141100.343891058252	326
1	3745	141225.615270016878	327
1	3748	141241.073775564465	328
1	3751	141354.418374694101	329
1	3756	141362.899994638419	328
1	3771	142112.334093730934	329
1	3781	142380.548731003821	330
1	3784	142552.718690002085	331
1	3786	142574.898409687585	330
1	3805	143124.86624742964	331
1	3807	143276.123142524293	330
1	3816	143501.210781532234	331
1	3824	143654.972234877204	332
1	3828	143772.264595582278	333
1	3835	143956.627641862989	334
1	3838	144048.229313000233	335
1	3841	144201.762992876028	336
1	3849	144623.988983465961	335
1	3855	144735.021855535351	336
1	3861	145115.056303973204	337
1	3864	145134.427459766155	338
1	3867	145202.819593807333	339
1	3876	145561.074928932494	338
1	3892	146525.592727823422	339
1	3898	146906.274588684572	340
1	3900	146909.592604248455	339
1	3909	147200.434756581947	340
1	3921	147835.106752191341	339
1	3927	147851.998627363901	340
1	3940	148241.509556553923	341
1	3943	148337.664490997401	342
1	3946	148353.905492585604	343
1	3951	148797.014333794496	342
1	3961	149102.048983750811	343
1	3967	149799.447751313113	344
1	3972	149868.389158595956	343
1	3978	149956.649744037922	344
1	4000	150928.10312529752	345
1	4004	150945.109856441393	346
1	4006	151067.603217319257	345
1	4015	151346.945053880509	346
1	4019	151457.375953250668	347
1	4027	151890.50965456023	348
1	4030	151910.958955004587	349
1	4033	152010.011165865753	350
1	4039	152196.040692647394	351
1	4041	152203.468945839114	350
1	4050	152654.640120842598	351
1	4059	152833.927399020758	352
1	4072	152982.465405228947	353
1	4074	153007.819165887914	352
1	4085	153350.310455807586	353
1	4089	153729.426174510873	352
1	4102	154026.302920096137	353
1	4106	154057.254021849521	354
1	4116	154287.63875460944	355
1	4122	154373.514957078834	356
1	4130	154555.44213292379	357
1	4140	154982.278779447593	358
1	4142	155085.271882650114	357
1	4153	155631.995073917721	358
1	4157	155695.590160351285	359
1	4161	155705.62086439236	360
1	4167	155984.125662916442	361
1	4171	156047.836647007653	362
1	4179	156392.763416157206	363
1	4185	156550.469726548113	364
1	4189	156684.771182697869	363
1	4198	156904.87265426717	364
1	4202	157168.892069186483	365
1	4206	157252.634021353015	366
1	4213	157506.06048226408	367
1	4216	157682.823965125819	368
1	4218	157813.596694928265	367
1	4227	158040.653407785509	368
1	4230	158182.157274905631	369
1	4233	158275.771785262024	370
1	4242	158924.792274118072	369
1	4264	159878.77737868889	370
1	4270	160062.484746400869	369
1	4281	160573.78121354449	370
1	4285	160629.297118938122	371
1	4289	160837.605447361848	370
1	4296	160974.70355350836	371
1	4299	160989.109071186214	372
1	4306	161893.579295022939	373
1	4309	161956.694445021632	374
1	4314	162186.428378012634	373
1	4323	162369.256700056929	374
1	4326	162398.46797177073	375
1	4347	163488.013652543398	376
1	4351	163499.444634504004	377
1	4353	163538.832137913115	376
1	4359	164006.685709927807	377
1	4362	164107.473968769284	378
1	4369	164388.740255347321	379
1	4377	164761.773829453297	378
1	4383	165095.763689949496	379
1	4386	165338.188982098214	380
1	4393	165826.975011333276	381
1	4398	166245.979396582253	380
1	4414	167262.979444343279	381
1	4417	167314.555929159782	382
1	4420	167453.808167475197	383
1	4425	167692.342776341967	382
1	4447	168454.143351735232	383
1	4449	168570.385946103044	382
1	4458	168945.029586771729	383
1	4461	168951.13118930901	384
1	4464	169048.423355456365	385
1	4469	169351.361312300571	384
1	4489	170111.978052192984	385
1	4495	170400.036146113875	386
1	4498	170486.439397232292	387
1	4500	170551.259724332624	386
1	4512	170689.224710473932	387
1	4515	170782.027760259495	388
1	4530	171728.581262873627	389
1	4532	171788.897817249083	388
1	4539	171795.246213259402	389
1	4542	171899.583249921121	390
1	4545	171925.721207742012	391
1	4548	171983.373502092577	392
1	4558	172264.705836693052	393
1	4560	172934.707526231789	392
1	4569	173142.158383634645	393
1	4576	173711.490865633	394
1	4578	174048.739212548965	393
1	4583	174666.647235260019	392
1	4595	175348.923606781894	391
1	4609	175961.154683824465	392
1	4611	176323.690828450629	391
1	4633	176826.815663080511	392
1	4636	176937.32138265961	393
1	4641	177488.292129330942	392
1	4657	177990.092062168343	393
1	4660	178022.812556146422	394
1	4666	178801.02347908004	395
1	4669	178824.573853826816	396
1	4671	178999.838476546714	395
1	4677	179090.31691648118	396
1	4690	180057.075343484477	397
1	4692	180235.824098794395	396
1	4701	180547.580066878276	397
1	4704	180599.575033268823	398
1	4710	181185.161830803985	397
1	4716	181248.352869702793	398
1	4722	182041.5130072298	397
1	4737	182942.102459825474	398
1	4746	183072.433740955452	397
1	4755	183502.843156461897	398
1	4768	183867.088651355288	399
1	4771	184038.446364414491	400
1	4776	184164.826491887356	399
1	4793	184880.992534009005	400
1	4797	185275.179362236806	401
1	4801	185277.119641598246	402
1	4803	185328.748089654977	401
1	4809	185352.715229676705	402
1	4812	185364.765168053295	403
1	4818	185608.359152410111	404
1	4824	185958.47127953107	405
1	4827	186192.564124222721	406
1	4836	186668.290699490021	405
1	4842	186871.718976709972	406
1	4863	187843.180806741259	407
1	4867	187996.576682560706	408
1	4870	188042.766090461188	409
1	4875	188123.773031497981	408
1	4881	188137.671518201387	409
1	4888	188840.037510201476	410
1	4890	189110.993078902971	409
1	4896	189227.006556176209	410
1	4905	189437.883579641076	411
1	4919	190299.653177822616	410
1	4926	190421.76432152802	411
1	4929	190482.474632324194	412
1	4935	190815.619923129414	413
1	4938	190938.587631933036	414
1	4944	190966.933971220377	415
1	4956	191494.404356910523	414
1	4965	192026.510499415802	415
1	4975	192496.603574117528	416
1	4978	192510.059537828951	417
1	4984	192602.692979454245	418
1	4990	192792.415894833022	419
1	4992	192921.24183926047	418
1	5001	193363.308990684101	419
1	5011	193939.164898255877	420
1	5017	194070.381861763149	421
1	5020	194074.668040050076	422
1	5029	194325.590320500055	423
1	5031	194342.873080738496	422
1	5043	194628.94373728945	423
1	5055	195112.125002919278	424
1	5059	195273.765366125432	425
1	5063	195350.813382633638	424
1	5070	195530.286964165772	425
1	5076	195689.751474032058	426
1	5083	195823.131049807695	427
1	5092	196287.216879049196	428
1	5094	196318.616347417843	427
1	5100	196450.911608590326	428
1	5106	196773.694533767904	429
1	5123	197026.887381782054	430
1	5125	197105.558789728817	429
1	5132	197135.856452094271	430
1	5138	197354.107310228951	431
1	5144	197503.709214997708	432
1	5148	197584.004702135183	433
1	5151	197610.494925693579	434
1	5168	198138.355098063006	435
1	5174	198330.193548715528	436
1	5176	198373.470344471422	435
1	5183	198501.630543186523	436
1	5189	198726.485695538341	437
1	5193	199049.825294126986	438
1	5200	199271.151349501564	439
1	5202	199497.270262355593	438
1	5211	199558.307928254126	439
1	5217	199726.561283758696	440
1	5223	199842.5912006341	441
1	5226	199950.129215128913	442
1	5228	200102.012621213359	441
1	5253	200534.26796803725	442
1	5261	200992.601717530518	443
1	5265	201009.525175991145	442
1	5272	201033.217370688709	443
1	5278	201825.264092632654	444
1	5282	201854.178617296103	445
1	5286	201905.507051764756	446
1	5294	202027.837893713874	445
1	5301	202060.752214260193	446
1	5304	202084.727927246216	447
1	5313	202555.950716726276	448
1	5316	202617.003804675072	449
1	5323	202758.605367385459	448
1	5334	203022.887499665204	449
1	5346	203709.323446703964	450
1	5350	203717.086726940963	451
1	5352	203858.112236589801	450
1	5358	203890.162275169223	451
1	5364	203980.5055799241	452
1	5371	204113.452476111535	453
1	5374	204368.010743744631	454
1	5377	204479.332662775907	455
1	5385	205156.293670900774	454
1	5400	205739.226698105106	455
1	5406	205862.474650799265	456
1	5414	206230.961489307371	455
1	5421	206254.849249418295	456
1	5424	206482.64976916171	457
1	5427	206566.35312645041	458
1	5433	206907.381402785153	459
1	5436	207085.225783321477	460
1	5443	207301.756074868001	461
1	5445	207873.214352971551	460
1	5458	208377.423070098241	461
1	5460	208696.117797673357	460
1	5476	209225.748450749401	461
1	5484	209866.783959039164	460
1	5493	210004.166241005066	461
1	5496	210043.8130189651	462
1	5503	210431.016644201746	463
1	5508	210891.740546377984	462
1	5521	211434.229625967438	463
1	5523	211969.441885345292	462
1	5532	212315.012814342276	463
1	5542	212770.572554762429	464
1	5545	212849.538504872946	465
1	5550	213213.984438146141	464
1	5559	213425.1199786849	465
1	5577	213879.804735192034	466
1	5581	213911.145052002512	467
1	5587	214081.131754129269	468
1	5593	214172.263277516637	469
1	5599	214288.921752174061	468
1	5608	214684.573660703145	469
1	5612	214707.842042417202	470
1	5624	215066.740880701403	471
1	5628	215100.658291251335	472
1	5632	215131.224742963054	473
1	5642	215527.662121901058	474
1	5650	215796.611041966538	475
1	5652	215805.907580799099	474
1	5659	215914.987944112096	475
1	5665	216150.342453853928	476
1	5671	216529.844162634649	477
1	5679	217159.471703478072	478
1	5681	217255.456363719564	477
1	5688	217273.873978169404	478
1	5691	217330.247598942082	479
1	5694	217526.286830588319	480
1	5703	217723.684897989903	481
1	5716	217931.873613869799	482
1	5724	218408.964615845521	483
1	5728	218654.440688707542	482
1	5735	218769.02325781598	483
1	5739	218788.150745012587	484
1	5749	219106.075499290069	485
1	5752	219117.279576012634	486
1	5755	219571.384772596909	487
1	5758	219622.734504804736	488
1	5760	219642.300442711126	487
1	5779	220313.421019406312	488
1	5785	220624.981273831268	489
1	5788	220632.461529006308	490
1	5791	220824.123587336857	491
1	5793	220926.271813030031	490
1	5802	221351.681849732504	491
1	5825	222075.530851254333	492
1	5829	222277.354063980265	493
1	5833	222300.747065412255	494
1	5835	222406.622323116895	493
1	5841	222548.111462268998	494
1	5844	222736.022206576634	495
1	5847	222793.764814764245	496
1	5856	223376.075173088026	495
1	5865	223501.463219034289	496
1	5868	223565.33440647498	497
1	5881	224314.939000959924	498
1	5886	224482.952153694493	497
1	5892	225192.565870287873	498
1	5899	225490.09048959195	499
1	5902	225514.564312001923	500
1	5907	225600.249081805957	499
1	5929	226298.46248027319	500
1	5935	226651.193081351326	501
1	5939	226816.691025609759	500
1	5946	227231.512062065698	501
1	5949	227419.294516944182	502
1	5956	227470.890834856871	503
1	5964	227838.924023818833	502
1	5970	227930.271984711684	503
1	5980	228171.395253675388	504
1	5983	228519.428938063437	505
1	5986	228557.88099693099	506
1	5988	228777.592594477025	505
1	6001	229285.598539787028	506
1	6007	229596.852540081009	507
1	6012	229928.254565915701	506
1	6018	230262.680984333148	507
1	6021	230347.531058465871	508
1	6023	230752.58268127465	507
1	6050	231571.675300488857	506
1	6057	231648.203013365222	507
1	6063	231987.203445365642	508
1	6075	232269.39831252571	509
1	6079	232278.918273649395	510
1	6083	232646.217815561829	509
1	6092	232803.793378745271	510
1	6100	233295.53549957949	511
1	6102	233325.042592950774	510
1	6109	233363.570283086857	511
1	6113	233549.227039409791	512
1	6120	233761.061038908614	513
1	6135	234093.257915689827	514
1	6141	234412.389370738746	515
1	6143	234650.782077342881	514
1	6152	234776.312519578253	515
1	6156	234875.416244784257	516
1	6159	235151.447724705552	517
1	6162	235298.793006702544	518
1	6169	235347.14714419959	519
1	6181	235920.900724669953	520
1	6183	236084.978589883683	519
1	6192	236343.435304792485	520
1	6195	236348.452609456272	521
1	6202	236960.550398309602	522
1	6210	237258.503880279748	521
1	6216	237565.871812126415	522
1	6225	238112.957629107548	521
1	6231	238476.428683876435	522
1	6234	238484.6839304836	523
1	6240	238637.197465642702	524
1	6247	239028.825128871094	525
1	6252	239666.398338202996	524
1	6268	240165.158962973052	525
1	6270	240279.424373966319	524
1	6285	240925.848606166107	523
1	6294	241048.331929936013	524
1	6297	241058.120987533701	525
1	6300	241273.723388839689	526
1	6303	241462.233274053241	527
1	6312	242260.794615757329	526
1	6318	242314.817674501738	527
1	6321	242697.841048924198	528
1	6341	243531.496608744053	527
1	6354	243648.975070528947	528
1	6370	244408.689544270214	529
1	6378	244627.299435237845	530
1	6382	244690.184982347068	531
1	6386	244840.629598865684	532
1	6390	244899.723883755766	533
1	6392	244967.120185059173	532
1	6401	245038.766439544459	533
1	6405	245255.991774158951	534
1	6409	245457.947212780317	535
1	6413	245467.655382044874	536
1	6423	245847.885102654299	537
1	6427	245900.989744732555	538
1	6439	246123.997684272703	539
1	6443	246394.389425276456	538
1	6454	246727.33272759845	539
1	6458	246893.004525974654	540
1	6466	247050.669745619174	541
1	6468	247137.408854470266	540
1	6475	247215.610460589132	541
1	6481	247475.455356048819	542
1	6489	247712.005460957489	543
1	6493	247776.357880684312	544
1	6497	248059.048755171387	543
1	6506	248266.298855357133	544
1	6512	248718.597122425613	545
1	6520	248893.336815722548	546
1	6523	249012.234946588478	547
1	6532	249401.661833899792	548
1	6535	249568.87874890145	549
1	6537	249664.435980685665	548
1	6543	249829.346985364732	549
1	6549	250160.422132837351	550
1	6552	250187.672959604423	551
1	6567	250674.784944330021	550
1	6576	251208.220713255805	551
1	6582	251410.835754576285	552
1	6589	251675.984624062677	553
1	6592	251765.633012616819	554
1	6594	251832.680649163812	553
1	6603	252269.367757703324	554
1	6606	252360.280025137449	555
1	6608	252462.988397416338	554
1	6618	252704.301727941138	555
1	6624	252963.005094793345	556
1	6637	253486.531755472992	557
1	6642	253602.289171426236	556
1	6651	253936.581819401777	557
1	6658	254553.027287769987	558
1	6663	254712.567767307773	557
1	6676	255010.537389349455	558
1	6679	255089.641866247951	559
1	6682	255322.142722114732	560
1	6684	255792.712876966834	559
1	6706	256835.391471186687	560
1	6715	257133.071531350959	561
1	6721	257151.31466689667	562
1	6727	257370.810279420257	561
1	6736	257658.029771341353	562
1	6744	257716.111315223623	563
1	6748	257762.874265211309	564
1	6756	258449.136117241888	565
1	6760	258603.528576749612	566
1	6763	258749.015656645084	567
1	6768	258965.282816600666	566
1	6774	259083.114617100328	567
1	6787	259665.422997917284	568
1	6789	259946.051715130598	567
1	6795	259991.901202790051	568
1	6798	260112.669255778078	569
1	6801	260116.993637138361	570
1	6804	260411.103281635095	571
1	6820	261049.697652055279	572
1	6826	261128.626256902332	573
1	6828	261228.38229018511	572
1	6837	261762.034108366437	573
1	6840	261821.350476827776	574
1	6848	262059.019438915567	573
1	6864	262573.154703542126	574
1	6867	262627.029114998179	575
1	6873	262863.566357505189	574
1	6879	262982.130498448071	575
1	6885	263163.133793982844	576
1	6897	263524.955606351288	575
1	6906	263685.774698397888	576
1	6909	264014.806672130215	577
1	6912	264045.83565638913	578
1	6925	264435.824587515857	579
1	6931	264534.609499714149	580
1	6934	264748.45456667384	581
1	6942	265161.483049451055	580
1	6951	265185.404183791482	581
1	6954	265367.451071799623	582
1	6960	265774.836035513001	581
1	6969	265865.885572338755	582
1	6972	265977.788824037894	583
1	6985	266126.328228787982	584
1	6994	267064.613318752143	585
1	6998	267285.850753144043	584
1	7005	267320.346641753382	585
1	7008	267492.880242087302	586
1	7011	267663.039478968475	587
1	7020	267739.246707398958	588
1	7023	267812.487887127817	589
1	7033	268118.705416063693	590
1	7035	268188.537835956233	589
1	7041	268282.340622261289	590
1	7044	268437.770330017813	591
1	7068	269543.184561077044	592
1	7070	269718.505079283061	591
1	7079	269990.201813816853	592
1	7083	270124.641132751741	593
1	7086	270349.774158022013	594
1	7095	270466.404517714548	593
1	7104	270690.37886583788	594
1	7107	270934.351475405977	595
1	7117	271415.741988556721	596
1	7120	271672.388650694834	597
1	7122	271694.68230382787	596
1	7131	272027.743946999141	597
1	7140	272464.704686322209	598
1	7146	272756.719127830732	597
1	7158	273076.954298131775	598
1	7161	273100.265610681928	599
1	7174	273727.172309967885	600
1	7178	274004.110428255666	599
1	7187	274111.616194844853	600
1	7195	274344.644809541783	601
1	7198	274378.584416273246	602
1	7201	274416.916017169837	603
1	7213	275074.002520330857	604
1	7215	275114.139006633926	603
1	7224	275964.982855943522	604
1	7227	276004.279790866293	605
1	7234	276096.218478633661	606
1	7239	276518.067802137379	605
1	7245	276609.951777496051	606
1	7248	276963.861942654035	607
2	0	0	0
3	61	3715.296570223412	2758.6755268089
3	94	4799.591919893986	4330.2168530134
3	120	5982.125476237973	4398.5312702261
3	161	7292.629608831024	6790.2355109288
3	202	8075.531334441742	5662.2345589508
3	243	9621.702887967816	7282.7386202641
3	283	11078.460233092895	8187.5616271325
3	331	12584.910435902542	10408.422291244
3	354	13284.40976335912	10763.127827385
3	421	15757.734526128165	11675.201207305
3	445	16484.909031291149	13605.927441374
3	472	18046.421029672615	13443.599667848
3	511	19731.490696065716	14558.268571033
3	544	21010.48935296259	15667.868162943
3	567	21977.828849295743	16316.497504685
3	583	22448.044039190404	16888.401152811
3	592	23152.956323607483	17406.579434337
3	640	24622.094464807429	18475.628034576
3	678	26530.803279935041	19741.404799546
3	691	26992.596651280889	19831.142198515
3	721	28399.787049826825	21379.8317734
3	804	31683.394779360512	24513.681792066
3	847	32776.271584697658	25888.923428061
3	884	34339.298279567281	26747.78566841
3	933	35981.710088758389	28122.329166307
3	984	37534.072055213744	29653.985398367
3	1024	39127.926626524548	31809.306177377
3	1048	39891.539683875288	31154.70364858
3	1066	41408.652103378098	32260.116034366
3	1081	42593.120040365155	34132.85979667
3	1113	43889.487959568049	33456.686943793
3	1207	47070.287801756184	37792.477892727
3	1234	47497.315638812851	36596.952303851
3	1275	48764.897438085299	37624.027001852
3	1316	50167.246231429871	39659.912201546
3	1356	51783.8584423276	40697.899643904
3	1383	53162.705104521137	41205.433746512
3	1429	54412.46422173701	42375.526121361
3	1468	56554.296497714368	44178.265456535
3	1486	57594.115473760886	44486.791594151
3	1501	58308.788678043185	45017.400329814
3	1549	60998.123934988526	48629.378331872
3	1591	62381.003234342334	48421.454244314
3	1616	63260.923333505762	49875.020672878
3	1657	65254.414389601571	51787.614736504
3	1692	66461.408641238359	51280.142478654
3	1738	67798.602816232142	52780.647675949
3	1765	68835.888510656205	53597.40445612
3	1783	69282.602272166532	53119.579640813
3	1822	70487.727434414101	54472.406089241
3	1864	71824.143507026729	55246.576721706
3	1885	72654.262640227226	55520.17211333
3	1903	73678.89565182164	55563.334184377
3	1924	75297.55698273204	56968.759094656
3	1975	77712.20626596607	59060.453503383
3	2100	81707.404621339066	61579.804343298
3	2137	83050.391950050963	62724.221462734
3	2188	84956.878672021104	64626.677417262
3	2332	90601.779310854746	67273.188446742
3	2386	93012.781804541721	68818.256024169
3	2406	93563.448952867313	69268.147486217
3	2484	96540.851892691701	71387.040223333
3	2511	97543.508842971772	71379.749141211
3	2599	99988.087410659194	73236.998480649
3	2626	101350.801536750644	74855.946050191
3	2653	102424.577941263691	75002.389001023
3	2692	103766.071413078011	76212.838878567
3	2721	104655.169110319242	76526.565305698
3	2766	105841.350290964023	77501.6802152
3	2796	106833.491723027677	77502.828126231
3	2802	106949.885889331476	78546.969180936
3	2851	108300.488845615313	78321.553361672
3	2880	109294.726736585276	79082.225380751
3	2913	110591.800614625813	80873.723585536
3	2989	113513.645763110967	83629.566066629
3	3012	114827.54845418282	83561.858430768
3	3058	116196.704339741396	85192.444295398
3	3076	117160.735538790601	86601.649002051
3	3091	117871.694796711804	86224.162419515
3	3106	119013.095036300497	88200.590857417
3	3148	121315.008021278906	89094.477162262
3	3203	123221.664795971144	91068.565822456
3	3252	124874.941208439547	92503.481696322
3	3281	125704.067726575438	93189.040952515
3	3336	127527.398103003059	94526.827910654
3	3384	129517.272258552391	96282.485079138
3	3439	130956.621837059636	97209.356414657
3	3481	132582.771997715015	98941.485654633
3	3502	133302.268351253722	98697.826447047
3	3544	134380.170540067037	99441.667375255
3	3571	135304.606283663442	100565.26084318
3	3595	136248.048586391513	101462.00428793
3	3628	137392.037763942634	102167.16737493
3	3723	140412.790363023659	105157.47728529
3	3742	141195.167295162236	105715.14638271
3	3778	142315.520121168947	105619.39463862
3	3820	143533.939402618117	106331.59663785
3	3832	143851.034255775294	107803.85958763
3	3874	145485.669720771394	108577.13431696
3	3883	145937.844507780528	108496.20991711
3	3936	148195.022241037941	109659.62223022
3	3958	149085.933170246563	110189.97789048
3	3994	150624.300085206187	112598.65678463
3	4023	151674.524783578373	112418.32969914
3	4112	154277.675358012921	112786.71151458
3	4149	155474.815467849977	112827.87966044
3	4210	157364.50656141401	113971.69950505
3	4237	158638.970508028424	115671.76381473
3	4260	159838.456490442759	116539.06255404
3	4303	161486.487190204344	117276.7848141
3	4336	162994.884794105447	118774.10069752
3	4366	164207.579796102501	120266.30703934
3	4390	165615.832504064448	121742.84295905
3	4411	167071.229804766036	121990.06966791
3	4441	168305.72663320475	123267.67515031
3	4476	169434.662909351893	123754.88330329
3	4519	170827.752034107827	125565.82735985
3	4555	172236.461099146538	127810.83879632
3	4573	173477.205038725072	127675.70679235
3	4590	175004.556016067648	129185.09916849
3	4602	175567.438133594254	128929.46651252
3	4606	175726.108483115816	129081.49800194
3	4621	176631.87524588094	130256.2765384
3	4651	177825.436144594708	130859.29723046
3	4684	179682.709695727238	132828.90215706
3	4708	180897.42765303948	133604.35227592
3	4720	181658.888315020735	133380.75127437
3	4741	182984.553662988032	135469.6319833
3	4764	183816.685756587098	135520.29605958
3	4787	184671.275279170508	135860.91370241
3	4831	186231.724599918956	137843.12683599
3	4852	187147.76120555834	137821.48058806
3	4885	188571.45695882165	139286.06054482
3	4909	189736.984017018836	139767.08470376
3	4969	192257.983306704696	141074.88370068
3	5005	193572.066159073871	143732.31437719
3	5047	194785.267423328619	143935.18752988
3	5115	196883.716900155556	144107.8584885
3	5197	199153.322000543264	145706.97427203
3	5235	200171.722260958192	146264.27293658
3	5245	200355.293446045977	146320.47811394
3	5330	202778.534542967242	147384.80517357
3	5342	203687.746221248669	148357.95719444
3	5368	204104.022492368382	150064.87729982
3	5410	205905.329509240252	149504.06999901
3	5440	207154.511190301416	150134.43338284
3	5455	208247.831845993784	151706.13480541
3	5500	210341.059524130685	152016.14103981
3	5515	211215.822313206879	151390.17687029
3	5536	212346.723606188458	153393.11757722
3	5636	215150.107164767247	154515.01071656
3	5675	216736.624357851829	155576.68575189
3	5745	219050.398018874836	157827.72777988
3	5770	220046.2423693134	158382.79441968
3	5817	221858.682040462878	160330.82964995
3	5878	224269.985188238931	162490.82449225
3	5896	225227.539525081081	162557.76627511
3	5914	225843.645755027098	163505.29821559
3	5953	227432.388275845585	164251.86734694
3	5977	228140.066759467733	166255.30858381
3	5998	229138.479077688095	164636.14929535
3	6048	231541.201367511091	166304.20973422
3	6067	231987.441195680437	166576.61612978
3	6127	233914.868677437914	168180.40277229
3	6199	236812.359048633514	170535.57763801
3	6223	238085.66766087213	171541.18974154
3	6244	238753.670992900295	172778.54701611
3	6262	239966.969201744212	172978.27755169
3	6277	240641.184178397668	173542.4500872
3	6307	241834.468645129961	174315.80127885
3	6325	242954.328757890178	175270.49171679
3	6360	244254.587042986093	176159.53249873
3	6417	245631.24023021446	177648.43810234
3	6462	246947.885814777253	177930.14781415
3	6485	247618.111142397536	179363.97290255
3	6516	248887.09624283263	179102.1748223
3	6586	251489.932260394707	182181.36111868
3	6615	252624.124498779565	183368.45727216
3	6631	253134.501939483598	182817.19005594
3	6655	254176.086346844822	184245.58049429
3	6673	255000.225998044625	184271.46213913
3	6703	256706.418926029146	185706.06092634
3	6740	257694.995539786905	186321.94829418
3	6814	260889.394081181527	188690.60799857
3	6871	262834.352225244658	190457.79818098
3	6919	264350.570081828775	189773.19144313
3	6958	265487.796232293041	190285.35529057
3	6979	266015.329986431318	191078.06325273
3	7030	268005.17377001481	192663.2125415
3	7048	268513.485746581721	191434.74284694
3	7090	270353.590073550733	192724.74302823
3	7168	273373.125825200844	195994.47678841
3	7191	274310.782071419675	195864.61194403
3	7231	276026.676042389739	197598.07416074
4	403	15053.093322182662	11293.162306813
4	619	23645.418044666418	17282.570405567
4	763	30213.197919440114	23413.279065809
4	1150	45211.728447901677	34548.333890995
4	1366	52262.901777189817	40286.636447115
4	1393	53626.480386678723	41722.397414943
4	1525	59716.624037635175	47596.905437907
4	1948	76790.819064893422	58924.785193765
4	1993	78506.238737127406	59112.55132823
4	2045	80327.002926676196	60735.344562934
4	2059	80967.389554411767	62052.881188506
4	2215	85969.71043149255	65107.786357225
4	2242	87197.67144637428	64868.17744749
4	2278	88457.144518757833	66370.409844476
4	2299	89321.036921378819	67372.112149372
4	2344	91058.050293962134	67416.644627435
4	2452	95454.608268367722	71258.038837819
4	2538	98226.712148462086	72380.924577471
4	2953	112407.193465877922	81935.267113283
4	3124	120142.989099195826	88165.136546914
4	3340	127643.383468131203	94070.988734442
4	3428	130716.991563227627	96795.479421062
4	3677	138943.209191861232	103982.56853972
4	3919	147640.461551754406	109884.03527784
4	4068	152939.255859193064	113543.21252635
4	4096	153955.579981620095	113647.88403401
4	4277	160341.986713961369	117212.53122991
4	4485	169953.58223350034	124362.37726613
4	4948	191170.49996227273	141363.85285608
4	5080	195794.855062898856	142586.50239706
4	5158	197961.349522269007	144148.34536234
4	5290	201923.683999704805	148091.25044585
4	5473	208975.258972414446	151887.64747154
4	5566	213541.131301841375	154663.03133858
4	5710	217858.997775644671	156332.10162997
4	5854	222891.047112646189	161347.17969048
4	6030	230822.695949638871	166013.10785456
4	6117	233550.631787853924	168202.72669816
4	6166	235313.105188806219	169040.13029389
4	6565	250564.795335394009	180733.08167936
4	6778	259248.562567096815	188295.08164849
4	6855	262162.489521254466	189624.61961378
4	6889	263191.894983381646	188198.0189395
4	7111	271119.183711756635	192953.45881198
4	7144	272610.943913192171	195461.637809

