version 2
run Iteration-60-20200521-09:54:24-68184
attr configname Iteration
attr datetime 20200521-09:54:24
attr experiment Iteration
attr inifile omnetpp.ini
attr iterationvars "$i=6, $j=6, $0=15-(6+6)"
attr iterationvarsf i=6,j=6,15-(6+6)-
attr measurement "$i=6, $j=6, $0=15-(6+6)"
attr network Network
attr processid 68184
attr repetition 0
attr replication #0
attr resultdir results
attr runnumber 60
attr seedset 60
itervar i 6
itervar j 6
param **.resourcePool.amount 6
param **.resourcePool1.amount 6
param **.resourcePool2.amount 15-(6+6)
param **.source.interArrivalTime exponential(6min)
param **.delay.delay uniform(4min,28min)
param **.delay1.delay uniform(10min,28min)
param **.delay2.delay uniform(4min,16min)
param **.allocate.resourceModuleName "\"Network.resourcePool\""
param **.allocate1.resourceModuleName "\"Network.resourcePool1\""
param **.allocate2.resourceModuleName "\"Network.resourcePool2\""
param **.deallocate.resourceModuleName "\"Network.resourcePool\""
param **.deallocate1.resourceModuleName "\"Network.resourcePool1\""
param **.deallocate2.resourceModuleName "\"Network.resourcePool2\""
param **.router.randomGateIndex "uniform(0, 1) > 0.2 ? 0 : 1"

vector 0 Network.allocate queueLength:vector ETV
attr interpolationmode sample-hold
attr title "queue length, vector"
vector 1 Network.allocate1 queueLength:vector ETV
attr interpolationmode sample-hold
attr title "queue length, vector"
vector 2 Network.allocate2 queueLength:vector ETV
attr interpolationmode sample-hold
attr title "queue length, vector"
vector 3 Network.sinkStat lifeTime:vector ETV
attr interpolationmode none
attr title "lifetime of arrived jobs, vector"
attr unit s
vector 4 Network.sink lifeTime:vector ETV
attr interpolationmode none
attr title "lifetime of arrived jobs, vector"
attr unit s
0	0	0	0
0	572	17693.644948092453	1
0	583	17789.414991168096	0
0	636	18629.163841922545	1
0	641	18687.725659597013	2
0	643	18694.148441797394	1
0	648	18799.832959629822	0
0	844	23145.748468402731	1
0	846	23177.294350652337	0
0	1406	40538.725006706011	1
0	1408	40604.360260691904	0
0	2275	59670.350758029031	1
0	2282	59756.468180792096	0
0	2290	59844.179881395875	1
0	2292	59861.691384983758	2
0	2299	60012.189934483973	1
0	2308	60213.319977358703	2
0	2310	60319.252454590054	3
0	2316	60360.521689473895	2
0	2321	60375.986516207756	1
0	2326	60475.612277842583	0
0	2984	77499.0062317751	1
0	2986	77525.641098713532	0
0	2991	77578.811499169655	1
0	3001	77762.10178096976	0
0	3006	77861.785793823345	1
0	3008	77874.429656383465	0
0	3214	82429.036018007495	1
0	3220	82531.744960435449	0
0	3225	82610.315599837326	1
0	3227	82638.082352064078	0
0	3232	82807.158835677924	1
0	3234	82818.158087888821	2
0	3240	82920.138451432461	1
0	3245	83066.608906097238	0
0	3492	89126.901282837637	1
0	3494	89161.412174556898	0
0	3749	94366.616408334193	1
0	3751	94423.338662747867	2
0	3753	94474.833421266901	1
0	3758	94545.148187286438	0
0	3767	94628.736380879006	1
0	3777	94969.331706350326	0
0	3786	95121.856971866931	1
0	3792	95298.122908843338	0
0	3804	95363.587071561699	1
0	3806	95423.14724937755	0
0	4463	110843.156238400715	1
0	4465	110856.356571389548	0
0	4495	111329.829857480162	1
0	4501	111439.025050930086	2
0	4503	111496.474639999139	1
0	4508	111631.222145965417	2
0	4514	111795.184809009601	1
0	4519	111817.121257776465	2
0	4521	111836.540750519016	3
0	4531	112178.04039094151	2
0	4536	112216.04393669022	3
0	4550	112342.291572241298	2
0	4555	112362.402742054167	1
0	4560	112456.593072225749	2
0	4566	112640.659334513415	1
0	4575	112766.782111845827	0
0	4640	113686.412894572711	1
0	4642	113698.730852477169	0
0	5310	126099.494079031852	1
0	5316	126232.767217774768	0
0	5539	131215.042492603626	1
0	5541	131317.653302086709	0
0	5550	131382.336748368393	1
0	5552	131413.778918781376	0
0	6840	166640.29936606639	1
0	6842	166665.228242036976	0
0	7098	172194.65804674247	1
0	7100	172206.678001190915	2
0	7102	172420.979568816649	3
0	7104	172475.029673173076	2
0	7109	172494.406457607614	1
0	7114	172503.355421072462	2
0	7116	172723.244911852121	1
0	7129	172752.481858770982	2
0	7131	172753.237410778927	3
0	7137	172883.793529512305	4
0	7143	173140.977014099767	3
0	7155	173337.899905839447	2
0	7165	173481.144844127227	1
0	7178	173977.096065600601	2
0	7180	174023.832117511875	1
0	7185	174056.186349921154	2
0	7187	174066.328537155854	1
0	7208	174274.566408443093	0
0	8766	223195.403094565625	1
0	8772	223260.059586788143	0
0	10417	268100.736361691034	1
0	10423	268173.313051395594	0
0	10767	275590.158268696213	1
0	10773	275790.320995975816	0
1	0	0	0
1	351	10986.63053392119	1
1	353	11211.489646765497	0
1	679	19150.453889962809	1
1	682	19154.493231202792	2
1	698	19400.411664480287	1
1	707	19877.90133367129	0
1	713	19886.800960472125	1
1	715	19918.381849348794	0
1	878	23969.966883229877	1
1	880	24102.997761343145	0
1	886	24215.728441143628	1
1	888	24244.130028981494	0
1	894	24283.015843147534	1
1	907	24481.740332106609	0
1	1441	41069.987210820506	1
1	1448	41289.756366599761	2
1	1450	41364.140872702352	1
1	1459	41684.130305748843	0
1	1728	48941.156754632152	1
1	1730	49091.465317333625	0
1	1739	49132.92879486075	1
1	1744	49229.358034637606	0
1	1750	49372.103568092415	1
1	1755	49545.380452694505	0
1	1761	49545.709514900476	1
1	1767	49560.692051190207	0
1	1773	49606.498718486905	1
1	1786	49756.223807436542	2
1	1788	49762.324218518984	1
1	1793	49772.374648895623	0
1	1819	50429.570912472012	1
1	1832	50567.715480250303	2
1	1834	50568.414266940158	1
1	1839	50572.73032873947	0
1	1861	51072.2315277861	1
1	1864	51093.124927686567	2
1	1866	51190.721018128231	1
1	1872	51207.125219191877	2
1	1874	51253.454691336067	1
1	1883	51312.020513676888	0
1	1921	51962.652802424618	1
1	1933	52206.921154141378	0
1	1939	52207.190819935641	1
1	1942	52217.860577569738	2
1	1948	52346.642155245111	1
1	1956	52380.567221233192	0
1	2359	61124.335293249848	1
1	2362	61365.814505896775	2
1	2364	61403.885698185759	1
1	2383	61841.932079784872	0
1	2389	61901.223616085472	1
1	2391	61902.122746684832	0
1	2397	62061.418649720325	1
1	2400	62074.955411710962	2
1	2405	62203.679115096958	1
1	2409	62229.12468724169	0
1	3041	78345.546756055014	1
1	3043	78540.503682952485	0
1	3061	78649.597423916712	1
1	3063	78659.604557878957	0
1	3069	78664.619473037194	1
1	3071	78699.350702382654	0
1	3076	78718.305152969797	1
1	3078	78767.804140712779	0
1	3255	83180.626665589983	1
1	3258	83193.847350549971	2
1	3260	83223.742091748781	1
1	3269	83346.330507918938	2
1	3271	83524.36379318197	1
1	3276	83551.029705868562	0
1	3458	88517.531415607148	1
1	3460	88620.290049282443	0
1	3537	89819.256906364149	1
1	3539	89841.554237348568	0
1	3808	95423.14724937755	1
1	3815	95460.641659877526	2
1	3817	95620.614942412155	1
1	3823	95645.865636420223	2
1	3825	95693.243519558789	1
1	3833	95702.075788429251	0
1	3838	95730.045724241337	1
1	3852	96108.370273474261	0
1	3858	96124.405820293349	1
1	3861	96170.875031209768	2
1	3863	96268.205041653983	1
1	3867	96376.71699527398	0
1	3907	96915.292385086586	1
1	3925	97300.081928702315	0
1	4581	112776.211487686447	1
1	4588	112940.509765858221	2
1	4590	112969.623354508	1
1	4595	113032.279451987902	0
1	4603	113112.235543060173	1
1	4618	113449.790498423586	2
1	4623	113544.680346423614	1
1	4635	113677.881639118363	0
1	4644	113698.730852477169	1
1	4647	113707.551100585463	2
1	4649	113796.628621660563	1
1	4658	113908.340988846681	0
1	4668	113981.856351133661	1
1	4671	113991.130816493576	2
1	4684	114323.015605067099	1
1	4690	114366.422849159745	2
1	4692	114405.043240472591	1
1	4697	114428.297360318172	0
1	4728	114788.937290294439	1
1	4731	114853.734684124506	2
1	4733	114960.567610052471	1
1	4738	115020.843173408012	2
1	4746	115113.154147331697	3
1	4756	115194.595737194828	2
1	4764	115408.070810616407	1
1	4772	115479.14185535648	0
1	4926	118562.483210164872	1
1	4928	118563.287244990277	0
1	5033	120680.655461888214	1
1	5041	120813.693420572123	0
1	5047	120905.728953599482	1
1	5053	121010.910011722382	2
1	5059	121072.255624990021	1
1	5068	121139.333129155535	2
1	5070	121155.495723258156	1
1	5079	121267.61979446231	0
1	5360	127391.889552530725	1
1	5373	127591.517617685168	2
1	5375	127799.042514281453	1
1	5383	127907.968065571864	0
1	5597	132464.989527114725	1
1	5599	132517.433277072577	0
1	6256	152586.825887740261	1
1	6266	152936.512298201429	0
1	7189	174066.328537155854	1
1	7191	174103.624559798258	0
1	7228	174668.438113616292	1
1	7239	174934.129367565144	0
1	7264	175337.69063669754	1
1	7267	175390.728039453566	2
1	7269	175414.17136386164	1
1	7275	175436.541190926091	2
1	7277	175514.220413033831	1
1	7281	175566.705687047322	0
1	7634	185901.965939001661	1
1	7643	186233.801651381657	0
1	8782	223283.853556942372	1
1	8784	223306.008470303076	0
1	8794	223351.397566134013	1
1	8796	223802.63885475015	0
1	10475	269166.453797633504	1
1	10478	269201.927393513145	2
1	10488	269508.311319470881	3
1	10493	269612.501088612257	2
1	10504	269895.228398483935	1
1	10509	269914.795093469267	0
2	0	0	0
2	106	3676.552245028302	1
2	108	3697.395164807709	0
2	378	12054.283305995897	1
2	384	12091.65919636194	0
2	553	17177.110227827367	1
2	555	17370.086089436397	0
2	570	17637.467871391119	1
2	574	17743.271180082545	0
2	639	18640.157461371008	1
2	653	18801.427414615169	0
2	725	20149.418929164342	1
2	732	20347.155600881476	2
2	735	20401.017606304749	3
2	741	20608.4884008299	2
2	750	20743.303526330988	1
2	755	20783.309285015095	0
2	761	20954.645002817962	1
2	763	21133.459554789532	0
2	769	21140.63499553899	1
2	774	21274.578629050631	0
2	788	21531.299088856432	1
2	793	21840.018587008346	0
2	929	24858.862412947338	1
2	931	24869.129158659388	0
2	974	25888.699078852624	1
2	989	26217.66291397857	0
2	1052	27440.495647976437	1
2	1059	27587.872389345731	2
2	1064	27678.866113071239	1
2	1072	27846.768047473215	0
2	1155	29494.307384539476	1
2	1158	29495.050713898194	2
2	1160	29555.229316169902	1
2	1165	29669.275515937329	0
2	1481	42303.768557709121	1
2	1483	42379.097451743149	0
2	1489	42400.462909472451	1
2	1492	42414.321702524482	2
2	1495	42431.124794192962	3
2	1497	42446.068956989532	2
2	1502	42596.669330310554	1
2	1507	42631.662447628044	0
2	1630	47202.905372199298	1
2	1632	47298.482672433905	0
2	1795	49772.374648895623	1
2	1798	49931.747842959496	2
2	1800	49973.371215991	1
2	1809	50288.708699951082	0
2	1845	50858.559346438641	1
2	1851	51028.131990973687	0
2	1876	51253.454691336067	1
2	1878	51277.602410867762	0
2	1885	51312.020513676888	1
2	1888	51314.223034353378	2
2	1893	51507.606255393609	1
2	1898	51519.378993634086	0
2	1970	52757.338062866168	1
2	1973	52772.455161410234	2
2	1979	52914.763731706839	1
2	1988	53024.311663938257	0
2	1998	53091.374102804762	1
2	2000	53174.801528204184	0
2	2006	53324.117853723631	1
2	2008	53360.097031371239	0
2	2025	53736.460877978379	1
2	2027	53775.315076179754	0
2	2050	54230.348029486511	1
2	2056	54425.574466951143	0
2	2219	58553.004554527187	1
2	2222	58747.020958738243	2
2	2228	58940.632700600389	1
2	2233	59005.390725668181	0
2	2239	59129.971700270751	1
2	2242	59235.947944078748	2
2	2247	59272.870305036979	1
2	2262	59548.163133031056	2
2	2267	59639.917650908891	1
2	2277	59688.012237224389	0
2	2288	59776.155774570499	1
2	2294	60002.022851609353	0
2	2407	62203.679115096958	1
2	2411	62229.12468724169	2
2	2413	62300.29007199918	1
2	2421	62405.184945182187	0
2	2435	62577.580911626352	1
2	2441	62667.840365356374	2
2	2443	62701.589487788725	1
2	2457	62811.16179276474	2
2	2463	62898.09746896593	1
2	2468	63060.883211528408	0
2	2477	63327.533520716162	1
2	2482	63524.157620572943	0
2	2488	63540.463726206051	1
2	2490	63776.341428977681	0
2	2519	64214.76592349546	1
2	2521	64291.689306800291	0
2	2744	69566.619056130765	1
2	2746	69590.254358963656	0
2	2760	69816.910189240805	1
2	2762	69888.823952339517	0
2	3073	78699.350702382654	1
2	3080	78767.804140712779	2
2	3082	79082.628200226347	1
2	3094	79321.735253870175	2
2	3096	79335.919963862435	1
2	3102	79378.974927553227	2
2	3104	79379.647467129043	1
2	3114	79538.327574219665	2
2	3116	79622.829665695201	1
2	3122	79772.694703035087	2
2	3125	79916.309332616738	3
2	3127	80078.957840450923	2
2	3133	80147.395558919221	3
2	3136	80164.62358355866	4
2	3138	80225.011566538052	3
2	3146	80260.466409988812	2
2	3159	80840.95893482875	1
2	3164	80864.243102637003	0
2	3282	83631.329477525899	1
2	3284	83694.305810816504	0
2	3290	83910.926741536235	1
2	3292	83916.307361173227	0
2	3317	84238.22012564166	1
2	3320	84309.843560168437	2
2	3322	84437.057889904745	1
2	3331	84559.952941677317	0
2	3481	88798.063445220299	1
2	3487	88908.928541383271	2
2	3510	89466.501019483404	1
2	3519	89522.490906735045	0
2	3541	89841.554237348568	1
2	3544	89918.958024097421	2
2	3553	90120.969960002105	1
2	3558	90152.032556997584	0
2	3564	90257.438876055675	1
2	3566	90293.085158952606	0
2	3575	90538.164770068417	1
2	3585	90695.18800090733	2
2	3588	90803.537986005441	3
2	3590	90804.324884508831	2
2	3595	90890.395458752166	1
2	3600	90957.078058345215	0
2	3610	91184.936746392008	1
2	3612	91223.277245683567	0
2	3618	91402.358754455219	1
2	3621	91563.549699480208	2
2	3627	91631.534918172256	1
2	3635	91709.548387603711	0
2	3835	95702.075788429251	1
2	3843	95943.46385818653	0
2	3865	96268.205041653983	1
2	3869	96376.71699527398	2
2	3872	96406.75242912698	3
2	3877	96533.720929238232	2
2	3882	96650.743473272102	1
2	3891	96696.291807505891	0
2	3897	96710.853677827522	1
2	3909	97074.761404103862	0
2	3935	97540.076179567381	1
2	3941	97616.599559520635	2
2	3944	97627.464956933798	3
2	3947	97673.362407741643	4
2	3953	97714.704241498636	3
2	3965	98012.35675441812	2
2	3974	98023.446942860504	1
2	3982	98277.759264981618	0
2	3991	98422.700742552301	1
2	3993	98564.330962139771	0
2	4028	98880.849268160449	1
2	4031	98992.558181178514	2
2	4040	99117.745137227943	1
2	4045	99351.422938860611	0
2	4074	100071.49038864039	1
2	4076	100083.423579584465	0
2	4082	100084.972396312157	1
2	4096	100339.44617367987	0
2	4102	100350.297073067482	1
2	4104	100423.74546100165	0
2	4371	108334.337387381979	1
2	4376	108563.393872645439	0
2	4447	110562.716026990166	1
2	4458	110827.839425655685	0
2	4597	113032.279451987902	1
2	4605	113134.069670339172	0
2	4651	113796.628621660563	1
2	4653	113828.935282317047	0
2	4660	113908.340988846681	1
2	4662	113909.523789832222	0
2	4699	114428.297360318172	1
2	4702	114428.597293417755	2
2	4710	114692.931308526462	1
2	4722	114756.282434804219	0
2	4735	114960.567610052471	1
2	4740	115072.675342675215	0
2	4774	115479.14185535648	1
2	4777	115488.583072809631	2
2	4780	115667.901385140662	3
2	4782	115709.732377309269	2
2	4788	115835.116441793657	3
2	4790	115864.799981897882	2
2	4795	116067.140137508902	1
2	4800	116193.425521606765	0
2	4951	119235.221710558306	1
2	4957	119403.395600316018	0
2	5088	121423.995666056211	1
2	5094	121432.9262019675	2
2	5104	121737.464274345939	1
2	5110	121795.117245172534	2
2	5112	121802.059904071886	1
2	5122	121822.551518437495	2
2	5125	121886.710180001767	3
2	5127	121959.785432987349	2
2	5139	122132.364025080493	3
2	5149	122490.068175039296	2
2	5155	122504.035964814769	3
2	5157	122509.223712332981	2
2	5166	122567.544331862975	1
2	5172	122569.602976341679	2
2	5182	122736.274164310698	1
2	5187	122758.452376652943	0
2	5204	123236.420884712707	1
2	5209	123303.956623874057	0
2	5223	123709.712485675849	1
2	5226	123993.660538761639	2
2	5232	124074.269830710638	1
2	5238	124102.995393798805	2
2	5240	124155.555680626618	1
2	5249	124310.443926511022	0
2	5393	128116.920078564413	1
2	5396	128127.46345713806	2
2	5399	128128.405182478939	3
2	5409	128538.894178253491	4
2	5415	128560.514805315168	3
2	5420	128617.983838450988	2
2	5429	128786.183884954806	1
2	5434	128888.046619815858	0
2	5447	129017.092261675851	1
2	5449	129053.669999195989	0
2	5459	129286.099636267346	1
2	5461	129405.097765101226	0
2	5609	132820.391917704951	1
2	5616	132884.174423257081	2
2	5618	132886.809333595506	1
2	5623	132992.180533765076	0
2	5632	133030.304273009041	1
2	5634	133236.821378806798	0
2	5656	133479.379098304499	1
2	5658	133617.58029127699	0
2	5766	137241.790730171414	1
2	5769	137289.967047370062	2
2	5771	137326.697380650007	1
2	5776	137428.955023032829	0
2	6302	153667.428265171626	1
2	6305	153678.41203434359	2
2	6307	153706.037503275295	1
2	6317	153921.981617574798	2
2	6319	153928.097216509146	1
2	6324	153987.969326394816	0
2	6435	157046.836559794437	1
2	6437	157147.28498785824	0
2	6553	160308.640805719618	1
2	6559	160545.625208542171	2
2	6565	160600.338226816785	1
2	6573	160642.368338864378	0
2	6659	162158.226520355112	1
2	6668	162675.590658848858	2
2	6670	162682.304604491483	1
2	6675	162791.922269450281	0
2	6700	163147.258430771074	1
2	6705	163348.974614693116	0
2	6947	168325.377412158977	1
2	6954	168490.092525911607	2
2	6956	168569.185230819339	1
2	6961	168742.707909899776	0
2	7001	169734.330430324418	1
2	7003	169783.792311632227	0
2	7153	173206.963329550837	1
2	7160	173432.038855781591	0
2	7214	174280.731150704264	1
2	7230	174669.446112570872	0
2	7248	175080.883805761873	1
2	7250	175089.384046589544	0
2	7279	175514.220413033831	1
2	7283	175566.705687047322	2
2	7286	175681.077687774769	3
2	7292	175750.501158089897	2
2	7297	175778.19126226135	1
2	7305	176100.476476104338	0
2	7311	176196.18981487768	1
2	7314	176229.518223077971	2
2	7320	176271.744803321888	3
2	7323	176284.049938275999	4
2	7325	176321.782688723286	3
2	7330	176335.53881686326	2
2	7335	176434.608004187573	1
2	7340	176573.062228729357	0
2	7346	176676.543269177307	1
2	7351	176807.313286532987	0
2	7667	186736.971616104702	1
2	7669	186863.649955921576	0
2	7678	187054.491194678335	1
2	7680	187075.863338356492	0
2	7693	187340.157157517572	1
2	7695	187344.34627835019	0
2	7842	191166.115655623524	1
2	7844	191185.760687732724	0
2	8318	211432.211920450898	1
2	8320	211491.516543938866	0
2	8468	215774.335422880733	1
2	8470	215825.699843629296	0
2	8579	218939.140296116264	1
2	8589	219015.035641015184	0
2	8632	220511.561034096949	1
2	8641	220602.992357517152	0
2	8720	222358.662391964992	1
2	8732	222673.125660253331	0
2	8752	223005.437761145492	1
2	8761	223126.2223959344	0
2	8805	223857.602064346106	1
2	8814	224002.465811057645	0
2	8871	224975.948501377782	1
2	8874	224980.492319374042	2
2	8880	225046.859163021781	3
2	8886	225059.362979030886	2
2	8891	225106.516247928689	1
2	8896	225137.155657145487	0
2	8905	225303.139488104847	1
2	8911	225450.304017088094	0
2	8917	225548.477968672838	1
2	8920	225553.741375254908	2
2	8922	225593.220512454013	1
2	8927	225791.692008390384	0
2	8933	225979.471504472217	1
2	8935	226021.285473688224	0
2	9030	229097.792522956605	1
2	9032	229153.963237904728	0
2	9257	234288.506001869465	1
2	9273	234697.159042038185	0
2	9365	236533.739306433748	1
2	9368	236765.460477239298	2
2	9370	236777.059067589367	1
2	9376	236800.563109728642	2
2	9378	236836.698588184165	1
2	9386	236904.882828806173	0
2	9408	237301.621124908286	1
2	9414	237374.447773820805	0
2	9528	240634.478821976883	1
2	9530	240678.974051498001	0
2	9536	240766.54482508037	1
2	9538	240801.745146068518	0
2	9811	249394.793465518366	1
2	9813	249482.079787690795	0
2	10165	259741.892129534536	1
2	10167	259847.077380654413	0
2	10226	261366.818283736171	1
2	10231	261566.425729190888	0
2	10518	269975.276550989513	1
2	10521	269979.924641964774	2
2	10523	270062.326809287547	1
2	10529	270338.728665292607	2
2	10531	270436.28259933415	1
2	10540	270604.564620298091	0
2	10687	273490.389835655123	1
2	10689	273590.92654937905	0
2	10726	274540.645210338253	1
2	10734	274748.127081870501	0
3	64	2909.053506742787	2780.2011067607
3	111	3697.395164807709	1841.1593003199
3	130	4235.23363464457	2733.6022085989
3	138	4405.273453022984	3204.9440684728
3	146	4456.27436374888	2771.7918186542
3	183	5202.160921377584	2191.7424265668
3	191	5267.021610949324	1660.1507697813
3	199	5519.527940484786	2073.425555164
3	207	5859.985201334881	2398.0312069785
3	230	6471.882954259173	3275.5511103943
3	238	6788.109665222426	2271.9868214987
3	245	7098.498823376241	3240.2893338259
3	261	8267.816563387013	3190.8684132434
3	265	8322.394658844912	3327.6967038028
3	293	9413.584945031136	2993.1503794435
3	312	9916.169932480187	3048.4627503343
3	330	10576.192298162886	1970.2631434891
3	371	12009.662038749309	2968.0744687188
3	387	12091.65919636194	3670.2191696875
3	395	12163.866898766812	3262.8848330397
3	417	12892.931636191128	3403.5362911038
3	421	12930.90245537451	2494.3939761445
3	445	13570.154091367061	2247.6131187938
3	459	14188.831110384076	3333.6971803755
3	484	15236.42160390876	2562.9085680563
3	577	17743.271180082545	3018.437805485
3	581	17774.256247099858	3684.0591434017
3	602	17995.08801305009	3059.2617559154
3	623	18458.02270646064	3173.3225181415
3	656	18801.427414615169	2979.8449383024
3	660	18802.994001703123	2658.1875097007
3	676	19117.515418855264	2739.9730434269
3	686	19212.767840616867	1828.523167989
3	696	19381.340539596051	2241.425055312
3	705	19772.606921093482	2886.7884851061
3	744	20608.4884008299	2236.0579705922
3	753	20743.303526330988	2599.377944693
3	758	20783.309285015095	3154.9040081352
3	781	21386.963387754063	3799.2663339209
3	796	21840.018587008346	3210.8547450858
3	808	22158.244882010151	3566.8193948836
3	832	22681.43648233536	3327.4985158816
3	898	24318.717154747063	3057.7551006898
3	905	24434.529319789731	2874.4452312961
3	914	24499.159967239725	1570.9203464258
3	934	24869.129158659388	1319.2278934736
3	945	25348.41114809599	2916.6452301387
3	963	25703.385247393061	3466.1443216795
3	992	26217.66291397857	3694.646680256
3	1000	26239.40868641414	2598.1914272434
3	1026	26985.690903712534	3839.9424353098
3	1067	27678.866113071239	2235.0136281084
3	1075	27846.768047473215	3445.3588840272
3	1090	28178.793328069991	3151.0054747468
3	1125	29002.206254811267	2993.6294321995
3	1141	29277.834973540155	3346.210669633
3	1163	29555.229316169902	2918.8902677502
3	1168	29669.275515937329	1493.1015156023
3	1172	29700.607322034745	2421.101638237
3	1176	29941.594341530039	2319.8629611362
3	1180	29974.667166379363	2204.2463021609
3	1194	30509.484514230785	1779.2798317596
3	1224	31834.590850939642	2447.4113988876
3	1228	31957.531757609134	1762.5663875788
3	1240	32390.353336094095	1919.8654307798
3	1303	34863.079805473167	2218.0782144517
3	1315	35271.34120900978	2348.8478956651
3	1323	35481.67154173932	1998.5324292351
3	1331	35929.682012918333	2787.3119844217
3	1335	36240.890518263477	1512.7709352504
3	1445	41120.347400943197	2440.7308521587
3	1457	41371.961936363965	1944.9520024471
3	1486	42379.097451743149	2173.7107765675
3	1500	42446.068956989532	3654.7606099863
3	1505	42596.669330310554	2772.6659609657
3	1510	42631.662447628044	2092.937440922
3	1514	42936.502158071583	3053.9923356533
3	1518	43025.474544235051	2496.8903333425
3	1522	43241.272068944239	3172.8714913366
3	1533	44268.918767064878	3467.0540236775
3	1604	46662.532628488023	2577.6453053299
3	1635	47298.482672433905	2935.0189818162
3	1653	47682.77780071979	1899.4612797041
3	1697	48429.594268808581	2222.927690763
3	1715	48761.06546051729	3525.284566395
3	1765	49554.17680008415	3169.2852242198
3	1780	49686.099685101346	2295.825231811
3	1803	49973.371215991	2834.817320779
3	1812	50288.708699951082	2656.0809124634
3	1816	50329.017423360864	2641.9359411473
3	1823	50458.333421658677	2206.790289944
3	1854	51028.131990973687	2297.5269461842
3	1858	51051.605295939505	2793.3421588808
3	1881	51277.602410867762	2809.722750364
3	1901	51519.378993634086	3362.3765406597
3	1912	51670.628190264887	2445.9189870371
3	1928	51976.930380333349	2229.7501911811
3	1963	52592.600931346581	2921.6541709844
3	1982	52914.763731706839	3797.7336797834
3	1991	53024.311663938257	1606.7381363735
3	2015	53568.008653614804	4030.3625232957
3	2030	53775.315076179754	2080.291672943
3	2034	53813.21751289213	2218.4097626505
3	2059	54425.574466951143	2458.6269284382
3	2067	54621.278657526041	2250.5714831036
3	2071	54638.638535441401	2931.4448790849
3	2086	55200.916234321844	3223.1680709834
3	2127	56244.403963986396	2557.3329947982
3	2135	56304.178883716815	2326.9958229829
3	2160	57032.464550362069	2043.4451395087
3	2231	58940.632700600389	2291.1872769333
3	2236	59005.390725668181	3540.9071289282
3	2250	59272.870305036979	2833.3478562254
3	2270	59639.917650908891	3471.6301228557
3	2280	59688.012237224389	2936.1606756317
3	2306	60119.308218495773	2818.854820811
3	2314	60333.196555945683	3029.2234552943
3	2333	60615.19172791085	3383.4816423722
3	2371	61496.063409635487	2229.3499299511
3	2378	61662.522140990255	2346.4967221208
3	2416	62300.29007199918	2740.7588189375
3	2424	62405.184945182187	2561.0050637863
3	2428	62485.135687731506	2983.8717017323
3	2446	62701.589487788725	3184.3642153894
3	2466	62898.09746896593	2684.7774916072
3	2471	63060.883211528408	3390.5324534994
3	2485	63524.157620572943	3204.9051659829
3	2493	63776.341428977681	4136.1006457812
3	2501	63830.225016975301	3968.5336319915
3	2512	64030.925009527702	2302.4458033956
3	2524	64291.689306800291	1954.0786581673
3	2535	64346.646842842234	3468.9720471465
3	2547	64678.130596405684	2064.8547020182
3	2551	64758.201928013042	3148.8401053641
3	2574	65891.068905858182	2410.9861523844
3	2578	65915.27008169188	3717.4900394864
3	2582	65961.391620514737	1992.4657665566
3	2618	67043.177621268537	2712.483324213
3	2687	68467.545935609828	2492.5868709292
3	2706	68757.808415158239	2095.7397826854
3	2733	69356.601815953963	2450.2482882142
3	2749	69590.254358963656	2107.6956504956
3	2753	69600.978069975599	1768.2068625838
3	2765	69888.823952339517	1636.5091818944
3	2775	70004.752469004678	2345.6132049342
3	2779	70189.512271154599	1637.1067447777
3	2783	70313.798339197942	2088.0182042532
3	2810	71292.535251148621	3436.0788486153
3	2822	71771.350474201652	4112.5448459107
3	2834	72235.578565917474	1898.7501620036
3	2849	72981.983218927805	3019.7608513478
3	2853	73117.983343428518	3212.9304128699
3	2884	74801.267031375607	2310.1347244531
3	2928	76201.00100860888	2390.8022822812
3	2943	76307.819968600844	2988.6570735835
3	2955	76739.808279694573	3169.3611638434
3	2959	76833.139512715026	2172.3540978134
3	3015	77885.770373367907	3638.2368943747
3	3034	78307.436961747503	2977.2273198143
3	3038	78312.241387838371	3113.6648057308
3	3054	78560.970207686307	3275.5294779595
3	3085	79082.628200226347	1778.6508156918
3	3099	79335.919963862435	2303.2892946247
3	3119	79622.829665695201	3746.0580019121
3	3130	80078.957840450923	2825.6827200238
3	3141	80225.011566538052	3943.2290117834
3	3149	80260.466409988812	2761.4601782137
3	3162	80840.95893482875	3460.7115790512
3	3171	81070.117412689762	3208.3316188664
3	3185	81348.195081215463	2223.2894424896
3	3238	82885.421342490287	2637.79208472
3	3287	83694.305810816504	2419.221626306
3	3295	83916.307361173227	2233.9152781013
3	3302	83964.159757380833	2862.1381545346
3	3325	84437.057889904745	2089.3008217647
3	3334	84559.952941677317	1949.63734184
3	3342	84666.409240744536	2586.6646498514
3	3354	85132.769539478018	2703.7335214705
3	3374	85801.400618917092	3597.3006591514
3	3378	85921.417247897886	2633.04457183
3	3399	86710.96087908274	2751.2763976771
3	3470	88660.095149569158	2423.8164627459
3	3522	89522.490906735045	2703.396855779
3	3526	89555.689990935456	2785.8327995427
3	3556	90120.969960002105	2316.9052877091
3	3561	90152.032556997584	2359.3599094352
3	3569	90293.085158952606	3854.983000374
3	3593	90804.324884508831	3132.3048747113
3	3598	90890.395458752166	2981.4464692683
3	3603	90957.078058345215	1975.7959812639
3	3615	91223.277245683567	2739.5029923983
3	3630	91631.534918172256	3349.8697598967
3	3638	91709.548387603711	2836.909329998
3	3654	92166.910650914506	2170.8747395006
3	3711	93748.813577767284	3240.6640551891
3	3726	93949.005695729083	1632.2882754821
3	3730	93987.15574541308	3370.3997823782
3	3765	94563.823040340156	2922.723493455
3	3790	95228.279269832274	1836.6935416684
3	3846	95943.46385818653	2945.2238978818
3	3850	95972.683295490547	3734.2755260412
3	3880	96533.720929238232	3197.1978941001
3	3894	96696.291807505891	2749.4621801656
3	3912	97074.761404103862	2651.422741356
3	3916	97101.082751645925	2884.0280646418
3	3920	97142.767234880135	2776.1508265459
3	3956	97714.704241498636	3085.9678606196
3	3968	98012.35675441812	3701.2082913121
3	3977	98023.446942860504	3989.3095292947
3	3985	98277.759264981618	2543.2919053082
3	4000	98572.216107330548	3450.3591354636
3	4043	99117.745137227943	3416.6645932722
3	4048	99351.422938860611	4027.68034286
3	4059	99537.019050004205	2260.2654866414
3	4063	99649.639979874344	3124.7637817729
3	4079	100083.423579584465	3318.2621466302
3	4099	100339.44617367987	2146.1139904428
3	4107	100423.74546100165	2579.7858917252
3	4111	100431.527550842341	2023.9321874455
3	4119	100881.555673841045	3305.3912988494
3	4126	101211.130124513846	2426.0908113522
3	4138	101671.906582228552	2916.1560952105
3	4156	101852.555702716227	2339.1668438539
3	4164	102059.681169704843	3230.8400925994
3	4198	103494.524089887212	2347.6921578683
3	4217	104253.604578549632	2494.7496477049
3	4228	104581.895269013416	2819.3431247212
3	4275	106243.362690761623	1878.8294729311
3	4319	107272.772034614121	3374.8589699529
3	4364	108292.64789121145	2482.268925989
3	4379	108563.393872645439	2014.713355517
3	4383	108578.178164785236	2201.2751432508
3	4387	108589.283135334222	2426.8013830204
3	4411	108975.669694230647	2974.522940941
3	4423	109871.657935168024	2551.1608604528
3	4461	110827.839425655685	2393.5393151455
3	4490	111254.388387450676	4131.7343376484
3	4499	111397.732101617631	3144.7433390468
3	4512	111650.246097000919	4249.4828099741
3	4585	112908.809410276314	2282.3036402464
3	4615	113166.59955665708	3004.973820895
3	4665	113909.523789832222	2588.2971329894
3	4682	114240.804206927364	2423.6829491509
3	4713	114692.931308526462	3504.238763731
3	4725	114756.282434804219	3913.1261964035
3	4743	115072.675342675215	2616.0822704495
3	4750	115119.550908324505	3789.7210508443
3	4754	115170.234098905551	2954.1901622153
3	4785	115709.732377309269	4078.5102313439
3	4793	115864.799981897882	4028.2592313789
3	4798	116067.140137508902	2921.722651292
3	4803	116193.425521606765	2069.6824205518
3	4818	116417.530760452068	3332.2237416093
3	4822	116451.746293746325	1960.0445533265
3	4837	116789.026865622214	3330.5673061626
3	4841	116903.201899647899	3216.7890050752
3	4860	117338.664080287159	2623.0507612042
3	4878	117601.765426883864	4010.0074315903
3	4908	118136.768480319635	2763.7747692503
3	4960	119403.395600316018	1913.1472469587
3	4964	119433.3203001989	3124.3403296173
3	4974	119584.775613683554	1610.2022148482
3	4982	119795.19700737381	3056.1920091115
3	5015	120316.004082097899	2774.6732331533
3	5023	120361.967643612805	3218.4104575869
3	5057	121022.904644754792	2891.5830477141
3	5077	121217.036254500887	2575.0469061267
3	5107	121737.464274345939	3507.3571796436
3	5115	121802.059904071886	2700.874994332
3	5130	121959.785432987349	3211.325455606
3	5160	122509.223712332981	2499.5247129144
3	5169	122567.544331862975	2638.1385815027
3	5185	122736.274164310698	3159.8009822737
3	5212	123303.956623874057	3053.5260827206
3	5216	123397.371362563657	2730.9734383426
3	5235	124074.269830710638	1975.4472467325
3	5243	124155.555680626618	2726.3124923129
3	5252	124310.443926511022	3599.477490345
3	5256	124511.028851154644	3564.2101610268
3	5260	124532.078920872497	3253.018779124
3	5273	125209.47587374753	3228.4129111939
3	5308	126017.481367906396	3140.2164152171
3	5314	126160.918095227828	2914.047306776
3	5364	127396.529693389931	2593.0087548215
3	5418	128560.514805315168	3789.5668891165
3	5423	128617.983838450988	3199.0328424051
3	5432	128786.183884954806	2867.3548259307
3	5437	128888.046619815858	2459.7713351605
3	5452	129053.669999195989	3325.4857294585
3	5471	129424.954612665703	3478.2825698891
3	5475	129569.627626306172	3470.1335472743
3	5489	130178.135513251754	2705.0944414331
3	5505	130488.43974981974	2932.3449304048
3	5523	130963.021475275802	3672.9094447754
3	5537	131166.516270955819	3329.15031977
3	5571	131658.05326005953	2250.8266159985
3	5621	132886.809333595506	2740.9885898698
3	5626	132992.180533765076	3302.8447932377
3	5637	133236.821378806798	2021.7788862032
3	5641	133246.849124928201	2146.399829518
3	5645	133252.49247170525	2144.0301342715
3	5661	133617.58029127699	2783.6761298184
3	5668	133959.839979934594	3165.2329363022
3	5727	135681.582877809429	2668.9048075676
3	5731	135786.840652590902	2009.7688459419
3	5779	137428.955023032829	2237.3358985037
3	5791	137698.901753411844	2688.203903327
3	5795	137833.407760593259	3486.9047502006
3	5799	137849.245330005859	3433.1960367691
3	5834	139270.895486841859	2661.3758715894
3	5842	139573.404481930211	2726.6979253292
3	5854	139936.526892371284	3288.2147878502
3	5873	140454.143953028658	3624.7096398287
3	5881	140521.911774629976	2410.4508429766
3	5911	141539.057667407408	2296.8113033753
3	5931	142075.036676149563	1920.0084972102
3	5939	142599.035142669836	3443.5319057386
3	5947	143091.243210031487	1727.4189338833
3	5969	144250.718731248226	2797.526681833
3	6011	145921.785415431982	2137.1681290213
3	6038	146711.69800942316	1954.3695179187
3	6053	147107.050761865534	2817.4008168094
3	6068	147272.080201029769	2245.1803745795
3	6083	147824.044366129743	1978.0487370305
3	6106	148814.370476032507	3191.0269811656
3	6117	149039.106528724693	2584.2047685105
3	6158	150185.764760296635	2501.7709197197
3	6195	151452.903098717293	1921.3711128663
3	6206	151584.983661514851	3469.2583575938
3	6210	151628.033457526218	2797.4652362801
3	6260	152793.732305355437	2818.4034546185
3	6264	152871.183816406482	2476.308160359
3	6284	153191.938310721176	3202.5076657254
3	6310	153706.037503275295	2173.0790864211
3	6322	153928.097216509146	3554.3430901319
3	6327	153987.969326394816	2165.2677584017
3	6331	154171.357089990856	2404.3307622615
3	6343	154265.494801289608	2844.7487948896
3	6360	154665.892666209353	2999.1997913031
3	6368	154802.943609779455	2852.660608124
3	6379	155359.79675078111	3215.3987885546
3	6417	156524.998674748232	3075.2622007951
3	6440	157147.28498785824	2808.9061121643
3	6447	157341.904189433554	2931.4709814638
3	6462	157646.955826181548	2356.3488474023
3	6466	157759.732863387037	2038.3972879406
3	6477	157982.449745471333	3639.1950386364
3	6484	158265.73988428634	2300.6471160706
3	6531	159742.734861404044	3101.9347277842
3	6568	160600.338226816785	3003.038670877
3	6576	160642.368338864378	3375.5002375133
3	6587	160843.220526535725	2926.0052713193
3	6606	161235.307151095436	2790.7270002645
3	6617	161422.674444242549	3325.4989272775
3	6637	161875.619812804494	2207.3786290549
3	6673	162682.304604491483	2556.4084065054
3	6678	162791.922269450281	3157.828932507
3	6685	162900.929368902879	3449.6560221724
3	6708	163348.974614693116	2725.9221116817
3	6712	163555.092369453762	2547.4700354096
3	6724	163666.00278838564	2937.8042653527
3	6731	163722.425143671526	2427.4394599255
3	6739	164029.614044908638	3572.8937852103
3	6766	164746.929617436138	2787.5483561866
3	6777	165038.564546142713	2139.4898522459
3	6787	165295.838502258567	3054.2396803759
3	6794	165499.001310206163	3129.0720946714
3	6824	166108.644327491817	2840.4972067382
3	6868	166950.433165662428	1981.9589480851
3	6882	167253.991938150231	2128.1674651243
3	6906	167725.716500560259	3215.299716806
3	6917	167928.382550927136	1581.7915719934
3	6936	168223.709248649978	2904.5250181016
3	6959	168569.185230819339	2803.3663711231
3	6964	168742.707909899776	1748.9139482193
3	6972	168919.375813653523	3288.1619453838
3	6976	169083.180325583483	3929.9845846184
3	6991	169398.473853147601	2758.1744870812
3	7006	169783.792311632227	3336.6627956182
3	7010	169879.255221602022	3101.9376459438
3	7030	170356.187222459199	2524.8119677138
3	7034	170479.868711483817	2471.2124316524
3	7061	171286.625692647646	2007.5873790309
3	7123	172724.96745264987	2047.7074578032
3	7127	172750.753372431741	3144.6012500301
3	7163	173432.038855781591	2474.2389238626
3	7172	173857.048977179836	2896.5295105241
3	7176	173973.882326694018	2858.0927691169
3	7198	174123.080657224155	2526.1689786427
3	7237	174783.590531376171	3001.7272885144
3	7257	175140.755686662603	3178.2746926602
3	7300	175778.19126226135	3962.2723123245
3	7308	176100.476476104338	3347.9946173334
3	7338	176434.608004187573	4239.9499574451
3	7343	176573.062228729357	3689.2686992171
3	7354	176807.313286532987	2280.6616000328
3	7369	177120.356726591996	3064.1703766708
3	7381	177500.963560548951	4997.6081394765
3	7389	177970.794708671961	3993.6986430714
3	7409	178796.963985859466	2931.3434125856
3	7413	178923.567943460493	2688.8292487152
3	7417	179009.056265154468	2205.1937341131
3	7464	181050.662604591414	1934.0816361923
3	7493	181949.932155652466	2201.2006513495
3	7501	182024.61545508764	2882.574720243
3	7548	183784.300812901158	2304.827879034
3	7560	184027.823411776166	3883.6609201692
3	7596	185160.483264667688	3628.7783960067
3	7608	185219.959262037885	2678.0433538556
3	7619	185468.02787355927	2649.0932206158
3	7638	185935.512678154974	2212.3960637022
3	7683	187075.863338356492	3742.5942585804
3	7698	187344.34627835019	3116.1740294471
3	7706	187443.642193124399	2210.6151866226
3	7713	187652.121875064102	3572.9133206567
3	7729	188223.808492332087	3475.1825527509
3	7754	188713.565594841496	3703.7023734108
3	7773	189283.736979205972	2575.5806975719
3	7847	191185.760687732724	4031.2027908862
3	7854	191513.023746195107	2820.1731658168
3	7858	191613.274495057033	3002.8809541371
3	7869	192068.813890250055	2969.2611158169
3	7892	193091.77335068575	3544.1587867588
3	7908	193791.324188458273	2342.7080516797
3	7912	194000.728822305649	2375.7161245029
3	7923	195373.48026091127	3197.3693936225
3	7952	197550.436849279561	2141.3613234367
3	7979	198860.461611827503	3792.8657599445
3	7983	198887.743085082877	2193.765809359
3	8024	202353.775362193877	3511.8002673425
3	8028	202381.840086674695	2119.1736056563
3	8032	202565.358295999989	2173.005584171
3	8053	203540.209063543065	3265.9157735668
3	8113	205273.359527381391	2257.0236264076
3	8123	205460.458661531151	2160.97567725
3	8142	206362.585421744885	2280.2745907847
3	8146	206377.521669412369	2508.746765675
3	8182	208037.488288777688	2658.5229304992
3	8186	208065.724960359553	3357.2679193038
3	8216	208847.535300339464	3562.7750760131
3	8248	209677.18243826086	3601.6999164317
3	8252	209814.95367067034	2433.9767792914
3	8284	210484.941041347732	3513.3409904782
3	8288	210586.803524591462	2479.4802851602
3	8300	210656.160829583309	2683.6106266826
3	8323	211491.516543938866	2984.130360391
3	8327	211552.296584162605	2113.3376289625
3	8331	211558.874284850232	2356.0302251112
3	8335	211890.561456601223	2883.0953035463
3	8411	214276.664032615098	3209.9311084114
3	8430	214767.617625029864	2097.493139701
3	8473	215825.699843629296	3499.1668905504
3	8483	216190.058937259346	3484.3434212822
3	8494	216336.15146392494	3336.0166695838
3	8498	216444.63023385062	3259.7919172235
3	8509	216662.370386568966	2375.8720433246
3	8532	217445.053886302131	2446.8775302451
3	8569	218562.075006814799	2481.2557029258
3	8592	219015.035641015184	2335.2316616848
3	8596	219363.906784184686	3489.7844047286
3	8600	219372.868068364914	3156.0588463861
3	8611	219828.932120472801	3281.8233818327
3	8659	220633.677115810063	2147.27109164
3	8673	221149.85412750256	2296.3765863236
3	8739	222684.367767424498	2458.1673001125
3	8764	223126.2223959344	3382.7686963789
3	8770	223250.208048188701	2291.7928986279
3	8791	223317.206726707907	2764.8475005571
3	8817	224002.465811057645	2405.0583068468
3	8821	224021.354243792829	3417.5906640938
3	8836	224137.21548385238	2531.9393166527
3	8840	224363.333396665651	1916.7766904086
3	8856	224640.733349586534	3886.0420557535
3	8894	225106.516247928689	2259.6596390661
3	8899	225137.155657145487	3051.0412502289
3	8914	225450.304017088094	2520.2203765821
3	8925	225593.220512454013	3763.8604485024
3	8930	225791.692008390384	3217.6458388857
3	8938	226021.285473688224	1984.5499572797
3	8942	226067.285134379367	2871.8820398137
3	8949	226291.788938655811	2436.7013033897
3	8961	226463.162407262901	2556.2751363541
3	8968	227012.374071517432	2020.7233128604
3	9011	228266.905327860938	3064.5949832909
3	9035	229153.963237904728	1856.0110017657
3	9043	229425.040777458789	3254.817235563
3	9058	229746.207279001147	2297.9330578761
3	9087	230503.254427430143	2708.5658347327
3	9127	231520.246951989783	1985.3065843228
3	9160	232234.47537634273	1875.6419769768
3	9164	232281.284502348671	1683.0561452731
3	9190	232878.182921380413	2727.0115421154
3	9194	232957.821897945557	1787.719347775
3	9209	233273.634013273803	3423.8111569919
3	9231	233750.245546563182	1983.7174426205
3	9246	233979.787661464959	3111.3570193481
3	9276	234697.159042038185	3342.5626811385
3	9321	235637.350967522872	3072.4034716505
3	9329	235776.65047631677	3016.4293362759
3	9333	236034.008344863935	2627.1131434478
3	9373	236777.059067589367	2973.8352485094
3	9389	236904.882828806173	2169.8280439898
3	9397	237052.433273558641	3335.0518741258
3	9417	237374.447773820805	2984.8806593886
3	9425	237564.43091927899	3198.7568029589
3	9439	238056.035840970034	1663.0446507689
3	9443	238076.597308136434	2738.6933262181
3	9454	238214.719589999961	2693.1791099432
3	9465	238650.699203915578	2401.7217645608
3	9480	239060.803939676956	3026.3135154638
3	9484	239084.405158258355	2235.5223189387
3	9541	240801.745146068518	3104.4314360619
3	9545	240856.079117040922	1936.8247315194
3	9567	241618.941645570224	3836.3322889668
3	9571	241644.791829346453	3498.7511097111
3	9620	243268.742485775834	3102.113919463
3	9635	243872.000339818517	3338.43523697
3	9665	244656.042341553856	2596.6573313065
3	9669	244826.836170084499	2564.5187857188
3	9677	245305.228466523573	3142.4790345412
3	9711	246426.345584438032	2786.5623430442
3	9742	247170.886884155132	3186.6801110096
3	9750	247731.141690664758	3329.6860921104
3	9757	247789.347682397371	2038.3041639905
3	9788	248736.340703231651	2429.8589787539
3	9792	248767.943666153149	2749.657915039
3	9796	248922.168087106959	2895.433676932
3	9816	249482.079787690795	3583.5673877131
3	9820	249554.427103810647	2601.5835897066
3	9824	249878.357306894518	3560.6209934034
3	9861	251137.337348490915	2420.9382613655
3	9895	252742.877263315296	2391.1948664859
3	9906	252855.258055282185	2617.1183741
3	9923	253501.636819220731	2302.7194424719
3	9950	254478.896245807879	3041.5592490882
3	9974	255253.559448511386	1729.4795542862
3	10016	256144.899771381996	2811.5682729241
3	10020	256160.093089403282	3295.208842149
3	10028	256228.711170531647	3302.2265445627
3	10077	257262.135692900517	2444.1901480034
3	10088	257523.373880604559	3033.3661006764
3	10106	258013.831957056708	2632.945538722
3	10110	258040.46474450461	1910.8066330198
3	10114	258158.303994420975	1446.0963141639
3	10154	259587.753671259343	2789.4992462453
3	10182	260147.059289347108	2659.3376198877
3	10197	260548.954700529593	3326.220276989
3	10207	260790.805708200682	2921.6137689216
3	10234	261566.425729190888	2410.425257301
3	10246	261714.339280604112	2344.64436871
3	10278	262481.911709925117	2929.6979589169
3	10294	263024.879622861047	2615.5560324434
3	10302	263116.521099947497	2537.0334619749
3	10317	263359.674163981609	2675.222844528
3	10329	263852.318835770365	1966.1215280369
3	10341	264178.018891621333	2808.2999216113
3	10357	265058.052060662348	2818.3209341951
3	10361	265143.016584703088	3101.4168021921
3	10368	265315.306716935973	2077.1217796672
3	10438	268365.816974079508	3160.6720914971
3	10453	268663.227409095045	2129.6405447088
3	10472	268876.946101308241	3032.7276733238
3	10534	270436.28259933415	3268.4428519705
3	10543	270604.564620298091	3119.3451064266
3	10547	270635.077145069783	2227.6768324245
3	10566	270982.042788200556	3051.7616661319
3	10613	271989.87338487746	2719.2276064306
3	10635	272405.268205939549	3656.717121702
3	10642	272486.005308897407	2973.2843711413
3	10672	273137.015868751989	3210.3675777465
3	10692	273590.92654937905	3935.7963714749
3	10716	274286.519378964125	2209.3568495874
3	10737	274748.127081870501	2450.1749619003
3	10751	275081.993616957118	2164.4476650562
3	10759	275295.539925109063	2737.443729924
3	10795	276600.309045009213	1849.7894490603
4	82	3295.867238530177	2630.5765644461
4	115	3788.104916418913	2982.2868477926
4	179	5089.624750793359	2794.6615520306
4	403	12609.983251828741	2174.672343056
4	441	13469.860558356253	2844.5978852068
4	477	14862.462639523888	2078.9515574276
4	524	16729.64550890864	2994.7954865266
4	558	17370.086089436397	3164.8119246215
4	766	21133.459554789532	2852.0187371214
4	777	21274.578629050631	3580.9336809582
4	800	21963.69346021669	3275.9678006197
4	804	22058.408433858742	2780.5297522154
4	938	24899.694247715488	2616.7089250032
4	1007	26259.373483108838	3383.4146913964
4	1094	28233.153646297005	2739.4745982159
4	1110	28655.429518277579	2406.9117868817
4	1129	29032.195930373126	2840.7317336462
4	1276	34011.113318390895	2227.1698566154
4	1296	34720.946553670683	3081.1082912609
4	1381	39838.304107404129	1541.2075319979
4	1388	40045.802346063815	2805.0287983194
4	1466	41825.935494292877	1523.0807282031
4	1612	46768.272832091239	2487.6924988814
4	1639	47352.797340706674	2373.080423316
4	1646	47554.344473799707	2536.0142174363
4	1725	48895.068353632894	3918.8593796734
4	1896	51507.606255393609	2638.7081576695
4	1946	52257.785202108275	3443.7697063224
4	2003	53174.801528204184	2608.5235027018
4	2011	53360.097031371239	2852.2892175522
4	2112	55675.30655098001	1740.8313929848
4	2120	56013.311447253827	1917.6184800826
4	2208	58365.993554728892	2988.0432363879
4	2297	60002.022851609353	2522.3671101151
4	2604	66619.391401551434	3314.5882420801
4	2671	68286.887992559408	2411.9384074956
4	2679	68340.198649135217	2022.6245015021
4	2826	71792.368286226537	2615.0721680559
4	3107	79379.647467129043	2407.3424914666
4	3167	80864.243102637003	3285.4316034673
4	3178	81247.415171568165	3267.4998912462
4	3218	82429.23269290006	3269.5868827868
4	3350	85105.041521862067	3020.8149882219
4	3366	85306.584707694843	2499.4258720169
4	3386	86192.204866518725	3374.0467786299
4	3513	89466.501019483404	2857.7963139396
4	3642	91721.846348402185	3063.5158138306
4	3664	92361.628165302675	3234.726882465
4	3668	92618.541773097151	3191.0267970152
4	3812	95434.585464060784	2455.9240735788
4	3885	96650.743473272102	3801.235552433
4	3996	98564.330962139771	3200.7438905781
4	4168	102271.785224979656	3218.577447217
4	4221	104254.14369610414	1830.8765340596
4	4254	105651.640951176736	3024.0292185266
4	4304	106960.802061440766	2358.2516332157
4	4341	107880.014050656262	2589.9904091097
4	4419	109715.291975211056	3222.2687361203
4	4540	112260.702406110428	2127.0326060615
4	4548	112326.932499841478	1552.0975095592
4	4608	113134.069670339172	2885.753553668
4	4633	113614.681558611261	2861.7468219995
4	4656	113828.935282317047	2616.9103224369
4	4678	114208.051229978968	2769.0261790489
4	4864	117354.455776489536	2867.8909505029
4	4890	117704.20251133271	2242.2843656782
4	5152	122490.068175039296	2939.3384766968
4	5190	122758.452376652943	2056.0819466797
4	5197	123017.180279186968	1934.0204798702
4	5357	127312.402880768175	2545.1285404433
4	5464	129405.097765101226	3410.1110259599
4	5533	131124.989701025045	2940.8291920368
4	5579	131923.414106228172	2909.4210354332
4	5672	133978.520370528295	2596.1836221599
4	5683	134398.73588348013	2163.5157624458
4	5774	137326.697380650007	2377.2792139091
4	5907	141510.926285933268	2616.5484387986
4	5927	141907.383179252614	3480.9505500086
4	6015	145979.802292155867	2202.3315037787
4	6087	147942.605436907488	2342.137048021
4	6136	149606.994198815697	2827.4037360493
4	6154	150144.295704137508	2911.942903921
4	6398	155925.614807521681	2919.0240204614
4	6602	161190.774575762532	2083.1686440684
4	6838	166489.945161355265	2797.7221503295
4	7022	170050.92789307751	2917.3007437494
4	7233	174669.446112570872	3116.3828860223
4	7253	175089.384046589544	4014.0648035805
4	7295	175750.501158089897	3329.5215892732
4	7328	176321.782688723286	3568.5452779444
4	7333	176335.53881686326	4128.8608156723
4	7377	177374.430032988418	2371.966615231
4	7441	179773.017614875576	2858.1488891412
4	7505	182161.61420380929	2693.9113628212
4	7552	183811.926662756541	2352.7855007909
4	7672	186863.649955921576	3158.25168184
4	7737	188601.131033024979	2566.4668195602
4	7769	189248.948210517412	2947.7194979042
4	7807	190424.71708300657	2967.4963756464
4	7815	190479.469524532112	3450.0890058093
4	7835	190921.125926226896	2267.8792687599
4	7888	192785.075926443322	3059.7894070297
4	7968	198373.84842173847	2869.6673492622
4	8097	204838.395627477415	2089.0849142522
4	8109	205136.261282848596	1419.1685029026
4	8268	210046.287609052958	2396.7369469162
4	8349	212340.06796077653	2906.4195874706
4	8434	214849.169736913239	2792.8549981769
4	8438	214881.965536818173	1823.0443083029
4	8461	215635.377134997477	1658.4873843659
4	8644	220602.992357517152	2404.1576545034
4	8651	220620.0617220175	2286.1592281144
4	8735	222673.125660253331	2618.5241304897
4	8889	225059.362979030886	1964.743271333
4	9054	229572.96730733011	2779.0820268821
4	9062	229777.435429142772	1809.8044933565
4	9105	231048.316179732588	2966.923428895
4	9283	234831.31142118059	3133.1322443113
4	9287	234851.435536439715	2807.4975157343
4	9381	236836.698588184165	3668.1281543244
4	9533	240678.974051498001	2330.2722922526
4	9563	241465.696244511953	2086.4567085821
4	9612	243051.867041931528	1754.3283953145
4	9654	244359.929688719287	3068.9122176357
4	9835	250186.643344670009	2400.2921539452
4	9875	251616.401609075925	1612.0387050044
4	9993	255690.120582812258	2856.0748390853
4	10058	257068.369419375898	2495.1993286796
4	10062	257076.284438407343	2120.0907517411
4	10170	259847.077380654413	2087.7314374689
4	10242	261586.589355347641	2134.0946778283
4	10337	264089.940703201533	1960.3563072626
4	10485	269295.330578513169	2682.9795215931
4	10526	270062.326809287547	2282.2350534797
4	10570	271109.527336046789	3826.8212509457
4	10585	271357.797303151816	4673.2950365382
4	10601	271551.147599767839	3450.4112380768
4	10617	272016.130954053824	2358.354844451
4	10700	273689.123721160864	3034.7041369881
4	10708	274020.85250824767	2724.3764629494
4	10755	275147.117477418586	2724.9688148964

