version 2
run Iteration-13-20200521-09:51:35-55824
attr configname Iteration
attr datetime 20200521-09:51:35
attr experiment Iteration
attr inifile omnetpp.ini
attr iterationvars "$i=2, $j=1, $0=15-(2+1)"
attr iterationvarsf i=2,j=1,15-(2+1)-
attr measurement "$i=2, $j=1, $0=15-(2+1)"
attr network Network
attr processid 55824
attr repetition 0
attr replication #0
attr resultdir results
attr runnumber 13
attr seedset 13
itervar i 2
itervar j 1
param **.resourcePool.amount 2
param **.resourcePool1.amount 1
param **.resourcePool2.amount 15-(2+1)
param **.source.interArrivalTime exponential(6min)
param **.delay.delay uniform(4min,28min)
param **.delay1.delay uniform(10min,28min)
param **.delay2.delay uniform(4min,16min)
param **.allocate.resourceModuleName "\"Network.resourcePool\""
param **.allocate1.resourceModuleName "\"Network.resourcePool1\""
param **.allocate2.resourceModuleName "\"Network.resourcePool2\""
param **.deallocate.resourceModuleName "\"Network.resourcePool\""
param **.deallocate1.resourceModuleName "\"Network.resourcePool1\""
param **.deallocate2.resourceModuleName "\"Network.resourcePool2\""
param **.router.randomGateIndex "uniform(0, 1) > 0.2 ? 0 : 1"

vector 0 Network.allocate queueLength:vector ETV
attr interpolationmode sample-hold
attr title "queue length, vector"
vector 1 Network.allocate1 queueLength:vector ETV
attr interpolationmode sample-hold
attr title "queue length, vector"
vector 2 Network.allocate2 queueLength:vector ETV
attr interpolationmode sample-hold
attr title "queue length, vector"
vector 3 Network.sinkStat lifeTime:vector ETV
attr interpolationmode none
attr title "lifetime of arrived jobs, vector"
attr unit s
vector 4 Network.sink lifeTime:vector ETV
attr interpolationmode none
attr title "lifetime of arrived jobs, vector"
attr unit s
0	0	0	0
0	32	3354.465934174536	1
0	38	3892.305091644462	2
0	40	4121.27612362697	1
0	44	4130.944074340369	0
0	48	4261.716513706368	1
0	55	4411.491498664814	2
0	57	4539.097944290548	3
0	59	4920.058014980398	2
0	72	5244.315995565496	1
0	76	5388.576038543475	2
0	78	5410.650325551834	1
0	82	5635.959295091379	2
0	88	5848.744926473158	3
0	90	6021.225794060968	2
0	94	6120.994080684147	3
0	101	6629.631378077176	2
0	105	6761.742741270803	1
0	118	7261.384455739401	0
0	132	8198.46322672147	1
0	134	8427.113059424675	2
0	136	8438.785583605627	3
0	143	8791.339757738296	4
0	145	8853.697889513217	3
0	149	9149.104237088107	4
0	160	9481.764356365498	3
0	168	9509.520975715362	2
0	172	9894.302045493814	3
0	179	9973.210765589446	4
0	181	10357.848501288324	5
0	192	10639.820152717204	6
0	194	10796.835574342009	5
0	198	10897.788122710304	6
0	200	10920.012268564545	5
0	204	11160.029603346132	4
0	212	11294.938001027004	5
0	214	11337.508112463134	6
0	216	11570.462274431132	5
0	225	11785.925200978094	6
0	227	11902.687965360996	7
0	233	12249.235154278433	8
0	235	12412.862342244085	7
0	239	12569.911323522828	8
0	246	12987.584413567928	9
0	248	13015.236156090044	8
0	256	13208.137557324184	9
0	258	13241.665260320556	10
0	260	13413.371233526043	11
0	267	13691.062930155285	12
0	273	13975.576852208074	11
0	277	14153.667099020325	10
0	281	14223.888942707338	11
0	283	14313.378050757643	10
0	287	14553.785894914411	9
0	291	14640.996921141973	10
0	298	14994.601146366489	11
0	300	15032.032565094704	12
0	302	15335.61673516601	11
0	310	15483.133598423402	12
0	317	15542.397913021511	13
0	319	15583.280436835133	12
0	323	15612.840510574443	13
0	325	15929.221853671667	12
0	333	16511.450702829358	11
0	337	16802.631649962508	10
0	341	17173.452401189946	9
0	354	17570.645466541943	8
0	358	17588.148555301599	9
0	360	17803.572433965117	10
0	362	17990.67558547761	11
0	369	18189.303604069058	12
0	371	18215.002558334612	11
0	375	18265.572321463795	12
0	381	18508.428504467587	13
0	388	18956.585102213949	14
0	390	18961.09648207419	15
0	392	19019.825723415312	14
0	396	19180.556521034681	13
0	400	19709.081072564119	14
0	406	20139.176540589773	13
0	415	20336.867577118871	12
0	423	20652.329067244076	11
0	427	21102.346564216611	10
0	431	21218.615615694665	9
0	435	21384.355087634763	10
0	437	21385.236929712889	9
0	441	21567.540318536123	10
0	443	21633.298382367827	11
0	445	21730.385058834027	12
0	447	21745.07635725392	13
0	449	21821.592963842747	12
0	458	22070.823973353701	13
0	464	22714.917496210777	12
0	473	23220.157345589824	13
0	479	23449.912657423017	12
0	483	23607.582138246738	11
0	487	23760.668232286479	12
0	489	23975.364923812039	13
0	491	24044.937429002309	14
0	493	24137.935206620835	13
0	502	24504.891420735118	12
0	510	25007.385146907412	11
0	519	25495.703976468199	12
0	525	26020.284076800642	11
0	529	26157.374395011806	10
0	533	26165.838945848973	11
0	540	26207.510070308168	12
0	546	26566.109174666428	13
0	548	26710.508939764344	12
0	552	26737.328411459829	13
0	554	26745.117265775624	14
0	556	26775.878913257812	15
0	558	27224.228922745285	14
0	562	27230.297325952792	13
0	575	27852.142880169747	12
0	579	28161.97493340593	13
0	586	28562.444631486082	12
0	590	28591.496253827841	13
0	592	28708.620281287591	14
0	594	28944.995728602705	13
0	598	29189.759540760788	14
0	604	29521.417824236748	13
0	613	29998.299186481977	12
0	617	30056.271365760412	13
0	619	30201.333477708133	14
0	621	30261.323424701267	15
0	627	30467.127037253947	16
0	629	30575.445402226617	17
0	631	30600.642587349392	18
0	638	30892.225398516354	17
0	646	31230.324264681781	16
0	650	31391.539733616707	15
0	654	31487.174149872462	16
0	656	31578.845847534915	17
0	658	31649.259690894628	16
0	662	31859.895944931152	17
0	664	31933.091680428085	16
0	668	32019.779651075256	17
0	675	32221.794969869849	16
0	679	32291.681446983362	15
0	683	32615.159317805315	14
0	691	32840.610140605217	15
0	698	32932.842871492963	16
0	700	33424.945749512014	15
0	704	33442.143297473514	16
0	715	33949.442794612492	15
0	723	34649.772660127724	14
0	727	34978.594501970408	13
0	731	35155.201237383324	14
0	742	35652.614772393002	15
0	744	35683.075491278278	16
0	746	35750.881508574915	17
0	748	35939.582286426935	18
0	750	36288.731996259535	17
0	754	36412.811979075966	16
0	758	36595.170843617466	17
0	769	37294.530757909323	18
0	771	37387.561940396883	19
0	773	37424.899843221223	20
0	775	37465.202776139674	19
0	779	37699.972571937189	20
0	781	37724.078018172527	19
0	785	37796.033814467454	20
0	792	38041.672721538545	21
0	798	38511.864021031258	20
0	802	38537.94349014174	21
0	804	38554.377938382634	22
0	806	38986.5728982453	21
0	810	39065.86299808795	22
0	812	39092.404240596225	23
0	814	39255.145896097595	24
0	816	39287.898282466528	23
0	825	39605.228649262357	24
0	827	39620.603437242572	25
0	833	40230.184617481078	24
0	837	40353.063757224746	25
0	839	40374.506065530774	24
0	843	40416.405214790374	25
0	845	40532.713529428753	26
0	847	40719.582344343664	27
0	849	40812.042549536434	28
0	856	41020.481430636468	29
0	858	41073.204388838572	30
0	860	41078.688536046144	29
0	864	41705.609089276637	28
0	877	41874.250419122987	29
0	879	42316.612516542254	30
0	881	42318.408619782027	29
0	885	42387.935517672497	30
0	891	42514.044494285132	29
0	895	42642.318803045471	30
0	897	42677.513959465619	29
0	906	43045.477631664098	30
0	908	43159.431619523908	29
0	912	43235.301475020871	30
0	914	43335.517740871612	31
0	916	43385.927031095665	32
0	918	43450.424657074805	31
0	926	43575.588566205348	30
0	935	44323.314697093564	31
0	937	44380.354469223763	30
0	945	44690.753106704006	31
0	947	44906.38117572486	30
0	951	45558.128386801024	31
0	953	45774.052332407679	30
0	962	46195.139210207422	31
0	964	46232.816144193705	32
0	966	46265.371013498749	31
0	970	46463.42478135794	30
0	974	46739.169209200594	31
0	980	47049.741579505507	32
0	987	47820.524796015467	31
0	995	47879.665198564495	32
0	997	48075.54472876906	31
0	1001	48113.566446556594	30
0	1005	48307.490511490616	31
0	1007	48358.618433801037	32
0	1014	48875.892376928475	31
0	1018	48922.717064991972	32
0	1020	49396.240605772936	33
0	1026	49467.772407390906	34
0	1028	49522.318920207147	35
0	1030	49594.401763183101	36
0	1032	49597.267460218516	35
0	1036	49747.249413339492	34
0	1045	49992.700228689274	35
0	1047	50129.804116817613	36
0	1049	50424.799565358158	35
0	1066	51117.151666601468	36
0	1068	51170.577349915055	35
0	1072	51296.393517676554	36
0	1074	51723.329728532091	37
0	1076	51725.790876824978	38
0	1078	51832.258755697008	37
0	1087	52392.153048871156	36
0	1095	52445.917514367846	35
0	1099	52769.727136299645	36
0	1106	52887.168484215491	37
0	1108	53019.884295285141	38
0	1110	53087.481029956487	37
0	1118	53208.134481513765	38
0	1120	53243.213993945864	39
0	1122	53292.700204646286	38
0	1126	53462.598474434625	39
0	1133	53871.285379860396	40
0	1139	54283.505146383363	41
0	1141	54409.761867542453	42
0	1143	54473.15880890086	41
0	1147	54697.877664820069	42
0	1149	54784.087820930478	41
0	1153	54952.371313116399	40
0	1157	55111.65066805062	41
0	1164	55138.328205396089	42
0	1166	55395.263816910073	43
0	1168	55466.498671202806	42
0	1172	55556.05624535439	43
0	1174	55618.708232265689	44
0	1185	56109.940357050744	43
0	1193	56347.363285740909	42
0	1202	57128.349603281592	43
0	1208	57526.274269769487	44
0	1210	57582.047251769639	45
0	1212	57775.723318896142	44
0	1216	57998.000767475066	43
0	1225	58506.654036186748	44
0	1227	58754.894462509153	43
0	1240	59157.482007919696	42
0	1244	59283.561540229318	41
0	1248	59630.729078799659	42
0	1254	59763.543868890098	43
0	1256	59963.162044771804	44
0	1258	60028.16178698069	45
0	1260	60071.58000862067	46
0	1262	60176.099695113377	47
0	1264	60177.078844523874	46
0	1268	60184.092143348263	47
0	1270	60406.92413868576	46
0	1279	60913.095072568797	47
0	1281	61132.456441584288	48
0	1292	61468.879795438495	47
0	1296	61613.820704216811	48
0	1302	62027.453126182851	47
0	1306	62202.382209325274	48
0	1313	62321.323285246189	49
0	1315	62557.297121432008	50
0	1317	62809.763793340769	49
0	1321	62974.064112538136	50
0	1323	63088.889010684159	51
0	1329	63155.176536163387	50
0	1333	63668.501301287558	49
0	1342	63790.413187966371	50
0	1344	63818.095113618371	49
0	1348	63866.767654902062	50
0	1350	63868.475331442668	51
0	1352	64009.042087892622	52
0	1354	64056.700865915861	51
0	1362	64417.675752289736	52
0	1364	64489.839418598032	53
0	1366	64647.498541089288	54
0	1368	64787.259076867309	55
0	1370	65154.854556648877	54
0	1379	65257.737036926744	53
0	1383	65507.810207944568	54
0	1389	66244.069635456149	55
0	1391	66380.186882337627	54
0	1395	66396.106314166334	53
0	1408	66878.099810148838	54
0	1410	67064.871697901633	53
0	1414	67249.088679875632	54
0	1416	67415.840511946824	53
0	1420	67681.866796968577	52
0	1429	67981.329102591668	53
0	1431	67987.789001949439	54
0	1437	68046.92357633293	55
0	1439	68119.399958613321	56
0	1441	68338.932772419301	55
0	1445	68398.607854562048	56
0	1447	68410.313580996164	57
0	1449	68547.796803332816	58
0	1451	68598.625553705209	59
0	1453	68629.292275612041	60
0	1455	68984.900060473827	59
0	1459	69054.271346589843	60
0	1461	69146.640728062091	59
0	1465	69338.099875130553	60
0	1476	69752.182742944804	59
0	1480	69875.138507168247	60
0	1482	69896.210376829907	61
0	1484	69937.662329837621	62
0	1486	69961.184842111359	63
0	1493	70306.641574659646	64
0	1499	70688.362878879605	63
0	1503	71086.886043800858	62
0	1512	71240.484221858977	61
0	1516	71405.13094260439	60
0	1520	71529.916559380466	61
0	1522	71542.514568699597	60
0	1530	71865.101939170507	59
0	1534	72290.667046813368	58
0	1538	72318.598906348503	59
0	1540	72640.927667772146	60
0	1547	72877.59985556699	61
0	1549	72963.882816863548	62
0	1551	73109.027814819363	61
0	1559	73632.967015696632	62
0	1561	73714.695255106389	61
0	1570	73826.817672997116	62
0	1572	74122.329366424379	63
0	1574	74611.518883249608	62
0	1587	75006.409550888538	61
0	1591	75009.501191575005	62
0	1597	75573.590163826325	63
0	1599	75590.366825769323	64
0	1606	75693.735700304458	65
0	1608	75993.992471712961	66
0	1610	76126.496248167823	67
0	1612	76132.361015702556	68
0	1614	76176.932898941129	69
0	1620	76219.392909883407	68
0	1624	76441.093857354866	69
0	1626	76555.009047558605	68
0	1630	76664.840724732226	69
0	1632	77101.58787751764	68
0	1636	77170.398974223879	67
0	1640	77183.895718064072	68
0	1642	77184.462500615109	69
0	1649	77676.566955513206	68
0	1653	77718.605022359804	69
0	1664	78231.676490923464	68
0	1672	78487.562845255762	69
0	1674	78507.747084835455	70
0	1676	78528.357145238309	71
0	1678	78675.391409314123	70
0	1691	79155.674625609914	71
0	1693	79215.197077794817	70
0	1697	79357.383326983154	69
0	1701	79732.249726602304	70
0	1703	79954.606904844325	71
0	1705	80063.756242152281	72
0	1707	80087.144884762557	73
0	1714	80167.190677850392	72
0	1718	80320.971594920457	71
0	1726	80660.790497382294	72
0	1728	80883.300308714485	73
0	1730	80947.091599364065	74
0	1737	81244.075360295878	75
0	1739	81413.539559729233	76
0	1741	81438.925219467726	75
0	1745	81513.798626407267	76
0	1751	81630.406157072795	77
0	1753	81791.02645501722	78
0	1755	81807.979516929091	77
0	1759	81955.617238088396	76
0	1763	82271.077187630828	77
0	1765	82282.319758430089	78
0	1767	82302.300697554682	79
0	1769	82477.750577877211	80
0	1771	82564.163771896508	79
0	1780	82868.739685213269	78
0	1784	83295.502069434967	77
0	1788	83436.521358593795	78
0	1799	84469.913531264366	77
0	1803	84595.039649805605	78
0	1805	84786.284301756766	77
0	1809	84788.625562566205	78
0	1811	84875.60890216737	79
0	1813	85002.123471408168	80
0	1824	85686.310505738558	79
0	1828	85919.977145049379	80
0	1839	86217.500774911576	81
0	1841	86260.767132109847	80
0	1854	86878.062563784996	81
0	1856	86966.631422108855	80
0	1860	87242.323611361982	79
0	1868	87346.005559614487	80
0	1870	87711.080082241351	81
0	1877	87880.944783002716	82
0	1879	87972.317416717726	83
0	1881	87975.41634959474	84
0	1883	88081.724307491329	83
0	1887	88202.420921494755	84
0	1893	88526.154324209394	83
0	1897	88699.650925550116	84
0	1899	88712.37521345976	85
0	1901	88721.179220080014	86
0	1908	88867.964804244887	87
0	1910	88917.667071870109	88
0	1912	89030.285233130755	87
0	1916	89036.718066980367	88
0	1918	89440.040045657272	89
0	1925	89598.631129041704	90
0	1931	89731.960335290876	89
0	1935	89906.239453608809	90
0	1937	89939.173529541196	89
0	1941	90078.769973998536	90
0	1943	90086.556745942221	91
0	1945	90128.50819908703	92
0	1947	90150.723684596338	93
0	1958	90757.725138506737	92
0	1966	91159.640989295092	91
0	1970	91227.06976624364	92
0	1972	91424.026653675439	91
0	1976	91791.212070338765	92
0	1983	91972.94653159603	93
0	1985	91984.031480095234	92
0	1993	92510.711727061648	93
0	1995	92556.32226695709	94
0	1997	92604.721104815536	95
0	1999	92659.437978349298	96
0	2001	92728.21820459956	97
0	2008	93096.862243397238	96
0	2012	93420.71310838564	97
0	2014	93446.501677464364	98
0	2025	93642.326745009866	97
0	2029	93919.539881191101	96
0	2033	93945.643071962597	95
0	2041	94512.627875614723	96
0	2043	94646.306490955951	95
0	2047	94647.33934250075	96
0	2054	94873.210305030709	97
0	2056	94875.058815090534	98
0	2058	94920.942292617522	99
0	2060	95095.563023216264	100
0	2062	95203.992008067942	101
0	2064	95330.520421597202	102
0	2066	95437.368443711546	101
0	2074	95625.065357621021	102
0	2076	95837.873586362305	101
0	2080	95860.807334497437	102
0	2091	96468.709786451307	101
0	2095	96653.484860229434	102
0	2097	96809.540381162313	101
0	2101	96822.657996287647	100
0	2105	96884.599139538984	101
0	2107	96932.574647327181	102
0	2109	96985.988680477624	103
0	2116	97145.607106482688	102
0	2120	97417.179040780369	101
0	2124	97445.653256555517	102
0	2130	97508.082701909731	103
0	2132	97597.937748575045	104
0	2134	97739.531451864985	103
0	2143	98007.034774741236	102
0	2147	98157.646137180418	103
0	2153	98464.247214131279	104
0	2155	98850.08318710382	105
0	2157	99012.963665632609	104
0	2166	99380.830104081777	103
0	2170	99918.869563547972	102
0	2178	100366.947844496075	101
0	2182	100479.581602393366	102
0	2189	100943.746088511196	101
0	2193	101050.211811892394	102
0	2195	101110.42725868516	103
0	2197	101322.725873138488	104
0	2208	101850.537902658884	103
0	2216	102252.370935071754	104
0	2218	102330.478591230823	105
0	2220	102402.673631331031	104
0	2224	102584.70939220291	105
0	2226	102615.42033939704	104
0	2230	102711.765151565973	103
0	2239	103316.994203379922	104
0	2241	103560.663866429475	103
0	2245	103702.769982532976	104
0	2247	103753.729832565858	105
0	2253	104352.185779644255	104
0	2257	104607.464637627904	103
0	2266	105029.470749563423	102
0	2270	105157.816559642187	103
0	2276	105328.891171795821	104
0	2278	105337.799208967094	103
0	2282	105587.817772451935	104
0	2284	105750.937891295997	103
0	2288	105907.977714802677	104
0	2295	106257.822355531986	105
0	2297	106280.282396918242	104
0	2301	106989.27178271468	105
0	2303	106997.440387926155	106
0	2314	107233.616165696529	105
0	2318	107586.929593686559	106
0	2324	107762.310005300207	107
0	2326	107888.531052714293	106
0	2330	107916.442979470101	107
0	2332	107970.110536656228	106
0	2336	108061.264333786423	107
0	2338	108215.230980305926	108
0	2340	108386.946285363834	109
0	2347	108735.526487092111	110
0	2349	108841.452706117224	111
0	2351	108848.919614274482	112
0	2357	109257.372458809587	113
0	2359	109398.113156912928	112
0	2368	109543.239447987524	111
0	2372	109669.884259610632	112
0	2374	110112.912737077182	111
0	2378	110220.013234515477	112
0	2384	110455.829107007829	111
0	2393	111320.463813042348	110
0	2397	111434.292891297717	111
0	2399	111461.799224122313	110
0	2407	111593.981379179364	109
0	2416	112233.88785587818	108
0	2420	112262.738400960355	109
0	2426	112773.836026142366	110
0	2433	112907.212968534676	109
0	2437	112981.648712826207	110
0	2439	113083.643605729645	109
0	2447	113526.975264830895	110
0	2449	113640.252807163868	111
0	2456	113943.817475842549	112
0	2458	114425.560708819775	111
0	2462	114457.998607290989	110
0	2466	114634.421920635513	111
0	2472	114902.344313224066	112
0	2474	115044.618768605113	113
0	2476	115171.101439665401	114
0	2478	115425.166157094842	113
0	2487	115516.970123453884	112
0	2491	115518.546945347466	113
0	2493	115667.333666548749	114
0	2495	116009.261873347765	113
0	2503	116382.454868033767	114
0	2505	116569.215878388731	113
0	2509	116928.791922550236	114
0	2511	116944.817973396252	115
0	2513	117068.757598311038	116
0	2520	117456.259995153368	117
0	2526	117566.360727122134	116
0	2530	117592.338227670334	117
0	2532	117832.952205873072	118
0	2534	117841.808711608952	117
0	2538	117921.977135244262	118
0	2545	118227.208074807076	117
0	2549	118238.463350284469	118
0	2551	118613.690862638062	119
0	2557	118872.645138083844	118
0	2561	119211.487601762652	119
0	2563	119292.584049767701	118
0	2567	119377.33820172221	117
0	2576	119646.248787448301	118
0	2578	119800.236824749992	119
0	2584	119844.370806261067	120
0	2586	119919.598817419565	121
0	2588	120352.57110143528	122
0	2590	120814.641108011907	121
0	2594	120864.268507054893	120
0	2598	121083.560651412314	119
0	2607	121116.953143862749	120
0	2609	121150.358385389795	121
0	2611	121272.241010222463	122
0	2613	121327.82721648187	121
0	2617	121511.613453997305	122
0	2619	121526.884698971061	121
0	2623	121561.99579012838	122
0	2629	121895.925991936473	121
0	2633	121936.237492807107	122
0	2640	122284.893430192203	123
0	2642	122526.074339105634	122
0	2646	122744.155427647835	121
0	2654	122888.237793270085	122
0	2656	122890.447743563913	123
0	2663	123397.853245701742	124
0	2669	123526.590104360158	125
0	2671	123552.075662529914	124
0	2675	123820.459779037243	123
0	2684	124168.43179025534	124
0	2686	124362.426654530769	123
0	2690	124951.208711344517	124
0	2696	125091.507055639176	123
0	2700	125336.75411353082	122
0	2704	125384.987373991036	123
0	2711	125664.851327828018	122
0	2719	125950.121650454121	123
0	2721	126075.596910301806	124
0	2723	126172.294918609235	125
0	2725	126211.212456209665	124
0	2729	126722.05933104351	123
0	2733	126875.679221205201	124
0	2735	127041.470542905972	125
0	2742	127491.759108385896	126
0	2744	127543.806182241147	125
0	2752	127755.539409401623	126
0	2754	127908.192242480828	127
0	2756	127977.764725378601	126
0	2760	128100.175012072628	125
0	2769	128501.576572156492	126
0	2775	128814.949920272534	125
0	2784	129009.766786352866	126
0	2786	129045.476147449462	125
0	2790	129402.113009922044	126
0	2792	129678.172696923917	125
0	2796	129708.826534387588	126
0	2802	130258.014594941287	125
0	2811	130777.436198068387	126
0	2822	131356.537518708115	125
0	2830	131517.987680307574	126
0	2832	131651.073069787471	125
0	2836	131742.639463019852	126
0	2843	131842.449137703617	127
0	2845	131870.530347552396	128
0	2847	132236.545919125979	127
0	2851	132750.964313644143	128
0	2862	133067.161356715565	127
0	2866	133097.699359758644	126
0	2870	133136.703229866111	127
0	2872	133242.633714800197	128
0	2874	133247.006054263758	129
0	2876	133335.983210325759	130
0	2878	133341.065326548068	129
0	2886	134086.099339520638	128
0	2890	134154.330257163257	129
0	2892	134231.739405444249	130
0	2899	134413.864672502582	129
0	2903	134489.014526617909	130
0	2905	134592.898355378656	129
0	2909	134904.616685642009	128
0	2913	135066.758655695355	129
0	2915	135169.520641958421	128
0	2923	135342.357145509079	129
0	2925	135492.984146949776	130
0	2932	135715.360407998865	129
0	2936	135733.441473576981	130
0	2938	136095.466165804519	131
0	2940	136100.881216592042	130
0	2944	136118.292799537836	131
0	2946	136123.547237008163	132
0	2953	136259.260327535159	133
0	2959	136505.056199162154	132
0	2963	136512.618619788902	133
0	2965	136778.40055452854	132
0	2969	136805.794273101452	133
0	2980	137337.753965327234	134
0	2982	137413.918742678015	133
0	2986	137458.382438143795	132
0	2990	137504.833618870981	133
0	2996	137830.006991951613	132
0	3005	138469.341898430768	133
0	3011	138584.749230137913	132
0	3015	138647.129160305569	133
0	3017	138678.38458484233	132
0	3021	138951.398060052542	131
0	3030	139626.415147772816	132
0	3032	139627.479840655816	133
0	3034	139707.06798380009	134
0	3036	139791.675990070853	135
0	3038	139856.945412336735	134
0	3042	139885.036728521719	135
0	3048	140130.306939428753	134
0	3052	140219.814069642731	135
0	3054	140261.579420032711	136
0	3065	140533.50791859398	137
0	3067	140771.709843709957	138
0	3069	140790.976524254168	139
0	3071	140973.276669078973	140
0	3078	141036.461218408267	141
0	3080	141067.151023290007	140
0	3084	141512.607908418483	139
0	3088	141643.816896894685	140
0	3094	142016.916126527679	141
0	3096	142417.608102133579	140
0	3105	142470.789331450014	139
0	3109	142548.386128197888	140
0	3111	142691.448756295886	141
0	3113	142726.039054816938	142
0	3115	143062.586604381463	143
0	3122	143334.413655157325	144
0	3128	143589.520615285344	143
0	3136	143934.798251270204	142
0	3140	143937.364339990264	143
0	3142	144112.085896936355	144
0	3144	144212.532544380135	143
0	3148	144271.220040084342	144
0	3150	144474.730355983681	143
0	3159	144794.224789589064	144
0	3161	144907.869953653663	143
0	3169	145201.637659987516	142
0	3173	145661.603630582303	143
0	3175	145754.813885660011	144
0	3177	145826.643915279656	143
0	3186	146201.744743862012	144
0	3192	146282.007588010307	145
0	3194	146374.003654217429	144
0	3198	146386.092234653603	145
0	3200	146868.608615523019	146
0	3202	146909.750668919533	145
0	3206	147068.981711773283	144
0	3215	147494.333573271405	145
0	3217	147687.976940770112	146
0	3223	148078.566951061981	147
0	3225	148386.687919339984	146
0	3229	148484.468009045429	145
0	3238	149053.57050131157	144
0	3246	149502.468214130111	143
0	3250	149561.709050937444	142
0	3259	150169.668428908218	143
0	3261	150203.620401008137	142
0	3265	150218.894351637643	143
0	3267	150248.208530041025	144
0	3269	150640.186063595258	145
0	3271	150865.036388403624	144
0	3275	150902.882720844452	145
0	3277	151030.045739619144	144
0	3290	151611.671123983734	145
0	3292	151613.694270365526	146
0	3294	151700.280151365682	147
0	3300	152099.222849777051	146
0	3304	152142.584656086119	147
0	3311	152426.780531137138	146
0	3319	153485.363469514667	147
0	3326	153607.609114891001	146
0	3330	153754.074728480428	145
0	3334	154018.579636133164	144
0	3342	154296.268969282409	145
0	3344	154561.223559772679	144
0	3348	154780.538666798621	143
0	3357	155458.189988616852	144
0	3363	155567.467587759802	143
0	3367	155581.253196370012	144
0	3369	155731.340833327349	145
0	3371	156007.83885913983	144
0	3389	156805.74279482189	145
0	3391	157096.979848723856	146
0	3393	157146.018491155356	145
0	3397	157154.557936684561	146
0	3399	157196.318052282641	145
0	3412	157878.959263070375	144
0	3416	157885.703550409065	145
0	3418	157971.18056538775	146
0	3424	158228.283954995983	147
0	3426	158456.448394788513	146
0	3430	158569.327248400897	145
0	3439	159386.216198667114	146
0	3441	159441.521866015047	145
0	3445	159456.505192163259	146
0	3447	159695.796949519664	145
0	3455	160003.730449481755	144
0	3459	160052.032024731944	143
0	3463	160431.344721391526	144
0	3465	160487.416303923438	143
0	3474	160669.915315100378	144
0	3476	161062.253199136704	143
0	3484	161407.564389808923	142
0	3488	161583.348126133988	141
0	3492	161804.832173540145	140
0	3496	161924.35418393064	141
0	3503	162347.353694653958	140
0	3507	162649.127364966381	141
0	3513	162826.054059026847	140
0	3517	162915.066691562241	141
0	3524	163286.041255100518	140
0	3537	163703.531358071784	141
0	3539	163963.934876202693	142
0	3541	163972.225720288578	143
0	3552	164426.597508086806	144
0	3554	164463.298042027364	143
0	3562	164856.662250901058	144
0	3564	164858.619764401465	143
0	3568	165024.534612815212	144
0	3570	165224.48482367292	143
0	3574	165471.123628525148	142
0	3583	165638.468405567805	143
0	3585	166109.835623837034	144
0	3591	166337.192139281779	143
0	3595	166748.912279655049	144
0	3602	166828.257685137997	143
0	3606	167070.7997603257	142
0	3619	167569.860397262583	141
0	3627	167930.649392596334	140
0	3631	167975.315173517053	141
0	3633	168108.717300688932	140
0	3637	168156.042023650961	141
0	3644	168691.93041629529	142
0	3646	168971.104709907323	141
0	3654	169390.871863802754	142
0	3656	169447.798845712637	143
0	3658	169554.188641599268	142
0	3662	169591.638194641183	141
0	3666	169888.963633745992	142
0	3668	170250.021383969198	141
0	3677	170381.934452258899	142
0	3679	170781.722274972946	141
0	3687	171726.580655566306	140
0	3696	171840.941061807881	139
0	3704	172704.474046995948	138
0	3708	172912.850032242735	139
0	3715	173159.168189792783	138
0	3719	173261.809802408095	139
0	3721	173297.512890493582	138
0	3729	173667.286025491213	139
0	3731	173797.386841877253	138
0	3735	174232.978733434231	137
0	3744	174520.901809541593	136
0	3748	174584.777209321946	137
0	3750	174701.355072827822	138
0	3756	174763.433308054883	139
0	3758	174868.456858994685	140
0	3760	175245.858178308318	139
0	3764	175335.243234584802	140
0	3766	175449.401090322883	139
0	3775	175865.70508777246	138
0	3783	176339.982592968355	137
0	3787	176447.52372269921	138
0	3789	176784.342889740021	137
0	3793	176884.681610150348	136
0	3797	176935.612795242219	137
0	3804	176984.586781324362	138
0	3806	177280.550300059926	139
0	3808	177327.097250937295	140
0	3810	177582.089265601431	141
0	3812	177720.493911012633	142
0	3814	177724.970014786433	141
0	3818	177744.268876864464	140
0	3826	178300.615742109689	141
0	3828	178356.381865462374	140
0	3832	178485.180594235594	141
0	3839	178870.454090071928	140
0	3843	178904.429649274307	141
0	3849	179074.293645798118	140
0	3853	179205.781061977706	141
0	3855	179263.771391075972	142
0	3857	179266.636353975248	141
0	3861	179357.079936487155	142
0	3863	179359.26409632667	143
0	3870	179709.780404881341	144
0	3872	179751.480240171861	143
0	3885	180155.715322528917	144
0	3887	180174.638244985492	143
0	3891	180195.761589728561	144
0	3893	180276.278179269489	145
0	3895	180287.625197719588	146
0	3897	180380.49815296967	147
0	3903	180781.179783370533	148
0	3905	180794.650963834376	147
0	3909	181039.017605197345	148
0	3911	181089.496531507086	147
0	3920	181467.40683277983	148
0	3922	181750.419341913314	147
0	3926	181754.050962759268	146
0	3934	182268.167718408715	145
0	3938	182368.831170570756	146
0	3945	182665.96376587075	147
0	3947	183051.301624915452	146
0	3951	183163.875749787452	147
0	3953	183178.595157219739	148
0	3955	183180.693152939987	147
0	3959	183189.67273702328	148
0	3965	183378.930927320273	147
0	3969	183384.772554141739	148
0	3971	183451.186640815235	149
0	3973	183551.202383964239	150
0	3975	183654.586113143982	151
0	3977	183704.38214695276	150
0	3981	183760.280382815251	151
0	3983	184015.823610938044	150
0	3992	184130.031820024994	151
0	3994	184396.924424420331	152
0	3996	184666.156561320734	151
0	4005	184822.122833763399	152
0	4011	185080.484124112741	153
0	4013	185150.745155616553	152
0	4021	185552.897396219497	153
0	4023	185828.796847692941	154
0	4030	186273.02449805857	153
0	4034	186531.99064918855	154
0	4036	186542.615359488973	155
0	4042	186653.792302680613	156
0	4044	186749.506907193811	155
0	4053	186805.945758430374	154
0	4057	186809.168183357965	155
0	4059	186967.136475033527	156
0	4061	187237.279577880056	155
0	4070	187484.250948804831	156
0	4080	187864.217300071271	155
0	4084	187932.154904848052	154
0	4088	187961.501459217268	155
0	4090	188000.193794452501	156
0	4092	188014.029010361783	157
0	4094	188717.635976960522	158
0	4101	188959.103397747589	157
0	4105	189258.773753113003	156
0	4109	189306.078577583743	155
0	4117	189506.620705012238	156
0	4124	189926.158337795833	157
0	4130	190665.637141681166	156
0	4134	190829.625618324417	157
0	4141	190908.093759847892	156
0	4145	191278.661493108331	157
0	4147	191392.773503317387	156
0	4151	191417.840724625575	157
0	4153	191551.952731103667	158
0	4159	191648.330896972568	157
0	4168	191908.031401385652	158
0	4170	192002.403254976583	157
0	4174	192076.07594434313	158
0	4176	192300.175836740149	157
0	4180	192455.067985570879	156
0	4189	192586.045394485904	155
0	4197	192822.305506752886	156
0	4203	193039.348951524211	155
0	4207	193240.766808411532	156
0	4209	193288.769426372758	157
0	4211	193440.896523154968	158
0	4213	193771.637412996321	159
0	4215	193778.815932451637	158
0	4224	193978.583443893207	157
0	4228	194002.349901549758	158
0	4230	194277.526849657553	159
0	4236	194540.331172759586	160
0	4243	194570.977071618749	159
0	4247	194640.455877884181	158
0	4255	195037.371449829732	159
0	4262	195564.4990442899	158
0	4266	195565.06813380018	157
0	4270	195630.682983432767	158
0	4272	195813.9030488859	159
0	4274	196133.798258762456	160
0	4276	196398.597297987557	161
0	4282	196654.833101215519	162
0	4284	196725.307738362701	161
0	4288	196852.922505465271	162
0	4295	197225.815355649306	161
0	4299	197299.086953361486	162
0	4305	197820.090470380039	161
0	4309	198109.126058478131	162
0	4316	198568.243607782947	163
0	4318	198775.874259008183	162
0	4331	199236.187775963409	163
0	4333	199266.125333598704	162
0	4337	199278.885810023262	161
0	4341	199339.197026183253	162
0	4343	199425.759057098866	163
0	4345	199959.8244130401	164
0	4351	200000.344789123251	163
0	4355	200450.109061982376	164
0	4362	200499.659350505919	163
0	4366	200732.219512371435	162
0	4370	200942.300098753423	161
0	4378	201314.073169658738	162
0	4385	201581.176255626693	161
0	4389	201796.670067560478	162
0	4395	202185.545213518594	163
0	4397	202201.305792054251	162
0	4401	202407.830004330673	163
0	4403	202418.157191752345	162
0	4407	202629.931832052602	163
0	4414	202726.176649735653	164
0	4416	202809.504152974934	163
0	4420	202895.741887662345	164
0	4422	203117.486696267591	165
0	4428	203420.02917448254	164
0	4432	203474.321275186328	165
0	4434	203654.433135286109	166
0	4436	203804.465159011466	167
0	4438	203843.56032310249	166
0	4442	203876.995023368747	165
0	4451	204013.938931796392	166
0	4457	204521.920708074124	165
0	4461	204879.458980510899	166
0	4463	204888.354158757345	165
0	4472	205223.88739464148	166
0	4478	205523.647542931189	167
0	4480	205588.256264131386	168
0	4482	205645.272514691667	167
0	4486	205761.403921428213	168
0	4488	205986.023563212605	167
0	4492	206057.848350240008	166
0	4496	206276.705373232174	167
0	4498	206290.528664617689	166
0	4502	206530.952663667188	167
0	4509	206578.774865853092	168
0	4511	206915.161918012516	167
0	4519	207275.259551314728	166
0	4523	207306.7227915217	165
0	4527	207333.770643851374	166
0	4534	207597.990245895815	167
0	4536	208102.56120389011	168
0	4538	208374.41848177461	169
0	4540	208402.493136488816	170
0	4551	208849.476956455858	169
0	4555	208855.706412291245	168
0	4559	208888.639738036181	169
0	4561	208974.911898981872	170
0	4567	209229.992665826233	169
0	4576	209715.958480822059	170
0	4578	209827.431103311931	171
0	4580	209848.900742587325	172
0	4582	210370.725785883807	173
0	4588	210490.600622614936	172
0	4592	210599.207965035997	173
0	4594	210601.820343202801	172
0	4598	210607.415568985809	173
0	4605	211070.949120704155	174
0	4607	211092.190028933899	173
0	4615	211341.073714209327	174
0	4617	211602.732917464142	175
0	4619	211694.669164551513	174
0	4623	211794.442340392669	175
0	4630	212180.512946612091	174
0	4634	212365.225675569644	175
0	4636	212672.883841583504	176
0	4642	213201.71503124954	175
0	4651	213648.496134421678	174
0	4655	213675.683616275973	175
0	4657	213818.438344283121	174
0	4661	213856.421869884891	175
0	4672	214421.116378969403	174
0	4676	214560.514320788997	173
0	4684	215389.145036025065	172
0	4693	215647.481505968875	173
0	4695	215752.014921410831	172
0	4708	216507.852533331233	171
0	4712	216542.630987207801	172
0	4718	216674.46743312374	171
0	4722	217037.069408102783	170
0	4731	217919.991961766783	171
0	4733	218141.03912769081	170
0	4741	218203.991498461985	171
0	4743	218404.947270518991	170
0	4756	218940.085993771516	171
0	4758	219040.580702937099	170
0	4762	219084.465068860072	169
0	4766	219106.580631734173	170
0	4768	219227.015356305578	171
0	4770	219365.890965056983	172
0	4772	219562.62175770672	171
0	4776	219571.498684762868	170
0	4780	219614.631039067168	171
0	4782	219991.492324483529	172
0	4789	220063.386173728244	173
0	4791	220262.155487259943	172
0	4795	220481.479855918177	173
0	4797	220565.750153248028	174
0	4799	220606.935617311019	173
0	4807	221014.596623016614	172
0	4811	221187.992594568881	171
0	4820	221639.549229987649	172
0	4826	221914.809229878801	171
0	4830	222010.95612335101	170
0	4834	222281.442202156876	171
0	4836	222523.0109283105	172
0	4838	222678.153723102632	173
0	4840	222974.907592850727	174
0	4847	223233.548808565456	173
0	4851	223309.282393931302	172
0	4855	223504.359895117518	173
0	4861	224051.592494448542	174
0	4863	224078.160088144506	175
0	4865	224338.046241160155	176
0	4872	224396.78005075154	177
0	4874	224442.37757945057	178
0	4876	224570.060567917996	179
0	4878	224597.358715078684	178
0	4882	224613.686822747905	177
0	4886	224982.632031914682	178
0	4892	225660.064448831656	179
0	4894	225749.958217898348	180
0	4896	225753.390555327852	179
0	4900	225784.437400874021	180
0	4907	226050.039974219056	179
0	4911	226192.717378147776	180
0	4917	226385.768885011698	181
0	4919	226629.090902238043	180
0	4923	226957.408248728235	179
0	4927	227000.560310847016	178
0	4931	227296.801405514952	179
0	4933	227547.016567206832	178
0	4942	227773.231392113586	177
0	4946	227850.82445385948	176
0	4959	228879.019481523057	175
0	4967	229104.572162700864	176
0	4969	229219.736807553192	175
0	4973	229339.104319145289	176
0	4975	229391.089407793136	175
0	4979	229622.776354945981	176
0	4986	229861.274685246964	175
0	4990	230237.967462469594	176
0	5001	230582.688198192866	175
0	5009	230933.908423541208	174
0	5018	231084.734238200608	175
0	5020	231102.73819326415	176
0	5022	231229.207876800449	175
0	5026	231367.59322172956	176
0	5028	231390.781923593836	177
0	5030	231397.490652518694	178
0	5032	231762.293075463624	177
0	5036	231976.457219837671	178
0	5038	232000.999227373024	177
0	5051	232274.331912308201	178
0	5053	232456.393359272407	179
0	5055	232842.100386462064	178
0	5068	233087.072004286667	177
0	5072	233654.082968678577	178
0	5074	233726.862863683653	179
0	5076	233913.638036159893	178
0	5084	234009.136375938899	179
0	5086	234024.279354307571	180
0	5088	234297.472566104821	181
0	5090	234335.530908793906	182
0	5092	234507.249743176719	181
0	5096	234509.862705237122	180
0	5105	234796.767264401051	181
0	5111	234982.861789171018	182
0	5113	235683.158524131497	181
0	5117	236068.420768222662	180
0	5126	236345.166240139755	179
0	5134	237045.723150765618	178
0	5138	237122.141273384277	179
0	5140	237481.408040179762	178
0	5149	237833.502166635248	177
0	5153	237845.987930970838	178
0	5155	238017.37174445959	177
0	5159	238113.405935152949	178
0	5165	238371.168939851091	179
0	5167	238467.821061826202	178
0	5171	238545.160459756041	179
0	5173	238568.024348474563	180
0	5175	238624.96072199914	181
0	5177	238758.039045577964	180
0	5186	239167.059365643362	181
0	5188	239191.51549886063	180
0	5192	239277.565688614883	181
0	5203	239834.882967712645	182
0	5205	240026.214457167755	183
0	5207	240026.550757913741	182
0	5211	240199.578791020533	181
0	5224	240535.510992465636	180
0	5228	240588.493187253533	181
0	5230	240593.36830981216	182
0	5232	240646.528562129943	183
0	5234	240707.12789218248	184
0	5236	241048.876320110607	185
0	5238	241187.206196209511	184
0	5246	241424.327537818703	183
0	5255	241713.902225860473	184
0	5257	242007.379940619787	183
0	5265	242619.549883780803	184
0	5267	242799.303778885755	183
0	5271	243039.412588298684	184
0	5273	243104.789568131884	183
0	5282	243393.91896969721	182
0	5286	243519.312100283277	183
0	5288	243649.180658178741	184
0	5290	244105.160146450718	183
0	5307	244383.468020671053	184
0	5309	244518.500765301716	185
0	5311	244569.999413179062	186
0	5322	244986.460074066076	185
0	5326	245003.827184564598	186
0	5333	245630.378903431833	187
0	5335	245772.737844085415	186
0	5339	245851.108224197182	185
0	5347	245969.81652756456	186
0	5349	246229.48213683637	185
0	5353	246487.987471317967	184
0	5357	246560.801726643282	185
0	5359	246801.432595715796	186
0	5361	246826.078862419447	185
0	5370	247069.313805939224	186
0	5372	247091.353094499726	187
0	5374	247145.979913399172	188
0	5376	247176.90200736942	187
0	5384	247282.522884221891	188
0	5386	247464.815776153359	187
0	5390	248097.293800086412	188
0	5392	248481.853857776973	187
0	5401	248601.83611968728	186
0	5405	248870.408530591151	185
0	5409	249249.043190271399	186
0	5424	249941.49827401236	185
0	5428	250106.142993552706	184
0	5437	250336.115949911624	185
0	5439	250396.120904244307	186
0	5441	250493.182695901117	185
0	5445	250509.590267462479	186
0	5447	250542.604219736708	187
0	5449	250574.402433465037	188
0	5451	250648.468609376702	189
0	5453	250731.471976311902	190
0	5459	251182.997466177349	191
0	5461	251424.047579086277	190
0	5465	251533.991420736632	189
0	5469	251665.9283615123	190
0	5476	252167.915380101766	191
0	5478	252453.604364937267	190
0	5482	252508.756824777858	191
0	5493	252942.280959031436	190
0	5497	253130.228480605504	189
0	5505	253311.69048947961	190
0	5512	254144.755767860414	191
0	5514	254351.679916013369	192
0	5516	254406.069515070042	191
0	5520	254519.21394213185	190
0	5524	254519.326913878931	191
0	5531	254807.954627965471	192
0	5537	254937.90444041277	193
0	5543	255372.22734499871	194
0	5545	255723.008328555974	193
0	5549	255734.666633056718	194
0	5551	255964.524353241643	193
0	5555	256014.343733943753	194
0	5557	256079.999657320541	195
0	5564	256463.812910449194	196
0	5570	257003.111201182348	197
0	5572	257165.474333642873	196
0	5576	257184.22595825365	197
0	5578	257520.95761651369	196
0	5587	257821.460023737404	195
0	5600	258601.258907293331	196
0	5602	258812.47867694781	197
0	5604	259013.714501170537	196
0	5612	259358.517584588408	197
0	5614	259447.360682963285	196
0	5618	259639.811886271557	195
0	5622	259758.293454191539	194
0	5626	259836.175825219837	195
0	5633	260120.874405681047	194
0	5637	260237.279032122694	195
0	5639	260742.51198172924	196
0	5641	260774.638615593777	197
0	5643	260859.646939871566	198
0	5649	261075.68602403134	199
0	5651	261076.937941780409	198
0	5655	261114.328198960023	199
0	5657	261318.467426790489	200
0	5659	261556.007266408655	199
0	5663	261561.899470916618	200
0	5670	261728.275054862818	199
0	5678	262435.848561516854	198
0	5682	262458.830470030839	199
0	5689	262622.612980587503	198
0	5702	263827.475702679607	197
0	5710	263940.342488569734	198
0	5712	264080.879483020028	197
0	5716	264188.216252858933	198
0	5718	264344.479222996983	197
0	5727	264529.954992848408	198
0	5729	264849.636315673928	199
0	5731	264984.514323381802	198
0	5739	265053.954056268261	199
0	5741	265115.322018927786	198
0	5745	265195.232333681639	199
0	5747	265470.748702446332	200
0	5749	265564.801158507697	201
0	5756	265729.689726821038	200
0	5760	265923.673995985295	201
0	5762	265995.40654370494	202
0	5764	265996.121505407711	201
0	5777	266450.807807548794	200
0	5781	266490.396611156536	201
0	5783	266505.172185471376	200
0	5787	266527.563205866408	201
0	5798	267227.547603278312	200
0	5802	267245.254821277176	201
0	5804	267439.833130992291	202
0	5810	267642.043107358833	201
0	5814	267681.216690336818	202
0	5816	267682.150938622248	203
0	5818	267760.194609229782	204
0	5820	268178.171605413874	203
0	5824	268226.280726956354	204
0	5826	268383.415576956126	203
0	5835	268738.654657716926	204
0	5837	269024.013084167025	205
0	5839	269098.549471033832	204
0	5847	269414.344524994664	205
0	5849	269416.337227197147	206
0	5856	269622.373264237198	205
0	5860	269905.851617269959	206
0	5871	270468.906030341782	207
0	5877	270742.365146746954	206
0	5881	270821.447584330434	207
0	5883	270874.609558834585	206
0	5887	271174.467745774824	207
0	5889	271402.050921378752	206
0	5893	271408.326573285517	207
0	5895	271633.071553214344	206
0	5904	271989.576570717411	207
0	5910	272354.913874947798	208
0	5917	272938.380817276688	209
0	5919	273056.317491253933	208
0	5923	273251.54901458964	207
0	5927	273540.424916251453	206
0	5931	273688.628119228879	207
0	5938	273703.214878833903	208
0	5944	273913.092577262672	207
0	5948	273994.497062100193	206
0	5952	274382.695567255935	205
0	5960	274661.065409092328	204
0	5964	274698.347165636291	205
0	5971	275103.958395375761	204
0	5975	275148.625483843029	205
0	5977	275158.196217502863	206
0	5979	275490.173465204233	207
0	5981	275569.898803832839	208
0	5983	275611.859776033911	207
0	5987	275728.947444883083	208
0	5993	275972.578083707115	207
0	5997	276264.948122521958	206
0	6001	276407.634741320993	207
0	6008	276605.46931746498	206
0	6012	276683.115821348729	207
0	6014	276899.902813566944	206
0	6022	277117.921111985001	205
1	0	0	0
1	16	2082.208207058807	1
1	19	2304.840112769824	2
1	21	2687.826438414825	1
1	42	4121.27612362697	2
1	46	4130.944074340369	3
1	50	4338.235638345553	2
1	61	4920.058014980398	3
1	63	4976.075081312059	2
1	74	5244.315995565496	3
1	80	5410.650325551834	4
1	92	6021.225794060968	5
1	96	6353.708043786659	4
1	103	6629.631378077176	5
1	107	6761.742741270803	6
1	109	6963.873833295851	5
1	120	7261.384455739401	6
1	123	7385.632027261165	7
1	138	8588.89554922372	6
1	147	8853.697889513217	7
1	151	9259.186849714219	6
1	162	9481.764356365498	7
1	170	9509.520975715362	8
1	174	9916.250338478907	7
1	187	10598.025182093456	6
1	196	10796.835574342009	7
1	202	10920.012268564545	8
1	206	11160.029603346132	9
1	218	11570.462274431132	10
1	220	11685.635705393701	9
1	237	12412.862342244085	10
1	241	12636.184324267282	9
1	250	13015.236156090044	10
1	262	13500.218083997219	9
1	275	13975.576852208074	10
1	279	14153.667099020325	11
1	285	14313.378050757643	12
1	289	14553.785894914411	13
1	293	14753.120025423317	12
1	304	15335.61673516601	13
1	312	15502.144958655312	12
1	321	15583.280436835133	13
1	327	15929.221853671667	14
1	335	16511.450702829358	15
1	339	16802.631649962508	16
1	343	17173.452401189946	17
1	345	17174.358733789026	16
1	356	17570.645466541943	17
1	364	18071.90378278397	16
1	373	18215.002558334612	17
1	383	18828.364453696608	16
1	394	19019.825723415312	17
1	398	19180.556521034681	18
1	408	20139.176540589773	19
1	410	20284.181946077346	18
1	417	20336.867577118871	19
1	425	20652.329067244076	20
1	429	21102.346564216611	21
1	433	21218.615615694665	22
1	439	21385.236929712889	23
1	451	21821.592963842747	24
1	453	21870.451778805777	23
1	466	22714.917496210777	24
1	468	23079.488198001831	23
1	481	23449.912657423017	24
1	485	23607.582138246738	25
1	495	24137.935206620835	26
1	497	24268.635219697803	25
1	504	24504.891420735118	26
1	512	25007.385146907412	27
1	514	25436.571714718789	26
1	527	26020.284076800642	27
1	531	26157.374395011806	28
1	535	26191.039883614481	27
1	550	26710.508939764344	28
1	560	27224.228922745285	29
1	564	27230.297325952792	30
1	566	27246.460177673922	29
1	577	27852.142880169747	30
1	581	28548.601141151936	29
1	588	28562.444631486082	30
1	596	28944.995728602705	31
1	606	29521.417824236748	32
1	608	29778.39030007735	31
1	615	29998.299186481977	32
1	633	30620.539766670169	31
1	640	30892.225398516354	32
1	648	31230.324264681781	33
1	652	31391.539733616707	34
1	660	31649.259690894628	35
1	666	31933.091680428085	36
1	670	32029.984319069387	35
1	677	32221.794969869849	36
1	681	32291.681446983362	37
1	685	32615.159317805315	38
1	693	32904.735438692348	37
1	702	33424.945749512014	38
1	710	33697.100826594012	37
1	717	33949.442794612492	38
1	725	34649.772660127724	39
1	729	34978.594501970408	40
1	733	35364.568487609701	39
1	752	36288.731996259535	40
1	756	36412.811979075966	41
1	760	36846.454937363939	40
1	777	37465.202776139674	41
1	783	37724.078018172527	42
1	787	37824.219734807463	41
1	800	38511.864021031258	42
1	808	38986.5728982453	43
1	818	39287.898282466528	44
1	820	39451.160451088996	43
1	835	40230.184617481078	44
1	841	40374.506065530774	45
1	851	40829.531604339333	44
1	862	41078.688536046144	45
1	866	41705.609089276637	46
1	872	41758.59024899915	45
1	883	42318.408619782027	46
1	893	42514.044494285132	47
1	899	42677.513959465619	48
1	901	42918.265459368901	47
1	910	43159.431619523908	48
1	920	43450.424657074805	49
1	928	43575.588566205348	50
1	930	44277.961279897915	49
1	939	44380.354469223763	50
1	949	44906.38117572486	51
1	955	45774.052332407679	52
1	957	45816.94315045044	51
1	968	46265.371013498749	52
1	972	46463.42478135794	53
1	982	47188.118145287933	52
1	989	47820.524796015467	53
1	999	48075.54472876906	54
1	1003	48113.566446556594	55
1	1009	48552.902397279593	54
1	1016	48875.892376928475	55
1	1034	49597.267460218516	56
1	1038	49747.249413339492	57
1	1040	49900.949555383029	56
1	1051	50424.799565358158	57
1	1057	50654.821544651839	56
1	1070	51170.577349915055	57
1	1080	51832.258755697008	58
1	1082	52036.255640451762	57
1	1089	52392.153048871156	58
1	1097	52445.917514367846	59
1	1101	52812.708739134449	58
1	1112	53087.481029956487	59
1	1124	53292.700204646286	60
1	1128	53633.676820163581	59
1	1145	54473.15880890086	60
1	1151	54784.087820930478	61
1	1155	54952.371313116399	62
1	1159	55134.089432255331	61
1	1170	55466.498671202806	62
1	1180	55917.484926394153	61
1	1187	56109.940357050744	62
1	1195	56347.363285740909	63
1	1197	56634.287920639816	62
1	1214	57775.723318896142	63
1	1218	57998.000767475066	64
1	1220	58183.689457568306	63
1	1229	58754.894462509153	64
1	1235	59016.443166685257	63
1	1242	59157.482007919696	64
1	1246	59283.561540229318	65
1	1266	60177.078844523874	66
1	1272	60406.92413868576	67
1	1274	60550.635364464451	66
1	1287	61463.741273785908	65
1	1294	61468.879795438495	66
1	1304	62027.453126182851	67
1	1308	62316.117685762201	66
1	1319	62809.763793340769	67
1	1331	63155.176536163387	68
1	1335	63668.501301287558	69
1	1337	63740.670981899802	68
1	1346	63818.095113618371	69
1	1356	64056.700865915861	70
1	1372	65154.854556648877	71
1	1374	65249.611029633288	70
1	1381	65257.737036926744	71
1	1393	66380.186882337627	72
1	1397	66396.106314166334	73
1	1399	66599.632230288316	72
1	1412	67064.871697901633	73
1	1418	67415.840511946824	74
1	1422	67681.866796968577	75
1	1424	67767.219051335905	74
1	1443	68338.932772419301	75
1	1457	68984.900060473827	76
1	1463	69146.640728062091	77
1	1467	69399.201984032024	76
1	1478	69752.182742944804	77
1	1488	70131.741288517569	76
1	1501	70688.362878879605	77
1	1505	71086.886043800858	78
1	1507	71195.008137029563	77
1	1514	71240.484221858977	78
1	1518	71405.13094260439	79
1	1524	71542.514568699597	80
1	1532	71865.101939170507	81
1	1536	72290.667046813368	82
1	1542	72818.926925425385	81
1	1553	73109.027814819363	82
1	1563	73714.695255106389	83
1	1565	73794.702504881625	82
1	1576	74611.518883249608	83
1	1582	74960.541280190428	82
1	1589	75006.409550888538	83
1	1601	75636.438697426548	82
1	1622	76219.392909883407	83
1	1628	76555.009047558605	84
1	1634	77101.58787751764	85
1	1638	77170.398974223879	86
1	1644	77208.404958321681	85
1	1651	77676.566955513206	86
1	1659	78061.060609630277	85
1	1666	78231.676490923464	86
1	1680	78675.391409314123	87
1	1682	78846.295618786445	86
1	1695	79215.197077794817	87
1	1699	79357.383326983154	88
1	1709	80104.160055172598	87
1	1716	80167.190677850392	88
1	1720	80320.971594920457	89
1	1732	81072.849005143127	88
1	1743	81438.925219467726	89
1	1757	81807.979516929091	90
1	1761	81955.617238088396	91
1	1773	82564.163771896508	92
1	1775	82752.008588257215	91
1	1782	82868.739685213269	92
1	1786	83295.502069434967	93
1	1794	84421.609775218151	92
1	1801	84469.913531264366	93
1	1807	84786.284301756766	94
1	1815	85214.926511811994	93
1	1826	85686.310505738558	94
1	1834	86145.305745265417	93
1	1843	86260.767132109847	94
1	1849	86774.448522216611	93
1	1858	86966.631422108855	94
1	1862	87242.323611361982	95
1	1872	87861.826235474058	94
1	1885	88081.724307491329	95
1	1895	88526.154324209394	96
1	1903	88828.163881058775	95
1	1914	89030.285233130755	96
1	1920	89541.595727828302	95
1	1933	89731.960335290876	96
1	1939	89939.173529541196	97
1	1949	90440.186472217523	96
1	1960	90757.725138506737	97
1	1968	91159.640989295092	98
1	1974	91424.026653675439	99
1	1978	91944.982747164526	98
1	1987	91984.031480095234	99
1	2003	92729.711577462935	98
1	2010	93096.862243397238	99
1	2020	93521.368894622632	98
1	2027	93642.326745009866	99
1	2031	93919.539881191101	100
1	2035	93945.643071962597	101
1	2045	94646.306490955951	102
1	2049	94797.644092141622	101
1	2068	95437.368443711546	102
1	2078	95837.873586362305	103
1	2082	95910.050077660912	102
1	2093	96468.709786451307	103
1	2099	96809.540381162313	104
1	2103	96822.657996287647	105
1	2111	97107.95183938832	104
1	2118	97145.607106482688	105
1	2122	97417.179040780369	106
1	2136	97739.531451864985	107
1	2138	98000.773548231432	106
1	2145	98007.034774741236	107
1	2159	99012.963665632609	108
1	2161	99337.119253006736	107
1	2168	99380.830104081777	108
1	2172	99918.869563547972	109
1	2180	100366.947844496075	110
1	2184	100609.778027524213	109
1	2191	100943.746088511196	110
1	2203	101489.992987708161	109
1	2210	101850.537902658884	110
1	2222	102402.673631331031	111
1	2228	102615.42033939704	112
1	2232	102711.765151565973	113
1	2234	103163.655251263613	112
1	2243	103560.663866429475	113
1	2255	104352.185779644255	114
1	2259	104607.464637627904	115
1	2261	104627.902715773294	114
1	2268	105029.470749563423	115
1	2280	105337.799208967094	116
1	2286	105750.937891295997	117
1	2290	106193.601358531947	116
1	2299	106280.282396918242	117
1	2309	107119.496737307842	116
1	2316	107233.616165696529	117
1	2328	107888.531052714293	118
1	2334	107970.110536656228	119
1	2342	108664.550678123693	118
1	2361	109398.113156912928	119
1	2363	109524.947550519343	118
1	2370	109543.239447987524	119
1	2376	110112.912737077182	120
1	2386	110455.829107007829	121
1	2388	110952.382001819994	120
1	2395	111320.463813042348	121
1	2401	111461.799224122313	122
1	2409	111593.981379179364	123
1	2411	111758.167101181086	122
1	2418	112233.88785587818	123
1	2428	112874.238475942027	122
1	2435	112907.212968534676	123
1	2441	113083.643605729645	124
1	2451	113929.063268554371	123
1	2460	114425.560708819775	124
1	2464	114457.998607290989	125
1	2480	115425.166157094842	126
1	2482	115514.685363396045	125
1	2489	115516.970123453884	126
1	2497	116009.261873347765	127
1	2507	116569.215878388731	128
1	2515	117188.341963383343	127
1	2528	117566.360727122134	128
1	2536	117841.808711608952	129
1	2540	117985.023504448097	128
1	2547	118227.208074807076	129
1	2559	118872.645138083844	130
1	2565	119292.584049767701	131
1	2569	119377.33820172221	132
1	2571	119583.680921866532	131
1	2592	120814.641108011907	132
1	2596	120864.268507054893	133
1	2600	121083.560651412314	134
1	2602	121102.872619888719	133
1	2615	121327.82721648187	134
1	2621	121526.884698971061	135
1	2631	121895.925991936473	136
1	2635	121936.742604886155	135
1	2644	122526.074339105634	136
1	2648	122744.155427647835	137
1	2658	123217.338807684343	136
1	2673	123552.075662529914	137
1	2677	123820.459779037243	138
1	2679	124035.17141286188	137
1	2688	124362.426654530769	138
1	2698	125091.507055639176	139
1	2702	125336.75411353082	140
1	2706	125619.426273115885	139
1	2713	125664.851327828018	140
1	2727	126211.212456209665	141
1	2731	126722.05933104351	142
1	2737	127277.5081494441	141
1	2746	127543.806182241147	142
1	2758	127977.764725378601	143
1	2762	128100.175012072628	144
1	2764	128231.369548830178	143
1	2777	128814.949920272534	144
1	2779	128968.695901882809	143
1	2788	129045.476147449462	144
1	2794	129678.172696923917	145
1	2804	130258.014594941287	146
1	2806	130345.962675436374	145
1	2817	131054.39137970933	144
1	2824	131356.537518708115	145
1	2834	131651.073069787471	146
1	2838	131796.988503559467	145
1	2849	132236.545919125979	146
1	2857	132993.393920556617	145
1	2864	133067.161356715565	146
1	2868	133097.699359758644	147
1	2880	133341.065326548068	148
1	2888	134086.099339520638	149
1	2894	134305.977801642356	148
1	2901	134413.864672502582	149
1	2907	134592.898355378656	150
1	2911	134904.616685642009	151
1	2917	135169.520641958421	152
1	2927	135548.682018256722	151
1	2934	135715.360407998865	152
1	2942	136100.881216592042	153
1	2948	136192.847354290051	152
1	2961	136505.056199162154	153
1	2967	136778.40055452854	154
1	2971	136854.047380414767	153
1	2984	137413.918742678015	154
1	2988	137458.382438143795	155
1	2998	137830.006991951613	156
1	3000	138159.164344145892	155
1	3013	138584.749230137913	156
1	3019	138678.38458484233	157
1	3023	138951.398060052542	158
1	3025	139367.344610522477	157
1	3040	139856.945412336735	158
1	3050	140130.306939428753	159
1	3056	140261.981487301154	158
1	3073	141025.24687613265	157
1	3082	141067.151023290007	158
1	3086	141512.607908418483	159
1	3098	142417.608102133579	160
1	3100	142440.115395038364	159
1	3107	142470.789331450014	160
1	3117	143154.813801021291	159
1	3130	143589.520615285344	160
1	3138	143934.798251270204	161
1	3146	144212.532544380135	162
1	3152	144474.730355983681	163
1	3154	144615.52269766943	162
1	3163	144907.869953653663	163
1	3171	145201.637659987516	164
1	3179	145826.643915279656	165
1	3181	145947.383872604905	164
1	3196	146374.003654217429	165
1	3204	146909.750668919533	166
1	3208	147068.981711773283	167
1	3210	147246.887607880844	166
1	3227	148386.687919339984	167
1	3231	148484.468009045429	168
1	3233	148701.964871929003	167
1	3240	149053.57050131157	168
1	3248	149502.468214130111	169
1	3252	149561.709050937444	170
1	3254	150123.422110880701	169
1	3263	150203.620401008137	170
1	3273	150865.036388403624	171
1	3279	151030.045739619144	172
1	3285	151446.337941809533	171
1	3302	152099.222849777051	172
1	3306	152307.927250656275	171
1	3313	152426.780531137138	172
1	3321	153558.629233435703	171
1	3328	153607.609114891001	172
1	3332	153754.074728480428	173
1	3336	154018.579636133164	174
1	3346	154561.223559772679	175
1	3350	154780.538666798621	176
1	3352	154952.320026232836	175
1	3365	155567.467587759802	176
1	3373	156007.83885913983	177
1	3375	156078.804010477823	176
1	3384	156793.103123716053	175
1	3395	157146.018491155356	176
1	3401	157196.318052282641	177
1	3403	157497.717611099568	176
1	3414	157878.959263070375	177
1	3428	158456.448394788513	178
1	3432	158569.327248400897	179
1	3434	159170.027967886043	178
1	3443	159441.521866015047	179
1	3449	159695.796949519664	180
1	3457	160003.730449481755	181
1	3461	160052.032024731944	182
1	3467	160487.416303923438	183
1	3469	160531.886422027809	182
1	3478	161062.253199136704	183
1	3486	161407.564389808923	184
1	3490	161583.348126133988	185
1	3494	161804.832173540145	186
1	3498	161964.726408532796	185
1	3505	162347.353694653958	186
1	3515	162826.054059026847	187
1	3519	163024.413829165486	186
1	3526	163286.041255100518	187
1	3532	163657.757901976792	186
1	3547	164304.661706610558	185
1	3556	164463.298042027364	186
1	3566	164858.619764401465	187
1	3572	165224.48482367292	188
1	3576	165471.123628525148	189
1	3578	165546.364463156996	188
1	3593	166337.192139281779	189
1	3597	166757.996412179408	188
1	3604	166828.257685137997	189
1	3608	167070.7997603257	190
1	3610	167367.508500496832	189
1	3621	167569.860397262583	190
1	3629	167930.649392596334	191
1	3635	168108.717300688932	192
1	3639	168678.715091477123	191
1	3648	168971.104709907323	192
1	3660	169554.188641599268	193
1	3664	169591.638194641183	194
1	3670	170250.021383969198	195
1	3672	170285.86372113691	194
1	3681	170781.722274972946	195
1	3689	171726.580655566306	196
1	3691	171738.486264794109	195
1	3698	171840.941061807881	196
1	3706	172704.474046995948	197
1	3710	173071.8711113082	196
1	3717	173159.168189792783	197
1	3723	173297.512890493582	198
1	3733	173797.386841877253	199
1	3737	174232.978733434231	200
1	3739	174384.283477281196	199
1	3746	174520.901809541593	200
1	3762	175245.858178308318	201
1	3768	175449.401090322883	202
1	3770	175610.964295844523	201
1	3777	175865.70508777246	202
1	3785	176339.982592968355	203
1	3791	176784.342889740021	204
1	3795	176884.681610150348	205
1	3799	176944.584845666749	204
1	3816	177724.970014786433	205
1	3820	177744.268876864464	206
1	3830	178356.381865462374	207
1	3834	178539.419434796063	206
1	3841	178870.454090071928	207
1	3851	179074.293645798118	208
1	3859	179266.636353975248	209
1	3865	179404.825408969981	208
1	3874	179751.480240171861	209
1	3880	180091.232478012306	208
1	3889	180174.638244985492	209
1	3907	180794.650963834376	210
1	3913	181089.496531507086	211
1	3915	181275.989308523921	210
1	3924	181750.419341913314	211
1	3928	181754.050962759268	212
1	3936	182268.167718408715	213
1	3940	182371.948155079944	212
1	3949	183051.301624915452	213
1	3957	183180.693152939987	214
1	3967	183378.930927320273	215
1	3979	183704.38214695276	216
1	3985	184015.823610938044	217
1	3987	184051.314543298421	216
1	3998	184666.156561320734	217
1	4000	184715.080367214022	216
1	4015	185150.745155616553	217
1	4025	185890.436162668256	216
1	4032	186273.02449805857	217
1	4046	186749.506907193811	218
1	4048	186767.661079474701	217
1	4055	186805.945758430374	218
1	4063	187237.279577880056	219
1	4065	187456.269407699792	218
1	4082	187864.217300071271	219
1	4086	187932.154904848052	220
1	4096	188909.25511876957	219
1	4103	188959.103397747589	220
1	4107	189258.773753113003	221
1	4111	189306.078577583743	222
1	4119	189517.897812285437	221
1	4132	190665.637141681166	222
1	4136	190861.647117518796	221
1	4143	190908.093759847892	222
1	4149	191392.773503317387	223
1	4161	191648.330896972568	224
1	4163	191800.154040743573	223
1	4172	192002.403254976583	224
1	4178	192300.175836740149	225
1	4182	192455.067985570879	226
1	4184	192566.839770105644	225
1	4191	192586.045394485904	226
1	4205	193039.348951524211	227
1	4217	193778.815932451637	228
1	4219	193876.572090516775	227
1	4226	193978.583443893207	228
1	4238	194554.961288141995	227
1	4245	194570.977071618749	228
1	4249	194640.455877884181	229
1	4257	195487.543876421615	228
1	4264	195564.4990442899	229
1	4268	195565.06813380018	230
1	4286	196725.307738362701	231
1	4290	196950.724545017793	230
1	4297	197225.815355649306	231
1	4307	197820.090470380039	232
1	4311	198114.791941381037	231
1	4320	198775.874259008183	232
1	4326	199164.620533472836	231
1	4335	199266.125333598704	232
1	4339	199278.885810023262	233
1	4353	200000.344789123251	234
1	4357	200466.127164493293	233
1	4364	200499.659350505919	234
1	4368	200732.219512371435	235
1	4372	200942.300098753423	236
1	4380	201461.316078602314	235
1	4387	201581.176255626693	236
1	4399	202201.305792054251	237
1	4405	202418.157191752345	238
1	4409	202649.205616925821	237
1	4418	202809.504152974934	238
1	4430	203420.02917448254	239
1	4440	203843.56032310249	240
1	4444	203876.995023368747	241
1	4446	203941.829209475756	240
1	4459	204521.920708074124	241
1	4465	204888.354158757345	242
1	4467	205182.2049167929	241
1	4484	205645.272514691667	242
1	4490	205986.023563212605	243
1	4494	206057.848350240008	244
1	4500	206290.528664617689	245
1	4504	206565.096054830567	244
1	4513	206915.161918012516	245
1	4521	207275.259551314728	246
1	4525	207306.7227915217	247
1	4529	207575.610220254378	246
1	4546	208499.848997424336	245
1	4553	208849.476956455858	246
1	4557	208855.706412291245	247
1	4569	209229.992665826233	248
1	4571	209629.683528271483	247
1	4590	210490.600622614936	248
1	4596	210601.820343202801	249
1	4600	210767.461415500359	248
1	4609	211092.190028933899	249
1	4621	211694.669164551513	250
1	4625	212162.17247886488	249
1	4632	212180.512946612091	250
1	4644	213201.71503124954	251
1	4646	213495.140773122178	250
1	4653	213648.496134421678	251
1	4659	213818.438344283121	252
1	4667	214363.56857887374	251
1	4674	214421.116378969403	252
1	4678	214560.514320788997	253
1	4686	215389.145036025065	254
1	4688	215489.787580649348	253
1	4697	215752.014921410831	254
1	4699	216148.467084838988	253
1	4710	216507.852533331233	254
1	4720	216674.46743312374	255
1	4724	217037.069408102783	256
1	4726	217285.781739567386	255
1	4735	218141.03912769081	256
1	4745	218404.947270518991	257
1	4747	218463.205343409421	256
1	4760	219040.580702937099	257
1	4764	219084.465068860072	258
1	4774	219562.62175770672	259
1	4778	219571.498684762868	260
1	4784	220042.58733505288	259
1	4793	220262.155487259943	260
1	4801	220606.935617311019	261
1	4809	221014.596623016614	262
1	4813	221187.992594568881	263
1	4815	221411.420236377957	262
1	4828	221914.809229878801	263
1	4832	222010.95612335101	264
1	4842	222982.219653622228	263
1	4849	223233.548808565456	264
1	4853	223309.282393931302	265
1	4867	224378.72225575054	264
1	4880	224597.358715078684	265
1	4884	224613.686822747905	266
1	4898	225753.390555327852	267
1	4902	225971.825591445881	266
1	4909	226050.039974219056	267
1	4921	226629.090902238043	268
1	4925	226957.408248728235	269
1	4929	227000.560310847016	270
1	4935	227547.016567206832	271
1	4937	227625.149084561485	270
1	4944	227773.231392113586	271
1	4948	227850.82445385948	272
1	4954	228384.322533708978	271
1	4961	228879.019481523057	272
1	4971	229219.736807553192	273
1	4977	229391.089407793136	274
1	4981	229714.494918518681	273
1	4988	229861.274685246964	274
1	4996	230441.775249316338	273
1	5003	230582.688198192866	274
1	5011	230933.908423541208	275
1	5013	231055.575194329936	274
1	5024	231229.207876800449	275
1	5034	231762.293075463624	276
1	5040	232000.999227373024	277
1	5046	232207.112925452162	276
1	5057	232842.100386462064	277
1	5063	233046.768713406269	276
1	5070	233087.072004286667	277
1	5078	233913.638036159893	278
1	5094	234507.249743176719	279
1	5098	234509.862705237122	280
1	5100	234519.557050670479	279
1	5115	235683.158524131497	280
1	5119	236068.420768222662	281
1	5121	236191.338161685486	280
1	5128	236345.166240139755	281
1	5136	237045.723150765618	282
1	5142	237481.408040179762	283
1	5144	237697.636415761878	282
1	5151	237833.502166635248	283
1	5157	238017.37174445959	284
1	5169	238467.821061826202	285
1	5179	238758.039045577964	286
1	5181	239057.169727365469	285
1	5190	239191.51549886063	286
1	5198	239795.534373669868	285
1	5209	240026.550757913741	286
1	5213	240199.578791020533	287
1	5219	240513.16252638491	286
1	5226	240535.510992465636	287
1	5240	241187.206196209511	288
1	5248	241424.327537818703	289
1	5250	241590.00481775867	288
1	5259	242007.379940619787	289
1	5269	242799.303778885755	290
1	5275	243104.789568131884	291
1	5277	243189.486820575764	290
1	5284	243393.91896969721	291
1	5292	244105.160146450718	292
1	5294	244114.616447872465	291
1	5313	244720.70286979804	290
1	5324	244986.460074066076	291
1	5328	245463.313456158137	290
1	5337	245772.737844085415	291
1	5341	245851.108224197182	292
1	5351	246229.48213683637	293
1	5355	246487.987471317967	294
1	5363	246826.078862419447	295
1	5365	246906.493059181592	294
1	5378	247176.90200736942	295
1	5388	247464.815776153359	296
1	5394	248481.853857776973	297
1	5396	248562.196585153213	296
1	5403	248601.83611968728	297
1	5407	248870.408530591151	298
1	5411	249336.947924307531	297
1	5426	249941.49827401236	298
1	5430	250106.142993552706	299
1	5432	250242.154707795924	298
1	5443	250493.182695901117	299
1	5463	251424.047579086277	300
1	5467	251533.991420736632	301
1	5471	251720.04146515297	300
1	5480	252453.604364937267	301
1	5484	252523.67841055522	300
1	5495	252942.280959031436	301
1	5499	253130.228480605504	302
1	5507	254019.56617895419	301
1	5518	254406.069515070042	302
1	5522	254519.21394213185	303
1	5526	254766.381257696992	302
1	5547	255723.008328555974	303
1	5553	255964.524353241643	304
1	5559	256322.935566882586	303
1	5574	257165.474333642873	304
1	5580	257520.95761651369	305
1	5582	257783.083162008768	304
1	5589	257821.460023737404	305
1	5595	258467.723365760392	304
1	5606	259013.714501170537	305
1	5616	259447.360682963285	306
1	5620	259639.811886271557	307
1	5624	259758.293454191539	308
1	5628	260115.090339434317	307
1	5635	260120.874405681047	308
1	5653	261076.937941780409	309
1	5661	261556.007266408655	310
1	5665	261609.632828970424	309
1	5672	261728.275054862818	310
1	5680	262435.848561516854	311
1	5684	262591.294603868372	310
1	5691	262622.612980587503	311
1	5697	263213.588010909952	310
1	5704	263827.475702679607	311
1	5714	264080.879483020028	312
1	5720	264344.479222996983	313
1	5722	264402.665403381906	312
1	5733	264984.514323381802	313
1	5743	265115.322018927786	314
1	5751	265566.200992883168	313
1	5758	265729.689726821038	314
1	5766	265996.121505407711	315
1	5772	266386.56743188294	314
1	5779	266450.807807548794	315
1	5785	266505.172185471376	316
1	5789	267067.790002039619	315
1	5800	267227.547603278312	316
1	5812	267642.043107358833	317
1	5822	268178.171605413874	318
1	5828	268383.415576956126	319
1	5830	268656.53740908856	318
1	5841	269098.549471033832	319
1	5851	269501.25890985968	318
1	5858	269622.373264237198	319
1	5862	270150.965466591515	318
1	5879	270742.365146746954	319
1	5885	270874.609558834585	320
1	5891	271402.050921378752	321
1	5897	271633.071553214344	322
1	5899	271798.206288767033	321
1	5912	272876.887991306358	320
1	5921	273056.317491253933	321
1	5925	273251.54901458964	322
1	5929	273540.424916251453	323
1	5933	273695.09225962589	322
1	5946	273913.092577262672	323
1	5950	273994.497062100193	324
1	5954	274382.695567255935	325
1	5962	274661.065409092328	326
1	5966	274945.580384180867	325
1	5973	275103.958395375761	326
1	5985	275611.859776033911	327
1	5995	275972.578083707115	328
1	5999	276264.948122521958	329
1	6003	276507.67350384871	328
1	6010	276605.46931746498	329
1	6016	276899.902813566944	330
1	6024	277117.921111985001	331
2	0	0	0
3	36	3474.006922895981	2932.6611347683
3	70	5054.812394044323	3470.585195314
3	86	5833.158960965423	4955.279927659
3	116	7036.114995720758	4237.2314541676
3	127	7724.339246367066	4707.9695894241
3	158	9325.535809387415	5971.0698752129
3	166	9505.462174926847	5243.7456612205
3	185	10584.79717347674	6692.4920818323
3	210	11183.541224914565	6772.0497262498
3	231	12121.443690125792	7582.3457458352
3	254	13092.341911456509	7703.765872913
3	271	13788.263409630357	7939.5184831572
3	308	15350.889052477627	9714.9297573862
3	331	16408.860987125858	10287.866906442
3	379	18313.999456725046	10115.536230004
3	477	23412.338009037971	13518.035963544
3	508	24753.622997858524	15962.28324012
3	523	25756.813353848607	15783.602588259
3	544	26494.582431734503	16136.733930446
3	573	27508.913989699409	16869.093836982
3	602	29482.031753648968	18584.243630939
3	625	30303.888205521704	19008.950204495
3	644	31011.58301197827	19674.074899515
3	689	32717.323966705205	20931.398765727
3	708	33585.267143974977	21682.579178614
3	796	38510.688214869203	25523.103801301
3	831	40215.292319328488	26973.627059008
3	889	42417.225824137182	28726.162893982
3	924	43521.526276188867	28880.529355047
3	943	44640.046266297774	30416.15732359
3	978	46754.277564444544	31759.676418078
3	1024	49400.915068172815	33917.781469749
3	1055	50582.780822281691	35040.38290926
3	1093	52415.909943644854	36803.06943307
3	1116	53110.557345095057	35306.98491113
3	1137	54052.318442397717	36061.64285692
3	1178	55715.70644137353	37450.13411991
3	1191	56315.129989477772	38125.826385409
3	1206	57237.485998579267	38729.057494112
3	1252	59717.984829422984	40756.888347349
3	1300	61919.764678440023	42210.683605876
3	1360	64333.025706027601	42699.72732366
3	1387	65850.736221679454	44120.351162845
3	1406	66860.579978263904	45115.50362101
3	1474	69739.681656452794	47668.857683099
3	1497	70427.376231168364	46666.707998882
3	1528	71827.889983923142	47852.525060111
3	1557	73239.943622452174	49195.00619345
3	1580	74722.391599872117	49226.687623404
3	1595	75373.635729066064	49207.796783217
3	1670	78476.526429167917	51731.409163392
3	1689	79139.317230879298	52401.988819419
3	1749	81537.666315360895	52946.170061533
3	1792	83445.493170375905	55283.51823697
3	1822	85375.396878252707	56666.776596965
3	1832	86041.357569395535	56851.598028635
3	1847	86723.130878786527	56521.797401078
3	1866	87270.911257582687	57214.639891822
3	1929	89609.042343738459	59141.915306485
3	1956	90443.606653575756	59868.161251349
3	1991	92289.594982498297	60802.420832626
3	2018	93493.54069840067	61633.64475347
3	2039	94073.121641063102	62494.275793528
3	2089	96256.281761395716	63415.67162079
3	2128	97503.162907761494	64570.320036269
3	2151	98336.628777318606	64894.485479845
3	2201	101380.493666295866	65727.878893903
3	2214	102064.986000870327	66314.104492295
3	2251	103818.868994059945	68135.793502782
3	2274	105212.237469655434	69272.655183228
3	2307	107051.641005481566	69757.110247572
3	2322	107602.300886864747	71007.130043247
3	2355	109065.531880323748	71677.969939927
3	2382	110336.111049595262	72911.211206374
3	2405	111526.23520171174	73826.262629775
3	2424	112699.755189380582	74658.082467842
3	2445	113142.353908502471	74604.410418361
3	2470	114883.721434221577	77087.687619754
3	2501	116257.167329787251	77191.304331699
3	2524	117465.919118410882	78911.541180028
3	2555	118719.898616605412	79627.494376009
3	2582	119833.712153582807	80228.48350432
3	2652	122848.739629321705	82495.675872097
3	2667	123467.803775061827	83847.200337819
3	2694	124985.927593055155	84569.522378265
3	2750	127691.325060202715	86971.742715859
3	2773	128646.259372028497	87625.777941392
3	2800	129749.748581749361	88676.544192911
3	2815	130932.742630298224	90120.700080762
3	2855	132756.467397957083	90439.854881415
3	2884	133433.340593864185	90791.021790819
3	2921	135187.065136394439	92799.129618722
3	2957	136315.247144102095	93269.769512438
3	2994	137666.986364227695	94331.468623356
3	3009	138562.426740805594	95176.49970971
3	3046	140003.875829762755	95680.561132669
3	3063	140504.453265954716	95813.700159251
3	3092	141865.450487089319	96307.322100288
3	3126	143352.907874993024	97157.768664786
3	3134	143663.997631472511	97431.181487279
3	3167	145141.293308501108	98402.124099301
3	3190	146260.52073752412	98380.85553896
3	3221	147756.115555976494	100706.37397647
3	3244	149276.348835722519	100917.73040192
3	3298	152071.41314895728	102675.17254318
3	3340	154025.738436271412	105103.02137128
3	3361	155522.098998910723	105999.7800787
3	3410	157556.968138980654	107962.5663758
3	3422	158081.795538607028	107951.99142179
3	3511	162756.977828535227	111033.6481
3	3530	163465.535732972411	111739.74485615
3	3545	164234.413270837603	111464.68613454
3	3560	164588.407870958534	111701.23938674
3	3589	166180.911808124719	113161.02751284
3	3617	167427.601085602281	114219.46660409
3	3625	167804.039498305855	114560.82550436
3	3685	170945.204888404322	117073.91950854
3	3702	172410.266581549285	118126.76143517
3	3727	173598.898880378319	119189.13701284
3	3754	174720.594530356092	119608.94386231
3	3781	176161.03175554329	121463.15409072
3	3824	177852.880037770582	122457.61622086
3	3847	178956.231824512569	123817.90361912
3	3878	179931.832659979326	124375.77641462
3	3901	180692.409312305016	123564.05970902
3	3932	181950.923992766974	126332.2157605
3	3963	183259.552971244765	125733.27870148
3	4040	186546.829737796424	126916.100659
3	4115	189499.309941873862	129536.1478971
3	4128	190072.631714855297	130001.05170623
3	4157	191585.045273722126	131408.94557861
3	4195	192756.166406133188	132572.07426278
3	4201	192959.558371276571	132046.46329871
3	4253	194974.49729699546	132772.11508767
3	4280	196423.020318196132	134809.19961398
3	4376	201068.505477885694	138094.44136535
3	4393	201806.428503169656	138016.0153152
3	4426	203344.83477384688	139478.06711894
3	4455	204264.424882306695	140255.38279441
3	4476	205470.713910031111	141602.23857859
3	4517	207245.735755403505	142828.06000311
3	4544	208487.001944546567	143997.16252595
3	4586	210421.701523837613	144913.89131589
3	4613	211196.806026686893	146409.54694982
3	4682	215291.036102109568	148041.94742223
3	4706	216392.872835210504	148411.54373262
3	4716	216615.53013473654	148568.6065584
3	4754	218815.836503094973	150417.22864853
3	4824	221700.555107164177	153581.15514855
3	4859	223546.172430616784	154998.37562728
3	4965	228902.876325407046	159027.73781824
3	4994	230389.114469354022	161051.01459422
3	5044	232005.338428289611	162044.15358618
3	5082	233930.621876380388	163623.98030172
3	5109	234883.147384635155	163353.23082525
3	5132	236762.913591460307	164444.31468511
3	5163	238163.489015241136	165285.88915967
3	5196	239761.003176270967	167120.0755085
3	5217	240400.519991702383	167436.63717484
3	5244	241257.905645602365	167624.93862991
3	5263	242437.650494062325	168610.83282107
3	5301	244149.259506043961	170026.93013962
3	5305	244372.983146681433	169363.48195511
3	5320	244965.673944222724	169392.0837804
3	5345	245941.941093466228	170351.5742677
3	5382	247212.095900055936	171518.36019975
3	5418	249514.939523329011	173520.94705162
3	5422	249683.461145608669	173556.96489744
3	5457	250915.00343423242	174782.64241853
3	5491	252635.10599725785	176458.17309832
3	5503	253283.673005755043	176842.5791484
3	5535	254916.150066814369	177732.25434875
3	5541	255184.049344844168	178519.20862011
3	5568	256960.101591235941	179775.63909062
3	5593	258194.556749629771	180475.95172727
3	5610	259160.776031090862	180673.21318584
3	5647	260965.1923611285	182436.83521589
3	5676	262074.187926267258	183566.44084143
3	5695	262984.561556520856	183828.88693091
3	5708	263940.304092186488	184208.05436558
3	5737	265049.125657648764	185094.5187528
3	5770	266267.683396738939	186180.53851198
3	5796	267094.443204634808	187030.68696248
3	5808	267604.660174976088	186721.35986626
3	5869	270168.117939353906	189507.32744197
3	5875	270586.888610626556	189173.3490509
3	5908	272144.831414175206	190900.75605388
3	5942	273727.114771594279	192213.31614519
3	5958	274634.407687148996	192843.38123213
3	5991	275741.637432639473	194111.23127557
4	352	17466.729528483897	9546.5574045916
4	404	19777.520146359652	11350.407086935
4	421	20621.131686762869	12182.346103157
4	462	22368.48344501011	13219.379207922
4	721	34206.341294067877	21636.429970545
4	740	35620.354834794031	23371.119680516
4	767	37089.580568334983	23881.443011011
4	870	41705.765694444032	28292.394460918
4	993	47833.888669003697	32801.856103909
4	1064	50980.940850553068	33392.792295251
4	1233	58831.82902110644	39875.243918892
4	1285	61457.212869244595	40072.85778161
4	1327	63108.646771729891	41541.106453194
4	1435	68017.865502507393	44797.708156918
4	1618	76179.237619805118	49613.128445139
4	1657	78039.40012445577	51831.890054148
4	1724	80455.816781734085	53679.937868476
4	1891	88483.240247433045	58221.916822732
4	1964	90782.506267930352	60181.863680581
4	2072	95609.050137846702	63589.270486771
4	2176	100260.101102692047	65104.899865309
4	2627	121597.753678894576	82342.607782797
4	2717	125898.10467728318	85365.391147854
4	2828	131453.305293953952	89579.054874831
4	2978	136897.4219827065	93662.120507686
4	3283	151032.42544907981	102724.93493759
4	3317	152965.186675879149	103497.41426849
4	3382	156747.560831596118	106754.86060291
4	3453	159872.92030542062	108755.76863882
4	3482	161228.443551854206	109932.05003418
4	3652	169051.202368400034	115588.60389397
4	4009	184983.83171141052	127401.78445964
4	4019	185273.934882617531	126767.28084643
4	4074	187620.121423051669	127856.57755416
4	4078	187809.389301239489	127781.22751426
4	4234	194493.909561018436	133361.45311943
4	4303	197302.434876364633	134981.11159112
4	4324	198939.727267621994	136382.43014619
4	4349	199985.919610577613	136897.03059989
4	4565	209110.81995565349	144463.32141456
4	4640	212877.392400409074	145999.29259026
4	4665	214059.190471739487	147815.12083628
4	4739	218158.470576656031	150170.68157471
4	4805	220970.603967829587	152560.29038683
4	4890	225033.225165381077	156403.93288977
4	4915	226354.782719545978	157756.15716584
4	4952	228170.249670845437	159115.97832426
4	5007	230923.458005505595	161027.24762868
4	5061	232989.138453760166	163051.47612392
4	5845	269388.703288304605	188441.61168894
4	6020	276955.848374160924	194673.52861573

