version 2
run Iteration-6-20200521-09:51:12-41956
attr configname Iteration
attr datetime 20200521-09:51:12
attr experiment Iteration
attr inifile omnetpp.ini
attr iterationvars "$i=1, $j=7, $0=15-(1+7)"
attr iterationvarsf i=1,j=7,15-(1+7)-
attr measurement "$i=1, $j=7, $0=15-(1+7)"
attr network Network
attr processid 41956
attr repetition 0
attr replication #0
attr resultdir results
attr runnumber 6
attr seedset 6
itervar i 1
itervar j 7
param **.resourcePool.amount 1
param **.resourcePool1.amount 7
param **.resourcePool2.amount 15-(1+7)
param **.source.interArrivalTime exponential(6min)
param **.delay.delay uniform(4min,28min)
param **.delay1.delay uniform(10min,28min)
param **.delay2.delay uniform(4min,16min)
param **.allocate.resourceModuleName "\"Network.resourcePool\""
param **.allocate1.resourceModuleName "\"Network.resourcePool1\""
param **.allocate2.resourceModuleName "\"Network.resourcePool2\""
param **.deallocate.resourceModuleName "\"Network.resourcePool\""
param **.deallocate1.resourceModuleName "\"Network.resourcePool1\""
param **.deallocate2.resourceModuleName "\"Network.resourcePool2\""
param **.router.randomGateIndex "uniform(0, 1) > 0.2 ? 0 : 1"

vector 0 Network.allocate queueLength:vector ETV
attr interpolationmode sample-hold
attr title "queue length, vector"
vector 1 Network.allocate1 queueLength:vector ETV
attr interpolationmode sample-hold
attr title "queue length, vector"
vector 2 Network.allocate2 queueLength:vector ETV
attr interpolationmode sample-hold
attr title "queue length, vector"
vector 3 Network.sinkStat lifeTime:vector ETV
attr interpolationmode none
attr title "lifetime of arrived jobs, vector"
attr unit s
vector 4 Network.sink lifeTime:vector ETV
attr interpolationmode none
attr title "lifetime of arrived jobs, vector"
attr unit s
0	0	0	0
0	23	2525.638114224521	1
0	29	2851.076957284932	2
0	35	3122.745220499907	3
0	41	3318.107548018287	4
0	43	3465.196972076892	5
0	45	3702.576966725979	6
0	47	4053.301991075278	7
0	49	4143.07405359564	6
0	54	4681.201728914805	7
0	56	5013.997700433113	6
0	61	5160.491222609502	7
0	63	5259.200295204326	8
0	69	5570.52348827486	9
0	71	5815.562532837369	8
0	80	5943.713256955497	9
0	86	6560.757196501707	10
0	88	6752.663413826935	11
0	94	7098.595900717058	10
0	99	7161.180562800718	11
0	101	7381.799323843762	12
0	103	7401.964516965581	13
0	109	7805.290839147512	14
0	111	7862.885972309827	15
0	117	8446.211984844964	16
0	119	8493.0740017396	15
0	128	8926.217144300238	16
0	134	9206.501448228444	17
0	136	9254.500417950484	18
0	138	9286.417207046905	19
0	140	9620.800320240536	18
0	149	10182.328705000558	17
0	158	10424.63748226962	18
0	160	10646.625457543814	19
0	166	10734.738374720194	18
0	175	11342.822616728821	17
0	192	12501.050391147323	18
0	198	12648.222244302609	17
0	207	13394.828311237373	16
0	216	13498.316683957441	17
0	218	13992.392826299298	18
0	220	14075.383818778076	17
0	229	14169.290096199406	18
0	235	14614.979950927423	19
0	241	14778.538646679612	20
0	247	15358.045434499958	19
0	260	15722.001769831842	20
0	262	16131.820748039237	21
0	264	16314.743045063851	22
0	266	16336.856953280327	23
0	268	16652.394863176027	22
0	277	16867.321854069141	23
0	279	16987.518199275583	24
0	281	17261.319264627555	25
0	287	17336.975422862519	26
0	289	17566.382318040759	27
0	295	18125.449836659113	26
0	300	18154.123710469474	27
0	302	18257.318367183837	28
0	304	18332.781319203799	29
0	306	18514.121447544961	30
0	312	18658.887096088472	31
0	314	19249.334832872132	30
0	319	19328.25834314463	31
0	325	19617.439879085727	32
0	327	19840.844251424168	33
0	329	20289.734497028271	32
0	346	21191.929100868927	33
0	348	21495.479396241585	32
0	353	21538.756659615031	33
0	355	21642.989150218908	34
0	361	21829.389044425051	35
0	363	22316.953226148773	36
0	365	22334.662881302515	35
0	386	23764.00681782035	34
0	391	23785.697151276576	35
0	393	23807.52727874223	36
0	395	23995.957343315297	37
0	397	24073.003525458784	38
0	403	24193.84902266504	39
0	405	24194.156046456755	40
0	407	24381.127836973226	41
0	409	24586.415234257487	42
0	411	24644.199187150208	43
0	417	24962.843421893789	44
0	419	25016.074900361577	43
0	424	25229.164706966027	44
0	426	25491.498696501235	43
0	435	25605.279818380512	44
0	437	25620.491917799561	45
0	439	25858.505773316006	44
0	444	26164.70853342617	45
0	446	26189.373908079639	46
0	456	26426.067979079255	47
0	458	26576.361467413531	48
0	460	26593.949931845026	49
0	474	26982.33180750468	50
0	480	27315.693298501198	51
0	482	27479.066318007986	50
0	487	27634.230381734555	51
0	489	27684.531480983024	52
0	491	28130.725717234088	53
0	497	28371.756834643762	52
0	506	28893.922805261744	53
0	508	28907.349161336702	54
0	510	29453.320226239084	55
0	516	29589.733504886385	56
0	522	30038.986785556059	55
0	527	30305.412190746028	56
0	529	30590.250813636785	57
0	531	30730.49424535539	58
0	533	30895.586100750279	59
0	535	30904.520169701797	60
0	537	31083.178716073613	59
0	546	31538.542144983665	60
0	548	31586.884409142024	61
0	550	31634.027909724465	62
0	552	31931.863555365668	63
0	562	32334.047397556584	62
0	571	32616.979717465937	63
0	573	32649.786085797097	64
0	579	33200.241003341472	65
0	581	33537.37526369448	66
0	583	33690.097700240891	65
0	588	33990.216079647522	64
0	597	34144.329260203455	65
0	607	34657.399781315738	66
0	609	35038.452270733993	65
0	614	35212.450173180898	66
0	624	36077.298290823305	67
0	626	36091.232196981888	66
0	631	36093.02035778785	67
0	633	36308.238903020547	68
0	635	36313.177164042523	69
0	641	36739.624117831569	68
0	650	37344.098844448905	67
0	659	37746.701245191376	66
0	672	38064.281910766473	67
0	674	38220.419001040565	68
0	680	38349.554090276388	69
0	682	38364.173350791321	70
0	684	38393.552221874575	69
0	689	38539.480248091424	70
0	695	38587.278331539393	71
0	701	38591.480869877986	72
0	703	38708.079474054582	73
0	713	39546.359772938172	72
0	718	39758.4573431345	73
0	720	39783.414869182007	74
0	722	39794.700390259934	75
0	728	40046.017160895149	74
0	733	40338.535012298126	75
0	735	40440.097268389571	76
0	741	40863.094963538329	75
0	750	41125.589809817659	76
0	752	41165.910168657879	75
0	765	41704.515786315183	74
0	774	41813.162713274032	75
0	776	41970.883615083882	76
0	778	42172.439654181687	77
0	784	42264.036290869706	78
0	798	42873.020617621819	77
0	807	43649.927058027807	78
0	809	43892.758010465077	79
0	819	44332.365647688787	80
0	821	44429.684044857219	81
0	823	44526.641814145128	80
0	832	44771.285316208264	81
0	834	44821.186236600567	82
0	836	45108.415922603102	83
0	838	45272.618507128674	84
0	844	45445.51696943461	85
0	846	45517.768719005267	84
0	855	45817.320670575444	85
0	857	46079.909906407687	86
0	859	46089.54249879146	87
0	861	46856.523402968585	88
0	863	46861.501955124418	87
0	868	46963.011311250256	88
0	874	47380.384531835894	87
0	883	47588.431859092791	88
0	885	47690.852961048545	89
0	891	48086.942205387036	88
0	896	48127.015847143658	89
0	898	48212.1390818788	90
0	904	48310.051960666379	91
0	914	49081.922422720407	92
0	916	49176.046445254305	93
0	918	49464.708155053536	92
0	923	49560.236470703114	93
0	929	49683.736497052957	94
0	931	49787.411802220027	93
0	936	49895.178698478396	94
0	942	49955.869443219708	95
0	944	50068.942523314094	96
0	946	50162.449291220206	97
0	956	50448.478636567868	98
0	962	51083.082904817446	99
0	968	51272.200340772848	98
0	973	51366.780307837949	99
0	975	51423.636273795619	100
0	977	52236.777184116523	99
0	982	52272.013887830791	100
0	984	52372.992380220089	101
0	990	52472.561487807889	102
0	992	52479.381768364969	103
0	994	52844.073043509768	104
0	1000	53243.507758330958	105
0	1002	53357.081577081907	106
0	1004	53475.634413617532	105
0	1009	53736.235709036569	104
0	1018	54116.103477510492	103
0	1027	54462.243697056565	104
0	1033	54545.779640501847	105
0	1035	54675.881063747088	104
0	1048	55037.794973476287	105
0	1050	55146.436677119089	106
0	1056	55233.730903053147	107
0	1074	56142.61103063343	106
0	1079	56192.317715347357	107
0	1081	56748.789602777495	108
0	1083	57159.26875163026	109
0	1085	57298.777581299461	110
0	1091	57609.498508862152	111
0	1093	57757.159531894009	110
0	1102	58162.071615857174	111
0	1104	58536.761005022609	112
0	1106	58753.355364198666	111
0	1111	59104.207541893963	112
0	1117	59252.036440144163	111
0	1126	59570.632196019302	112
0	1132	59902.021846617442	111
0	1145	60450.660693638615	112
0	1147	60493.125579683214	113
0	1153	60716.593596855528	114
0	1163	61472.607089388054	113
0	1168	61747.279357081292	114
0	1170	61864.681191774886	113
0	1183	62516.565383361189	114
0	1189	62732.811313628823	115
0	1191	63192.917403387707	114
0	1200	63342.394318525371	115
0	1202	63418.235720232746	116
0	1204	63747.852535503786	115
0	1209	64053.668777720132	116
0	1211	64094.508824009191	117
0	1213	64186.029575468598	118
0	1219	64308.322827155806	119
0	1221	64396.372604649641	120
0	1231	65026.62897848284	121
0	1233	65165.250682886525	122
0	1235	65202.363781700712	121
0	1240	65521.076079302374	122
0	1246	66075.490318154194	123
0	1248	66515.888352540505	124
0	1254	66709.29606302375	125
0	1256	66751.459391820115	124
0	1261	66810.03867465864	125
0	1267	67496.607929110245	126
0	1269	67872.48211729793	125
0	1278	68423.240749266096	126
0	1284	68531.142453471647	127
0	1286	68647.80730077874	128
0	1288	68850.342398543962	129
0	1290	68961.511543835384	128
0	1299	69213.643008732311	129
0	1301	69344.930959333742	130
0	1307	69577.845808151049	129
0	1312	70148.394525530619	128
0	1317	70322.940005518779	129
0	1323	70407.798176738304	128
0	1328	70519.671024172231	129
0	1334	70742.642056117636	128
0	1339	70785.833497304715	129
0	1341	70881.928885264206	130
0	1351	71538.84121588884	129
0	1360	71948.14612539308	130
0	1362	71960.417334140244	131
0	1372	72087.835555444342	130
0	1385	72323.078403703505	131
0	1395	72734.876764411026	132
0	1397	72830.354363602987	133
0	1403	72987.754787313622	132
0	1408	73449.254673653111	133
0	1414	73726.439966480118	132
0	1419	73792.832331573723	133
0	1425	74258.03941603657	134
0	1431	74532.168938773555	133
0	1436	74556.444939818125	134
0	1438	74733.058318033291	135
0	1448	75388.90356483564	136
0	1450	75628.650027098936	135
0	1463	76117.321242940277	136
0	1465	76183.040798474054	137
0	1467	76216.493848335098	138
0	1473	76331.672216137887	139
0	1475	76357.012636338618	140
0	1477	76515.206161266565	141
0	1479	76678.940754751545	140
0	1484	76925.99149645913	141
0	1490	77372.14669759838	140
0	1503	77720.78605293218	141
0	1505	77879.946886425875	142
0	1511	78030.556017012951	143
0	1513	78139.879171623632	144
0	1519	78468.694653944953	145
0	1521	78565.386570209676	146
0	1523	78856.184848951978	145
0	1532	79247.157362078775	146
0	1534	79250.958034963646	147
0	1536	79270.362602700836	148
0	1538	79562.048907830364	149
0	1540	79659.673549442117	150
0	1542	79945.347462254447	149
0	1551	80661.968404161614	148
0	1560	81312.138252551221	149
0	1562	81321.401354777497	148
0	1567	81335.457960546095	149
0	1573	81542.67340212158	150
0	1575	81559.558141862159	151
0	1581	82042.361090114756	152
0	1583	82158.045560712796	151
0	1588	82160.040478254588	152
0	1590	82221.484273623428	153
0	1604	82360.160507243288	154
0	1610	83036.814052681309	153
0	1619	83653.561318176669	152
0	1624	83869.147648121226	153
0	1626	83887.775738189775	154
0	1636	84234.090303960127	153
0	1641	84258.573031646697	154
0	1643	84416.930359814908	155
0	1645	84434.981842158981	156
0	1647	84478.711879293785	157
0	1649	84509.217391584068	158
0	1651	84705.03895248054	159
0	1653	84920.705962068264	160
0	1655	84993.398716794205	161
0	1673	85785.517953331453	160
0	1678	85913.25237776218	161
0	1680	85937.453804430634	162
0	1682	86006.33872038539	163
0	1688	86356.827442690503	164
0	1690	86589.208503245733	165
0	1692	86790.560472230665	166
0	1694	87121.743594887537	165
0	1699	87125.173903329639	166
0	1705	87487.171210438746	167
0	1707	88114.216883984695	168
0	1713	88182.527679653298	169
0	1719	88289.907543435318	170
0	1721	88372.250720860049	171
0	1723	88590.04192647947	172
0	1725	88599.097710209769	171
0	1734	89073.681954622969	172
0	1736	89211.008922676426	171
0	1741	89248.182866043564	172
0	1747	89975.569494367843	173
0	1757	90279.610154847485	172
0	1766	90906.039076051706	173
0	1768	91085.284555110191	174
0	1770	91273.234152745919	175
0	1772	91601.617662901861	174
0	1781	91679.44833665998	175
0	1787	92694.57684675933	176
0	1789	92749.391301012401	177
0	1791	92750.974978539032	176
0	1796	93250.671526391963	177
0	1798	93264.864387093975	178
0	1804	93353.313497785515	179
0	1814	93853.692824098011	180
0	1816	93984.701286338646	181
0	1818	93989.145328121687	182
0	1820	94341.937363850755	181
0	1829	95324.116822439117	180
0	1834	95495.024791180302	181
0	1836	95846.294457993718	182
0	1838	95925.41047010394	183
0	1848	96664.212838965339	182
0	1857	97174.617489980107	183
0	1859	97226.183821834905	184
0	1869	97685.760540009297	185
0	1871	97930.069356071634	184
0	1876	97955.520443240124	185
0	1878	98061.552584503539	186
0	1884	98630.048869198506	187
0	1886	99029.360557364728	188
0	1888	99283.037331211252	187
0	1897	99612.711112754047	188
0	1899	99712.788324552158	189
0	1901	99914.371829543187	190
0	1903	100023.478182213799	191
0	1917	100641.569115104957	190
0	1922	100661.689815944019	191
0	1924	100694.003497611454	192
0	1930	102001.085300552531	191
0	1935	102102.203395559692	192
0	1937	102397.780140112873	193
0	1943	102583.560258815869	192
0	1948	102945.895973252937	191
0	1957	103177.934399549589	192
0	1959	103214.649513059646	193
0	1961	103411.411062054879	194
0	1967	103695.346757119822	195
0	1977	104292.265313726278	196
0	1979	104376.221951664994	197
0	1985	104536.950161191508	196
0	1990	104810.827750617774	197
0	1992	104829.40712799201	198
0	1994	104869.905863165738	199
0	1996	105002.693649413869	198
0	2005	105251.514934279419	199
0	2007	105257.216015825853	198
0	2012	105505.317857491348	199
0	2018	105646.24389675991	200
0	2032	106428.215483360831	201
0	2034	106458.836421152547	202
0	2036	106459.172574425921	201
0	2049	106840.897947488932	202
0	2051	107074.264211202845	201
0	2060	107648.529671649322	200
0	2069	107753.089083933513	201
0	2071	107763.894514866412	202
0	2073	107912.502918533101	203
0	2079	108260.842411465871	204
0	2085	108691.883533863884	205
0	2091	108875.437088545925	206
0	2097	109235.434820870742	205
0	2106	110157.204162447743	206
0	2108	110333.831052365586	205
0	2113	110809.638406070754	204
0	2122	111296.497042163682	205
0	2136	111912.290427931872	206
0	2138	111987.915079365358	205
0	2143	112136.340572809376	206
0	2145	112262.290322255397	207
0	2151	112759.659965028642	208
0	2153	112975.334620681014	209
0	2155	113007.981143280517	210
0	2157	113127.932284689587	211
0	2159	113305.930128688798	210
0	2168	113686.913441069131	211
0	2170	113751.115014883564	210
0	2175	114105.02728577225	209
0	2192	114842.004221941743	210
0	2194	114903.417747566544	211
0	2196	114925.805355683891	212
0	2202	115389.97887867956	211
0	2207	115399.575588599159	212
0	2209	115425.717287497046	213
0	2219	115456.10968878667	214
0	2221	115640.697339904106	215
0	2223	116008.109294739654	216
0	2237	116835.967718889206	217
0	2239	117046.403675298081	216
0	2244	117117.294430318555	217
0	2246	117561.6743438694	218
0	2248	117701.156846901323	219
0	2254	118492.634823578284	218
0	2259	118674.420261275244	219
0	2265	118993.780873155061	220
0	2271	120045.04110644711	221
0	2273	120135.707200164781	220
0	2282	120484.943358007976	221
0	2288	121372.489084192179	222
0	2290	121434.520093868361	221
0	2295	121684.442392739352	222
0	2297	121744.615602126938	223
0	2299	121922.26788613926	224
0	2301	122062.964722552656	225
0	2307	122260.38222469874	226
0	2313	122324.893879493616	227
0	2315	122334.008213134104	228
0	2317	122725.385219375477	227
0	2322	123041.145567181394	226
0	2335	123403.08910811494	227
0	2337	123462.467319869735	228
0	2343	123733.83040134443	229
0	2353	124257.993364999876	228
0	2358	124423.728567088149	229
0	2360	124641.788205271746	230
0	2362	124760.977335028566	231
0	2368	125247.09217381688	232
0	2374	125555.158641657427	233
0	2376	125782.129915836141	232
0	2381	125796.516074944491	233
0	2383	126102.049823812498	234
0	2385	126994.569030064032	233
0	2394	127168.538027139738	234
0	2396	127358.747648993141	235
0	2398	127560.62698127719	236
0	2400	127664.869943760596	237
0	2402	127752.225501600564	238
0	2404	127753.171294631428	239
0	2406	127761.410426242575	240
0	2408	127885.355545485606	241
0	2414	128148.041013586209	240
0	2419	128291.286161971502	241
0	2421	128348.464424545202	242
0	2423	128410.118140871511	241
0	2432	128628.08042052276	242
0	2434	128683.30338435711	243
0	2440	129005.252934803736	244
0	2446	129091.511485046187	245
0	2452	129358.81602655618	244
0	2461	129653.860194392128	245
0	2467	129721.697636912451	244
0	2472	130121.042492254292	245
0	2474	130264.585003986934	246
0	2480	130687.620975668416	245
0	2485	130737.24691394759	246
0	2487	130784.208513937777	247
0	2493	131243.110781768452	248
0	2495	131255.308202835605	247
0	2508	131456.860046803791	248
0	2514	131804.931578900409	249
0	2516	131841.065155154588	250
0	2518	131977.411887343179	251
0	2520	131985.750116087301	252
0	2526	132170.887823845134	251
0	2535	132414.548953963961	252
0	2537	132578.772643129215	251
0	2542	132676.164421062757	252
0	2552	133470.529107590241	253
0	2554	133851.508077862546	252
0	2559	133962.741024891391	253
0	2565	134236.269549033403	254
0	2571	134389.010260187492	255
0	2581	135003.579213353679	254
0	2586	135061.958590348391	255
0	2588	135106.631055826978	256
0	2594	135680.866859510485	257
0	2600	135908.284116978631	256
0	2605	136328.452322086752	257
0	2611	136738.214858104767	258
0	2613	136773.461709409056	259
0	2615	136800.438555921302	258
0	2620	137162.650576869593	259
0	2622	137310.318034380109	260
0	2628	137611.199586700419	261
0	2638	138080.939782033549	260
0	2647	138465.084209037787	261
0	2653	139082.424073392604	262
0	2655	139110.418856325434	261
0	2660	139269.570814023213	262
0	2666	139415.099625751276	263
0	2668	139466.870598828078	264
0	2670	139633.300692196173	265
0	2672	139648.88812724606	266
0	2674	139944.504778883677	267
0	2676	140083.795885822751	268
0	2678	140266.030171021827	269
0	2680	140350.839426369154	270
0	2686	140780.637291665064	269
0	2695	141377.16727051993	270
0	2697	141465.138436623702	271
0	2699	141901.506532898644	272
0	2701	142045.207449253961	273
0	2703	142302.752335998105	272
0	2712	142615.139307157787	273
0	2714	142693.791500447009	274
0	2720	142925.960575970696	273
0	2729	143112.057909062891	274
0	2731	143129.296694534621	275
0	2733	143313.600250771521	276
0	2735	143695.58057157578	277
0	2741	143895.269882172614	278
0	2743	144185.129782731627	279
0	2749	144452.205278384374	278
0	2754	144748.383575561331	277
0	2767	145461.393912765072	276
0	2776	146038.426269856707	277
0	2782	146250.108750159727	276
0	2791	146342.746429620578	277
0	2793	146573.808318287557	278
0	2803	146850.057479399131	277
0	2808	146879.402354224215	278
0	2814	147498.325139376437	279
0	2816	147514.14248842767	280
0	2818	147582.836947297886	281
0	2828	148461.865086587952	280
0	2833	148512.547825241762	281
0	2835	148715.343651948456	282
0	2845	149732.716934676157	281
0	2854	150158.116768199168	282
0	2856	150187.797793352783	283
0	2858	150223.213111343668	282
0	2863	150540.370955444855	283
0	2869	150856.230297307358	282
0	2882	151426.657541245854	283
0	2884	151546.640672172	284
0	2886	151862.686819104139	285
0	2896	152308.175370336651	286
0	2898	152534.005947406278	285
0	2907	152763.734659031392	286
0	2909	152877.386924895093	287
0	2911	153347.076857345984	286
0	2920	154039.723436259471	287
0	2922	154175.041803377554	286
0	2935	154875.832934750165	287
0	2937	155085.473680901215	286
0	2950	155569.835780763864	287
0	2952	155570.654320267712	288
0	2954	155932.688878916035	289
0	2960	156416.142895477698	288
0	2969	156893.7826703441	287
0	2978	157435.014661803685	288
0	2980	157553.099116193936	287
0	2989	157842.586618490616	288
0	2995	157951.468947876562	289
0	3001	158049.952543633864	288
0	3006	158172.575596691209	289
0	3024	159032.726305768957	290
0	3030	159136.761797717102	291
0	3032	159515.485847662077	290
0	3037	160254.53343426485	291
0	3039	160301.185512649701	290
0	3044	160573.126642687779	291
0	3046	160674.872064105519	292
0	3048	160755.357720847116	291
0	3053	160910.606558545596	292
0	3055	160990.865221681421	293
0	3061	161074.211570280479	292
0	3074	161476.079455460297	291
0	3079	161565.923419503089	292
0	3081	161804.424544851658	293
0	3091	162054.892294629432	294
0	3109	162721.38238492875	293
0	3114	162813.01901995462	294
0	3120	162988.388351259986	295
0	3122	163617.139570847518	296
0	3128	163849.091473566772	297
0	3130	163884.374924213337	298
0	3132	163994.675240321116	299
0	3134	164049.496096703099	298
0	3143	164441.849771150583	299
0	3145	165448.635894092606	298
0	3154	165552.087325358286	299
0	3156	165756.850686467051	300
0	3170	166814.71248551725	299
0	3175	166860.729290629024	300
0	3177	166993.550650912855	301
0	3179	167040.501482765539	302
0	3181	167296.690040784477	303
0	3183	167363.559961869756	304
0	3189	168058.311396199153	303
0	3194	168248.861541464077	304
0	3200	168746.536039123412	305
0	3202	168788.828023033683	306
0	3208	169280.265108448796	307
0	3210	169398.403103401625	308
0	3212	169418.275540727065	307
0	3221	170238.585384691633	308
0	3223	170281.759169469244	309
0	3225	171058.271202626513	308
0	3234	171130.624406179046	309
0	3240	171604.224511248576	310
0	3242	171849.507038886534	309
0	3247	172122.877793316251	310
0	3253	172376.169190259443	311
0	3255	172466.207665878615	312
0	3269	173384.271158981012	311
0	3274	173932.793688247787	310
0	3279	174056.568416723999	311
0	3281	174346.966652337977	312
0	3283	174658.521551857578	311
0	3288	174972.35170571465	312
0	3294	175239.491510617501	313
0	3296	175285.624291141791	314
0	3298	175323.88280640294	315
0	3312	175696.394390207666	316
0	3318	175969.6792676252	315
0	3323	175986.71570943512	316
0	3329	176339.510900097238	317
0	3331	176531.4297302392	316
0	3340	177289.083383119305	317
0	3346	177450.510963845862	318
0	3348	177651.331587727057	317
0	3353	177670.022727472645	318
0	3359	177917.154730032074	317
0	3368	178190.533699519012	318
0	3370	178404.795263032305	317
0	3375	178814.149039010393	316
0	3384	178919.748759278536	317
0	3386	179002.675916515511	318
0	3396	179575.973834976062	319
0	3414	179875.519408169078	318
0	3419	180061.70741567458	319
0	3425	180690.206929403233	318
0	3430	180701.022686063611	319
0	3436	181200.516254152047	318
0	3441	181217.0670667918	319
0	3447	181414.682122827353	320
0	3449	181467.744074988572	321
0	3463	182026.24420651152	322
0	3465	182314.011884566461	323
0	3467	182383.643022286573	324
0	3469	182500.060835028874	323
0	3474	182642.781353510222	324
0	3476	182727.916845600546	325
0	3482	182831.760400442072	326
0	3484	182909.349680761682	325
0	3489	183151.679017028622	326
0	3491	183660.869389082051	327
0	3493	183695.324632715435	328
0	3495	183759.910120025565	329
0	3497	183812.433449211406	328
0	3506	184148.332886358541	329
0	3508	184222.202487317807	330
0	3510	184340.16484586319	331
0	3520	184696.162969448637	332
0	3530	185013.569893729514	333
0	3536	185347.800312633502	332
0	3541	185554.065066421782	333
0	3543	186013.047971320196	334
0	3545	186094.468991839936	335
0	3547	186126.740711997139	334
0	3552	186165.579592194547	335
0	3554	186833.827849148038	336
0	3556	186962.534710313069	335
0	3565	187241.725139799403	334
0	3582	187841.774236964868	333
0	3591	187917.0419239165	334
0	3593	188020.940392936667	335
0	3595	188314.512386555424	336
0	3601	188385.178584958134	337
0	3607	188604.427441921542	338
0	3613	188747.504616688514	339
0	3615	188801.744388337122	338
0	3620	188844.327359373874	339
0	3626	189213.601455537687	340
0	3628	189442.586822155612	341
0	3630	189507.036999197739	342
0	3636	189767.333474564241	341
0	3645	190174.942884291397	340
0	3654	190745.204861404758	341
0	3656	191299.28769724221	342
0	3662	191464.588047057095	343
0	3668	191545.124136321314	344
0	3670	191622.004704100648	345
0	3672	191789.869916678805	346
0	3674	191796.81020490347	345
0	3679	191850.176003041922	346
0	3681	191856.33835360065	347
0	3687	192177.353256712543	346
0	3696	192486.523324561766	347
0	3698	192563.289962581722	348
0	3700	193032.691921188849	349
0	3702	193035.584380788308	350
0	3708	193453.628504291324	351
0	3710	193492.269755150067	350
0	3715	193702.862851990275	351
0	3721	193830.192758966559	352
0	3731	194426.777855600106	351
0	3740	194790.667731895823	352
0	3742	194799.294485049742	353
0	3744	194938.772570523309	352
0	3753	195364.344164985691	353
0	3759	195748.858458195244	354
0	3765	196173.42940069257	353
0	3774	196690.738528887617	352
0	3783	197327.628626074811	353
0	3785	197605.76896110026	354
0	3787	197654.38396743952	353
0	3800	198293.611346071607	354
0	3802	198477.217359276612	355
0	3808	198654.766124824484	356
0	3814	198761.261857817757	355
0	3823	199169.540011032063	356
0	3829	199635.725415792301	357
0	3831	199657.662759008694	356
0	3840	200376.252497872144	357
0	3842	200552.034774317326	358
0	3848	200679.854037850482	359
0	3850	200915.876330579508	358
0	3859	201468.816438881048	359
0	3861	201580.45953757583	358
0	3866	201652.305062295649	359
0	3872	201996.208182100446	360
0	3882	202537.097867434009	361
0	3884	202645.667082227395	362
0	3886	202681.603603358258	361
0	3891	202791.849033773821	362
0	3901	203127.456598717825	363
0	3903	203301.896612072898	364
0	3905	203307.5717250955	363
0	3914	204005.423586297697	364
0	3916	204150.943679693033	363
0	3929	204769.672817694833	362
0	3938	205062.125844824588	363
0	3940	205131.707736724169	364
0	3946	205252.352779645504	365
0	3948	205460.210194456743	366
0	3954	205580.741425209545	367
0	3960	205976.837531915914	368
0	3966	206426.511740344455	367
0	3971	207110.155777049769	368
0	3977	207461.663946030214	369
0	3979	207619.09934922575	368
0	3988	208280.348298507621	367
0	3997	208808.349227740231	368
0	4003	209100.820344069052	369
0	4009	209284.140956678414	370
0	4011	209370.147468106774	371
0	4013	209667.072927537253	370
0	4022	210082.319259899547	369
0	4031	210706.709526250949	368
0	4036	210735.107953925382	369
0	4038	211028.018895908227	370
0	4044	211210.205237728318	371
0	4058	211545.17162581787	372
0	4060	211948.853370058229	371
0	4069	212345.212017473933	372
0	4071	212364.463452356879	373
0	4073	213038.924414234066	374
0	4075	213496.337498175703	375
0	4081	213528.344228039375	374
0	4086	213799.513828460126	375
0	4088	213802.255806992641	374
0	4093	213847.052408387148	375
0	4095	214203.428738186946	374
0	4108	214537.167267699323	375
0	4110	214625.590732600271	376
0	4112	214839.191784091877	377
0	4114	214927.303458531615	378
0	4128	215708.341408180883	377
0	4133	215788.369354625344	378
0	4143	216468.412958154138	379
0	4149	216541.879494796661	380
0	4151	216581.688160630753	379
0	4156	216813.810896797151	380
0	4158	216914.885908134223	381
0	4164	217279.043694390748	382
0	4166	217290.655214595487	381
0	4171	217617.077097007002	382
0	4173	217624.364162587387	383
0	4175	217645.954900637488	384
0	4181	218149.229144692406	385
0	4183	218232.19643626066	386
0	4189	218620.422655413737	385
0	4202	219345.229812643649	386
0	4204	219393.29641708796	387
0	4206	219890.49303955852	386
0	4215	220252.897528614005	387
0	4217	220312.841562037628	388
0	4227	221507.619420620491	387
0	4232	221507.724561398414	388
0	4234	222000.280919567281	389
0	4236	222267.862329726482	390
0	4242	222410.894146280366	391
0	4244	222522.406682973375	392
0	4246	222695.316148577361	393
0	4248	222727.292683902075	392
0	4257	223297.270838338319	393
0	4271	224034.50639998351	394
0	4273	224253.154957289686	393
0	4278	224283.425616412033	394
0	4280	224301.794674796467	395
0	4282	224580.245162656532	396
0	4284	224936.172885591974	395
0	4289	225034.838131559802	396
0	4291	225466.905123595465	397
0	4293	225670.519609009901	398
0	4299	225853.843691865792	397
0	4304	225859.454621847947	398
0	4314	226340.605323654594	399
0	4316	226398.295040008167	400
0	4326	226819.951951728234	401
0	4328	226940.748163121631	400
0	4337	227575.635200473359	399
0	4346	227699.827789829531	400
0	4348	227905.330441514841	399
0	4361	228553.168096612087	398
0	4366	228646.880769250953	399
0	4372	229265.507376208119	400
0	4382	230037.629639352551	399
0	4387	230080.536408734391	400
0	4393	230155.774836911908	401
0	4395	230370.039966921201	400
0	4404	230497.623174623316	401
0	4406	230534.88282688783	402
0	4412	230670.021014544061	401
0	4417	230966.785898500427	402
0	4435	231835.679892343802	403
0	4441	231961.552343505023	404
0	4443	232260.02295545756	403
0	4448	232584.028340222951	404
0	4450	232619.019132132016	405
0	4452	233006.646430060079	406
0	4458	233136.721396201789	407
0	4460	233204.815299074156	408
0	4462	233555.186667251281	407
0	4471	233895.05484642513	408
0	4473	234168.789407717017	409
0	4479	234273.532189759306	408
0	4484	234376.7736422803	409
0	4486	234397.750367075701	410
0	4488	234696.24945320859	411
0	4490	234737.656603072089	412
0	4492	234782.763854445521	413
0	4494	234980.374854424112	414
0	4500	235170.824565339572	415
0	4506	235519.816322345642	416
0	4508	235828.515733951936	417
0	4510	235839.747407617859	416
0	4519	236311.587161975793	415
0	4524	236574.681252161852	414
0	4541	237447.768204046433	415
0	4543	237468.122171616925	416
0	4545	237508.523148913358	417
0	4555	238087.788853200559	418
0	4557	238089.267794783107	417
0	4566	238498.880862509148	418
0	4568	238513.288519318328	419
0	4570	239017.864525769061	420
0	4572	239172.221450071975	421
0	4578	239388.873774355356	422
0	4580	239400.157358716122	421
0	4585	239533.603513610948	422
0	4591	239901.692542862273	423
0	4593	240646.380838691162	424
0	4595	240756.894424590162	423
0	4600	240766.535360533005	424
0	4606	241286.490754482065	425
0	4612	241605.839819129765	426
0	4618	241725.185177791036	427
0	4620	241904.860490816525	426
0	4629	242529.354560329903	427
0	4635	242855.609782594136	426
0	4644	243242.92375245738	427
0	4646	243414.623965019095	428
0	4648	243568.047986121759	429
0	4654	243796.111249872662	430
0	4656	243838.647320414773	429
0	4665	244617.851893897048	428
0	4670	244941.219940055331	429
0	4676	245535.390923867759	430
0	4678	245541.73381707988	431
0	4684	245764.561330447785	430
0	4689	246047.237481158759	431
0	4699	247018.474183711104	430
0	4704	247039.170170223838	431
0	4706	247335.619346308403	430
0	4715	247397.619888131668	431
0	4717	247655.314776588135	432
0	4719	247675.100298705392	431
0	4724	247696.800079873502	432
0	4726	247750.699304563853	433
0	4728	247806.726033809526	434
0	4730	247969.791737983207	435
0	4732	247991.631075961818	436
0	4734	248028.661477476367	437
0	4740	248287.688571805947	436
0	4761	248907.882700185173	435
0	4770	248952.986051264304	436
0	4776	249431.582217524586	437
0	4782	250007.058246084102	438
0	4784	250199.504528152638	437
0	4793	250418.506320267012	438
0	4795	250488.362368044899	439
0	4797	250664.892638625886	440
0	4807	250858.144603123474	441
0	4809	250914.595983942353	442
0	4811	250996.431730634412	443
0	4813	251076.298677421906	444
0	4815	251250.163807644094	445
0	4817	251395.615510935777	444
0	4826	252220.835720383365	445
0	4828	252456.367195853495	446
0	4838	252992.597652370923	445
0	4847	253021.506761317046	446
0	4849	253114.292202366356	447
0	4851	253143.462464945543	448
0	4853	253231.828196105352	449
0	4855	253346.421347685635	450
0	4857	253782.273730109327	449
0	4866	254592.968643057608	450
0	4868	254685.122892204443	451
0	4878	254780.182582819531	452
0	4880	254790.102718193746	453
0	4882	254800.900572307326	454
0	4884	255102.760710403891	455
0	4890	255273.616857263141	454
0	4895	255389.850455267865	455
0	4897	255390.980783955395	456
0	4899	255873.011500047135	457
0	4901	256223.14803241386	458
0	4911	256797.474477807873	457
0	4916	256938.954820500494	458
0	4918	257661.776931764884	459
0	4920	257691.925477250404	460
0	4922	257848.654092210227	459
0	4931	258132.66904795174	460
0	4933	258235.22660922663	461
0	4935	258270.97605105012	460
0	4944	258618.200965871049	461
0	4946	258650.165955211404	462
0	4948	258716.403129719503	463
0	4950	258921.742230084814	464
0	4952	258943.440469980503	465
0	4954	259083.898618738049	464
0	4963	259197.324034844979	465
0	4965	259335.952141688267	466
0	4967	259451.408380795186	467
0	4973	259590.278690074023	468
0	4975	259614.063304202258	469
0	4981	260205.29143864433	470
0	4987	260558.043044838005	469
0	5000	261236.678811741156	470
0	5002	261246.945649194413	469
0	5011	261794.39340088039	468
0	5024	262293.816216450137	469
0	5026	262324.140294595738	470
0	5032	262370.457801669501	471
0	5034	262663.929967800969	470
0	5039	263123.810408474567	471
0	5041	263154.475110078581	472
0	5043	263258.475829769866	473
0	5049	264068.568297354198	474
0	5059	264331.814021984929	473
0	5064	264865.904349936066	474
0	5066	264899.245748694611	475
0	5068	264991.282747281885	476
0	5074	265209.21270270391	477
0	5080	265327.942571076447	476
0	5089	265759.294220427865	475
0	5098	266632.979341256315	474
0	5107	266917.125125658243	475
0	5109	266996.275556417996	474
0	5114	267145.676602448127	475
0	5120	267252.174786548013	474
0	5125	267309.948510394259	475
0	5143	268087.37267439163	476
0	5145	268179.862112445463	477
0	5147	268298.96705451285	478
0	5149	268583.311791893652	479
0	5159	268750.429993825848	478
0	5164	268839.068289551127	479
0	5166	268916.449634054199	480
0	5172	269843.497850145097	479
0	5177	269909.03345527318	480
0	5183	270673.186031093286	481
0	5189	270729.600307899411	480
0	5198	271244.608801822062	479
0	5203	271275.614546897186	480
0	5205	271304.736718478581	481
0	5211	271685.417831559025	482
0	5213	271988.592420029338	481
0	5222	272329.533951337662	482
0	5224	272561.080499829781	483
0	5234	272827.38880176252	484
0	5236	273050.645426469739	483
0	5245	273164.40961254074	484
0	5247	273371.912938396108	485
0	5257	273684.767134506628	486
0	5259	273881.373146022554	485
0	5264	274048.631338950842	486
0	5266	274220.833788397606	485
0	5275	274764.705942031695	486
0	5281	274939.613301553194	487
0	5283	275003.05189176359	488
0	5285	275071.241153420727	489
0	5287	275089.24751260187	490
0	5293	275411.546855358693	491
0	5299	275492.705429787632	490
0	5312	276350.041037606891	489
0	5317	276701.359500935931	490
0	5319	276842.251883777674	489
0	5328	277187.916392480889	490
1	0	0	0
2	0	0	0
3	33	2854.79185695712	2050.6885641441
3	39	3154.017047430758	1289.1786068212
3	78	5910.530928824895	3425.8983728383
3	92	6754.055852568574	4228.4177383441
3	115	8242.423560418986	5391.3466031341
3	132	9146.86364938026	6024.1184288804
3	156	10255.817253035361	6937.7097050171
3	173	11289.215637943575	7824.0186658667
3	190	12432.43830671055	8729.8613399846
3	205	12941.836057244667	8888.5340661694
3	214	13464.714397922956	8783.5126690082
3	239	14667.952922847921	9507.4617002384
3	254	15381.852109334298	10122.65181413
3	310	18559.386271745766	11998.629075244
3	336	20396.353822243268	13643.690408416
3	344	20883.754520914386	13722.573958114
3	376	22714.898774190674	15333.099450347
3	401	24104.681768216992	16299.390929069
3	433	25511.576650612856	17648.690678303
3	468	26874.186331792603	17947.969187492
3	472	26961.072017424608	18514.86003258
3	478	27138.620520993004	17932.119072765
3	520	29970.746853411998	20684.329646365
3	560	32167.529034600463	21742.891552331
3	595	34012.591690695714	21511.541299548
3	618	35318.21802905282	21819.901345095
3	622	35533.567663025912	21541.174836727
3	648	37084.946833648588	22915.656737449
3	666	37858.647984121795	23243.668033194
3	693	38541.31401783308	23762.775371153
3	711	39424.516192725729	23292.695444686
3	739	40679.194891597013	24364.451846533
3	763	41635.51005407689	25298.653100797
3	782	42179.670762386973	25312.348908318
3	792	42543.077600984703	25555.559401709
3	796	42782.555372123475	25521.236107496
3	830	44563.146908054928	26996.764590014
3	853	45780.233039422761	27626.109328953
3	881	47429.843415650407	29172.525048467
3	902	48245.449882647823	29912.668563444
3	940	49942.395552904214	31428.274105359
3	960	50817.606251970734	31200.166372885
3	966	51127.4862182465	31799.227875102
3	1072	56102.897458295206	33785.944232146
3	1100	57988.904073419849	34203.206922143
3	1130	59809.89249782158	36002.365219079
3	1139	60318.162443670314	36322.205100355
3	1157	61339.544212226626	37145.695189562
3	1181	62458.738315221723	38264.582268765
3	1225	64889.944117148277	40303.528882891
3	1244	65835.81006871989	41191.61088157
3	1265	67000.925089572427	42038.081667679
3	1282	68511.631355681328	43282.466648715
3	1305	69485.409198286815	43880.129379906
3	1345	71051.215256950689	44886.506723525
3	1349	71075.844750474078	45455.352832675
3	1370	71997.249627946747	45807.875719867
3	1389	72527.683018003461	46101.615038924
3	1393	72727.227157144678	46133.2772253
3	1401	72958.214864334894	46381.853396921
3	1423	74083.967506294009	47101.635698789
3	1446	75020.193229191807	47704.499930691
3	1457	75710.949589754325	48076.71920802
3	1471	76261.345213199837	48576.813732217
3	1497	77423.524995497298	49292.799278263
3	1509	77949.211764749941	49055.288959488
3	1530	79081.140271280763	50173.791109944
3	1558	80888.985416455996	51435.665190217
3	1602	82306.408200743479	52716.674695857
3	1608	82634.029168826399	52043.77835519
3	1634	84223.145324797239	53492.651079442
3	1659	85152.977729341817	54257.391628592
3	1671	85652.579028620255	54748.058858918
3	1686	86058.309945636299	54519.767800653
3	1711	88143.907048110721	56557.022638969
3	1732	88846.091745649335	57212.063835925
3	1755	90184.637131714132	58252.773576348
3	1764	90387.79062425239	57770.810906786
3	1785	92477.339853583706	59827.553767787
3	1827	94357.329675895033	60819.954412201
3	1863	97244.419087362347	62587.019306047
3	1911	100148.319816482124	64071.021525659
3	1915	100519.219486680685	64426.199128893
3	1941	102442.519196397497	66134.280293377
3	1965	103583.07804679951	67269.900882757
3	1983	104477.779776374682	66413.497865608
3	2003	105075.287302047819	66854.868301007
3	2026	106117.266227821693	67767.712137545
3	2043	106565.297975432933	68025.817727342
3	2067	107691.998420902402	69104.720089363
3	2095	108975.150184477553	70267.070710423
3	2134	111579.362581535116	71795.947712353
3	2149	112292.145225680307	72497.44483542
3	2186	114317.318420330867	73978.783408033
3	2190	114529.87589257291	74089.778624183
3	2227	116310.81830486177	74497.655591588
3	2235	116761.058700750457	74790.175085667
3	2263	118789.811442051889	76617.37178787
3	2329	123125.335392667787	79232.577382203
3	2347	123903.477885476188	79571.112237787
3	2351	124111.40907346724	79681.72502861
3	2372	125320.260910079689	80548.975593871
3	2412	128014.859826811464	83193.673590211
3	2438	128801.33773633732	83692.921813734
3	2459	129605.07143740064	84332.452930272
3	2502	131412.091443859846	85594.770773284
3	2512	131733.344818013594	85653.434911606
3	2524	132119.539035609797	86029.996536818
3	2546	132968.967257230417	86112.443854262
3	2563	134060.528622274161	87097.517311024
3	2579	134811.971830460117	87223.539971367
3	2609	136699.726178231523	88572.710331088
3	2632	137823.879002821506	89611.739920943
3	2645	138217.598353777886	89907.546393112
3	2664	139345.180829348848	90263.258406628
3	2693	141364.760380112441	92188.713934858
3	2739	143729.269055123316	94045.53255807
3	2761	144771.570678972514	94876.391980494
3	2774	145938.797908746512	95982.928465527
3	2797	146574.980213916735	96506.037690603
3	2801	146585.339526538612	96422.890235318
3	2822	147600.782541460233	97152.303904892
3	2852	149803.948909225748	98437.168601388
3	2905	152616.972913709343	100243.98053349
3	2929	154571.815864038529	102099.25437623
3	2948	155392.061365670399	102912.67959731
3	2958	156119.314289656341	103275.24124615
3	2987	157591.755489311055	104348.24773098
3	2993	157888.998273857743	104531.91669678
3	3014	158449.62873978062	103987.38504272
3	3028	159048.429781258912	104010.63480778
3	3072	161382.39416978775	106148.66326673
3	3089	161846.831554877446	106700.39487776
3	3099	162262.194342356981	106069.87662701
3	3103	162485.10249419591	105325.83374257
3	3118	162965.170745686503	106216.38114291
3	3141	164182.975143096285	106884.1975618
3	3168	166510.125665697144	108348.05404984
3	3198	168387.752819214822	109850.99181419
3	3219	170092.568827071101	110988.36128518
3	3238	171519.092316035987	111948.46012002
3	3267	173303.526581493082	112810.40100181
3	3302	175341.431778264107	114624.83818141
3	3316	175936.553748384925	113419.98836502
3	3327	176191.300367056268	114444.02100997
3	3344	177322.499081534209	114589.68776791
3	3366	178102.286611185285	114759.89229266
3	3404	179659.998737634035	116241.7630174
3	3408	179726.813524649354	115673.14474693
3	3412	179807.753930496859	115713.24510649
3	3423	180186.799029004636	116000.76945354
3	3453	181712.077596629845	117403.75476947
3	3480	182728.475739699664	117701.84676122
3	3518	184688.161524324554	119167.08544502
3	3524	184713.971702535512	119548.72101965
3	3534	185238.497054721105	119163.00673657
3	3576	187708.624888486105	121192.73653595
3	3589	187900.724507081198	121191.42844406
3	3605	188524.917244077536	121714.87856942
3	3611	188662.422848208682	121165.8149191
3	3634	189698.09330571896	121274.85255645
3	3652	190506.746446504132	121975.60399303
3	3694	192282.921269149395	123432.57887061
3	3719	193824.672839776488	124611.02983104
3	3729	194157.438888358759	124812.50792903
3	3751	195363.499197750228	125040.55919223
3	3763	195957.162632257553	125437.49160809
3	3781	196976.718200226191	126190.88470292
3	3827	199494.972942643675	127534.5556085
3	3846	200560.736825824591	128237.65842212
3	3870	201669.696165551308	128934.81940114
3	3895	202805.609481152956	129975.25511755
3	3899	203041.620160438929	129592.36548679
3	3923	204162.404524874752	130369.5721933
3	3936	204968.519776672934	130710.48036064
3	3958	205602.537317802076	131046.09237798
3	3964	206392.362828780775	131659.30451075
3	3986	208066.05818568251	132677.15462085
3	4007	209241.714964047884	133124.39372111
3	4048	211293.961570798298	135077.46772246
3	4056	211439.176369435033	135107.5041533
3	4067	212041.942932330882	135684.93029599
3	4102	214425.411037155306	137910.20487589
3	4118	215266.792479683525	138340.80098322
3	4137	215896.263295127889	138016.3164087
3	4141	216168.406401448763	138447.62034852
3	4162	217156.090470482474	139125.53445347
3	4187	218465.920032788879	140326.04086117
3	4200	219005.144220483368	140536.44956654
3	4221	220692.570894057741	142127.18432385
3	4240	222388.006936446642	143140.84957437
3	4265	223398.718181284955	144147.76014632
3	4269	223649.883438399871	144379.5208357
3	4335	227168.466990464246	145856.32873791
3	4355	228332.865658164834	146997.40769762
3	4370	229090.507000018722	147547.8335979
3	4391	230114.505621991	148554.94748013
3	4402	230442.658968274361	148400.29787816
3	4429	231452.14197621203	149292.10149796
3	4433	231527.123669660529	149305.63939604
3	4439	231899.312442703984	149539.15193546
3	4469	233813.949558925695	149944.8019108
3	4498	235007.23168568208	151119.45594749
3	4549	237741.424348126045	153262.71246883
3	4553	237856.717294095896	153421.73545194
3	4564	238253.575289151512	153836.64492934
3	4589	239848.583330311693	155339.36593873
3	4627	242164.83166392415	157244.12570186
3	4642	243137.740419008649	158144.34170221
3	4663	244535.41557403735	158622.16319628
3	4682	245685.420321035079	159747.9665166
3	4697	246715.428581586918	160709.0898612
3	4738	248154.149508834697	161797.32206614
3	4759	248679.37211608968	161888.81164386
3	4774	249002.70943069353	161877.53552736
3	4801	250787.88536784693	162673.66848386
3	4805	250802.461190209605	163315.28997977
3	4845	253017.648612405055	164727.74106897
3	4876	254740.680065029183	166368.42934417
3	4909	256572.42943862907	167498.74748401
3	4942	258468.471816810661	169220.28895077
3	4979	260033.993582776629	169127.95450672
3	4998	261158.314589583197	170073.03003447
3	5022	262038.201561621272	170764.96740888
3	5053	264309.135115793788	171614.55826903
3	5078	265268.517569019342	172519.12626801
3	5087	265601.743890032986	172351.07236364
3	5105	266829.760361346299	173564.89597425
3	5133	267548.693521539564	173695.00069744
3	5137	268011.983194504747	174658.66969672
3	5153	268620.039578140596	174635.3382918
3	5170	269226.150964139844	175237.00563602
3	5187	270681.116227605264	175186.09143642
3	5209	271580.432731988724	175734.13827399
3	5251	273403.972316556494	176177.78849472
3	5291	275257.931151012774	177302.41070777
3	5297	275441.264326567646	177755.50378656
3	5310	276052.191823511268	177990.63923901
4	258	15691.766957095691	10121.243468821
4	285	17318.107032650018	11374.393775695
4	380	23341.602456378618	15939.637939413
4	504	28592.718745977487	19338.218328027
4	569	32414.121291055213	21767.495833511
4	699	38589.808070300948	22867.806300469
4	817	44292.873662481884	26955.898239619
4	927	49637.719206814523	30978.832110726
4	998	52942.799432338085	33101.955180914
4	1025	54366.830192333887	33174.901091465
4	1054	55168.02250524504	33338.63346082
4	1060	55307.015655538867	33768.258995924
4	1064	55379.360253303181	33736.371103084
4	1161	61345.88485839298	37272.881332934
4	1198	63275.232098284047	38894.104261311
4	1598	82265.593886286821	51960.181695541
4	1808	93537.819641926197	60337.578638585
4	1855	96783.669949187768	62639.340688984
4	1882	98231.382942148355	63018.932768967
4	2047	106610.560691295997	68246.387340505
4	2083	108328.134658462241	69736.653788584
4	2120	110818.976093050897	71060.518749916
4	2217	115446.260165893347	74320.670356076
4	2280	120307.688442333476	78043.652151464
4	2305	122117.718884614171	78467.791826586
4	2465	129704.605065756352	84259.088096322
4	2592	135424.286440121815	87733.433479073
4	2718	142850.860499008434	93290.624028305
4	2839	148885.344467568086	97802.261562751
4	2876	151098.756598844068	99675.120325048
4	2894	151983.979190788106	99711.965302957
4	3022	158835.20831719494	104289.42867669
4	3160	165902.781815216752	108293.28330635
4	3259	172688.873534672769	112238.21284103
4	3457	181775.301470379221	117378.92886573
4	3685	191958.543555256786	123310.73625448
4	3812	198685.008673579309	127803.07978832
4	3821	199064.706601980018	127116.56047659
4	4020	209667.107690949802	133484.06689248
4	4312	226061.906003248757	146402.23245381
4	4320	226575.856086904993	147013.80717907
4	4517	236036.646203813023	151778.07317217
4	4610	241503.457005205444	156798.41805272
4	4768	248949.582290327989	162360.37378708
4	4832	252516.127724111894	164333.60004446
4	4888	255143.983319778808	166553.9413933
4	4985	260399.079632381791	170423.51013801
4	5030	262338.201063345069	170658.75272669
4	5232	272777.336366879637	176851.92589678
4	5255	273546.599480085891	176371.98199011

