version 2
run Iteration-22-20200521-09:52:09-36628
attr configname Iteration
attr datetime 20200521-09:52:09
attr experiment Iteration
attr inifile omnetpp.ini
attr iterationvars "$i=2, $j=10, $0=15-(2+10)"
attr iterationvarsf i=2,j=10,15-(2+10)-
attr measurement "$i=2, $j=10, $0=15-(2+10)"
attr network Network
attr processid 36628
attr repetition 0
attr replication #0
attr resultdir results
attr runnumber 22
attr seedset 22
itervar i 2
itervar j 10
param **.resourcePool.amount 2
param **.resourcePool1.amount 10
param **.resourcePool2.amount 15-(2+10)
param **.source.interArrivalTime exponential(6min)
param **.delay.delay uniform(4min,28min)
param **.delay1.delay uniform(10min,28min)
param **.delay2.delay uniform(4min,16min)
param **.allocate.resourceModuleName "\"Network.resourcePool\""
param **.allocate1.resourceModuleName "\"Network.resourcePool1\""
param **.allocate2.resourceModuleName "\"Network.resourcePool2\""
param **.deallocate.resourceModuleName "\"Network.resourcePool\""
param **.deallocate1.resourceModuleName "\"Network.resourcePool1\""
param **.deallocate2.resourceModuleName "\"Network.resourcePool2\""
param **.router.randomGateIndex "uniform(0, 1) > 0.2 ? 0 : 1"

vector 0 Network.allocate queueLength:vector ETV
attr interpolationmode sample-hold
attr title "queue length, vector"
vector 1 Network.allocate1 queueLength:vector ETV
attr interpolationmode sample-hold
attr title "queue length, vector"
vector 2 Network.allocate2 queueLength:vector ETV
attr interpolationmode sample-hold
attr title "queue length, vector"
vector 3 Network.sinkStat lifeTime:vector ETV
attr interpolationmode none
attr title "lifetime of arrived jobs, vector"
attr unit s
vector 4 Network.sink lifeTime:vector ETV
attr interpolationmode none
attr title "lifetime of arrived jobs, vector"
attr unit s
0	0	0	0
0	8	991.988874135997	1
0	10	1017.779920400054	0
0	15	1357.271258412746	1
0	17	1365.527484834688	0
0	22	1424.854065088234	1
0	24	2230.472706140816	2
0	30	2344.031439803047	3
0	36	2495.001997278006	2
0	49	2766.868662757408	3
0	51	2770.678425501556	4
0	53	2824.788423300283	3
0	58	2830.734296310402	4
0	60	3052.384500616164	3
0	65	3420.50110738811	2
0	70	3435.727826381746	3
0	80	3645.797912480899	4
0	86	3872.921748318272	3
0	95	4178.09466645718	4
0	97	4178.190360527143	5
0	103	4305.35002392231	6
0	109	4831.305199844482	7
0	111	4912.068880275757	6
0	128	5250.867948022517	7
0	134	5451.689998807159	8
0	136	5492.200068019825	7
0	141	5767.685945628891	8
0	151	6305.966908269125	7
0	156	6498.544508256883	6
0	165	6877.909406401597	7
0	175	7875.475602865714	6
0	180	7892.465632369001	7
0	182	7962.925490557662	8
0	188	8157.345549434918	7
0	193	8162.540732995541	6
0	198	8336.572842542775	7
0	204	8479.47590807495	8
0	206	8592.23213166793	7
0	211	8949.104251757243	8
0	221	9210.177144647576	9
0	231	9529.601439692575	8
0	248	9754.320739769311	7
0	261	10175.338245380599	8
0	263	10397.424122784753	9
0	265	10399.861591168243	8
0	270	10445.580673962936	9
0	272	10718.462716230126	8
0	281	11052.166511801586	9
0	291	11154.409210166183	10
0	297	11491.008961930392	11
0	299	11586.651276693243	10
0	304	11639.669118896993	9
0	309	11702.000743296027	10
0	315	11857.802086741227	9
0	328	12511.175406917643	10
0	334	12677.310125984746	9
0	343	12974.995086798514	10
0	349	13007.468702654702	11
0	351	13007.851452940079	10
0	356	13067.604883097607	9
0	365	13143.183507987259	10
0	379	13778.010177477333	11
0	385	13848.372832931205	12
0	391	14269.987455793592	11
0	400	14501.861700833339	10
0	405	14517.925332673761	9
0	410	14552.217771687665	10
0	424	15177.095134461698	11
0	426	15187.556326141354	12
0	428	15252.091161427862	13
0	434	15361.594351307425	12
0	439	15717.312932096917	11
0	456	16165.951635808248	10
0	465	16473.837885128199	11
0	470	16546.130568158654	12
0	481	16801.592524456316	13
0	487	16963.33582319406	12
0	492	17229.336643673975	11
0	505	17565.978964493546	10
0	510	17584.930186987557	11
0	512	17596.063885887833	12
0	514	17655.665207853329	13
0	524	18041.201023843506	14
0	538	18710.743098043401	13
0	543	18809.980342649791	12
0	556	19326.322439756293	13
0	562	19630.107456605987	14
0	564	19780.621552952502	13
0	573	20104.073688984785	12
0	578	20113.993396170933	11
0	583	20139.91874168193	12
0	585	20202.287008489955	13
0	587	20364.312427704247	14
0	589	20404.713078574384	15
0	595	20486.13885051379	16
0	601	20984.756257274125	15
0	614	21226.733035700075	16
0	616	21237.228290162471	17
0	618	21243.119270883996	16
0	635	21828.594698576508	17
0	637	21877.670342399579	18
0	639	21955.060390505583	19
0	645	22092.655775585149	18
0	654	22336.767415931348	19
0	660	22446.033257246886	18
0	665	22497.306410193939	17
0	678	22809.385724618236	18
0	680	23014.91210883589	19
0	682	23073.922886479254	20
0	684	23121.850304760535	19
0	693	23334.175210656552	20
0	695	23346.820114864806	21
0	697	23418.110188765481	22
0	703	23805.84892210414	21
0	712	23963.59267015097	20
0	725	24159.259633475118	21
0	731	24335.040147027203	22
0	737	24529.296851515432	23
0	739	24549.957537621756	22
0	748	24650.537515966731	23
0	754	25218.755835565747	24
0	764	25443.313284405445	23
0	773	25804.635301681304	24
0	775	25833.728135459621	23
0	780	25957.020903230873	24
0	782	26001.235787287808	25
0	788	26092.008144346838	26
0	790	26127.140762664874	25
0	799	26228.411229265838	26
0	801	26585.84442662911	27
0	815	27015.364153907572	26
0	820	27017.702268183728	25
0	833	27303.303312870338	26
0	835	27396.911085378009	27
0	837	27406.028093757638	28
0	843	28057.41132415335	29
0	849	28192.462158099314	28
0	858	28314.498713534608	29
0	860	28362.082185237016	30
0	862	28431.772035733734	29
0	867	28470.934489824375	28
0	876	28714.202982076381	27
0	881	28716.147745930156	26
0	890	29067.79246855614	25
0	899	29223.707454323573	26
0	915	29733.538779102763	25
0	925	29913.848260604714	24
0	943	30227.981452880372	25
0	949	30486.891172500927	26
0	955	30925.959204215579	27
0	969	31392.884560526286	26
0	974	31406.363599084815	25
0	983	31592.625592625163	26
0	989	31883.37635292398	27
0	991	31894.340782352661	26
0	1000	32121.343806032284	27
0	1010	32310.015199230682	28
0	1012	32474.21650265207	27
0	1017	32499.919123650466	26
0	1026	32797.731678783877	27
0	1028	32827.835046035849	28
0	1030	32964.459273616141	29
0	1044	33889.832886793588	28
0	1049	33996.662897699635	29
0	1055	34151.519418105981	28
0	1068	34659.363767289123	27
0	1077	35085.389764789314	28
0	1079	35166.684483223161	27
0	1088	35272.828977436823	28
0	1090	35279.977002070223	27
0	1095	35449.667997086245	28
0	1101	35470.384974122177	29
0	1103	35755.003083095452	28
0	1112	35980.897989571964	27
0	1117	36008.971032258451	28
0	1135	36654.689273042206	29
0	1141	36934.707279372233	30
0	1143	37056.971861422931	29
0	1156	37190.924187393069	30
0	1158	37215.541312963268	29
0	1167	37353.540597285702	30
0	1169	37638.953697142878	31
0	1171	37685.109103024875	30
0	1184	37960.158938022849	31
0	1190	38204.45754893211	30
0	1203	38689.667114094769	29
0	1208	38867.98905444195	28
0	1213	38896.352963707716	29
0	1231	39421.090606638168	28
0	1240	39463.784705016525	29
0	1250	39839.868163884184	28
0	1255	39845.353298879724	29
0	1261	40086.238798209033	28
0	1270	40257.031481446451	29
0	1276	40420.693804780781	30
0	1278	40742.122069323846	31
0	1280	40793.897626639616	32
0	1282	40823.407423608874	31
0	1287	40963.844273284576	30
0	1296	41252.996060260139	29
0	1301	41311.89990657376	30
0	1307	41449.641670158466	31
0	1313	41736.462830809436	32
0	1315	41938.255833234722	33
0	1321	41982.937220112358	32
0	1338	42320.654764518641	31
0	1351	42838.149888315418	32
0	1357	43169.421835359784	33
0	1363	43264.980756306027	32
0	1372	43522.113068596028	31
0	1377	43603.332748488461	30
0	1386	43890.916935788547	31
0	1388	44034.453936741625	30
0	1397	44296.880509669569	31
0	1407	44400.350088488988	32
0	1409	44499.012198174963	33
0	1411	44658.513521969818	32
0	1428	45341.586473788693	33
0	1434	45626.916406453525	32
0	1443	45778.692469418549	31
0	1460	46091.906321503907	32
0	1462	46313.84731426922	31
0	1467	46515.297024463891	32
0	1469	46561.300113683527	33
0	1475	46809.596908519989	34
0	1489	47114.576895784197	35
0	1491	47133.015282981598	34
0	1500	47402.12617188779	33
0	1509	47468.293727263446	34
0	1511	47619.621912246682	35
0	1517	48068.92813433749	36
0	1519	48124.751901183052	37
0	1521	48347.835416921049	38
0	1527	48492.167495175487	39
0	1529	48552.830512382591	38
0	1538	48573.120247649863	39
0	1540	48974.027141849629	40
0	1546	49079.464923330521	39
0	1559	49457.625948273146	38
0	1564	49471.50501313082	39
0	1570	49567.098100804162	40
0	1572	49851.288614497458	39
0	1577	49891.40376053125	40
0	1591	50332.661544576788	39
0	1600	50998.095942875726	40
0	1606	51174.551220924972	41
0	1608	51201.803537570721	42
0	1618	51459.80386671474	41
0	1623	51466.209012419855	40
0	1636	52331.894946972312	41
0	1638	52551.130555049455	40
0	1647	52634.495648973191	39
0	1652	52694.60612480928	40
0	1662	53259.927409105873	39
0	1675	53736.317995794618	38
0	1680	54063.778845427109	39
0	1686	54190.464071297026	38
0	1695	54672.989783965552	37
0	1708	55036.062268697226	36
0	1713	55108.862288238084	37
0	1715	55121.650511205136	38
0	1717	55233.506756019091	39
0	1727	55557.839086242891	38
0	1732	55562.032521288038	39
0	1738	56012.862438150621	38
0	1743	56086.288429208601	37
0	1768	56612.679776672959	38
0	1770	56806.115871093353	39
0	1772	56817.203796157064	40
0	1778	57048.341278717556	41
0	1784	57162.661463924254	40
0	1793	57275.690372140086	39
0	1798	57371.95580064203	40
0	1804	57579.584049737995	41
0	1806	57903.060524428189	42
0	1808	57908.177672558035	41
0	1817	57981.839281904277	42
0	1819	58047.880569249493	43
0	1833	58752.892863569992	44
0	1835	58827.884985924269	43
0	1840	58838.99221547035	42
0	1845	58878.916675005467	43
0	1851	59119.269133553411	42
0	1860	59199.054576047635	41
0	1865	59424.149503157045	40
0	1874	59557.637834783025	41
0	1880	59717.892074064021	42
0	1882	59848.612865881002	41
0	1887	59868.565088304421	42
0	1889	59942.201057321232	43
0	1895	60077.395013859874	44
0	1913	60446.052082536442	45
0	1918	60534.036048844959	44
0	1936	61146.516889981363	45
0	1942	61343.555777080859	44
0	1951	61441.355817874916	45
0	1953	61460.276582614458	44
0	1958	61461.371190554137	45
0	1976	62319.914290198064	44
0	1981	62343.362196989859	43
0	1990	62669.791477405036	42
0	1995	62761.739947015969	43
0	2001	63023.211225248647	44
0	2007	63334.699565047629	45
0	2009	63399.555134649364	46
0	2011	63449.232199341929	45
0	2024	63609.333087700715	46
0	2030	63697.11028982749	45
0	2035	63812.713006513357	46
0	2045	64058.201187775409	45
0	2050	64139.317198521408	46
0	2056	64363.980016434779	47
0	2058	64433.513660767054	46
0	2063	64458.961821578944	45
0	2068	64616.018754735055	46
0	2070	64691.99695049051	47
0	2076	64782.516614583023	48
0	2082	64833.984152253984	49
0	2088	65066.694466174519	48
0	2093	65164.84885570457	47
0	2110	65610.399487024143	48
0	2112	65671.685606324304	49
0	2118	65822.077539415038	48
0	2123	65946.488663147311	49
0	2125	65960.9675411587	48
0	2138	66230.364498949078	49
0	2148	66601.534550339854	48
0	2153	66637.903992113853	49
0	2155	66659.397709675634	48
0	2160	66666.116134280431	49
0	2174	66904.133056160533	50
0	2176	67060.799158707762	49
0	2193	67375.684154487946	50
0	2199	67632.484875650366	51
0	2205	67819.363538705314	50
0	2218	68150.002344177044	49
0	2223	68195.696930247991	50
0	2225	68345.807002474354	51
0	2227	68415.892592161305	52
0	2241	68742.691533498968	51
0	2262	69787.251812965549	50
0	2271	69853.036080555365	51
0	2277	70266.498854578043	50
0	2282	70453.454519788212	51
0	2284	70515.89592792889	50
0	2293	71079.577585978018	51
0	2295	71100.885641669872	52
0	2297	71106.22746192006	51
0	2302	71198.270212034845	52
0	2304	71221.917953275646	51
0	2309	71310.780150698098	52
0	2327	72046.827199392523	51
0	2332	72066.06446709571	50
0	2337	72132.167918502907	51
0	2339	72159.100577000244	52
0	2349	72378.465442557362	53
0	2363	72974.012284855005	54
0	2365	73077.123620519266	55
0	2371	73099.668427875773	56
0	2377	73129.753174491729	55
0	2386	73397.404447832085	54
0	2391	73582.54568215384	55
0	2393	73983.33454527048	54
0	2402	74246.781036148011	55
0	2404	74690.962956325091	54
0	2409	74701.932659939434	53
0	2414	74716.319085343298	54
0	2420	74927.975375272228	55
0	2426	75046.0662766459	56
0	2428	75165.224589184798	55
0	2433	75269.769451932674	56
0	2447	75594.581842657162	57
0	2461	76059.797690472344	58
0	2463	76069.833966538813	57
0	2468	76151.417221214054	58
0	2474	76309.333609678723	57
0	2483	76658.477655567403	58
0	2489	76881.778908183327	59
0	2499	77208.731086845671	60
0	2505	77461.275388196614	59
0	2514	77784.925854989268	58
0	2527	78699.526096143332	57
0	2532	78720.217541555121	58
0	2542	78884.332159460463	57
0	2547	78902.155663650099	58
0	2553	79673.52355853206	59
0	2555	79737.398270408234	60
0	2561	79864.452226892723	61
0	2567	80040.347718001284	60
0	2572	80226.023102894929	59
0	2581	80708.360168786681	60
0	2587	81120.632229586598	61
0	2589	81135.746363837701	62
0	2591	81202.889960495546	63
0	2593	81214.697317168447	64
0	2599	81515.177598372974	63
0	2608	81655.934049740987	64
0	2610	81864.794602253047	63
0	2615	81870.799430940386	64
0	2617	81890.570183583476	63
0	2630	82489.930119182643	64
0	2640	82980.845517477022	65
0	2650	83241.546627917268	64
0	2655	83382.531215130598	65
0	2657	83437.623631887642	64
0	2666	83481.663265699405	65
0	2668	83589.208898230161	66
0	2670	83839.754062267228	67
0	2680	84077.620516975269	68
0	2686	84420.863134682683	67
0	2695	84677.657581307866	66
0	2700	84684.430179109724	67
0	2702	84910.472739011554	66
0	2715	85066.831770260616	67
0	2717	85148.705202972446	68
0	2719	85153.874872806447	69
0	2721	85553.102212043878	70
0	2727	86098.354410902538	69
0	2736	86506.621485919265	68
0	2757	87438.550223200048	69
0	2759	87475.992333300916	68
0	2764	87479.658876484905	69
0	2766	87608.217850998916	68
0	2771	87608.265473446857	69
0	2773	87613.048568618532	70
0	2779	87912.465450250387	71
0	2781	87933.653327041246	70
0	2786	87977.522275888027	71
0	2796	88286.909768110949	72
0	2798	88314.887041010467	71
0	2803	88366.106516198233	72
0	2809	88641.610888995212	73
0	2815	88693.105042130627	72
0	2824	88821.830458649007	71
0	2841	89207.956339829542	70
0	2846	89250.47883459231	69
0	2851	89250.656283493887	70
0	2853	89485.283240869391	71
0	2859	89779.141460407145	72
0	2861	89790.785502287869	73
0	2871	90104.522596456615	72
0	2900	90795.571831204869	71
0	2905	90908.664830527509	72
0	2907	90991.647203498093	71
0	2912	91097.248471092915	72
0	2918	91459.264727869012	71
0	2931	91862.227669938437	72
0	2941	92114.698581219224	71
0	2946	92147.500879553088	72
0	2948	92220.425635390856	71
0	2957	92542.735295628518	72
0	2967	92791.701994598325	73
0	2973	93096.602832824864	72
0	2982	93327.638284966823	73
0	2984	93560.531517014412	72
0	3001	94036.885739923711	73
0	3011	94633.159742828765	74
0	3013	94746.983643584826	73
0	3018	94756.824976176528	72
0	3027	94941.718974899163	73
0	3029	95243.549062507938	74
0	3035	95683.345171871138	75
0	3037	95760.527223903981	76
0	3039	95824.395133339373	75
0	3044	95837.26646000129	76
0	3054	95987.228881382325	75
0	3067	96311.575946883038	76
0	3069	96634.770500074249	77
0	3071	96737.289459787814	76
0	3084	97204.101210880847	77
0	3090	97566.109473780671	76
0	3095	97858.823476631071	77
0	3101	97968.684917919843	76
0	3106	98001.327513968765	77
0	3112	98176.252520737415	78
0	3118	98469.115719749466	79
0	3128	98612.467727260578	80
0	3134	98713.56711186556	79
0	3139	98776.774973608092	80
0	3141	98973.178125249302	81
0	3143	99245.013839498668	80
0	3152	99866.711517562554	81
0	3154	99925.46942956833	80
0	3163	100113.842822794842	81
0	3169	100556.670899436384	80
0	3178	100681.318922528008	79
0	3187	101083.247950617672	80
0	3189	101172.404904567049	81
0	3191	101319.402207479387	80
0	3200	101422.803564108757	81
0	3206	101513.748372943083	80
0	3223	101798.75930287435	81
0	3225	101851.415257626887	82
0	3227	102098.837105068167	83
0	3229	102173.529768952922	84
0	3235	102458.526215111863	85
0	3237	102519.955717363337	84
0	3242	102532.850717090576	83
0	3251	102873.428067214255	84
0	3253	102919.668919668475	83
0	3270	103608.796390781949	84
0	3276	103773.165841185062	83
0	3289	103937.711477484551	84
0	3291	104168.726877720037	83
0	3296	104191.67740964195	82
0	3309	104569.808853004419	83
0	3319	104726.664766632894	82
0	3324	104822.069375160288	83
0	3326	104832.17165741329	84
0	3340	105305.214879064664	85
0	3346	105499.641139179974	84
0	3355	105795.77496338723	83
0	3360	106098.653697885089	84
0	3366	106245.352069966602	85
0	3368	106261.404380628178	86
0	3370	106300.183885845832	87
0	3372	106303.46742213568	86
0	3377	106541.967148689121	87
0	3383	106633.864232607623	88
0	3385	106822.425263801118	89
0	3387	106837.912807949761	88
0	3396	106961.759150700338	89
0	3402	107255.760272114257	90
0	3408	107309.742095702925	91
0	3426	107674.033815824369	90
0	3431	107779.268475741654	89
0	3440	108289.663409595112	90
0	3442	108474.076665647834	89
0	3451	108700.35561154122	90
0	3453	108799.084137641767	89
0	3462	108912.278274491935	88
0	3471	109351.883303337673	87
0	3500	110084.26472066938	88
0	3502	110090.119012436121	89
0	3504	110097.587474993964	90
0	3506	110262.004065111785	89
0	3519	110312.99167055724	88
0	3524	110778.529686075207	89
0	3526	110783.94821208766	88
0	3531	110887.028136654698	89
0	3541	111337.772036100173	90
0	3543	111438.161122455072	91
0	3545	111458.391323090473	90
0	3554	111852.256983086515	91
0	3560	111967.33073506109	92
0	3562	111990.804472767478	93
0	3564	112123.809535995632	92
0	3577	112393.427787094808	93
0	3579	112597.794299266272	94
0	3581	112718.921245219124	95
0	3587	112783.290434853116	94
0	3592	112859.789948987471	95
0	3598	113414.081136592239	94
0	3611	113773.431074170142	95
0	3617	113999.365082303127	96
0	3627	114231.132431031147	95
0	3640	114914.783410189275	96
0	3642	114938.13149784978	97
0	3644	114988.351143890644	98
0	3646	115005.214470819145	97
0	3651	115017.33481174001	98
0	3653	115111.364885680219	99
0	3655	115355.036603965371	98
0	3660	115361.511745602766	97
0	3669	115427.338361310133	98
0	3671	115484.73685044734	99
0	3677	115781.401380959485	100
0	3679	115836.638582767556	101
0	3689	116197.485486120859	100
0	3694	116374.936359867959	99
0	3699	116497.778439112881	98
0	3712	116617.525681842886	99
0	3714	116682.075242718459	100
0	3720	116916.589004517107	99
0	3725	116920.502637160083	100
0	3727	117182.373036191373	99
0	3736	117484.7156865531	98
0	3749	117776.102994706202	99
0	3751	117799.117907861902	100
0	3765	117948.532233171671	99
0	3794	118911.475994289795	98
0	3799	119178.204963438719	97
0	3804	119242.877229229489	96
0	3817	119548.859443590918	95
0	3822	119813.473515853792	94
0	3827	119897.489565580179	95
0	3841	120493.275001451754	96
0	3855	120838.316039220372	95
0	3864	121069.750473606374	96
0	3866	121219.972403214592	97
0	3868	121225.201507218688	96
0	3877	121334.425664324717	97
0	3887	121530.607757050224	98
0	3893	121991.782458389118	99
0	3899	122082.713792384311	100
0	3901	122201.391481805503	101
0	3903	122349.229147518467	102
0	3909	122384.64800005692	103
0	3911	122512.103932165483	102
0	3916	122575.304923363536	101
0	3925	122823.171011131069	102
0	3939	123315.57398758916	101
0	3952	123837.394879729062	100
0	3957	124173.12713094143	99
0	3966	124412.864220858127	98
0	3975	124846.09914378933	99
0	3977	124973.094392326069	100
0	3995	125319.903782912106	99
0	4000	125390.943567977229	98
0	4005	125397.868909728559	99
0	4007	125511.757509263205	100
0	4013	125903.227853444618	101
0	4015	125969.708068923219	102
0	4017	126284.84188156717	103
0	4031	126501.589064758859	104
0	4033	126633.513129928043	105
0	4035	126748.876216382296	104
0	4040	127065.540868454555	103
0	4049	127145.670160748757	104
0	4055	127661.612918505155	105
0	4057	127699.585208304734	104
0	4062	127777.321549041647	105
0	4068	128376.159059219936	104
0	4081	128726.268598102907	103
0	4086	128737.545440555139	104
0	4088	128761.298006216546	105
0	4090	128799.187207513053	106
0	4092	128863.786800060763	107
0	4094	129045.41595516688	108
0	4096	129163.162286438556	107
0	4117	129732.391642034928	106
0	4122	129741.001615718515	105
0	4135	129878.370788809826	106
0	4137	130126.928881082546	107
0	4139	130318.001950404579	108
0	4149	130574.628575563939	107
0	4154	130582.609271328314	108
0	4156	130590.199013874809	107
0	4161	130592.927734021049	108
0	4167	131000.807690509538	107
0	4180	131335.158796373621	108
0	4186	131585.382454334105	109
0	4192	131970.902541541438	108
0	4197	131995.041586678643	109
0	4203	132065.373750485988	108
0	4216	132452.044944298444	109
0	4218	132461.453035020025	110
0	4228	132749.738671479801	111
0	4238	133500.029432483526	110
0	4243	133597.404138632994	109
0	4256	133933.559547331816	110
0	4258	134175.845714740964	109
0	4271	134334.238387944797	110
0	4277	134417.520729125055	109
0	4282	134455.945391693097	108
0	4287	135009.082524039698	109
0	4305	135265.704723336678	108
0	4310	135444.728315368804	107
0	4315	135491.94874926052	108
0	4329	136141.233848699586	109
0	4331	136181.805926643821	108
0	4344	136543.982066587489	107
0	4349	136608.358708961045	108
0	4351	136620.056400307032	107
0	4360	136850.62282515324	108
0	4366	137073.500364756708	109
0	4368	137123.686085879041	110
0	4378	137562.922498352029	111
0	4388	137825.820509836587	110
0	4393	138065.791266670633	111
0	4395	138086.021327265482	110
0	4408	138280.004210968992	111
0	4414	138526.775115140292	110
0	4423	138833.938366101067	109
0	4436	139193.484859389687	110
0	4438	139388.486871198695	109
0	4443	139406.857756068147	110
0	4445	139537.74560351548	111
0	4451	139718.035017739842	112
0	4453	139747.349151951318	113
0	4463	139925.350798675597	114
0	4465	139964.698974683106	115
0	4467	140061.947818145666	114
0	4476	140489.661897480324	115
0	4486	140700.59446714906	114
0	4499	141406.428066641968	113
0	4504	141534.875926495109	112
0	4513	142028.353534118217	111
0	4518	142339.022556540904	112
0	4528	142461.00776173262	111
0	4533	142468.035328296264	112
0	4539	142765.218256577593	113
0	4541	142831.846509062264	112
0	4554	143252.599811611459	113
0	4556	143311.752634496373	112
0	4565	143569.855570636703	113
0	4579	143913.639779818708	114
0	4585	144178.569342755143	115
0	4587	144251.382797442887	114
0	4596	144473.047438348831	115
0	4602	144828.052267664586	116
0	4604	144879.604307972771	115
0	4613	144917.219632535173	116
0	4615	145107.550503607916	117
0	4625	145471.667950384829	116
0	4630	145631.196045595552	117
0	4644	146247.859476060552	116
0	4657	146896.014154313023	117
0	4659	146939.706000097606	116
0	4664	147017.729423046989	115
0	4677	147526.601513259964	116
0	4679	147594.62367262779	115
0	4688	147796.740965237827	116
0	4698	148406.297690459473	115
0	4703	148408.188270226631	114
0	4716	148858.79013981771	115
0	4718	148910.814781071612	116
0	4720	149112.424759425733	115
0	4725	149132.684846683466	116
0	4731	149159.711674466078	117
0	4733	149223.756632050055	118
0	4743	149666.010701515291	117
0	4748	149729.133877322321	118
0	4750	149755.12434762059	117
0	4755	149831.968382760731	118
0	4765	150052.852650858289	119
0	4767	150408.059168407099	120
0	4777	150959.158741951499	119
0	4782	151021.9639987085	120
0	4784	151151.274053269012	119
0	4805	152052.018287860367	118
0	4814	152316.328566671295	117
0	4823	152694.744823309973	118
0	4837	153099.06834424471	119
0	4839	153395.736081400189	120
0	4845	153629.397254258904	119
0	4850	153742.327281945331	118
0	4863	154167.822739754258	119
0	4865	154355.071844601355	120
0	4871	154530.628432676706	119
0	4876	154533.485637749347	120
0	4886	155220.992771499736	119
0	4899	155829.250251509759	118
0	4904	156158.281706089297	119
0	4910	156219.050513877582	120
0	4912	156470.156371370835	119
0	4921	156953.232635223253	118
0	4930	157317.230503853991	119
0	4932	157385.604786912161	120
0	4938	157432.02987138978	119
0	4943	157434.573872140982	120
0	4961	158239.917321630608	121
0	4963	158429.778788053377	120
0	4976	158805.860094063494	119
0	4981	158857.920905252468	120
0	4983	159143.96104943095	119
0	4996	159676.642580877631	120
0	4998	159719.952510131277	121
0	5000	159728.023372274485	122
0	5006	160076.284137189898	121
0	5015	160203.215709952657	122
0	5021	160374.516040881113	123
0	5023	160461.672128700598	122
0	5032	160601.889306591357	123
0	5034	160626.380265684103	124
0	5036	160673.343838198132	125
0	5046	160961.149474402096	126
0	5052	161158.193186953223	127
0	5054	161581.455081113193	126
0	5059	161585.821055871505	127
0	5065	161988.092138716718	128
0	5067	162115.421070457383	127
0	5076	162147.09561650506	126
0	5081	162339.895950444518	127
0	5091	162877.473271543116	128
0	5093	163014.489649951968	127
0	5098	163119.75192678681	128
0	5104	163232.270557193743	129
0	5106	163295.367224264047	130
0	5108	163425.947710388287	129
0	5117	163582.633504119048	130
0	5123	163679.476382891678	131
0	5125	164022.654955993783	132
0	5131	164049.200524136934	131
0	5136	164232.953257934137	130
0	5149	164760.763677478347	129
0	5154	164845.355306268616	128
0	5163	164930.263742288306	129
0	5169	165088.177292727444	128
0	5174	165374.888338223512	129
0	5180	165603.940637589719	130
0	5182	165648.958139435513	131
0	5184	165674.268406481428	130
0	5189	165738.786349585512	131
0	5207	166164.742177776067	132
0	5217	166628.499184330807	133
0	5227	166762.327596702192	132
0	5232	166833.515496331774	133
0	5234	166888.200759807512	134
0	5240	167051.469237842543	133
0	5257	168084.410496802015	132
0	5266	168172.507749952886	131
0	5275	168318.167886361287	132
0	5277	168549.356228446526	133
0	5279	168579.469550994863	134
0	5281	168664.959751189265	133
0	5294	169074.142897021476	134
0	5296	169214.500023835285	133
0	5305	169476.657616868319	134
0	5307	169499.918718780759	135
0	5313	169970.604815148695	134
0	5322	170134.479255013678	133
0	5327	170241.84226427673	134
0	5329	170281.9189949605	135
0	5335	170310.990859313021	136
0	5353	171445.726281300697	135
0	5358	171461.627854854746	134
0	5371	171860.064469069238	135
0	5373	171902.645141445978	134
0	5378	171950.078373224053	133
0	5387	172216.346868070087	134
0	5393	172478.353561610861	133
0	5398	172548.663997822574	134
0	5400	172619.401300706479	133
0	5405	172805.33827755688	132
0	5418	172927.209363920582	133
0	5420	172987.572198745261	134
0	5422	173079.620578364416	133
0	5443	173446.697302471338	134
0	5445	173458.618243977937	133
0	5454	173636.819579854889	134
0	5456	173754.138057882267	135
0	5458	173761.401856680154	136
0	5460	173810.98693441447	137
0	5470	174106.168851816042	136
0	5491	174866.170116011817	137
0	5501	175014.124003968223	138
0	5507	175095.455311439109	139
0	5509	175115.407769725236	138
0	5514	175420.226308001903	139
0	5516	175466.203346909813	140
0	5522	175556.462552324815	139
0	5531	175701.017205477609	140
0	5533	175884.038793638858	139
0	5538	175891.908461680598	140
0	5548	176230.088834356621	141
0	5562	176687.901424550029	140
0	5567	176690.11936950553	141
0	5573	176957.360380688735	142
0	5575	177100.107353036321	143
0	5577	177179.010510967059	142
0	5582	177189.211101182894	143
0	5588	177502.709346772544	144
0	5598	177979.443783358249	143
0	5611	178460.490992635998	142
0	5616	178774.800164737685	141
0	5621	178819.144873291764	140
0	5630	179538.822895698421	141
0	5636	179610.5738148102	140
0	5645	179744.965477444742	139
0	5650	180174.888093573245	140
0	5656	180259.705691748245	139
0	5665	180362.450427583962	140
0	5683	180816.066312455672	141
0	5685	180891.456577331705	140
0	5694	180948.518736295913	139
0	5703	181225.739622850812	140
0	5709	181574.896420620893	139
0	5722	181943.059781984006	138
0	5735	182456.669454687221	137
0	5752	182989.140738331293	136
0	5757	183100.404591340983	137
0	5767	183347.360317111893	136
0	5772	183531.368251560189	137
0	5774	183534.675337046896	136
0	5783	183721.670113440829	137
0	5797	184402.434622154258	138
0	5799	184445.589158982916	137
0	5816	184569.409473151877	138
0	5822	184800.158645970777	139
0	5824	185106.052396037562	138
0	5829	185131.678860717033	137
0	5834	185219.96524312748	138
0	5840	185543.401707063475	139
0	5842	185595.336061063922	140
0	5848	185689.718805592407	141
0	5850	185948.197139472281	140
0	5855	186015.37733300329	141
0	5865	186595.726216548069	140
0	5886	187209.270942782235	141
0	5888	187378.428479098661	140
0	5893	187461.264869168913	139
0	5902	187811.569525302334	138
0	5911	188322.13552721641	137
0	5916	188500.702524914687	138
0	5918	188589.511294500346	139
0	5924	188717.502392588674	140
0	5926	188729.336226232397	141
0	5932	188824.072506915462	142
0	5942	188939.686932467009	143
0	5947	189026.426215142524	142
0	5957	189058.083648985068	143
0	5963	189368.42078503309	142
0	5968	189424.671857427222	143
0	5978	189886.423973664089	144
0	5984	190286.697513110745	145
0	5986	190471.743405352766	146
0	5988	190541.45898011378	145
0	5997	190954.357323530342	146
0	6003	191034.135153741522	145
0	6008	191205.23307324667	146
0	6010	191465.261974103857	147
0	6012	191538.244261712348	146
0	6017	191584.305946743426	147
0	6023	191682.667836064979	148
0	6029	191845.676830371586	149
0	6035	192252.77449243567	148
0	6044	192444.60398703537	149
0	6046	192457.574886861306	150
0	6048	192483.519632668181	149
0	6053	192486.667060298176	150
0	6063	192867.215627895395	151
0	6065	193090.465425537412	152
0	6067	193184.814411744988	151
0	6084	193832.350807004555	150
0	6089	193974.848036939324	151
0	6095	194264.543205433107	150
0	6104	194318.403332122548	149
0	6113	194530.867450766779	148
0	6118	194566.801086535835	149
0	6120	194766.289113621228	150
0	6122	195112.025712803884	149
0	6135	195339.551470285218	150
0	6137	195405.195108498639	151
0	6147	195524.517663529716	152
0	6149	195562.813516974963	151
0	6158	195875.584733440552	152
0	6160	195882.738854868407	153
0	6166	195919.658307999886	152
0	6179	196127.925136787606	153
0	6181	196387.094951682671	152
0	6194	196495.367357577223	153
0	6196	196656.765560578665	154
0	6202	196727.579702972288	155
0	6208	196809.452785403415	154
0	6217	197128.222963696168	155
0	6219	197367.955033824361	154
0	6228	197409.004703012154	155
0	6238	197468.525067606983	156
0	6240	197548.209197504827	157
0	6242	197573.61206665723	156
0	6263	198445.550918254592	157
0	6269	198689.526302442834	156
0	6278	198976.98429089836	155
0	6283	199150.818903521583	154
0	6288	199166.326641659728	155
0	6294	199405.244718120382	154
0	6307	199855.186655352866	155
0	6309	200085.705891331448	156
0	6315	200335.823457800732	155
0	6320	200437.341485068716	154
0	6337	201019.866504248598	155
0	6343	201211.6607527887	154
0	6348	201306.925889366255	153
0	6365	201996.533479179698	154
0	6367	202158.381912969933	153
0	6372	202245.45530726067	152
0	6385	202641.004005480685	153
0	6391	202885.812480318239	154
0	6393	202886.857487365504	155
0	6395	202907.919912495442	156
0	6409	203322.602949187674	155
0	6414	203519.870612953957	156
0	6416	203544.755969234691	155
0	6429	203763.304421090104	154
0	6438	204115.155801259496	153
0	6443	204295.984056272349	154
0	6453	204566.122489855894	155
0	6455	204589.702447660782	154
0	6460	204607.224534341083	153
0	6469	204868.782206584806	154
0	6479	205179.251509807643	155
0	6485	205219.834367386821	156
0	6487	205319.020435459188	157
0	6497	205498.349752017246	156
0	6502	205587.517970435836	155
0	6507	205830.410928659656	154
0	6512	205846.688892804967	153
0	6517	205896.154878946265	154
0	6535	206151.289118612611	155
0	6537	206310.793950296861	156
0	6543	206566.189260109989	157
0	6545	206715.774343483728	158
0	6547	206819.236901924895	157
0	6556	207005.05631737761	158
0	6566	207133.802373603501	157
0	6583	207469.502632700422	156
0	6596	207908.77041900754	157
0	6598	208001.151008592012	158
0	6604	208114.740935455948	159
0	6614	208349.66673842578	160
0	6616	208411.952568479763	159
0	6625	208655.22423510305	158
0	6638	209034.712388367342	157
0	6643	209429.972623633775	158
0	6645	209551.836631894993	157
0	6650	209613.287421166832	158
0	6656	209895.559179045776	157
0	6665	210117.28986695497	156
0	6670	210280.166021134824	157
0	6679	210470.592627302694	156
0	6693	210630.295689560989	155
0	6698	210665.91484858381	156
0	6700	210771.065236857357	157
0	6702	210925.035712838689	156
0	6727	211381.891321115413	157
0	6741	211698.981029727447	156
0	6746	211820.831627704719	155
0	6751	211871.072434179473	156
0	6757	211925.511755837775	157
0	6771	212844.122771146437	158
0	6773	212959.498633929479	157
0	6782	213074.273575856213	158
0	6788	213412.851905085662	157
0	6797	213794.85068075461	158
0	6803	213852.701729357758	157
0	6808	213953.972672830562	158
0	6818	214556.543307715046	157
0	6831	214930.728212072275	158
0	6833	214959.6086208056	159
0	6835	215089.703546290334	160
0	6841	215286.545204246259	161
0	6843	215321.049885523836	162
0	6849	215457.922762034823	163
0	6851	215532.540418625393	162
0	6856	215863.819689677047	161
0	6861	215872.507958468853	162
0	6867	216304.575183280694	161
0	6884	216840.131826541191	162
0	6886	216846.126566828179	161
0	6895	217035.862258717933	160
0	6900	217120.962331754829	161
0	6902	217142.7700546267	162
0	6908	217199.072237334006	163
0	6910	217327.065016553688	162
0	6915	217438.968715405444	163
0	6921	217645.056647520125	164
0	6931	218028.228302568713	163
0	6940	218163.377371481139	164
0	6942	218311.142309010911	163
0	6951	218528.480860636154	162
0	6956	218537.879272076395	163
0	6970	219222.9932395677	164
0	6976	219376.35779914174	165
0	6990	219825.448929258573	164
0	6999	220049.443802319983	163
0	7008	220628.675250717023	162
0	7013	221019.891342670608	161
0	7022	221196.801348472118	162
0	7028	221327.94594961303	163
0	7030	221352.82502336334	164
0	7032	221375.851803455494	165
0	7038	221470.400356288948	166
0	7040	221573.130549144782	167
0	7046	221627.071652122358	166
0	7055	221718.007020821528	167
0	7057	221895.393022411454	166
0	7062	221898.458574567287	167
0	7064	221901.981466117275	168
0	7066	221964.875483767249	169
0	7076	222217.442640254474	170
0	7078	222244.021128684798	169
0	7083	222320.054723807562	168
0	7092	222755.693585025676	169
0	7094	222794.177260660518	168
0	7115	223204.505787707791	169
0	7117	223208.981338151315	168
0	7150	224145.035175831009	167
0	7159	224675.975913345223	168
0	7161	224840.134107292214	167
0	7166	225012.780524253699	168
0	7168	225079.247761891175	167
0	7173	225215.027643077853	168
0	7175	225243.29435884694	169
0	7177	225452.353559913255	170
0	7187	225756.157702035455	171
0	7189	225783.271695569673	170
0	7194	226088.677768798222	171
0	7196	226185.568298995586	172
0	7198	226194.935962893952	171
0	7203	226464.723470628777	170
0	7216	226500.631392781253	171
0	7222	226615.361147032595	172
0	7224	226819.676482236558	173
0	7226	226868.933890500058	172
0	7235	227058.183436084674	173
0	7249	227713.918857654783	174
0	7251	227720.359942250469	173
0	7268	228497.566805073012	172
0	7277	228694.079717794851	173
0	7287	229056.099168554464	172
0	7292	229139.321796857704	171
0	7305	229531.16875599413	172
0	7307	229697.14403712056	171
0	7316	229902.345277231014	172
0	7318	230109.763434381176	171
0	7323	230257.979756333182	172
0	7325	230419.951460928241	171
0	7334	230710.011688056464	172
0	7340	230811.605999928472	173
0	7342	230892.649030320863	172
0	7347	231192.676569075275	171
0	7360	231325.84247884206	170
0	7369	231476.428026595104	169
0	7385	231697.967185291734	170
0	7392	231715.496037297704	171
0	7394	231885.528760536602	172
0	7412	232300.71811050852	173
0	7418	232436.272861915032	174
0	7428	232578.599071254259	175
0	7430	232630.456996770873	176
0	7432	232747.79688857584	175
0	7437	232773.763486192147	174
0	7442	232832.284387020871	175
0	7452	233346.837543169127	176
0	7454	233688.800453067343	175
0	7463	234100.330368643196	176
0	7465	234105.202826902787	175
0	7470	234267.683853585993	176
0	7476	234355.515587290716	177
0	7478	234362.179048285771	176
0	7491	234947.195609194658	177
0	7497	235032.100820245453	178
0	7503	235086.910631843794	177
0	7508	235356.23588454775	176
0	7513	235378.204733569894	177
0	7515	235443.286191188682	176
0	7520	235494.192793771005	177
0	7522	235688.61269890154	178
0	7524	235690.420445218935	179
0	7538	235875.33303422971	180
0	7540	236223.767062517073	181
0	7546	236362.194692352686	182
0	7560	236635.115555719058	181
0	7569	236828.685500175644	180
0	7578	237015.641742106072	181
0	7580	237316.191721535899	182
0	7586	237426.97745376132	181
0	7591	237532.468233530985	182
0	7593	237613.26173735923	183
0	7599	237622.324462303245	184
0	7609	238064.184517043604	185
0	7615	238204.962125793377	186
0	7617	238237.061290518333	185
0	7622	238314.256122207354	186
0	7632	238525.880252396293	187
0	7634	238549.2891512955	188
0	7636	238550.478932818136	189
0	7638	238681.705748192032	190
0	7640	238741.167750433971	189
0	7645	238843.010648422461	188
0	7662	239727.36838717102	187
0	7671	240031.339999035519	186
0	7680	240265.854920308614	187
0	7682	240299.499990754714	186
0	7687	240498.410299949866	185
0	7696	240883.907217857678	186
0	7710	241340.051142426679	187
0	7716	241459.412392683845	186
0	7721	241614.780547433486	185
0	7734	242058.278203123202	184
0	7743	242216.019849412661	183
0	7748	242339.247704363213	184
0	7750	242629.179754525651	185
0	7756	242814.504024759819	184
0	7761	242825.805221229585	185
0	7787	243539.182146348577	184
0	7800	244213.748316318681	183
0	7813	244516.32216843962	184
0	7815	244613.999063485255	183
0	7820	244720.416891286153	184
0	7822	244792.309119746607	183
0	7831	245030.21294594634	184
0	7837	245158.187191263726	183
0	7842	245179.812957652389	184
0	7844	245222.7880664622	183
0	7853	245593.71980748845	184
0	7875	246228.146843206436	185
0	7877	246249.485073565921	186
0	7883	246408.804926612368	185
0	7892	246541.98782464918	186
0	7902	246726.749565795582	185
0	7907	246883.84974141991	186
0	7913	247555.465694834197	187
0	7915	247559.590734402163	188
0	7921	247731.956898876053	187
0	7926	247878.371167698542	188
0	7932	248064.217393846205	187
0	7937	248126.151279271435	188
0	7939	248323.363809219956	189
0	7941	248361.839648174049	190
0	7947	248587.798801258725	189
0	7952	248655.63265767037	188
0	7961	249021.107072144806	189
0	7963	249106.739767984074	188
0	7980	249675.899887447803	189
0	7986	249786.134615784273	190
0	7988	249798.668936044863	189
0	7993	250119.102860799839	190
0	8003	250310.598750718456	189
0	8016	250803.206555216126	190
0	8018	250894.038470060151	189
0	8031	251185.385144614569	188
0	8044	251814.354384075022	189
0	8046	251840.411109286107	190
0	8060	252470.908647515766	189
0	8065	252540.508718647581	188
0	8070	252750.780813061587	187
0	8087	253603.762732454163	186
0	8092	253657.362561722289	187
0	8102	254133.491921481691	188
0	8104	254158.590630144767	187
0	8109	254178.244612679038	188
0	8119	254555.338593543095	187
0	8128	254831.273747475337	188
0	8130	254920.043705665461	187
0	8139	255172.667722058877	188
0	8141	255182.555550541714	189
0	8151	255560.174615046799	190
0	8157	255695.203646775221	191
0	8163	255985.621277735157	190
0	8172	256212.252197375501	191
0	8178	256388.906928696508	192
0	8180	256447.340268897615	193
0	8182	256554.565066137306	192
0	8191	256990.844550762246	193
0	8193	257101.708813116937	194
0	8199	257408.785155299949	195
0	8201	257565.153382055981	194
0	8206	257572.900966108732	193
0	8211	257633.869069278053	194
0	8217	257725.546461586371	195
0	8219	258070.1277015066	196
0	8221	258199.507736050112	195
0	8234	258395.441248674266	196
0	8236	258492.65801567673	195
0	8249	258727.885650329362	196
0	8255	258885.638058633499	195
0	8260	258928.288569319343	196
0	8262	259194.676949311113	197
0	8264	259270.398183031488	198
0	8266	259361.066260574162	199
0	8268	259469.629659176392	198
0	8273	259502.56414919295	199
0	8303	260492.892658599608	198
0	8308	260698.802701950593	197
0	8317	261205.339349966123	198
0	8323	261301.198032722782	199
0	8325	261339.479465157313	198
0	8330	261378.759923243205	199
0	8332	261417.279779278629	198
0	8337	261435.729249423019	199
0	8343	261583.725445709361	200
0	8349	261863.442918063097	199
0	8358	262218.895306383553	200
0	8360	262311.83650307446	199
0	8369	262354.50968282502	200
0	8379	262865.674433716161	199
0	8384	262869.364818335466	198
0	8397	263118.880393066032	197
0	8422	263934.300966879526	198
0	8424	264183.503057547742	199
0	8430	264332.802115828686	198
0	8435	264571.796797782703	197
0	8452	264655.845435595883	198
0	8454	264788.828636706763	197
0	8463	265193.741818897946	196
0	8468	265282.661963384744	197
0	8470	265327.453027815514	196
0	8475	265543.59924228871	197
0	8485	265640.318968043251	196
0	8490	265782.094492503398	195
0	8495	265823.719356929157	196
0	8501	266020.174560682167	197
0	8535	266846.586182826155	196
0	8540	266864.391420566065	195
0	8553	267430.409649092787	196
0	8555	267735.09673151479	197
0	8557	267740.318472630293	198
0	8559	267997.352058009976	199
0	8561	268082.56970436178	198
0	8578	268276.67536743074	197
0	8595	269027.213257738345	196
0	8608	269693.040296070798	195
0	8617	270001.497837268703	194
0	8622	270010.657233850182	195
0	8628	270102.575245209559	194
0	8633	270320.6030567176	195
0	8639	270512.081642568632	194
0	8648	270826.229717673806	195
0	8650	270833.395975630241	196
0	8656	271025.392604591529	197
0	8662	271188.02009010111	198
0	8664	271242.985953056209	197
0	8673	271367.452549718841	196
0	8682	271752.070656091638	197
0	8684	271826.306449651078	198
0	8686	271897.418379767109	199
0	8688	271932.864981908248	200
0	8690	271995.21919136263	201
0	8700	272154.454827942372	202
0	8702	272206.826120821725	203
0	8704	272227.075073351644	204
0	8706	272274.246679590674	205
0	8708	272514.653163784159	206
0	8714	272833.006898761683	205
0	8727	273004.694034912213	204
0	8736	273498.05568856053	203
0	8741	273514.995344450376	204
0	8743	273545.586667688187	205
0	8745	273681.543002576523	204
0	8758	274204.191101669112	205
0	8760	274212.76373701765	206
0	8762	274261.055050070144	207
0	8764	274388.698736921474	206
0	8789	274893.805312917468	207
0	8791	275019.375010215267	206
0	8800	275152.876586125403	207
0	8802	275213.692570702129	206
0	8807	275286.125636430285	207
0	8813	275568.045676880106	206
0	8822	275880.702398725375	205
0	8831	276055.094956756526	204
0	8836	276208.977435340651	205
0	8846	276452.621740625196	204
0	8859	276794.252885083306	205
0	8861	276884.304996170991	204
0	8866	276960.274159145923	205
1	0	0	0
2	0	0	0
2	468	16487.797319692124	1
2	472	16733.827039076511	0
2	628	21706.195710982133	1
2	630	21765.556045091648	0
2	910	29712.479285913085	1
2	913	29723.913694276412	2
2	920	29841.48587587153	1
2	930	30026.616041903321	0
2	1906	60404.404960871613	1
2	1908	60440.84270318834	0
2	1916	60515.654335628203	1
2	1924	60747.741169229652	2
2	1926	60888.101066759359	1
2	1931	61066.867008359111	0
2	2885	90402.248059279226	1
2	2887	90633.250701668245	0
2	4209	132229.924706379826	1
2	4211	132266.060972901569	0
2	4572	143698.043788663057	1
2	4574	143723.393804010514	0
2	5210	166273.605515566601	1
2	5212	166472.741772412269	0
2	5436	173306.992404052003	1
2	5438	173382.527409324933	0
2	5676	180656.333210506423	1
2	5678	180765.615936935458	0
2	5805	184498.290529903902	1
2	5807	184498.77607528208	0
2	5945	188978.909779971977	1
2	5952	189057.81438829465	0
2	6677	210456.787049594285	1
2	6684	210588.069875781375	0
2	7383	231629.412221069033	1
2	7387	231714.149890875959	0
2	7397	231891.473652134601	1
2	7399	232051.664994406466	0
2	7776	243275.032210087921	1
2	7778	243307.365722191473	0
2	7856	245687.106590867927	1
2	7858	245734.418637101492	0
2	8504	266054.485122224836	1
2	8507	266188.2716425424	2
2	8509	266237.736611953893	1
2	8514	266238.612179903834	0
3	43	2708.422376225636	2624.2631809507
3	47	2740.439672375592	2220.4869528953
3	84	3789.423589909942	2432.1523314972
3	93	3929.006017540516	2937.0171434045
3	122	5098.920807643727	2754.8893678407
3	132	5378.04700129752	3953.1929362093
3	149	6250.791563094527	3483.9229003371
3	169	7578.782179205242	4808.1037537037
3	215	8971.078122883037	6140.3438265726
3	255	10002.230663801107	5696.8806398788
3	259	10157.095539736125	5978.905179209
3	295	11360.464053869743	6109.5961058472
3	313	11739.729289485637	6288.0392906785
3	322	11896.704135491447	7065.398935647
3	341	12687.545349822315	6919.8594041934
3	363	13104.352411263186	5141.4269207055
3	373	13508.661688278364	5616.1960559094
3	377	13731.67065095951	6853.7612445579
3	422	14960.707488589484	6011.6032368322
3	475	16733.827039076511	6558.4887936959
3	479	16801.452881908912	5749.2863701073
3	503	17306.675057167683	6861.0943832047
3	522	17933.119798645873	6442.1108367155
3	532	18347.720328095306	7193.3111179291
3	554	19308.031076023851	7606.0303327278
3	599	20595.830543915305	7620.8354571168
3	633	21765.556045091648	7987.5458676143
3	658	22422.658115381871	9279.4746073946
3	672	22534.027349493403	7981.8095778057
3	676	22684.363843806584	7507.2687093449
3	710	23917.887024545048	8730.3306984037
3	719	24045.071420398105	8792.9802589702
3	735	24360.169755053643	7886.3318699254
3	752	25098.193955440943	8552.0633872823
3	758	25244.457471499716	8442.8649470434
3	771	25764.138465475788	8179.2082784882
3	809	26812.042697405939	9215.9788115181
3	831	27281.722257201125	9240.5212333576
3	874	28657.871337214982	8517.9525955331
3	888	29006.438650629421	9680.1162108731
3	923	29841.48587587153	8614.7528401715
3	933	30026.616041903321	9824.3290334134
3	937	30105.488533348343	9741.1761056441
3	953	30853.849842064951	9616.6215519025
3	959	30968.519046503056	10482.380195989
3	981	31479.048892474671	9601.3785500751
3	987	31867.661043897769	10039.066345321
3	1008	32301.88101664049	10346.820626135
3	1042	33721.96553506044	10912.579810442
3	1062	34156.023931280647	11082.101044801
3	1066	34613.901395861558	11598.989287026
3	1086	35268.593308172126	11921.773193307
3	1110	35831.244752079747	12497.069541423
3	1125	36440.722412400446	12281.462778925
3	1139	36840.895159766947	13422.784971001
3	1154	37169.017873311913	12833.977726285
3	1182	37779.428431252888	13128.890915286
3	1188	38082.054737628004	13552.757886113
3	1197	38402.040283308303	12597.404981627
3	1225	39320.990176572031	14102.234341006
3	1238	39438.840734437978	13481.819831207
3	1268	40248.117750306552	14019.706521041
3	1294	40988.924694434678	14403.080267806
3	1319	41951.600373935453	14648.297061065
3	1328	42257.377966342992	14851.349872585
3	1345	42599.68271897038	14542.271394817
3	1355	43112.463952219982	15715.552866842
3	1361	43229.508112751446	14867.425927514
3	1395	44241.668289162718	15017.960834839
3	1401	44310.578645971541	15996.079932437
3	1441	45627.317089839777	14701.357885624
3	1450	45807.717268188421	13924.340915264
3	1458	46081.70566978728	15594.814497286
3	1473	46606.020155864336	15013.394563239
3	1498	47386.010210859527	14588.278532076
3	1507	47447.879171826446	15137.863972596
3	1515	47780.211373531197	15658.867567499
3	1544	48980.941314965987	16153.10626893
3	1557	49333.948238958542	16369.488965342
3	1568	49554.569732834155	15557.906835135
3	1598	50792.287261801341	15519.458284365
3	1630	51866.319110161563	16416.651113075
3	1645	52580.147577289993	15925.458304248
3	1673	53606.221530168256	17597.25049791
3	1684	54115.475577834001	16924.551390441
3	1693	54289.554109432304	17354.84683006
3	1736	55633.823477179683	17673.664539157
3	1758	56322.71378552405	18683.760088381
3	1766	56590.161892919371	16744.80859404
3	1782	57072.153290408604	17608.368585392
3	1815	57960.929683417583	17703.898201971
3	1823	58111.656338526807	17690.962533746
3	1849	58915.804058013986	18121.906431374
3	1911	60440.84270318834	18704.379872379
3	1934	61066.867008359111	19617.225338201
3	1940	61224.214702768753	18386.064814453
3	1949	61438.708570786691	19500.452737552
3	1962	61514.373541100454	17623.456605312
3	1999	62918.856406890358	18419.844208715
3	2005	63270.529478314272	18870.179389825
3	2039	64033.315909624601	17472.015795941
3	2043	64056.958391888569	18715.3719181
3	2054	64357.873861017577	18265.967539514
3	2100	65177.392824032283	18062.815928248
3	2104	65409.940896107384	18600.343987587
3	2108	65567.444027318558	19052.147002855
3	2146	66533.991555523628	19065.69782826
3	2164	66673.913805457702	18604.98567112
3	2187	67328.787119938931	18980.951703018
3	2191	67361.99807487292	19237.24617369
3	2212	67920.172342854491	19347.052095205
3	2216	67920.512037825341	19428.34454265
3	2231	68512.304421075189	19538.277279226
3	2256	69472.156510966401	19580.752750435
3	2269	69847.241448323181	20375.736435192
3	2275	70003.22894452935	19005.133001654
3	2321	71735.886881780751	20561.335660856
3	2325	72009.534051239992	19314.927926431
3	2369	73083.237641110026	20751.342694138
3	2437	75286.506701231506	20052.999945212
3	2459	76001.636932723726	19388.957156051
3	2481	76489.827250829838	19683.711379736
3	2487	76872.947438183181	19824.606159466
3	2493	76911.617142884932	20094.413346728
3	2525	78160.982129015901	20581.398079278
3	2551	79557.672107080869	21575.832825177
3	2624	82043.86366655206	22486.225831769
3	2628	82191.014105676246	23312.097430671
3	2648	83124.486925330517	23255.921837026
3	2678	84033.787094951549	24091.58603763
3	2693	84594.308373174571	24148.256290638
3	2807	88551.505489916114	25151.950355267
3	2822	88821.248144059016	25798.03691881
3	2839	89144.29295986978	25331.579953356
3	2857	89636.283833692723	26301.584268645
3	2869	89960.780741785226	26351.447654085
3	2894	90686.025145753228	26546.707947232
3	2898	90710.29757326333	26018.300622773
3	2925	91465.521415433419	26849.502660698
3	2935	91995.937074076889	27161.952921823
3	2971	93086.025645258777	27414.340038934
3	2995	94001.442317393182	28054.953654246
3	2999	94011.467552930989	27781.103053982
3	3025	94821.103955415019	28154.987821135
3	3033	95381.519120799883	28743.615128686
3	3061	96208.356401034204	28832.672246546
3	3065	96257.706919061893	29353.573862901
3	3088	97493.492138905956	29297.795208658
3	3099	97961.550466810295	30329.06559116
3	3122	98570.133892140293	30154.241299979
3	3176	100605.774319796766	30152.319800009
3	3185	100842.469178651034	29762.891592673
3	3217	101599.418393383676	30288.638242686
3	3233	102179.433378277853	30981.163166243
3	3268	103237.894328998908	31105.726410496
3	3283	103796.631114465128	31637.530537465
3	3287	103850.959898679092	31472.494456122
3	3317	104696.505211601907	31619.381591083
3	3338	105304.481297487898	31057.70026134
3	3344	105439.724356402585	31857.178674249
3	3381	106614.706263738627	31898.387178395
3	3412	107360.195444171259	32314.129167525
3	3420	107511.218292581424	32583.242917309
3	3478	109404.378198942675	33344.58050847
3	3498	109966.746701159089	32758.015614313
3	3513	110270.241112356016	33611.763456789
3	3552	111834.107458944006	32931.951795294
3	3575	112328.069901579002	32654.546343047
3	3609	113751.518789269904	33887.066562377
3	3625	114122.565949911758	33414.205781125
3	3634	114485.656678677479	33365.024449091
3	3638	114641.403715711594	33505.657351874
3	3675	115745.241158875579	34542.35119838
3	3706	116539.386630094185	34668.587199154
3	3718	116841.472976234317	35626.775659066
3	3772	118054.877142432088	35074.031624955
3	3780	118383.140572093933	34543.386509827
3	3788	118478.638543149962	35988.708423967
3	3811	119387.557681064064	35798.348782834
3	3835	120024.576410333201	35946.955893358
3	3839	120280.760178175697	35596.329999066
3	3875	121264.740939774493	36116.035736802
3	3885	121496.786652178079	36429.954881917
3	3891	121927.230810726567	36773.35593792
3	3929	122978.014436362818	35498.355559878
3	3950	123831.550615316763	36218.502046698
3	3981	125011.798293461034	37099.332843211
3	3989	125162.942106536164	37185.419830648
3	3993	125302.328253927216	36936.221737729
3	4029	126482.409991455207	38195.500223344
3	4047	127069.431588639081	37818.775305145
3	4053	127348.586117439846	38706.975228445
3	4079	128688.038835486905	39202.755594618
3	4129	129823.900238676871	38915.235408149
3	4147	130405.511552643539	39308.263081551
3	4165	130668.635172705109	38806.407502767
3	4214	132266.060972901569	39723.325677273
3	4222	132620.798899138854	37987.63915631
3	4226	132656.7923656301	39865.090371032
3	4232	132775.105107620867	39447.466822654
3	4269	134266.052840285511	40229.167100362
3	4291	135024.204567371445	39340.8593955
3	4295	135163.758035554494	39920.208973047
3	4319	135503.986614067983	39666.720154067
3	4323	135595.174163662407	39834.646939758
3	4342	136376.230311960491	40064.654365077
3	4364	137016.699284837526	39812.598073957
3	4382	137676.284916893158	41041.514416819
3	4402	138132.750147069748	40273.926670439
3	4406	138168.387351612139	40167.059837643
3	4412	138351.761187891054	40175.508667154
3	4430	139033.355434433136	40420.887707173
3	4449	139636.306316425037	41167.190596676
3	4480	140546.71191098256	41573.533785733
3	4493	140796.320525464546	40682.47770267
3	4511	141559.91701993956	41693.205502377
3	4537	142731.989167091381	41309.185602983
3	4577	143723.393804010514	42550.988899443
3	4583	143987.931605604057	42136.516347977
3	4600	144509.854354028169	42411.01724896
3	4642	146154.338540258762	43280.910473045
3	4671	147163.230924681706	43225.519447197
3	4710	148733.674311943863	44163.865458939
3	4714	148811.591356444119	43506.376477379
3	4729	149135.695279967917	44313.625904808
3	4763	150043.66110121919	43945.007403334
3	4795	151341.491454586897	45080.087073959
3	4799	151514.931374805559	45214.74748896
3	4803	151657.504562969266	45412.152493003
3	4827	152942.78972905217	46308.925496445
3	4857	153792.903645912695	46970.478382112
3	4897	155594.764799048138	48285.022703345
3	4908	156186.343422046441	47896.680012451
3	4947	157527.323351959644	48826.967740418
3	4951	157734.934013458846	47644.815001023
3	4955	157920.298964817587	47836.034244148
3	4970	158511.544017513229	47733.014331438
3	4994	159608.184191778813	49510.596716785
3	5013	160102.356229714065	49215.328093059
3	5019	160299.206168885289	48861.04504643
3	5040	160714.687680563469	49376.915644463
3	5050	161119.39094867422	49267.133965588
3	5074	162135.061619617923	50167.730884557
3	5102	163225.537510000679	50627.743210734
3	5129	164028.221254852547	51634.793467758
3	5161	164856.315244211394	51996.525295224
3	5167	165077.72451309575	52358.803267877
3	5201	165955.372994699094	52181.941920529
3	5221	166670.452410540122	51682.101266649
3	5225	166740.202434238557	51825.419024049
3	5247	167330.072358800976	52391.940860951
3	5251	167693.748736941202	52676.413925201
3	5264	168086.70843097246	52975.343545292
3	5292	168954.819799466936	53527.481438157
3	5303	169257.79561650804	53773.058766061
3	5339	170321.95314553654	54540.551764577
3	5347	171165.692730993911	55329.054148226
3	5385	172130.865835268928	55210.363198109
3	5416	172922.65135137452	55146.548356668
3	5441	173382.527409324933	55583.409501463
3	5452	173561.904568261045	53664.415002681
3	5464	174028.887154498084	52959.136680892
3	5477	174191.530558353801	53698.255556902
3	5489	174343.987598000972	53009.561933676
3	5495	174984.935889484871	53764.96348627
3	5529	175593.312027751046	54062.704270701
3	5552	176250.839125431089	54168.125333047
3	5556	176575.052133210513	54373.660651405
3	5571	176907.611103254316	54558.381955736
3	5586	177494.508626338604	55109.860626282
3	5605	178180.931837669152	53334.83269388
3	5609	178407.023229422925	55583.852218292
3	5634	179540.330425182867	54567.236032857
3	5654	180186.661234114829	54674.903724852
3	5681	180765.615936935458	54480.774055368
3	5692	180909.936653523285	55006.708800079
3	5707	181335.108455401792	55937.239545673
3	5716	181636.038210048287	55134.449145289
3	5720	181646.407922253523	55676.69985333
3	5742	182619.406871840869	55985.893741913
3	5761	183252.004015071829	55474.68246603
3	5787	183735.945885021751	54998.400444467
3	5810	184498.77607528208	56837.163156777
3	5814	184502.475406889384	55741.177400673
3	5838	185266.909321770949	56467.722114258
3	5859	186056.829653867467	57011.413698701
3	5880	187042.321413483982	57163.950624674
3	5884	187050.893926537542	56923.965045455
3	5900	187774.88853256083	57192.279261233
3	5922	188703.869504873587	58385.867554469
3	5955	189057.81438829465	57472.431933961
3	5961	189307.119763261585	57971.960966888
3	5972	189635.793732405586	57640.752145727
3	5976	189642.792046739301	59049.864312718
3	6001	190959.708535725764	58498.255500706
3	6021	191628.505229876323	59176.460285578
3	6033	192221.976118533453	59472.237447054
3	6057	192603.600393590464	58670.040846259
3	6074	193242.185138918972	58907.946750974
3	6093	194165.658745475626	58673.709996215
3	6111	194530.593746351956	59521.511222312
3	6129	195145.419520743704	59004.185672044
3	6156	195706.146173710882	59097.78746475
3	6173	195963.585939557238	58890.085574801
3	6177	196048.661580820151	58924.975494941
3	6188	196480.310305914424	59629.687480761
3	6215	197117.562218344353	59051.770951674
3	6226	197393.596044677256	59830.673546325
3	6236	197439.26430117204	58245.779441782
3	6257	198300.157798995211	58762.41219548
3	6261	198377.459442867844	60097.455231899
3	6292	199215.125634044922	59808.267877977
3	6313	200309.540867201001	60384.190068525
3	6327	200489.392644575379	60742.043492624
3	6341	201105.796220340715	61141.097245658
3	6355	201488.878444238514	59149.855887698
3	6379	202479.092672233052	61989.430774753
3	6389	202685.246689758212	60217.211361462
3	6407	203295.959980560981	60043.36016895
3	6436	203886.651696458973	60316.796125822
3	6473	205013.728200009607	60185.675932345
3	6477	205164.883972311907	60691.836533963
3	6521	205939.913137984411	61761.343795229
3	6581	207396.003320150592	60499.989165838
3	6590	207575.436588619785	59778.695623382
3	6623	208486.258195739754	59575.443414668
3	6632	208913.314095168324	59780.629248485
3	6636	208952.990048144528	59729.233416094
3	6687	210588.069875781375	60756.101493021
3	6691	210625.753422920541	61466.041748454
3	6709	210950.461756473923	61221.327879152
3	6721	211268.899180368471	60860.840011961
3	6739	211684.425416468593	58585.357072224
3	6761	212259.690041279936	62206.837390422
3	6769	212478.417387910704	58310.594648156
3	6795	213539.914393628532	59184.842549027
3	6801	213803.816392422604	60408.080311022
3	6816	214476.393743093077	59942.908105344
3	6839	215263.503984667876	57946.273480814
3	6847	215370.36485708184	59212.083150993
3	6878	216634.703021569693	59249.098234658
3	6882	216767.558306465807	60548.507792588
3	6906	217191.453286596524	59756.879414456
3	6925	217811.571226214009	58134.928645336
3	6960	218641.482144865158	59783.561239613
3	6964	218745.301236855749	59025.348726724
3	6968	219213.660742974424	60973.743421344
3	6988	219777.490571123499	59574.274861171
3	6997	220022.511687873447	60294.488315599
3	7006	220211.601800898606	59837.085760017
3	7036	221407.432327464739	60781.052061781
3	7044	221624.389248351517	61022.49994176
3	7074	222206.526291322479	61245.37681692
3	7109	223068.525074618819	61482.704018747
3	7128	223384.438904531817	62226.245717579
3	7136	223938.860557080198	60819.108630293
3	7144	224042.349726130206	61702.453775686
3	7148	224055.825234287003	62067.73309557
3	7157	224303.00208423152	61425.528812688
3	7210	226465.219393261661	63232.948836068
3	7233	226947.126978580791	63364.493474462
3	7247	227602.206664570559	63579.551708577
3	7258	227818.830737768257	64139.354354877
3	7275	228665.55102715134	63735.287284863
3	7285	228997.688173447688	63622.799835224
3	7303	229480.728507422426	63876.787869833
3	7314	229758.385455944527	64109.427316509
3	7376	231503.292874860161	65764.506525275
3	7402	232051.664994406466	65218.149498075
3	7406	232058.647071177655	63509.290842731
3	7416	232317.083507209037	63998.915620848
3	7426	232548.215539165358	65660.014779358
3	7446	233085.009777267415	64010.866880246
3	7450	233303.249408964585	64723.77985797
3	7485	234492.446847931433	64992.528129151
3	7495	234953.823299630131	65477.165682762
3	7501	235078.401642356585	64796.482647396
3	7544	236311.595137865235	64095.248269795
3	7550	236434.695329944189	66123.704470631
3	7554	236582.772955802221	66340.930691525
3	7576	236961.921597021584	64413.257599199
3	7584	237383.550077749933	65523.485608681
3	7626	238370.073990031098	65382.501791286
3	7630	238429.096327571715	64982.3990251
3	7660	239674.122380801429	66037.302800947
3	7704	241104.817795577412	67293.830861163
3	7728	241626.181768466306	66530.726457027
3	7741	242145.930597659719	67279.760481648
3	7754	242739.675179422786	67725.551175455
3	7781	243307.365722191473	67415.457260511
3	7785	243412.320067992952	67946.116721083
3	7794	243690.22331072106	68269.997002719
3	7807	244221.644889918109	68520.62768444
3	7861	245734.418637101492	68777.058256413
3	7865	245739.391927941289	69049.272558436
3	7890	246444.650297871378	69344.542944835
3	7896	246553.381426391145	69050.672079619
3	7959	248865.720737100166	68503.270309516
3	7974	249217.258406354633	67991.518783504
3	7984	249724.257254983252	68908.190942528
3	7997	250210.23574785195	67109.831156511
3	8010	250551.470194515727	67020.101942956
3	8038	251240.697187649604	67519.027074209
3	8042	251445.656455027458	66876.246981876
3	8077	252836.201811629302	68036.043165659
3	8081	253373.413495392125	68153.448252265
3	8100	253999.718052093826	68404.38199103
3	8117	254535.534515267757	68992.132808204
3	8126	254639.99804332941	68950.279237737
3	8149	255504.324374982111	68295.0534322
3	8155	255631.256647574303	69615.879314571
3	8170	256022.794030549524	67522.091505635
3	8189	256834.861536948897	68245.350242449
3	8215	257643.4598293142	68925.957436726
3	8253	258749.304107409857	69809.617174943
3	8277	259523.298522502704	70699.226015587
3	8293	259968.276631656058	69681.579118545
3	8301	260411.61458388768	71353.530934903
3	8347	261631.609173865013	71159.865768512
3	8377	262799.905248273684	71845.547924743
3	8391	262875.869273197425	71410.607299094
3	8408	263492.323082183443	72287.090008937
3	8416	263773.16487740814	71927.488047037
3	8420	263782.196797952943	72099.528961888
3	8461	265039.57888446614	72582.003997605
3	8512	266237.736611953893	73147.271186416
3	8517	266238.612179903834	73371.396552008
3	8521	266336.142897690602	73849.475837392
3	8529	266730.784275653729	72755.936238714
3	8533	266838.554810638129	72271.753724102
3	8568	268104.362202080486	73338.073088459
3	8585	268621.926689940461	73097.409026411
3	8589	268892.929083042366	73487.733974544
3	8602	269212.750816439235	73337.166082999
3	8615	269753.316321110873	73870.577466242
3	8637	270369.485590635755	73874.118233059
3	8660	271167.347732401409	74510.582171823
3	8680	271570.616224732771	75442.691087945
3	8712	272585.785685319974	75176.780982308
3	8734	273317.669763610287	75849.144696003
3	8752	273799.412475564473	76671.189511868
3	8779	274690.245356346437	77142.036158842
3	8783	274749.262495682164	76303.711577428
3	8798	275029.414397842206	75863.087756182
3	8820	275619.43578247778	75764.249127125
3	8874	277023.504125968143	74382.500120487
3	8878	277182.763362078518	75186.229882899
4	126	5192.487571908655	2962.0148657678
4	202	8379.983754510554	4944.2559281288
4	238	9530.014318105329	5884.2164056244
4	246	9584.154419471444	5406.0597530143
4	414	14709.210565752285	6372.6377232095
4	418	14891.885268621642	6412.4093605467
4	446	15952.662873259681	6742.4857286121
4	485	16957.609629399079	6560.1855066143
4	550	18902.556278743717	6391.3808718261
4	593	20447.53516892058	7440.0664662659
4	643	22029.052671232197	8180.679838301
4	813	26887.563646948834	9231.8984390955
4	841	27688.9828901538	8058.8754335478
4	941	30130.455114607265	9725.7420360329
4	1024	32620.053735646357	10283.286319715
4	1244	39661.759147346889	13569.751003
4	1259	40013.80498276887	14012.569195481
4	1418	45008.967649453257	14780.986196573
4	1589	50327.175999703755	15241.786234914
4	1612	51344.133940458798	15873.748966337
4	1725	55421.602457883707	18068.061860598
4	1776	56989.205299577246	18092.85233587
4	1872	59475.131923126559	18163.232016553
4	1878	59698.337673499188	18956.215604175
4	1929	60888.101066759359	17718.6792314
4	1970	62047.100888768713	17750.220379099
4	2132	66112.321102163693	18492.699189917
4	2248	68965.668175349513	19398.570074545
4	2353	72613.226807199921	21411.423269629
4	2357	72688.295906771476	18624.517061344
4	2384	73234.660493145637	18125.798204908
4	2400	74024.073570471759	18902.423059267
4	2445	75550.464000609643	19988.431479322
4	2503	77444.896665819492	20072.940865177
4	2536	78774.683139173818	20871.622614746
4	2579	80661.850764882692	21908.957901313
4	2585	80794.647468159479	22746.76689891
4	2644	83032.132408312463	23314.240334248
4	2713	85044.692245273424	24967.297231414
4	2725	85785.303716714067	24343.947898839
4	2743	86512.74318136362	25366.226291382
4	2751	86813.550922059027	25352.179731505
4	2777	87650.067722295352	24888.327775279
4	2890	90633.250701668245	26269.270685233
4	2939	92077.938381778949	27295.421767196
4	2961	92723.16780052012	27112.768313496
4	3132	98704.095070425926	30358.288067952
4	3150	99296.477554997934	29443.441474443
4	3221	101743.168654153997	30642.283012484
4	3303	104194.857974919433	31220.845690064
4	3353	105612.231235502794	32512.562807627
4	3424	107643.828156905754	32374.058704973
4	3438	107818.32829691557	32223.746454258
4	3482	109536.937385777518	32655.158477594
4	3490	109613.901099516952	33462.483878303
4	3535	111059.33449879376	32339.116957239
4	3585	112737.325993476941	32999.927723069
4	3734	117408.97995189851	35753.045902158
4	3755	117831.709241951758	34449.178026821
4	3784	118392.211538812651	34910.548273113
4	3862	120953.131633569429	35400.029421526
4	3923	122624.205416227633	35185.655193028
4	3946	123546.822650191316	35938.557176744
4	4107	129371.819246924424	39592.677786517
4	4115	129613.912376890467	39823.126874603
4	4184	131578.558728872742	39431.05784932
4	4254	133741.231036513056	38799.512061614
4	4484	140677.077008195732	41900.302034588
4	4552	143228.489165772628	42145.241215155
4	4594	144253.948169556392	42455.188866682
4	4623	145345.474765934927	43171.944996982
4	4638	145695.891513292257	43237.36529818
4	4675	147226.41344473562	43617.617053954
4	4759	149965.37481376766	45133.203156354
4	4831	152971.734766586263	46429.767617897
4	4861	153888.589945129065	46926.830794429
4	4884	154847.806017648939	47592.045745535
4	5115	163468.042548185725	51477.238075418
4	5215	166472.741772412269	52473.376690109
4	5333	170306.536563791845	53689.010881949
4	5369	171638.661995575342	54956.586752857
4	5499	174995.40025868541	53003.617800296
4	5750	182973.82138950838	55828.15122876
4	5820	184616.798368458216	55753.011568397
4	6276	198765.557221575588	59047.522203836
4	6427	203755.867341506244	60990.649084929
4	6451	204547.404331835867	60633.764552017
4	6525	205960.824931886562	60853.274428279
4	6529	206119.857299997055	60488.661254402
4	6560	207052.420331464098	62135.200698929
4	6573	207249.680147041516	59723.078633782
4	6594	207741.699691040956	58882.909551223
4	6731	211526.629013876382	60504.665015168
4	6765	212428.880782759333	59734.135959449
4	7101	222843.002252179149	62169.658413981
4	7214	226477.493590962657	63182.126366699
4	7354	231202.669106070835	65037.926928295
4	7390	231714.149890875959	65085.650706545
4	7607	238057.802229568879	65130.592865648
4	7669	239944.948656131465	66183.546799451
4	7700	241038.548054852109	67284.40999697
4	7811	244489.695393937593	68259.606559581
4	7873	246200.477372725448	69011.266271543
4	7900	246613.288141860213	67074.465246162
4	7919	247730.806584154209	67555.918490581
4	8050	252004.241352501279	67601.806730347
4	8243	258550.607071370773	69821.270845138
4	8297	260299.957648125433	70875.285790698
4	8341	261487.51125627063	71601.087282607
4	8446	264629.725822907461	73045.419876164
4	8450	264644.375319779806	72199.771332744
4	8547	266981.208915264302	71641.657444979
4	8698	272084.815589737668	75357.235886765
4	8829	275994.525288714618	75908.819397383
4	8857	276719.059106140354	75699.192601892

