version 2
run Iteration-21-20200521-09:52:06-10464
attr configname Iteration
attr datetime 20200521-09:52:06
attr experiment Iteration
attr inifile omnetpp.ini
attr iterationvars "$i=2, $j=9, $0=15-(2+9)"
attr iterationvarsf i=2,j=9,15-(2+9)-
attr measurement "$i=2, $j=9, $0=15-(2+9)"
attr network Network
attr processid 10464
attr repetition 0
attr replication #0
attr resultdir results
attr runnumber 21
attr seedset 21
itervar i 2
itervar j 9
param **.resourcePool.amount 2
param **.resourcePool1.amount 9
param **.resourcePool2.amount 15-(2+9)
param **.source.interArrivalTime exponential(6min)
param **.delay.delay uniform(4min,28min)
param **.delay1.delay uniform(10min,28min)
param **.delay2.delay uniform(4min,16min)
param **.allocate.resourceModuleName "\"Network.resourcePool\""
param **.allocate1.resourceModuleName "\"Network.resourcePool1\""
param **.allocate2.resourceModuleName "\"Network.resourcePool2\""
param **.deallocate.resourceModuleName "\"Network.resourcePool\""
param **.deallocate1.resourceModuleName "\"Network.resourcePool1\""
param **.deallocate2.resourceModuleName "\"Network.resourcePool2\""
param **.router.randomGateIndex "uniform(0, 1) > 0.2 ? 0 : 1"

vector 0 Network.allocate queueLength:vector ETV
attr interpolationmode sample-hold
attr title "queue length, vector"
vector 1 Network.allocate1 queueLength:vector ETV
attr interpolationmode sample-hold
attr title "queue length, vector"
vector 2 Network.allocate2 queueLength:vector ETV
attr interpolationmode sample-hold
attr title "queue length, vector"
vector 3 Network.sinkStat lifeTime:vector ETV
attr interpolationmode none
attr title "lifetime of arrived jobs, vector"
attr unit s
vector 4 Network.sink lifeTime:vector ETV
attr interpolationmode none
attr title "lifetime of arrived jobs, vector"
attr unit s
0	0	0	0
0	15	1013.958121492289	1
0	17	1096.964959912262	2
0	23	1527.613526930424	3
0	25	1589.018017487962	4
0	31	1718.591298039241	5
0	33	1874.263644654985	4
0	38	2111.127081587207	5
0	40	2604.350159269508	4
0	45	2616.393464350247	3
0	50	2737.266402278382	4
0	56	2956.575643749082	3
0	65	3388.441987888062	2
0	74	3464.629143105891	3
0	76	3684.721604873177	2
0	93	4168.852115080798	1
0	98	4182.07109791792	2
0	100	4356.640243341717	3
0	106	4480.476791318608	4
0	112	4784.216694022204	5
0	130	5317.219365377661	4
0	135	5502.247787409568	3
0	140	5535.018643677107	4
0	142	5796.757579617013	5
0	144	5908.56222612294	6
0	146	5974.703393085548	7
0	148	6006.750361970979	8
0	154	6134.48143238514	9
0	164	6254.719838172448	10
0	170	6590.62692651939	11
0	172	6654.619747921082	12
0	178	6837.736533277774	11
0	183	6872.175479483541	10
0	192	6937.605162186451	11
0	194	7390.79377877816	10
0	199	7447.654533335561	11
0	201	7559.730347951039	12
0	207	8141.776039403821	13
0	209	8263.985872854229	12
0	226	8821.392847065489	13
0	232	8853.77528581127	12
0	241	9088.143078664151	13
0	247	9443.954617370602	12
0	256	9911.147988821501	13
0	258	9979.302308925534	12
0	267	10389.601020243701	11
0	272	10435.988020176184	12
0	274	10446.507305376878	13
0	276	10878.573056571496	14
0	282	10997.580528127058	15
0	292	11446.62774174656	16
0	294	11456.103151583219	15
0	307	11827.884280633864	14
0	316	12064.124023384943	15
0	322	12385.501506304175	16
0	324	12471.708499108193	15
0	329	12556.34463022753	14
0	346	12906.148327578542	13
0	351	13168.109459133077	14
0	353	13268.860035670895	15
0	363	13686.487927831522	16
0	365	13712.581326508069	15
0	370	13913.418400104514	16
0	372	13943.73986160641	17
0	378	14104.747170534668	16
0	383	14165.998108480063	17
0	389	14517.120931551898	16
0	402	14602.034881902302	17
0	412	14999.005029940153	16
0	421	15284.77020966439	17
0	423	15299.919221373892	18
0	425	15578.998329297746	17
0	430	15589.030657176612	16
0	439	15758.320018421832	17
0	449	15958.461595200723	18
0	467	16659.492344688986	19
0	469	16732.193157815481	18
0	478	16749.360246179295	19
0	484	16904.128473923467	20
0	486	16987.047477354048	19
0	495	17468.607202178988	20
0	497	17522.674574845577	19
0	502	17751.870930323886	20
0	504	17853.796663151472	21
0	510	17988.918803919791	20
0	519	18223.485902849001	21
0	525	18353.883134053955	22
0	527	18576.091087002992	21
0	536	18758.932878052306	22
0	538	18785.046488660094	23
0	540	19065.467063813411	24
0	546	19104.578260214175	23
0	551	19128.302337963819	22
0	556	19395.12656714126	21
0	569	19613.460201243477	22
0	571	20101.377052803278	21
0	576	20157.315503555183	22
0	586	20266.986578845526	21
0	595	20425.141113363829	22
0	613	20528.156529207468	21
0	626	20985.38194655323	20
0	635	21252.613477638851	21
0	641	21377.962710254933	20
0	654	21932.004054219569	19
0	659	22032.179871805745	20
0	677	22535.86267087767	21
0	683	22636.96107274735	20
0	692	22809.498400346483	19
0	697	22847.089650233555	20
0	699	23241.513548306409	21
0	705	23361.852630917253	22
0	707	23566.72903328085	21
0	724	23894.120365491692	22
0	734	24163.684756190623	21
0	739	24408.945474600043	22
0	741	24546.485599760423	23
0	743	24640.017028599409	24
0	745	24727.236692112625	23
0	750	24816.172638940148	24
0	752	24932.505389649338	25
0	758	24969.571014561797	24
0	763	25066.498112581282	25
0	765	25318.351957512411	26
0	767	25442.741223861218	25
0	776	25665.335261922177	26
0	778	25718.598647388485	27
0	780	25731.929922600787	28
0	786	25895.909249844555	29
0	788	25940.080648368712	30
0	790	25943.148468743227	31
0	804	26201.303412189931	32
0	806	26243.448943146722	33
0	816	26613.315888338829	32
0	821	26662.657628087546	33
0	831	27056.942378231311	34
0	833	27067.098945368767	33
0	838	27182.63321371396	34
0	840	27319.817085296954	33
0	845	27328.835672064524	34
0	855	27991.571308565423	35
0	861	28061.585154075861	34
0	866	28096.239121070009	35
0	868	28119.545644446623	36
0	874	28424.722569746105	37
0	876	28493.229261406805	36
0	881	28545.22648599288	37
0	887	28615.878030237496	36
0	892	28660.624677755453	37
0	894	28808.944890489703	38
0	900	29144.904300087959	39
0	902	29293.198033227134	40
0	904	29443.859720263125	41
0	906	29447.659529664661	40
0	919	29512.915554768373	41
0	925	29624.075358548087	42
0	939	30022.037989710212	41
0	948	30390.810127899207	42
0	950	30410.700641040714	43
0	952	30525.955243948795	44
0	954	30656.448114172663	43
0	959	30675.866360464579	44
0	961	30727.32455972824	45
0	963	30790.739727636201	46
0	973	31333.059784871281	45
0	978	31664.595265344824	44
0	987	31966.631339127004	45
0	1001	32579.743444126786	44
0	1014	32982.727699198868	43
0	1019	33239.003700687482	44
0	1021	33429.200728152634	43
0	1034	33682.389724173691	42
0	1039	33779.075432196087	43
0	1045	34440.72537729144	44
0	1055	34679.272307922537	45
0	1057	34827.866841059865	44
0	1070	35221.518602696003	43
0	1075	35285.107019909766	42
0	1088	35767.28677650172	43
0	1090	35863.895572302263	44
0	1096	35956.387382314785	45
0	1102	36220.204500822656	46
0	1108	36477.506942563441	47
0	1110	36518.466211861662	48
0	1112	36591.0665026243	47
0	1117	36595.185718604743	48
0	1127	36846.497113768698	47
0	1140	37776.764173434284	48
0	1146	38004.757837795761	47
0	1155	38297.930915934923	48
0	1157	38307.050734487118	47
0	1166	38501.986005651608	48
0	1168	38560.113625445512	47
0	1177	39195.903782523621	48
0	1179	39234.758967382439	49
0	1197	39723.352522061315	48
0	1202	39917.152558114498	49
0	1204	39956.981086347939	48
0	1213	40147.886201285866	47
0	1218	40355.092946000733	48
0	1220	40371.342475478293	47
0	1225	40388.708461363088	48
0	1227	40392.250732698587	47
0	1232	40515.217694767695	48
0	1242	40945.966687080206	47
0	1247	41223.147449941579	48
0	1249	41323.988054697893	49
0	1259	41579.836034813271	50
0	1261	41641.964977004675	49
0	1270	41785.227323338384	50
0	1276	41819.000321691141	51
0	1281	41966.17199777163	52
0	1283	42001.437028287763	53
0	1290	42078.010201889921	54
0	1300	42236.038324300887	53
0	1309	42304.902504601626	52
0	1314	42550.078486808457	53
0	1324	42933.29547840461	52
0	1329	43012.7383908152	51
0	1338	43114.761346936383	52
0	1348	43447.473721093341	53
0	1350	43473.901013292479	54
0	1352	43533.408403762727	53
0	1377	44321.574773703458	52
0	1382	44337.193538279383	51
0	1399	45275.54900400576	52
0	1401	45436.209342489391	53
0	1403	45458.99970405294	54
0	1405	45496.360811435728	53
0	1414	45776.450506959798	52
0	1419	45846.95333777855	53
0	1425	46618.111715455296	52
0	1434	46697.01589693745	53
0	1444	47027.386404567509	52
0	1457	47304.872849130183	51
0	1466	47415.321518842819	50
0	1471	47448.923278362805	51
0	1481	48300.724064372997	52
0	1483	48386.631785932201	53
0	1489	48629.866846718937	52
0	1498	48737.68719467217	51
0	1507	48909.970829890221	50
0	1512	49234.319722126698	51
0	1514	49249.693295500616	52
0	1532	49719.571509350779	51
0	1545	50279.730133552792	50
0	1554	50427.947031588405	49
0	1563	50708.8147345377	50
0	1581	51404.420217902511	49
0	1586	51610.073062327562	50
0	1588	51725.036245611253	49
0	1597	51802.895817522047	50
0	1603	52016.471664456252	51
0	1605	52047.754456523213	52
0	1611	52161.772284820285	53
0	1613	52228.403891724291	52
0	1622	52529.975053860117	53
0	1628	52657.643822238892	52
0	1637	53034.177450346186	53
0	1643	53339.730385009887	52
0	1648	53349.613924864338	53
0	1654	53541.112967118545	54
0	1656	53718.969818272739	53
0	1665	54023.039669858004	54
0	1667	54024.246667654365	53
0	1676	54056.641213361862	52
0	1685	54327.865971137205	53
0	1695	54760.166832649261	52
0	1700	55041.089247483861	53
0	1706	55100.941536658566	54
0	1716	55152.236751605513	53
0	1721	55234.881807606885	54
0	1731	55724.162971706242	53
0	1740	55806.457419819232	54
0	1742	56122.581254941168	53
0	1747	56123.243688311556	54
0	1753	56185.328063646618	55
0	1759	56369.698599589324	56
0	1765	56446.503175225191	57
0	1775	57007.171505012662	56
0	1796	57748.376299504879	55
0	1801	57769.207914759647	56
0	1807	58294.929266110569	57
0	1813	58423.360486061425	56
0	1818	58753.671402175668	55
0	1823	59041.324669786842	54
0	1828	59092.329898764137	53
0	1837	59281.341817954298	54
0	1839	59585.901150068862	55
0	1853	59833.702078008206	54
0	1862	60108.785839666001	55
0	1864	60161.211943267751	56
0	1878	60403.564215068463	55
0	1883	60553.651980602296	54
0	1888	60660.675949423996	55
0	1890	60674.578530852441	54
0	1899	60879.208530973803	55
0	1901	60939.242715168251	56
0	1907	61217.202779919668	57
0	1909	61267.663840570601	56
0	1918	61400.47064688048	57
0	1920	61474.995302589785	58
0	1922	61486.300198685178	59
0	1924	61530.42359373823	58
0	1929	61532.491147544924	57
0	1942	61694.060512810675	58
0	1948	61890.580349557152	59
0	1954	61937.254712209078	60
0	1960	62211.167885207685	59
0	1981	63008.739115300268	60
0	1987	63056.415657480059	61
0	1993	63157.470673833732	60
0	2002	63516.415546339695	59
0	2011	63813.940763690623	58
0	2020	63876.021452979395	59
0	2030	64378.496719368848	58
0	2039	64859.929881760034	57
0	2048	65089.208555918877	56
0	2057	65336.407656290683	55
0	2066	65468.305229272455	56
0	2068	65545.05096837479	57
0	2070	65611.41680829086	58
0	2076	65704.007056503601	59
0	2078	65747.911573493037	58
0	2099	66341.805491287951	57
0	2112	66742.414963870632	58
0	2114	66896.044548855835	59
0	2116	67165.689131495478	60
0	2118	67234.818124127333	59
0	2127	67391.918727413866	58
0	2136	67642.64363239402	57
0	2149	68121.154294154043	58
0	2151	68160.491142076491	59
0	2153	68217.903991297934	58
0	2162	68516.635417890493	57
0	2167	68528.002443033214	58
0	2169	68595.845853673704	59
0	2179	68934.495569051359	58
0	2188	69390.554051500503	57
0	2201	69733.860055648837	56
0	2230	70396.192849383805	55
0	2235	70410.00617320532	54
0	2240	70526.75759800674	55
0	2250	71056.714569466476	56
0	2252	71081.527419750337	55
0	2257	71155.945115910628	56
0	2263	71182.803668149863	55
0	2272	71426.76753230569	56
0	2278	71711.926590369224	57
0	2308	72643.550414320771	56
0	2313	72697.710007534479	55
0	2318	72994.930933228553	56
0	2324	73105.224987499275	57
0	2326	73201.796383520853	58
0	2328	73248.442865748779	59
0	2334	73416.911465014279	60
0	2336	73458.142577467645	61
0	2338	73730.65129432187	60
0	2351	74242.984830726628	59
0	2360	74815.928659805214	58
0	2365	74978.671922151689	57
0	2370	75155.659546808457	56
0	2375	75170.757088457267	57
0	2385	75470.617034052752	58
0	2387	75488.762237158362	57
0	2392	75559.564535701561	58
0	2422	76461.45494495078	59
0	2428	76512.272737206077	58
0	2437	76679.068970897357	59
0	2439	76682.639910880935	60
0	2445	76955.371649366548	61
0	2447	77129.220829893593	60
0	2452	77301.86881417958	61
0	2458	77868.181096383488	60
0	2467	78251.612520319168	59
0	2476	78622.675963023318	60
0	2478	78642.988320069442	61
0	2484	78972.446001627832	62
0	2490	79273.230266937172	61
0	2495	79317.927787218933	60
0	2504	79458.448383343349	61
0	2506	79760.843809236531	60
0	2523	79977.821826047152	61
0	2525	80031.732266799664	60
0	2530	80052.73309035906	61
0	2536	80436.034600295348	62
0	2538	80527.942443227468	63
0	2548	80976.306933414881	62
0	2561	81406.27024899528	61
0	2570	81805.882812341918	62
0	2572	81890.412443977376	63
0	2578	81985.885771953618	62
0	2583	82128.952766135461	63
0	2589	82468.1065059272	64
0	2591	82514.668525446896	63
0	2596	82591.789832871345	64
0	2598	82596.586132055991	65
0	2612	83008.851190869455	64
0	2617	83144.104632136595	65
0	2627	83474.074060000518	66
0	2629	83620.46211234585	65
0	2634	83775.143149149363	64
0	2647	84145.098402154391	63
0	2664	84832.171650634265	62
0	2677	85122.278554780774	63
0	2683	85223.292505995488	62
0	2688	85404.009202614276	63
0	2690	85404.613474893347	64
0	2692	85437.798303951263	65
0	2694	85513.711644475108	64
0	2699	85608.209035060448	65
0	2709	85764.925357190571	66
0	2711	85968.229674670317	67
0	2713	85995.88777783618	66
0	2722	86212.408650786948	67
0	2728	86333.999585065978	68
0	2730	86693.390369244392	69
0	2732	86706.642934855765	68
0	2737	86800.102271309837	69
0	2743	86946.48800908234	70
0	2749	87028.357448375513	71
0	2755	87416.532893770492	70
0	2760	87469.408029344624	69
0	2781	88213.408023668762	70
0	2783	88276.262585365331	69
0	2788	88281.34834175704	70
0	2790	88309.097446080988	69
0	2807	88917.27987352051	70
0	2813	89005.368329911907	71
0	2815	89040.075889758845	72
0	2817	89144.846970218059	73
0	2819	89213.062683039462	72
0	2832	89633.09204796892	73
0	2838	89728.546359156018	72
0	2847	89960.126768344199	71
0	2852	90116.86454818741	72
0	2870	90870.027832680499	71
0	2879	91178.742061996018	70
0	2884	91273.414335463887	69
0	2889	91588.565485134201	70
0	2891	91588.761773955768	69
0	2904	91681.817818177282	70
0	2914	92000.803716087168	71
0	2916	92221.3608296807	72
0	2926	92742.399412685191	71
0	2939	93009.014797200209	70
0	2948	93555.347373935027	71
0	2950	93578.322629102623	70
0	2967	93844.308132090359	71
0	2969	94000.650138583726	70
0	2974	94021.036909864831	71
0	2976	94097.085166421563	72
0	2990	94902.036808312988	71
0	2995	95005.672616165823	70
0	3008	95633.663312277087	71
0	3010	95843.723092552966	70
0	3027	96094.64850170723	71
0	3033	96338.767534957545	72
0	3035	96455.990353081787	73
0	3037	96497.201662280714	72
0	3050	97186.048624914831	71
0	3055	97231.632494845545	70
0	3060	97281.304428520295	71
0	3066	97446.192186878041	72
0	3080	98324.399411705083	71
0	3085	98438.063949561248	72
0	3095	98669.841467769003	71
0	3104	98876.19637448124	72
0	3106	98960.603043873555	71
0	3111	99129.590804843975	72
0	3113	99455.696427600874	73
0	3115	99580.233944312787	72
0	3136	100018.017876942399	73
0	3142	100381.217972685628	74
0	3148	100411.790611323661	73
0	3157	100798.174450536019	72
0	3162	100840.083248646116	71
0	3171	101243.531429943389	70
0	3176	101286.503406142492	71
0	3186	102045.900276238875	72
0	3188	102058.94783683192	73
0	3198	102440.79887128318	72
0	3203	102502.322892689264	71
0	3212	102600.895651704151	72
0	3214	102732.734870581016	73
0	3216	102838.252928380628	74
0	3218	102936.675337264647	75
0	3228	102966.586393107421	74
0	3237	103112.969265573776	73
0	3242	103377.040237885661	72
0	3247	103379.91495405895	73
0	3253	103476.875237369097	72
0	3258	103582.533018979507	73
0	3268	104159.603106894649	72
0	3285	104532.487385766897	73
0	3295	104752.695666243083	72
0	3312	105319.785952226378	71
0	3317	105379.192451634613	72
0	3327	105635.911191020853	71
0	3332	105766.114993584432	72
0	3338	105923.980544575609	71
0	3343	105980.979878609131	72
0	3349	106325.35060505674	71
0	3354	106366.614934497724	72
0	3364	106574.56057666483	73
0	3370	106913.930386263961	74
0	3380	107151.407330733485	73
0	3389	107337.904498270693	74
0	3391	107361.93926724115	75
0	3393	107369.42977450148	74
0	3398	107448.505730730242	75
0	3404	107808.849130978704	76
0	3414	107983.208623890526	75
0	3427	108470.889159442839	76
0	3429	108722.935507324285	75
0	3438	109019.957906814273	76
0	3440	109025.808685564555	75
0	3445	109107.230009984917	74
0	3450	109125.624085582348	75
0	3460	109159.424280487739	76
0	3462	109345.793669654029	77
0	3464	109363.398653928882	76
0	3473	109606.346079402722	75
0	3490	110250.211104479379	74
0	3507	110654.388752912089	75
0	3517	110855.687005290452	76
0	3519	110917.100100283272	75
0	3524	110964.870913314737	76
0	3530	111023.804226145515	77
0	3532	111074.553263516284	76
0	3537	111136.900849487631	77
0	3543	111540.59805305027	78
0	3549	111778.749191907295	79
0	3551	111839.781557580063	80
0	3553	111917.55253434286	81
0	3555	111921.647425175763	80
0	3560	111962.771887560247	81
0	3562	112100.047397689922	82
0	3572	112226.165211227484	81
0	3577	112232.572437174311	82
0	3583	112543.287061771788	83
0	3589	112859.950977121249	84
0	3591	112951.6975054805	85
0	3597	113133.531276365735	86
0	3603	113250.540034052677	85
0	3608	113343.089158863879	84
0	3621	113856.865537292294	85
0	3623	113871.855063916303	84
0	3632	114017.548836443873	85
0	3634	114198.239107009716	84
0	3639	114403.205894933201	83
0	3644	114442.223842138175	84
0	3646	114610.375822362251	83
0	3655	114728.947837731861	84
0	3661	114949.55505491091	85
0	3679	115592.081153870679	84
0	3684	115699.949370830453	85
0	3686	115719.41833437394	86
0	3696	115806.497792833958	87
0	3702	115959.204453391319	88
0	3704	116079.582810279674	87
0	3709	116125.767830751422	88
0	3711	116228.138992648094	89
0	3721	116451.901257064886	88
0	3742	117097.862836451389	87
0	3751	117390.332384902729	88
0	3753	117508.707278285868	87
0	3758	117512.751063576756	88
0	3768	118408.486247801341	87
0	3781	118773.83831619168	86
0	3794	119179.411703300423	85
0	3815	120020.739199251987	84
0	3820	120034.846298091833	85
0	3822	120293.03309998358	84
0	3831	120984.76436919824	83
0	3840	121089.64953972841	82
0	3849	121358.584244985826	81
0	3854	121508.592115224458	80
0	3875	122411.599727055638	81
0	3877	122417.553931464202	80
0	3890	122489.477481121871	81
0	3892	122495.910136157315	82
0	3894	122578.26947724777	83
0	3896	122644.631592215158	82
0	3901	122656.579291618889	83
0	3907	122703.302527964807	84
0	3921	123429.478074823267	83
0	3926	123546.289273058842	84
0	3940	123902.980417193033	83
0	3945	124026.217370465134	84
0	3947	124092.054922665499	85
0	3953	124287.963496237767	86
0	3959	124863.135806423373	85
0	3964	124932.648481702713	86
0	3966	124960.905141883176	87
0	3968	125012.718090222337	86
0	3977	125407.041781426527	85
0	3982	125450.041529563017	84
0	4007	126244.497112376488	85
0	4009	126303.820157427589	86
0	4011	126330.10612680921	87
0	4013	126395.559473627881	88
0	4019	126494.467121724732	87
0	4028	126637.458496933336	88
0	4034	126771.434517570891	87
0	4051	127203.750562926047	88
0	4053	127270.550845309058	89
0	4055	127366.313552674819	90
0	4057	127382.802441560783	89
0	4066	127578.425862605173	90
0	4068	127582.521087070042	91
0	4074	127608.996933315642	90
0	4079	127627.315140881695	89
0	4084	127750.791622380506	90
0	4086	127764.260114408561	91
0	4100	128374.586498581924	90
0	4117	129137.86343067868	91
0	4119	129187.974827539869	90
0	4132	129468.910707361074	91
0	4134	129568.241344053367	92
0	4144	129972.954569601574	91
0	4149	130133.556896288641	90
0	4154	130401.617924514616	91
0	4156	130496.146550157257	92
0	4178	131387.39490586216	91
0	4183	131440.837696036948	92
0	4189	131648.936152787068	91
0	4194	131753.623107834172	92
0	4196	131779.594624367387	93
0	4198	132461.623152450779	92
0	4211	132831.775803652369	93
0	4213	132917.589307901211	92
0	4226	133192.530483373561	91
0	4235	133491.235471781393	92
0	4237	133551.548441749759	91
0	4242	133788.682208996103	92
0	4244	133915.515893771573	93
0	4250	134057.007134623987	94
0	4256	134217.149856940963	93
0	4261	134224.695286273486	94
0	4267	134437.042523374447	95
0	4277	134665.084842380678	96
0	4283	135031.444131833263	95
0	4300	135325.754196664993	96
0	4302	135521.678893447974	95
0	4307	135987.925820600935	94
0	4312	136304.297119753307	95
0	4314	136342.842179451831	94
0	4331	136741.773957901755	93
0	4340	136927.144461673446	92
0	4353	137438.027932037361	91
0	4366	137855.059434789551	92
0	4376	138192.101524349995	91
0	4389	138397.563099482218	90
0	4410	139395.024038617261	89
0	4419	139858.625995962754	90
0	4421	139861.019050062755	89
0	4426	139926.947839771159	88
0	4435	140118.421541528427	89
0	4441	140197.888508209148	88
0	4446	140347.702446697376	89
0	4460	140932.153696966119	88
0	4465	141033.899819770017	87
0	4474	141305.77014750684	86
0	4483	141323.748074032128	87
0	4485	141488.146360370853	88
0	4499	141983.27289491252	87
0	4504	142055.756723653495	88
0	4514	142449.848492145913	89
0	4520	142547.324795791069	88
0	4525	142765.278986123152	87
0	4534	142912.560341947833	86
0	4551	143937.623761732824	85
0	4560	144233.167006615008	86
0	4562	144306.844500307955	87
0	4564	144390.700134277691	88
0	4574	144521.883653944523	89
0	4580	144585.712886297265	88
0	4589	144631.92777790467	89
0	4591	144903.999827866204	88
0	4600	144943.268303567935	89
0	4610	145310.588426887788	90
0	4612	145554.071554162661	89
0	4617	145577.18755199457	88
0	4622	145718.090992422439	89
0	4624	145770.232955150063	90
0	4626	145865.749167458276	89
0	4631	145925.60539839141	90
0	4637	146065.297140882113	91
0	4643	146164.957672248359	92
0	4657	146871.516737559001	91
0	4666	146952.664152741586	92
0	4668	147064.7440762946	93
0	4674	147221.382731784829	92
0	4683	147346.254446507108	93
0	4685	147564.419757229039	92
0	4694	147825.891934701364	91
0	4711	147998.938230414638	90
0	4724	148506.247617680181	91
0	4726	148571.874489293556	90
0	4731	148651.46439314631	91
0	4733	148678.964411947951	92
0	4743	148947.070860665986	91
0	4764	149691.663440869312	90
0	4769	149736.233223537491	91
0	4775	149858.944049690613	90
0	4800	150927.017392919521	89
0	4805	151075.919842170976	90
0	4807	151211.309946355173	89
0	4816	151331.799759870888	90
0	4818	151441.69434756386	91
0	4820	151625.288400031906	92
0	4822	151714.706220020303	91
0	4831	151795.005438097875	90
0	4836	151819.331435112684	91
0	4850	152146.612827100913	90
0	4855	152226.831062864885	91
0	4861	152592.712010545782	92
0	4863	152685.644153908948	91
0	4872	152861.912626122592	92
0	4874	152876.523689403647	93
0	4880	152928.079990883121	92
0	4893	153189.397679184327	91
0	4898	153201.130564504425	90
0	4911	153757.706538205214	91
0	4913	153812.376359135966	90
0	4938	154692.95032235677	89
0	4951	155068.389501751523	88
0	4956	155343.211370826679	89
0	4966	155438.067231922124	90
0	4968	155737.894382446445	91
0	4974	156127.489998222451	90
0	4979	156193.013985258291	89
0	4984	156259.424624489882	90
0	4990	156437.106271257685	91
0	4996	156661.358269463177	92
0	5010	157492.161081613164	91
0	5023	157683.07836792315	90
0	5028	157731.248871225368	91
0	5034	157919.424921731671	92
0	5036	157988.312699676614	91
0	5041	158012.071783830175	90
0	5050	158878.244584121864	89
0	5067	159161.700878928894	90
0	5069	159282.587825327381	91
0	5075	159375.878954682664	92
0	5077	159514.746205386469	91
0	5082	159520.951692759794	92
0	5096	160119.015802101355	91
0	5105	160257.237609102085	92
0	5107	160554.435576674292	91
0	5120	160694.331665868655	92
0	5122	160710.129385807674	91
0	5131	160934.782555651615	90
0	5136	160937.653756219465	91
0	5138	161269.650312055598	90
0	5147	161519.972266585689	89
0	5152	161525.46877014334	88
0	5165	161676.316717006155	89
0	5179	161923.486450233776	90
0	5181	162090.368173904785	91
0	5187	162565.183500376294	90
0	5204	162953.033462830942	89
0	5221	163580.164414712351	88
0	5226	163638.969130391218	89
0	5232	163858.375334362812	90
0	5238	164093.71872278745	89
0	5247	164306.403579444748	88
0	5252	164355.062838223527	87
0	5257	164469.082004673404	88
0	5267	164831.639622898096	89
0	5273	164996.378055899701	90
0	5275	164998.642900928525	91
0	5277	165065.626097276659	92
0	5283	165199.611166969997	91
0	5296	165440.162230471294	92
0	5302	165655.793680351923	91
0	5307	165663.13393623128	92
0	5309	166049.252967593839	93
0	5315	166094.021888627685	94
0	5317	166122.229811515877	95
0	5319	166148.788377930477	96
0	5325	166166.631371097569	97
0	5331	166765.539802529973	96
0	5340	166774.649119501083	97
0	5342	166838.4344185801	98
0	5344	166946.672874380599	97
0	5349	167072.919995964629	96
0	5358	167361.12404727095	97
0	5364	167548.270966027628	96
0	5381	167810.005843968255	95
0	5386	168183.559394025368	94
0	5399	168666.968541459646	95
0	5401	168718.596277971517	94
0	5418	168971.71615821617	95
0	5436	169754.868174126402	96
0	5438	169762.827369075965	95
0	5443	169785.950476919149	96
0	5445	169800.37599369244	95
0	5454	170409.87817677961	94
0	5463	170583.429089103591	93
0	5476	170957.19834326234	94
0	5478	171038.083502123669	95
0	5480	171125.190457540124	96
0	5482	171167.188594815087	95
0	5503	171689.379108579022	94
0	5516	171980.784112117546	95
0	5522	172395.450513776679	96
0	5524	172426.604996313107	95
0	5537	172678.923076300288	96
0	5539	172976.475860172075	95
0	5552	173081.152538859422	96
0	5554	173170.523187042582	97
0	5556	173330.079673786431	98
0	5558	173377.743940337064	99
0	5564	173459.638825489908	100
0	5574	174083.086303722811	99
0	5579	174419.234188155395	98
0	5588	174826.597339613756	99
0	5594	175170.548995561329	100
0	5596	175526.640447144163	99
0	5601	175539.574455724222	98
0	5606	175838.292674397258	99
0	5616	176210.819416374184	100
0	5618	176275.805671995052	101
0	5620	176432.171064869625	100
0	5625	176662.897869185492	101
0	5627	176744.064067964209	100
0	5640	176978.764551229291	101
0	5642	176980.79806889106	102
0	5644	177094.916793758031	103
0	5650	177186.24477143283	102
0	5655	177442.079403096003	101
0	5676	178053.4338503267	100
0	5685	178284.955608946038	99
0	5694	178564.490367371583	100
0	5716	179119.70051258163	99
0	5725	179302.46363673251	100
0	5727	179442.895914640976	99
0	5748	180653.730476838045	100
0	5750	180655.982811332986	101
0	5752	180723.176509758067	102
0	5754	180758.64205460356	101
0	5759	180863.946342197014	100
0	5772	181204.414860991257	101
0	5774	181529.0489217679	102
0	5776	182108.917015113993	101
0	5781	182189.314569284467	102
0	5787	182241.04574414785	101
0	5796	182461.310644394163	102
0	5798	182595.866883237613	101
0	5803	182640.524969605174	102
0	5805	182642.743080767442	103
0	5807	182725.879463762242	104
0	5821	183210.062206418379	103
0	5826	183418.633697012379	104
0	5832	183735.528188635362	103
0	5853	184373.072277890121	104
0	5863	184510.172556371554	103
0	5876	185152.793223325861	102
0	5881	185350.020553625983	103
0	5883	185478.546097756489	102
0	5888	185942.413022362753	101
0	5893	186005.715894422472	102
0	5907	186251.176468872591	101
0	5912	186458.848060917807	100
0	5929	186959.414587474202	101
0	5935	187019.246371376232	102
0	5941	187280.885860797716	101
0	5954	187685.948329077228	100
0	5959	187825.116088465844	101
0	5973	188287.041999836219	100
0	5978	188363.935933527325	101
0	5984	188709.037699543997	100
0	5989	188752.228989031864	99
0	6002	189111.528035582169	98
0	6007	189172.278350255808	99
0	6017	189541.259622675134	98
0	6022	189782.828108769609	97
0	6027	189986.631460928484	96
0	6044	190507.750523195728	95
0	6049	190566.172813111392	96
0	6055	190670.361364436103	95
0	6060	190737.005075508365	96
0	6062	190774.128938904894	97
0	6072	190929.28618173407	96
0	6077	190952.314048170933	97
0	6099	191551.887081252599	98
0	6101	191706.424169832036	97
0	6114	191836.462436593932	98
0	6124	191954.783245538129	97
0	6129	192002.034757354424	96
0	6142	192439.724323254778	95
0	6159	192811.343375195822	96
0	6161	192916.733278066979	95
0	6178	193905.364330106543	94
0	6187	193998.27955449815	93
0	6192	194030.603695312625	94
0	6202	194372.710223303305	93
0	6207	194392.542734496402	94
0	6221	195074.697044816568	93
0	6226	195515.189020186168	94
0	6232	195548.869527609216	93
0	6241	195808.750270308602	94
0	6243	195898.560149957194	93
0	6252	196089.950709639913	94
0	6254	196099.55746379396	95
0	6260	196346.483338587648	96
0	6270	196475.094157264696	95
0	6279	196666.799333643868	94
0	6284	196688.145420033977	95
0	6294	197218.565477383092	94
0	6299	197277.690379464866	95
0	6305	197405.864210867451	94
0	6318	197811.348327689932	93
0	6331	197957.713685275451	94
0	6333	197984.07216349292	95
0	6335	198065.183853305398	96
0	6337	198211.627808947817	95
0	6350	198463.276257835253	96
0	6356	198656.753495436863	95
0	6369	198966.378352449404	94
0	6374	198984.540616167388	95
0	6384	199177.452823169426	96
0	6394	199665.392967269884	95
0	6403	199897.935891364471	94
0	6420	200516.358167746232	93
0	6425	200607.666654544836	94
0	6427	200805.663704657409	95
0	6433	200956.714817637098	96
0	6435	200994.036043648378	95
0	6440	201169.236001182286	96
0	6446	201320.345935107337	95
0	6451	201382.920087363797	96
0	6457	201672.428735264705	95
0	6470	202228.43260862744	96
0	6472	202254.600343432979	95
0	6481	202396.109086105988	96
0	6487	202658.335575566755	95
0	6508	203183.646247702274	96
0	6518	203672.075463485674	95
0	6523	203798.403660089837	94
0	6536	204178.720904098021	93
0	6545	204523.429487937384	94
0	6547	204758.440494228856	93
0	6556	204820.834439618357	94
0	6558	205090.047623224744	95
0	6560	205093.410087237036	96
0	6566	205438.533837171372	97
0	6584	205631.018016672175	98
0	6586	205821.807728738653	97
0	6591	205952.15038845123	98
0	6593	206072.255034774014	99
0	6599	206293.131471824603	98
0	6604	206327.064611690362	99
0	6610	206641.02608503857	100
0	6612	206790.473795862066	99
0	6617	206827.757148016084	100
0	6619	206885.925038408127	101
0	6625	207178.612550694859	102
0	6627	207254.308435033802	103
0	6637	207444.934585471074	104
0	6639	207687.437703492928	105
0	6641	207859.354698088722	104
0	6654	207899.580657292145	105
0	6660	208029.064203688889	106
0	6662	208408.15565302329	105
0	6667	208427.233129191811	106
0	6669	208453.726383884208	105
0	6674	208740.917007655966	104
0	6679	209034.727607483206	105
0	6685	209314.534269858854	104
0	6694	209730.905077775424	105
0	6696	209923.569682917189	106
0	6702	210014.707702205646	105
0	6714	210111.135101291381	106
0	6721	210195.565081492055	107
0	6739	210825.264086936372	106
0	6744	211115.447348435265	107
0	6746	211141.63963186847	106
0	6755	211526.262570417932	107
0	6757	211634.781909819783	108
0	6759	211752.921778958994	107
0	6776	212321.250579665898	108
0	6782	212475.024710557486	109
0	6784	212554.489139492411	110
0	6790	212612.953361830757	111
0	6792	212662.814906940926	110
0	6797	212929.204745747048	111
0	6799	212929.493561413842	110
0	6812	213246.704930954743	109
0	6817	213500.719426599103	108
0	6822	213597.559081215942	109
0	6824	213802.220931642819	108
0	6829	214052.540672405735	109
0	6835	214121.484715630072	108
0	6852	214589.575833108979	107
0	6857	214598.004402663329	108
0	6859	214631.420203440953	107
0	6884	215071.937716213534	108
0	6890	215167.055432871272	109
0	6892	215243.61022203242	110
0	6902	215707.03898860957	109
0	6907	215723.035124032092	110
0	6913	215822.987186099464	111
0	6915	215938.8612824242	110
0	6928	216398.077182458832	111
0	6930	216516.233739766785	112
0	6936	217200.038440850335	111
0	6945	217461.814126812983	110
0	6954	217555.869975662237	111
0	6960	217861.233310092944	110
0	6969	218129.765679639536	109
0	6982	218812.528919310439	108
0	7003	219429.84860723035	109
0	7005	219490.654938508528	108
0	7010	219525.726088769903	109
0	7012	219602.508047430476	110
0	7014	219739.520345584619	109
0	7019	219849.097000424522	108
0	7028	219947.671921921001	109
0	7030	219951.00420847098	110
0	7056	220866.406519745949	111
0	7058	220954.645593569744	110
0	7063	221039.613175421853	111
0	7065	221193.362358313757	110
0	7074	221416.747936447131	111
0	7080	221710.877589988675	112
0	7082	221845.942196997786	113
0	7088	222127.33432985119	114
0	7090	222215.852971215504	113
0	7095	222226.633327000905	112
0	7108	222536.114387805173	113
0	7114	222665.83565796786	114
0	7120	222818.323669798568	115
0	7126	222836.55766658668	116
0	7128	222888.311458033281	115
0	7133	223130.925170481147	116
0	7135	223147.143067818838	115
0	7144	223250.598604286031	116
0	7146	223310.978251402663	117
0	7148	223363.518783929908	118
0	7150	223447.493177461981	119
0	7156	223594.185947355586	118
0	7161	223614.430193224121	117
0	7170	223759.339635843289	118
0	7172	224108.821002296089	119
0	7174	224192.43173577149	120
0	7176	224222.669278075796	121
0	7186	224597.135164619554	120
0	7191	224772.542927689344	121
0	7197	224902.392061048318	120
0	7202	224911.212853108305	119
0	7211	225027.252899378879	120
0	7229	225737.678405750036	121
0	7235	225870.545358849469	122
0	7241	226216.035735001012	123
0	7243	226217.431814366151	122
0	7252	226333.456798050183	123
0	7254	226426.009617431824	124
0	7256	226526.208050128776	123
0	7281	227294.506858400271	124
0	7283	227447.037927613725	123
0	7292	227955.335794755389	122
0	7301	228022.988370337877	123
0	7307	228160.42631997611	122
0	7312	228176.581576658775	123
0	7314	228208.548533979166	124
0	7316	228331.440223584191	125
0	7326	228842.129174600059	126
0	7328	228858.307371911366	125
0	7333	228980.660078548414	126
0	7335	229087.652161785533	125
0	7340	229101.553664573484	126
0	7342	229233.72261906162	127
0	7344	229275.694210863919	128
0	7350	229478.283877776136	127
0	7359	229708.791914832552	126
0	7368	229794.834802634609	127
0	7374	229831.434873708655	126
0	7387	230412.365068261285	125
0	7392	230492.445561693181	124
0	7417	230999.8823760386	123
0	7426	231429.098656772813	124
0	7428	231500.551508691867	123
0	7449	231835.311614972313	122
0	7458	232167.397249574366	123
0	7468	232516.662699424792	122
0	7473	232638.462388038724	123
0	7475	232656.636207257505	124
0	7477	232667.507679004927	123
0	7482	232915.808420078031	124
0	7488	233057.277840455092	125
0	7490	233128.530264113803	124
0	7495	233131.759269038654	125
0	7509	233444.340104971125	126
0	7511	233712.643485803862	125
0	7520	233897.288173244465	124
0	7529	234001.47609795352	125
0	7531	234087.679561749713	126
0	7537	234319.031654701698	125
0	7550	234565.724978887606	124
0	7559	234669.987023782922	125
0	7561	234720.94829052211	126
0	7571	234932.05952940279	127
0	7573	234955.152401318695	128
0	7583	235295.862879932988	127
0	7588	235330.836939374168	128
0	7590	235332.064851400216	127
0	7607	236090.176607955952	126
0	7628	236764.406810694504	125
0	7637	236813.640443411429	124
0	7646	237392.591160522419	125
0	7648	237409.342823580969	124
0	7653	237426.80435057146	125
0	7659	238109.876545619924	124
0	7676	238764.706536078025	123
0	7689	238913.349696055515	124
0	7691	239066.407247586085	125
0	7701	239344.389254071881	124
0	7710	239505.895757441182	123
0	7715	239631.280800170085	124
0	7717	239723.460305125953	125
0	7723	240108.266903919754	126
0	7729	240263.242640841861	127
0	7735	240595.20362518089	126
0	7744	240671.319033008773	125
0	7749	241186.993172324568	126
0	7763	241894.707575195822	127
0	7769	241952.612169676592	126
0	7774	242158.245198604424	125
0	7799	243236.611561284532	124
0	7804	243513.008684021194	123
0	7809	243552.609915484792	124
0	7815	243730.285758052508	125
0	7817	243924.108319809703	126
0	7819	244076.515859798052	127
0	7821	244129.228468553564	128
0	7823	244224.730073395795	129
0	7829	244514.617571600844	128
0	7834	244576.701333884854	127
0	7843	245018.007584544975	128
0	7853	245250.791496686267	129
0	7855	245307.109930583407	128
0	7860	245403.436706342634	129
0	7862	245447.289999303181	128
0	7867	245483.994207396361	129
0	7873	246065.402095121105	128
0	7878	246120.962509137888	129
0	7884	246273.739315600266	128
0	7889	246338.651970920545	129
0	7911	246785.940862785379	130
0	7917	247124.928825863769	129
0	7930	247297.621743328001	130
0	7936	247363.994426143509	131
0	7942	247712.151758872116	132
0	7944	247735.624830041786	131
0	7949	248044.969743404789	132
0	7951	248124.897311717483	133
0	7953	248126.844671832705	134
0	7955	248140.308389359286	133
0	7960	248345.121026895956	134
0	7970	248691.130342584809	133
0	7979	248775.418044645693	134
0	7981	248818.852689321635	135
0	7983	248865.833817439753	136
0	7989	249402.669307505512	137
0	7991	249415.580469288996	136
0	8000	249576.573509139189	137
0	8006	249803.505059224409	138
0	8012	250212.66642569857	137
0	8025	250282.995318862226	138
0	8027	250308.056030710002	137
0	8032	250538.611194358203	138
0	8046	251257.205329458986	139
0	8048	251427.517888539604	138
0	8053	251628.452885997256	137
0	8062	252085.349255011451	138
0	8064	252135.246781023737	139
0	8066	252168.076355365167	140
0	8068	252422.753744524678	139
0	8077	252604.113321002149	140
0	8079	252722.252076410822	139
0	8084	252789.384418787826	140
0	8090	252901.218216574162	141
0	8096	253172.505058565311	140
0	8113	253543.783785727581	139
0	8118	253677.321374680462	140
0	8120	253845.657294097388	141
0	8126	253904.762468666904	140
0	8131	253941.093265412677	141
0	8145	254597.593594548364	142
0	8151	254832.195637141129	141
0	8156	254856.764639424252	142
0	8174	255177.112266452186	141
0	8179	255202.790501939493	142
0	8181	255315.664213078236	143
0	8183	255414.911179391818	144
0	8185	255501.704570588839	145
0	8187	255556.322481790549	146
0	8189	255615.778954167487	147
0	8191	255799.346247480281	148
0	8197	255954.683822238021	147
0	8206	256138.379345153233	146
0	8211	256193.129697241378	147
0	8213	256230.897671255193	148
0	8215	256356.432312906854	147
0	8224	256603.192787786714	148
0	8230	256813.610899294423	149
0	8232	256842.544041371235	150
0	8234	256879.906401454794	151
0	8236	257031.337442304528	152
0	8242	257099.823994663319	151
0	8251	257529.725034156017	150
0	8256	257570.918961760075	151
0	8266	257840.19818094167	152
0	8272	258102.516821243934	151
0	8277	258188.718599710673	152
0	8279	258210.168730553459	153
0	8289	258488.214796175024	152
0	8294	258489.440587006681	153
0	8296	258634.018674039416	152
0	8301	258693.081118102935	153
0	8311	259040.263476964947	154
0	8313	259050.445261875324	155
0	8319	259324.802587878665	154
0	8332	259631.025615659317	153
0	8337	259740.567741015129	152
0	8346	259865.448426345423	153
0	8352	260114.572594951634	154
0	8354	260132.015300419888	153
0	8367	260488.128498999679	154
0	8369	260623.419832171075	153
0	8374	260794.405311209064	154
0	8388	261174.301389333567	153
0	8397	261272.626462670485	154
0	8403	261635.213812944576	155
0	8413	261901.703826629691	154
0	8422	261922.86077369373	155
0	8428	262173.325692516527	154
0	8437	262361.978072804713	155
0	8447	262756.497253374078	156
0	8449	262912.322797168753	155
0	8454	263017.58345085489	154
0	8459	263065.003989801777	155
0	8469	263186.922986101274	156
0	8471	263486.695489169233	155
0	8480	263545.721767757795	154
0	8485	263677.816164529081	155
0	8487	263709.993943043524	156
0	8501	264042.500911777421	157
0	8503	264384.515380182438	156
0	8512	264806.564007428251	155
0	8525	265100.894171862862	156
0	8531	265376.047161811166	155
0	8544	265498.757820238669	156
0	8550	265552.027779633917	157
0	8552	265645.783567608469	156
0	8557	265786.076011061284	157
0	8567	266313.996917314631	158
0	8569	266380.819487449489	157
0	8578	266727.986391326173	158
0	8580	266737.68451138284	157
0	8585	266801.716817659005	158
0	8603	267286.268166371756	157
0	8608	267374.15559575802	158
0	8622	268088.090837103091	157
0	8627	268103.586630440179	158
0	8629	268133.260176711855	159
0	8631	268159.158988932389	160
0	8633	268173.637792536192	159
0	8638	268284.015554678283	160
0	8648	268560.356728997172	161
0	8654	268826.185154826853	162
0	8656	269275.327551060491	161
0	8661	269386.858193696524	162
0	8663	269611.927698217582	163
0	8665	269621.45399886068	162
0	8670	269639.733155456128	163
0	8672	269661.699447498827	164
0	8686	270137.90291129716	165
0	8692	270219.035285545483	166
0	8694	270486.051058688336	165
0	8703	270877.404903833531	164
0	8720	271590.295318316821	165
0	8726	271648.099406127595	164
0	8731	271678.666510142546	165
0	8733	271814.73354528951	164
0	8738	271848.480021664196	165
0	8744	272093.164728764592	166
0	8746	272201.669407193351	167
0	8760	272736.914196264707	166
0	8773	273094.650433559903	167
0	8775	273111.645350007493	168
0	8777	273268.662369725071	167
0	8782	273274.366811246746	166
0	8787	273321.003501393873	167
0	8789	273345.785349255923	168
0	8799	273868.677472238206	167
0	8804	274035.856025510602	166
0	8809	274532.131078706247	167
0	8827	274904.847158332132	166
0	8840	275384.191233919137	165
0	8849	275506.963705368738	166
0	8855	275766.738041336609	167
0	8869	276256.906018039522	168
0	8871	276405.909910170464	169
0	8877	276471.04449759122	168
0	8882	276650.878127732449	167
0	8887	276760.842088077925	166
1	0	0	0
2	0	0	0
2	1279	41841.673736450018	1
2	1285	42021.095205278244	0
2	2403	75952.156729231347	1
2	2405	76068.182292425191	0
2	6712	210072.812111222314	1
2	6716	210176.680439579071	0
3	29	1589.896860022766	1571.9141545705
3	87	3939.530572945934	2925.5724514536
3	91	4159.389422268713	3153.2984894514
3	116	4924.083479338431	3396.469952408
3	124	5277.66540877811	3688.6473912901
3	152	6011.43539042094	4914.4704305087
3	162	6237.29344045102	4518.7021424118
3	176	6750.895196077164	4639.76811449
3	190	6924.749453294197	4187.4830510158
3	224	8739.032747381118	5274.4036042752
3	230	8824.968064691046	4642.8969667731
3	245	9339.6311800304	4982.9909366887
3	254	9740.51454863393	5260.0377573153
3	280	10909.854590206513	6125.6378961843
3	301	11468.506535774779	5933.4878920977
3	305	11549.158819702561	5752.4012400855
3	336	12618.045771484014	6709.4835453611
3	344	12808.921368404398	6834.2179753189
3	361	13491.759626733822	7485.0092647628
3	387	14255.605904840616	8000.8860666682
3	400	14545.744914545784	8411.2634821606
3	410	14899.353262017233	8308.7263354978
3	437	15740.390876530422	8802.785714344
3	476	16734.914369451566	9175.1840215005
3	482	16777.245120166907	8635.4690807631
3	493	17082.118444026554	8260.7255969611
3	523	18318.103135022087	8406.9551462006
3	544	19080.227494754935	9992.0844160908
3	563	19454.003303379859	9018.0152832037
3	593	20313.020118892877	9866.512813516
3	603	20465.046965696956	9586.4739091255
3	624	20908.475813170071	8844.3517897851
3	633	21156.645084562465	9710.0173428159
3	639	21324.831711173743	8939.3302048696
3	667	22317.981715266347	9049.1216795955
3	671	22406.372751005679	8492.9543509012
3	681	22636.145013806517	9468.0355546734
3	690	22744.149007772203	9057.6610799407
3	722	23864.632985753115	9698.6348772731
3	728	24105.187599164189	10161.447737558
3	732	24159.110867775153	9557.0759858729
3	784	25826.084120700822	10541.313911036
3	794	26162.557303805942	10862.638082432
3	814	26602.708612036646	10844.388593615
3	825	26944.145531377862	10985.683936177
3	829	26964.96213378267	10305.469789094
3	853	27790.655416048239	11041.295169869
3	885	28604.07972412474	11135.472521946
3	929	29895.243109239951	12143.372178916
3	933	29951.960777214836	12098.164114063
3	937	29984.790374207064	11761.304471358
3	967	31070.435434722449	12716.552300668
3	991	32078.173290666879	13319.240412615
3	1012	32954.090245452817	13340.630044209
3	1032	33556.55975395696	14491.092690144
3	1043	33809.337451615126	13652.02194806
3	1064	35019.275362736654	14594.134249373
3	1121	36611.404513971057	13764.314863738
3	1138	37303.190600535588	14061.677052229
3	1187	39514.414299170595	15105.468824571
3	1195	39686.080277737917	15139.594677977
3	1211	40116.465712639612	15476.44868404
3	1240	40866.809186021553	16050.636547081
3	1288	42021.095205278244	17088.589815629
3	1294	42185.483997932744	17118.985885351
3	1307	42280.460239353699	16615.124977432
3	1322	42803.350277033743	17484.998319521
3	1342	43312.39070348732	17580.460780887
3	1359	43575.727311390208	17679.818061546
3	1375	44306.539780900924	18366.459132532
3	1389	44433.836588368862	18190.387645222
3	1393	44514.401951049211	18571.253482306
3	1397	44692.088924379199	18490.785512189
3	1432	46644.891235980316	19587.948857749
3	1438	46835.113856251108	20172.456228164
3	1451	47111.230423043593	19782.394750979
3	1475	47962.61510229552	20779.981888582
3	1479	48038.830345765444	19942.591224695
3	1526	49416.146483694314	21424.575175129
3	1530	49503.223726016581	21078.50115627
3	1539	49840.743806849345	21295.517320856
3	1567	50981.168818100113	22320.544140345
3	1575	51351.693362843934	22206.789062756
3	1601	51964.313422049152	22520.453701786
3	1620	52377.596267436742	23084.39823421
3	1635	52756.396550082713	23132.321191535
3	1641	53170.68105869809	23657.76550393
3	1674	54044.99493357608	23634.294292535
3	1683	54150.090919521749	23759.280791623
3	1704	55056.503189279455	24530.547945331
3	1710	55100.960537961795	24425.094177497
3	1738	55777.945790978836	25050.621231251
3	1751	56171.085894809217	24204.454555682
3	1763	56405.701172764525	25614.961445128
3	1769	56780.150749332384	23001.075317136
3	1786	57601.950855179446	23161.225477888
3	1790	57629.42447982611	24390.420779139
3	1805	58294.292894260139	23615.020586338
3	1835	59228.588423336613	23461.301646835
3	1868	60210.940649433751	23733.43370687
3	1872	60277.219494733142	24413.323922431
3	1897	60688.287714992763	24468.08321417
3	1946	61814.067570873294	25218.881852269
3	1958	62173.329570925553	23875.398654991
3	1967	62550.622612948643	24773.858439514
3	1991	63156.823559024485	23239.67100091
3	2000	63248.715528466853	24746.729522815
3	2028	64147.321618393754	23792.228672393
3	2055	65094.180748042409	24578.963053275
3	2064	65389.77786388539	25001.069402522
3	2093	66108.993315708938	24785.005261011
3	2097	66283.985914255607	24704.149879442
3	2106	66561.690077612867	25338.542627671
3	2134	67581.956538421217	25796.729215083
3	2147	68024.516918801818	26058.34492103
3	2195	69539.34804268064	26989.269555872
3	2199	69687.903929668238	27609.893727778
3	2208	69809.723997016552	27808.286968729
3	2224	70359.618842321206	26912.145121228
3	2228	70384.448446457389	27269.687099521
3	2244	70538.577233323012	27064.676220031
3	2261	71179.321963487883	25903.772959482
3	2286	71936.815416126627	26500.606073637
3	2298	72233.361763063003	25536.345866126
3	2302	72402.182119696516	26555.228781918
3	2306	72514.344324589466	27055.344620537
3	2322	73067.40364771219	25618.480369349
3	2349	74186.768800875862	25886.044736503
3	2358	74694.737268102472	26308.10548217
3	2408	76068.182292425191	25359.367557887
3	2412	76160.732374292557	26926.412652166
3	2416	76201.659206769546	26951.965911269
3	2426	76470.330525276368	24860.257462949
3	2435	76517.356343095309	24714.460525573
3	2443	76706.872122416963	24690.400457961
3	2474	78506.049345352805	26458.29488883
3	2482	78801.616990937609	26639.844706117
3	2513	79766.133914285457	27236.158860425
3	2521	79971.90954070421	26937.732090358
3	2542	80780.964887750453	27431.350962886
3	2546	80803.309850821962	27262.196883703
3	2568	81738.339338473162	27715.299668615
3	2602	82598.046388904323	27556.95714142
3	2621	83227.808114665678	28126.866578007
3	2625	83394.219233573532	27587.761813754
3	2654	84270.205315266494	28084.87725162
3	2658	84371.210335734058	29136.328528127
3	2675	84892.372455134174	28769.128766823
3	2703	85647.10279705817	27877.894882299
3	2720	86096.736840846707	29727.038241257
3	2726	86274.25069557794	29827.747520353
3	2767	87500.144256547784	29205.214990437
3	2771	87537.495179030231	27951.594028961
3	2775	87579.706055347926	28298.364237394
3	2826	89284.427399051493	29123.215455784
3	2830	89437.385244470781	28776.709295047
3	2845	89749.231882945752	28870.023351972
3	2860	90541.229202569222	29601.986487401
3	2864	90737.717596058494	29337.246949178
3	2902	91653.97738271684	30436.774602797
3	2908	91971.075779239764	30496.08047665
3	2912	91993.751202638379	30299.690689828
3	2933	92862.251335748588	30971.670986191
3	2961	93678.433671685627	32192.133473
3	2980	94108.431860369747	32171.177148161
3	3002	95388.389213283663	31512.367760304
3	3021	95937.032183435506	30468.726954163
3	3031	96283.946519087186	30738.895550712
3	3044	96554.988304524443	30943.571496234
3	3064	97419.608341081759	30677.193377211
3	3093	98656.738553748583	31491.049422253
3	3102	98829.797923973521	31933.753375118
3	3140	100371.82407149928	32250.669777345
3	3155	100518.199696748635	32357.708554672
3	3169	101031.881917270949	32436.036063597
3	3184	102008.249002386577	31481.49140438
3	3222	102950.495643888717	31893.781074422
3	3226	102963.024793703801	31536.257261398
3	3235	103016.64995163562	31860.704835725
3	3262	103871.381650295801	30876.450717067
3	3279	104416.389651888168	32704.463061519
3	3283	104438.908745137162	31021.997280123
3	3310	105075.985949177987	31970.760961679
3	3321	105436.601891292952	32188.159025544
3	3325	105502.269565819881	32300.473182299
3	3368	106802.43393245036	31242.869396749
3	3378	107039.047721822865	31568.43068777
3	3408	107871.533560457758	31188.893649577
3	3412	107930.30046873086	31468.84552378
3	3458	109143.267729448847	32464.198758551
3	3471	109594.14141651126	32292.272602332
3	3488	110141.777781973354	31498.789461904
3	3505	110492.131306825897	31519.685305198
3	3511	110683.259084870227	32060.583121847
3	3528	111003.416371627829	31544.967988284
3	3541	111207.509823449648	31229.687997402
3	3566	112214.152732378564	32161.41964202
3	3587	112760.644008715756	32324.60940842
3	3601	113243.014398784138	32715.071955557
3	3615	113454.591335122235	31648.70852278
3	3669	115409.664915411852	33280.712149276
3	3673	115439.514177975364	32842.928045919
3	3690	115722.561911669322	33130.772078798
3	3694	115723.07367307017	33254.967167143
3	3728	116485.590844967522	33341.486212831
3	3732	116586.071224854088	33111.997164854
3	3736	116624.24126829312	31501.962713512
3	3749	117264.20517232152	31860.195969707
3	3775	118464.629987151124	33026.8316832
3	3801	119311.484477258049	33703.275442198
3	3809	119768.920162267171	34003.994805077
3	3847	121126.778451612912	34792.778866547
3	3861	121847.478259050407	35635.069608263
3	3869	122221.885335211403	35528.494965967
3	3905	122702.00387683057	35901.901605521
3	3911	122766.405343602531	35738.047895227
3	3919	123365.504110174946	36419.016101093
3	3930	123610.807267556659	35397.399243888
3	3951	124164.176368134789	35882.828026378
3	3993	125737.514765270747	36732.146435359
3	3997	126113.774623203211	37073.698733444
3	4041	126848.620971076884	37703.774000859
3	4064	127420.628065367349	35832.062580233
3	4090	127842.42365189711	35841.61993581
3	4094	128156.567876705088	36474.750058528
3	4111	128923.817552303083	35079.509420213
3	4126	129382.965647199311	35827.618273264
3	4130	129403.101939669572	37181.741109989
3	4142	129943.581805520811	35846.496639099
3	4176	131214.203089245715	35580.539776969
3	4187	131522.040817028605	35427.392315321
3	4220	133016.694399046832	36677.926864089
3	4271	134463.649004286848	35587.452629806
3	4290	135097.033202917076	37815.728774397
3	4294	135164.417360539668	36726.353410978
3	4298	135315.977558021553	36186.386753178
3	4329	136679.878824743204	37224.182397142
3	4338	136917.843737120861	36899.825860178
3	4364	137736.655508883991	37355.437536198
3	4370	137918.845095730508	36632.341689588
3	4374	138163.187588219293	36117.28731198
3	4396	138794.606655462407	36735.65881863
3	4400	138938.746835606866	36206.011965026
3	4417	139683.555951415323	36845.303023035
3	4433	139987.892375228117	37386.996723524
3	4450	140409.021641247667	37472.346303983
3	4458	140833.288081086362	37453.373127027
3	4489	141618.353909489819	37085.866523723
3	4497	141904.369439481519	38321.836420502
3	4532	142784.850188529811	36803.870309921
3	4541	143011.507110268571	37632.314658634
3	4558	144133.466676588291	37766.851742091
3	4598	144911.819922913559	38337.259346249
3	4604	145004.632780792884	37642.693513552
3	4608	145302.381231471086	37964.4767332
3	4647	146307.976101458765	38499.12697048
3	4651	146693.982565424526	39245.476834694
3	4692	147613.905270903493	39143.016111461
3	4701	147866.688123828493	38846.730217014
3	4722	148477.869026184776	39318.444745697
3	4737	148783.765498337458	39437.971828683
3	4750	149120.769925134951	38265.082919844
3	4762	149614.37528015406	38959.986527242
3	4773	149774.127735783109	38809.256822468
3	4794	150833.138577322238	39696.237727835
3	4798	150904.449042745988	39363.850989696
3	4840	151948.278077234277	40169.528885327
3	4848	152030.356761424924	40190.575203845
3	4870	152699.42849003593	40781.875955693
3	4878	152882.387610700675	40782.340213011
3	4905	153340.884893250774	41378.113005691
3	4909	153581.524890030856	41038.237828259
3	4932	154528.421897807281	41576.724392327
3	4949	154901.799582660893	42669.227145487
3	4972	155931.190746960352	41913.641910516
3	5000	157130.387891505967	42688.164049368
3	5021	157585.895188440332	42856.947350708
3	5032	157807.981649202417	42858.426594292
3	5061	159045.921683919739	43345.972313089
3	5086	159603.958599905606	43797.460807072
3	5094	159994.164157676274	44034.959704285
3	5103	160231.409325142155	44511.990990768
3	5129	160834.478052518094	44606.33905987
3	5169	161723.762715820918	44211.011652244
3	5177	161817.919431685593	44427.587046783
3	5185	162500.890096112277	42466.04379802
3	5219	163574.70130069996	41078.791164543
3	5230	163702.768017518098	41124.49854027
3	5261	164699.549433215285	41996.24690525
3	5271	164975.351519382682	42318.772227764
3	5290	165303.702639247056	41757.413366188
3	5313	166065.526490400668	42039.309119936
3	5323	166159.966721351382	42067.911798686
3	5329	166416.203840504165	42128.240344266
3	5371	167605.668839587594	42644.763697704
3	5375	167656.298827513245	42723.650345811
3	5379	167790.663746165808	41486.843588738
3	5408	168723.408027862323	42478.910915486
3	5422	169262.00152369508	42931.895396886
3	5434	169739.823708304329	43102.365211371
3	5461	170486.695873423603	43216.145028115
3	5493	171511.851043722716	44145.537491048
3	5514	171972.07594962674	44393.650087022
3	5520	172053.827781195876	44303.036158815
3	5531	172516.080696507123	43378.217265828
3	5535	172534.249623919603	44951.72853685
3	5562	173424.814629296896	45660.554514888
3	5572	173951.179591667605	44482.268884307
3	5586	174680.443675222931	45112.20233117
3	5610	175961.791922411648	45560.173997897
3	5634	176814.481292211575	46318.334742054
3	5692	178524.175572184039	45032.940100403
3	5702	178702.968455449445	46923.373831082
3	5706	178783.499781697181	45951.723978045
3	5710	178842.307637360646	45053.625428365
3	5734	179544.106019184692	45628.590125413
3	5738	179908.202327762856	45851.195193139
3	5766	181059.739709700225	46622.697186326
3	5770	181192.793223236812	46968.097936963
3	5811	182779.498460211916	48114.413617831
3	5815	183095.305810495047	47769.55161383
3	5847	184154.549913610099	46299.490478821
3	5861	184453.656662426083	44595.030666463
3	5870	184589.553771911887	44471.132230383
3	5874	184653.98512394051	44306.282677243
3	5919	186507.157430465459	44451.400706812
3	5923	186853.572965579805	45365.426605209
3	5927	186953.530864467039	45629.782790435
3	5948	187343.484482758804	43036.639982451
3	5952	187362.441974760159	43129.274968145
3	5971	188274.624640251277	43752.740986307
3	5982	188429.937526731519	45980.089034586
3	6011	189196.854732793882	44806.154598516
3	6015	189484.522737617372	44852.594959713
3	6066	190856.67271450454	45913.404410937
3	6070	190881.515382797224	44816.218241915
3	6081	191085.141983947842	45367.050991525
3	6093	191252.823646048782	45942.235219161
3	6122	191908.84576450394	44956.181611762
3	6140	192287.571948946581	45222.827872652
3	6157	192754.215969483495	44247.968351803
3	6185	193980.349009417697	45301.38459747
3	6196	194065.861800101713	45414.397406955
3	6200	194110.755288888468	46764.500842381
3	6215	194911.972923104779	45175.739699567
3	6239	195737.948773357214	44406.149013486
3	6258	196101.017437790288	45025.097595619
3	6268	196409.581462836953	44967.887115273
3	6288	196902.450131246017	45083.118696133
3	6303	197309.448000787526	45684.159600756
3	6325	197815.547473759518	45222.835463214
3	6329	197862.929425489857	45636.098362625
3	6348	198303.309929341778	45441.397303219
3	6378	199149.086550370559	45391.380012165
3	6382	199155.992284299003	43717.925052377
3	6401	199790.972708630145	44447.761337803
3	6431	200859.624531057792	45121.730148611
3	6444	201223.910577067303	44562.552307604
3	6479	202290.169067726241	45853.062796469
3	6494	202777.093966596887	45045.845095372
3	6502	202926.84120167862	45007.416279947
3	6506	203154.855545361655	43993.154666433
3	6512	203451.695630087646	44075.816675405
3	6534	204103.674199323298	44582.722506564
3	6543	204386.07354318607	45103.485717859
3	6570	205483.685562311442	45226.447953209
3	6582	205578.794732329563	44884.463066461
3	6597	206092.570485335903	44416.25376833
3	6648	207860.674739348473	45770.306565444
3	6652	207898.807625559288	44259.838495168
3	6658	207932.15630308086	46008.669852847
3	6719	210176.680439579071	45345.040816681
3	6725	210214.840263499649	45216.197362571
3	6729	210257.522173550682	46399.146839188
3	6733	210586.225726789565	46117.143722116
3	6788	212565.946356275249	46902.812420044
3	6806	212942.664471388566	46893.411503795
3	6810	213057.278782603103	47617.116552132
3	6850	214553.29831971148	48404.509941781
3	6874	214851.896086771744	48729.666275256
3	6896	215398.326881614644	48623.677762114
3	6900	215450.882625494856	49284.251254397
3	6926	216389.443369897785	47722.474828438
3	6958	217858.056323955538	48886.340165739
3	6967	217995.174739307854	48240.306565181
3	6989	218881.56937012333	49095.618893204
3	7001	219316.255912006605	47335.471799889
3	7026	219895.029444175902	48937.831100914
3	7038	220012.791272577602	48974.707770454
3	7042	220311.652519221548	49186.462061681
3	7050	220770.760842188033	48375.310328411
3	7112	222601.485557065476	49430.962370023
3	7118	222791.393319385829	49461.313645599
3	7154	223559.298244927781	50099.659419438
3	7168	223674.114297733773	50296.370357397
3	7209	224985.099631867502	49814.550636306
3	7215	225134.219707053857	50307.62236744
3	7227	225500.455700325552	49662.163025928
3	7239	225953.523180893395	49742.703764519
3	7267	227012.812725993577	50737.007053999
3	7271	227201.862902932931	50223.098351704
3	7320	228753.792883589064	50189.302516217
3	7348	229388.689921892379	48734.959445054
3	7372	229798.716689402942	49075.540179645
3	7407	230715.328275685331	49186.279353917
3	7439	231591.133560537134	50386.718699546
3	7443	231650.786503751894	49461.471934467
3	7462	232179.231550780256	49453.352087018
3	7466	232204.702975385596	49743.392330991
3	7507	233343.117834198063	50700.374753431
3	7535	234173.746658609023	49800.674380719
3	7557	234574.185061416363	49224.16450779
3	7577	235090.488980122616	48071.242608746
3	7581	235152.924254470278	48193.509666996
3	7605	235840.868015282918	46668.589665027
3	7618	236419.18958191121	48055.253648384
3	7626	236751.175681718755	46185.002868607
3	7644	237335.158026785363	46561.02908788
3	7683	238877.419641775209	48140.414566267
3	7687	238893.658590496648	47341.771509244
3	7695	239159.628482776467	48207.314434606
3	7761	241598.000097105984	47567.396401793
3	7781	242178.408955627253	46663.219935441
3	7785	242184.849158747826	46376.098888439
3	7797	243066.856807352175	46976.906097712
3	7813	243633.621238142957	47534.063774349
3	7847	245029.786265323643	48341.64084529
3	7851	245112.375740821604	48765.892402234
3	7901	246484.71359388264	49207.023214418
3	7905	246689.364584752489	48705.29242126
3	7924	247130.573080525507	49065.38922722
3	7934	247329.139432803501	48344.598816636
3	7940	247634.759410333952	49171.483152499
3	7977	248759.846567268257	49582.393744099
3	7987	249022.40292134056	48414.736266796
3	8010	250118.919457153549	49313.255752496
3	8019	250216.777013781255	49260.062196144
3	8036	250692.566199454612	49523.330198272
3	8044	251152.922294180042	48924.489685553
3	8075	252434.892050408533	51051.971963045
3	8107	253356.274212080188	50960.165125974
3	8124	253856.543565531036	50672.897317829
3	8143	254583.357394019848	49493.309770795
3	8164	254912.735195982403	50389.305708045
3	8168	255111.283564635687	50017.873477399
3	8172	255166.307167786308	49727.773330615
3	8222	256390.3096823569	50759.291665685
3	8249	257354.843429832854	51027.778818142
3	8283	258268.722795865633	51627.696710827
3	8287	258350.245672351456	52277.990637577
3	8305	258730.481701669058	51902.724553653
3	8330	259354.515566754289	52468.590528346
3	8344	259821.291826738751	52642.679276044
3	8350	259908.1317446317	52653.823309598
3	8378	260823.215560534172	52923.634903242
3	8386	261069.571365232714	53624.636779762
3	8407	261680.014807664564	53992.577104172
3	8420	261919.411318012288	53890.347114323
3	8426	262010.188980561815	52975.461373079
3	8435	262322.994362701437	53895.76123351
3	8495	263940.554433547667	53829.419332256
3	8510	264388.590005681626	53273.142657246
3	8519	264837.803843871825	54642.23876238
3	8538	265381.58135442879	53855.318784011
3	8542	265413.998735279911	53779.21682546
3	8565	266125.719569989615	53804.468990324
3	8576	266500.825332765244	54025.800622208
3	8601	267222.410348442518	54293.205602695
3	8612	267397.283427621014	54784.33006579
3	8616	267493.56907064388	54939.079931151
3	8642	268307.692654308639	54255.151981903
3	8652	268689.409804663756	55091.850723448
3	8684	269995.196988981925	55397.192586319
3	8690	270160.277505426802	55088.339789213
3	8724	271621.06411288377	56454.008680012
3	8758	272663.455878206306	56147.22213844
3	8771	273040.0875010423	57217.100314943
3	8797	273743.186365732127	57345.109183273
3	8838	275338.161537817814	55908.312930587
3	8847	275457.300811446048	55931.574722676
3	8853	275608.573033808508	56006.064986378
3	8863	275909.9958502158	55962.323928295
3	8894	276856.898524270528	55990.492004525
4	63	3117.993766543206	2521.9216663018
4	443	15854.74037782579	9200.1206299047
4	457	16219.381684179524	8771.727150844
4	599	20426.636048153728	9429.0555200267
4	898	28934.556263153196	12030.42778923
4	995	32445.253820077624	13660.207331418
4	1082	35353.999051994752	13321.819180189
4	1100	35996.985863194556	14744.372385556
4	1106	36284.893304425047	13749.030633547
4	1153	38104.057837364373	14209.937471873
4	1164	38408.023217188881	15046.170586272
4	1298	42227.48852998832	16508.8898826
4	1522	49395.986736713666	21276.441092267
4	1571	51120.773074313178	22311.828183823
4	1876	60321.848171342853	24365.460789028
4	1952	61937.105370083006	25418.639158221
4	2018	63864.784586577434	24668.880804054
4	2024	63910.331893864202	24675.572926482
4	2160	68497.352013661285	26678.35169197
4	2587	82200.105953001176	27872.239981864
4	2805	88899.685757233521	28790.899917568
4	2946	93329.928694720139	30321.18957942
4	2984	94130.370213378913	31073.954555899
4	3089	98582.429132101244	32878.422075598
4	3126	99861.41872738371	31333.41628435
4	3336	105842.851119156114	30672.094030699
4	3374	107000.531439258478	33542.388861791
4	3436	108822.516643631391	31867.144994265
4	3630	113963.191381518848	32072.778937541
4	3779	118528.332863695107	33123.719388802
4	3813	119861.050161783344	33892.820487113
4	3957	124650.410689910062	35733.13081639
4	4032	126643.856628824718	36526.992080637
4	4049	127164.613118370184	37531.521070401
4	4172	131154.361130789615	37133.324220925
4	4233	133196.389500031941	36740.39914695
4	4248	134019.108243205706	36572.916056328
4	4512	142320.618518081614	36554.503524497
4	4587	144623.272475789423	37709.342089525
4	4681	147238.165296654339	38112.541211072
4	4786	150313.554337018292	39289.750110873
4	4928	154415.968261997337	41556.017284876
4	4964	155396.379935274595	42262.848658909
4	5008	157222.893952651645	43366.028415359
4	5118	160660.759906808969	44534.992076058
4	5194	162705.622870418008	40294.023143362
4	5215	163291.166659261223	40801.689178139
4	5426	169607.386974681865	43211.827501054
4	5470	170732.170299942371	43528.419737016
4	5662	177626.555953285423	46185.718257248
4	5666	177836.165773564143	46082.54266573
4	5851	184273.027953499123	47968.730833746
4	6108	191733.390435482143	45963.157480332
4	6136	192043.612644861579	46118.00724647
4	6153	192638.59272071044	46473.635048462
4	6354	198532.098435324745	45655.574745921
4	6410	200348.950654658259	44089.526030168
4	6608	206390.783861976819	45453.130105757
4	6737	210643.920772395226	45647.542716496
4	6766	211892.789781981277	46827.163684705
4	6878	214956.542387719397	48862.520499092
4	6882	215062.786037017363	48224.351618437
4	6934	216561.402426923756	49200.278379653
4	7072	221342.735706216785	48663.812629916
4	7106	222461.219203871447	49380.066665012
4	7233	225817.440211310182	49154.542342125
4	7290	227729.74620062219	50748.948131731
4	7299	228002.107518314156	50907.190724556
4	7399	230627.551638818119	51325.088002086
4	7411	230720.930958644618	50064.948147312
4	7456	231955.226564438213	49314.701594833
4	7527	233923.131461341996	50504.49776433
4	7569	234911.347779913936	48905.631885491
4	7657	237565.169929739793	49740.053841274
4	7721	240041.77322403412	48205.31078744
4	7727	240227.703334021513	47416.359958826
4	7753	241284.192245717292	46891.649511221
4	7909	246785.139493782778	48827.425808507
4	8111	253417.618134281372	48596.783694663
4	8228	256650.13159804339	50697.981209592
4	8463	263111.00152808126	53380.096450306
4	8467	263145.73083527679	53222.16115236
4	8718	271456.563541817614	56212.953319785
4	8742	271945.480192083069	56222.445068051
4	8817	274601.845425440707	57045.975449778
4	8867	276193.539484794028	56242.535276323

