version 2
run Iteration-9-20200521-09:51:22-53856
attr configname Iteration
attr datetime 20200521-09:51:22
attr experiment Iteration
attr inifile omnetpp.ini
attr iterationvars "$i=1, $j=10, $0=15-(1+10)"
attr iterationvarsf i=1,j=10,15-(1+10)-
attr measurement "$i=1, $j=10, $0=15-(1+10)"
attr network Network
attr processid 53856
attr repetition 0
attr replication #0
attr resultdir results
attr runnumber 9
attr seedset 9
itervar i 1
itervar j 10
param **.resourcePool.amount 1
param **.resourcePool1.amount 10
param **.resourcePool2.amount 15-(1+10)
param **.source.interArrivalTime exponential(6min)
param **.delay.delay uniform(4min,28min)
param **.delay1.delay uniform(10min,28min)
param **.delay2.delay uniform(4min,16min)
param **.allocate.resourceModuleName "\"Network.resourcePool\""
param **.allocate1.resourceModuleName "\"Network.resourcePool1\""
param **.allocate2.resourceModuleName "\"Network.resourcePool2\""
param **.deallocate.resourceModuleName "\"Network.resourcePool\""
param **.deallocate1.resourceModuleName "\"Network.resourcePool1\""
param **.deallocate2.resourceModuleName "\"Network.resourcePool2\""
param **.router.randomGateIndex "uniform(0, 1) > 0.2 ? 0 : 1"

vector 0 Network.allocate queueLength:vector ETV
attr interpolationmode sample-hold
attr title "queue length, vector"
vector 1 Network.allocate1 queueLength:vector ETV
attr interpolationmode sample-hold
attr title "queue length, vector"
vector 2 Network.allocate2 queueLength:vector ETV
attr interpolationmode sample-hold
attr title "queue length, vector"
vector 3 Network.sinkStat lifeTime:vector ETV
attr interpolationmode none
attr title "lifetime of arrived jobs, vector"
attr unit s
vector 4 Network.sink lifeTime:vector ETV
attr interpolationmode none
attr title "lifetime of arrived jobs, vector"
attr unit s
0	0	0	0
0	5	166.935674595024	1
0	7	415.843066759588	2
0	9	662.345617238004	3
0	11	665.071426754319	4
0	13	716.793903153293	5
0	15	853.639031523129	6
0	17	908.820071231934	7
0	19	913.648227405848	8
0	21	966.453621532712	7
0	26	1002.429703331994	8
0	28	1055.692144552384	9
0	30	1158.347405713383	10
0	32	1212.06362614059	11
0	34	1243.673080781263	12
0	36	1425.110241391963	13
0	38	1577.707624506726	14
0	40	1823.412287650951	15
0	42	1889.095434818098	16
0	48	2025.669289757257	17
0	50	2194.266982772041	18
0	52	2469.652162488494	17
0	65	3279.739399136668	18
0	67	3715.032559443601	19
0	69	3767.559749294017	18
0	78	4021.179779668397	19
0	80	4202.571958485935	18
0	85	4416.931177171464	19
0	87	4706.846834828855	20
0	89	5143.201793780749	21
0	99	5811.734266538117	20
0	112	6176.438829584567	21
0	114	6402.064795160936	22
0	116	6923.434087126653	23
0	122	7051.725958134923	22
0	131	7939.422250138536	23
0	133	7979.139650070194	24
0	135	8046.06056735273	25
0	137	8075.810393020504	26
0	139	8340.853752145599	27
0	141	8366.078225032629	28
0	143	8449.111228395198	27
0	156	9396.121953312252	26
0	161	9413.632933459277	27
0	171	10833.122363633699	28
0	173	10933.39850790358	29
0	175	10968.443723577951	28
0	184	11247.203042309978	29
0	186	11264.420281873048	30
0	188	11775.608367612724	31
0	194	12088.131681020615	32
0	196	12116.007684284475	33
0	198	12340.19891970902	34
0	200	12402.996155891841	35
0	206	12466.140929121469	34
0	211	12742.471952392095	35
0	213	12976.485600500677	36
0	219	13030.848054042218	37
0	221	13420.786597538684	36
0	230	13855.922173895955	37
0	236	14811.910324193633	38
0	238	14914.174538250957	37
0	243	14991.502072788552	38
0	257	15924.959911972784	39
0	259	16167.256553132032	38
0	264	16299.942360669476	39
0	266	16367.07051934617	40
0	268	16468.962960872744	39
0	273	16590.031086222373	40
0	275	16775.984386345917	41
0	281	16790.144797947804	42
0	283	16857.020262458982	43
0	285	16955.631968741077	44
0	287	17111.771037202273	43
0	304	17525.347201765524	44
0	306	17607.313946705256	43
0	311	17682.048228625513	44
0	325	18416.857421033331	45
0	327	18429.601946666213	46
0	329	18541.310600992356	47
0	335	18762.538822885547	46
0	340	19085.108228021572	47
0	342	19111.70612832458	48
0	344	19280.978149253043	49
0	354	19688.979507829938	48
0	363	20121.86413646631	49
0	365	20210.23993619511	50
0	371	20422.619045149479	49
0	376	20458.435926223933	50
0	378	20545.240635218369	51
0	380	20831.799453412055	52
0	382	20919.697974188036	53
0	384	20933.185468206108	54
0	386	21028.357059053267	55
0	392	21259.277756471131	54
0	401	21640.190533781451	55
0	403	21955.847633752994	56
0	409	22245.121494118068	55
0	418	22496.8503572754	54
0	423	22607.460528637353	55
0	429	22899.931161449188	56
0	431	23029.68959257985	57
0	433	23086.838691403213	58
0	447	23794.913131665382	57
0	452	24234.740714725051	56
0	461	24358.907648134204	57
0	463	24661.273551644142	58
0	465	24734.102681753509	59
0	467	25292.395168151183	60
0	469	25334.068556506086	61
0	471	25360.24347256491	60
0	496	26377.232230711673	59
0	505	26832.136690687333	58
0	510	27068.481070091332	59
0	512	27126.812370117699	58
0	517	27318.091764392394	59
0	523	27475.650807581597	60
0	529	27798.705022422464	61
0	531	27801.337496409274	62
0	537	27910.842922085645	63
0	539	27949.116307124483	64
0	549	28571.369036097025	63
0	558	28958.188613058081	64
0	560	29556.511774059331	63
0	565	29788.199343398364	64
0	567	29958.573861230111	63
0	580	30451.640321253331	64
0	590	30965.979125532834	65
0	592	31101.577738851615	66
0	598	31251.859333362377	65
0	603	31696.81716724758	66
0	609	32016.010463718272	65
0	618	32614.884430097326	66
0	624	33040.255534011818	65
0	633	33454.860513612893	66
0	635	33460.007568703028	67
0	637	33639.974104907311	66
0	642	33713.701397974235	67
0	652	34384.728790370207	68
0	658	34701.369849104382	67
0	663	35036.02344345113	68
0	669	35223.733550351655	69
0	671	35237.101140633313	70
0	673	35711.897607563686	71
0	679	36099.469156596757	70
0	688	36236.708495570583	71
0	690	36545.15212696891	72
0	692	36840.857031984624	73
0	698	37078.805163326904	74
0	700	37123.564203389777	75
0	702	37256.305165629299	76
0	704	37317.124851193227	75
0	713	38045.12640025089	74
0	726	38350.460281596468	75
0	728	38478.934163994013	76
0	730	38528.394645895757	75
0	739	38870.264395099081	74
0	744	39286.693588724631	75
0	754	39953.505015284027	76
0	756	40065.647535128155	77
0	758	40092.564380872943	76
0	763	40195.441198042444	77
0	769	40379.750519689121	76
0	786	41524.106232731621	77
0	792	41608.032983239689	76
0	797	41696.669470799069	77
0	803	42105.242808196643	76
0	816	42460.779037956098	75
0	821	42477.898558598092	76
0	827	42701.068363126199	77
0	833	43093.753080650327	78
0	835	43213.350150260774	79
0	841	43468.379924471411	80
0	847	43684.976337250272	79
0	856	44037.291199075869	80
0	862	44261.549321067731	81
0	864	44625.352189350823	80
0	869	44664.199857620186	81
0	871	44897.435896839896	80
0	880	44925.677363619598	81
0	882	45215.650533640817	82
0	892	46039.246464861334	83
0	902	46509.051952395538	82
0	911	47165.91554733797	83
0	913	47252.047672750926	84
0	919	47410.641073848753	85
0	921	47435.785295512477	84
0	926	47709.856524902551	85
0	928	47876.403336632947	84
0	941	48188.456954562357	85
0	943	48369.746136523952	86
0	945	48377.381274143878	87
0	947	48430.287505662469	88
0	953	49038.63881617407	87
0	958	49370.14026194895	88
0	964	49714.737341921727	87
0	969	49973.563024199651	88
0	975	50185.419327322684	89
0	977	50421.791108135085	88
0	986	50918.068564046125	87
0	991	51061.732041305828	88
0	997	51214.609642883481	89
0	1007	51603.123041907165	90
0	1021	52286.585456725161	89
0	1026	52449.291092222659	90
0	1032	52501.95000748374	91
0	1034	53095.473281996431	92
0	1036	53102.331538797848	93
0	1038	53162.566033821504	92
0	1043	53891.959282230537	91
0	1052	53998.46556431763	92
0	1054	54439.925984031588	93
0	1060	54562.290814850431	92
0	1077	55298.045681338709	91
0	1086	55635.829262532955	92
0	1096	56497.601124081712	91
0	1105	57003.733822252553	90
0	1110	57124.244474639957	91
0	1112	57135.218261129091	92
0	1114	57252.973317786392	93
0	1116	57542.721209123484	94
0	1134	58245.315024291937	95
0	1136	58245.438022405438	96
0	1138	58255.582539323669	95
0	1143	58368.277387676642	96
0	1149	58611.4127076752	95
0	1154	58630.195649724365	96
0	1156	58870.314024183968	97
0	1158	59240.35961899529	96
0	1167	59727.575100321274	95
0	1172	59846.034447462738	96
0	1186	60250.321601326204	97
0	1188	60262.299305306472	98
0	1190	60327.726593092512	99
0	1196	60415.701032500665	98
0	1201	60470.063234845468	99
0	1203	60756.700825631774	100
0	1213	61212.42259572814	99
0	1218	61346.055883997109	100
0	1224	61545.682445786613	101
0	1226	61650.140390170151	102
0	1232	61835.043594756331	103
0	1234	61861.566203996322	104
0	1236	61927.80572969089	103
0	1253	62402.625621714241	104
0	1255	62449.679100836224	105
0	1257	62553.334263634712	106
0	1267	63163.309105644869	107
0	1269	63356.87239285181	106
0	1274	63762.148481231134	105
0	1279	63803.927080546812	106
0	1285	64728.42706484565	107
0	1291	64904.038927877015	108
0	1293	65040.362133752506	107
0	1302	65444.431145350318	108
0	1304	65446.21807910091	109
0	1306	65554.40122235189	108
0	1315	66186.921919021707	107
0	1328	66741.371481328879	108
0	1342	67140.922044391882	109
0	1344	67290.874684650886	110
0	1346	67408.346163887482	109
0	1351	67413.524555472396	110
0	1357	67433.771312748832	111
0	1359	67623.137221435957	112
0	1361	68538.329587885704	113
0	1363	68839.029311608475	112
0	1368	68912.236513742671	113
0	1374	69198.904153380555	114
0	1376	69268.226152356666	113
0	1385	69324.456193608256	114
0	1387	69472.776671850662	115
0	1389	69778.034343947354	116
0	1391	69824.475724864509	117
0	1393	69894.667570096298	118
0	1395	70113.571506241226	119
0	1397	70200.876307498731	120
0	1399	70304.385058262554	121
0	1405	70583.425310153169	122
0	1407	70630.62210809915	123
0	1409	70687.690148498815	122
0	1418	71109.963314316059	123
0	1420	71111.042037967204	124
0	1426	71269.260128181505	125
0	1436	71674.275347194651	126
0	1442	71800.820921738611	127
0	1444	71914.573805165826	128
0	1446	71930.368996780318	127
0	1451	72524.211472343606	126
0	1464	73415.696997979335	127
0	1470	73872.664703148486	128
0	1472	73880.743282843334	127
0	1481	74275.38899882402	128
0	1483	74688.718591349878	129
0	1485	74824.589330388765	130
0	1487	74893.421461575735	131
0	1493	75277.271140400273	130
0	1498	75480.312148674266	131
0	1504	75979.498000857138	132
0	1506	76035.351675500865	133
0	1508	76123.985605010045	134
0	1514	76843.713393840892	133
0	1519	77038.657404236675	134
0	1521	77208.062117207749	133
0	1530	77650.320072586388	134
0	1532	77995.933528381265	135
0	1538	78513.298965424625	136
0	1548	78842.86239775751	137
0	1550	78851.985143400559	138
0	1552	78857.336096983357	137
0	1557	78895.277732598041	138
0	1559	79180.441457577732	139
0	1561	79207.443790156634	140
0	1567	79318.757927898272	139
0	1572	79694.927262231319	140
0	1578	79706.489838641839	141
0	1584	80232.187205176755	140
0	1593	80334.956541422743	141
0	1599	80781.619307862088	142
0	1601	81092.673610631331	141
0	1606	81102.569463764451	142
0	1608	81123.098257198768	143
0	1610	81377.76624507825	142
0	1619	81456.364660105638	143
0	1621	81598.155743597618	144
0	1623	81920.566557856774	145
0	1625	82217.055207961448	146
0	1639	82433.219894249065	147
0	1641	82678.296506464887	148
0	1643	83004.435742754444	147
0	1656	83311.298607410137	148
0	1658	83370.549746602814	149
0	1660	83380.85951382201	150
0	1662	83406.988948028582	151
0	1664	83981.952097843524	152
0	1666	84140.261850012415	153
0	1672	84220.363518193098	154
0	1674	84602.336055297359	153
0	1679	84637.191649551614	154
0	1681	84760.671504345946	155
0	1683	84896.853224103574	156
0	1685	84933.765330560205	157
0	1691	85117.51103180547	158
0	1693	85335.51054149489	157
0	1706	86476.608926538332	156
0	1711	86643.823327764591	157
0	1721	87048.234251529093	158
0	1727	87578.126033133261	159
0	1729	87793.256105826071	160
0	1731	88059.832773055835	159
0	1736	88068.46289986746	160
0	1742	88158.926013538209	161
0	1748	88784.010238142694	162
0	1750	89238.154023819013	163
0	1752	89322.356567677064	162
0	1761	89553.166995262234	163
0	1763	89617.869518857193	164
0	1773	90281.264074440999	163
0	1778	90525.808222383784	164
0	1780	90589.323829458345	165
0	1782	90614.603573191864	164
0	1787	91044.181327556697	165
0	1793	91797.9667400531	164
0	1810	92654.384065701741	165
0	1812	92689.828285810078	166
0	1818	92864.160216893954	165
0	1823	92938.275797201146	166
0	1825	93179.413927791548	167
0	1831	93450.35475870992	168
0	1833	93899.828966122266	169
0	1839	94075.444602925284	168
0	1848	94625.503212172492	167
0	1857	95135.145537923975	166
0	1862	95190.185283533387	167
0	1868	95635.324405735739	168
0	1874	95857.07546263556	167
0	1883	96194.513229239686	166
0	1896	96466.415958951649	167
0	1898	96522.226499538823	166
0	1903	96587.545777068019	167
0	1909	97256.655090361133	168
0	1911	97310.265995749788	169
0	1917	97624.013595845353	170
0	1931	98034.191671396893	171
0	1933	98070.073523927434	170
0	1942	99081.661605522333	171
0	1944	99242.892368315083	172
0	1946	99377.453175965651	171
0	1951	99555.989353876256	172
0	1957	99664.979672873212	173
0	1971	100801.382053006395	172
0	1976	101202.629481710663	173
0	1978	101578.29012280311	174
0	1980	101791.068935456996	175
0	1982	101839.790356341704	174
0	1987	101926.745355930657	175
0	1989	102106.728882860347	174
0	1994	102172.045021663625	175
0	2000	102475.462997815175	176
0	2002	102566.190241151746	177
0	2008	102832.837038232066	178
0	2018	103772.029713276728	177
0	2031	104467.468810527516	178
0	2033	104525.7895332324	179
0	2035	104819.906031373843	178
0	2040	104959.654876340372	179
0	2042	105020.931829418798	180
0	2044	105276.42353935708	181
0	2046	105350.840579034486	182
0	2052	105448.516035096603	183
0	2054	105702.112191015968	184
0	2056	106049.635580119339	185
0	2062	106125.858620140656	184
0	2075	106827.269584827275	185
0	2077	107094.394512135531	186
0	2079	107676.895186694004	187
0	2081	107681.313701566263	186
0	2086	107721.030685174949	187
0	2092	107987.747180422929	188
0	2098	108347.406167547996	189
0	2100	108354.216524324778	190
0	2102	108371.367297651965	191
0	2108	108686.259644730465	192
0	2114	109024.994270692013	193
0	2116	109045.601322945162	192
0	2121	109421.716260383636	193
0	2123	109526.072152327701	192
0	2132	110228.014756698116	191
0	2137	110437.596503993825	192
0	2139	110513.754880573223	193
0	2145	110947.162661638661	194
0	2151	111058.150715947092	195
0	2157	111364.245389317827	196
0	2167	111885.35804696004	195
0	2172	112104.706766002637	196
0	2174	112446.909498382314	195
0	2183	112650.878807669306	196
0	2185	112741.536319959805	197
0	2191	113297.989416267677	196
0	2200	113571.641135396127	197
0	2202	113589.550048891409	196
0	2207	113953.654576523132	197
0	2209	113967.004941733279	198
0	2223	114743.568742650607	199
0	2225	115012.224569469145	200
0	2231	115052.114480108032	201
0	2233	115161.104861278625	202
0	2235	115242.674005772873	201
0	2244	116166.850537504955	200
0	2253	116558.082084614738	199
0	2258	116984.739191228989	200
0	2260	117023.105761507581	201
0	2262	117098.627379843889	202
0	2272	117829.474349539682	201
0	2277	117843.933795723146	202
0	2279	118075.413716841444	201
0	2292	118333.775309539559	202
0	2294	118609.87213459529	203
0	2308	119093.594401066305	204
0	2310	119207.714605513915	203
0	2315	119428.861193053033	204
0	2321	119506.152332827652	205
0	2323	119518.479153501352	206
0	2333	120198.458053391382	205
0	2342	120582.376569692001	204
0	2347	120644.944505844954	205
0	2357	121616.18060040842	204
0	2366	121973.329120177453	205
0	2372	122267.603141198586	206
0	2374	122364.735983668504	207
0	2380	122776.982264260564	208
0	2382	122916.38930586408	209
0	2384	123030.453581657216	208
0	2393	124580.192353647158	207
0	2402	124829.600857902274	206
0	2415	125691.419165282869	207
0	2417	125709.697324965105	206
0	2426	125878.698334531668	207
0	2428	126109.576103233757	208
0	2430	126224.107559885779	209
0	2444	127009.478805918202	208
0	2449	127220.904778022871	209
0	2451	127571.921756755624	210
0	2461	128230.362658795665	211
0	2463	128331.444607298777	210
0	2472	128520.2169350682	211
0	2474	128843.968523376939	212
0	2484	129499.846741024298	213
0	2486	129657.995190691159	212
0	2491	129820.451546709313	213
0	2493	130012.752737613871	214
0	2495	130201.684698106645	215
0	2497	130214.421748760086	216
0	2499	130235.706906070293	217
0	2501	130291.186650503383	216
0	2506	130754.465577987192	217
0	2508	130853.712240342007	216
0	2513	131056.268548179394	217
0	2523	131389.268656144896	218
0	2529	131923.815158527301	217
0	2542	132209.82609368176	218
0	2544	132583.15821490805	217
0	2553	132828.571811482152	218
0	2567	134039.803089966536	219
0	2573	134196.036868200059	220
0	2575	134262.817114029037	219
0	2580	134685.310325970134	220
0	2582	134735.312628537762	221
0	2584	134788.814506974029	220
0	2589	135345.364076206447	221
0	2595	135600.920651711568	222
0	2601	136139.909616928505	221
0	2606	136149.781277235735	222
0	2608	136166.608805759762	223
0	2618	136678.080738518344	222
0	2623	136761.223327122407	223
0	2629	137539.135449301054	224
0	2631	137749.260551553177	223
0	2636	137756.600463124792	224
0	2642	137921.533369279877	225
0	2644	138155.665165468653	226
0	2650	138261.629139448577	227
0	2652	138371.23047034325	228
0	2654	138377.345745715855	229
0	2656	138386.885815565671	230
0	2662	138481.299223151015	229
0	2667	138588.820042671034	230
0	2669	138646.518779853711	231
0	2679	139057.081470461917	232
0	2681	139211.441802055466	233
0	2683	139707.206901523831	234
0	2685	139723.059667742294	235
0	2691	139877.152554426299	234
0	2696	140021.680350381852	235
0	2698	140039.814992867034	236
0	2700	140383.088123310314	235
0	2713	141398.879157776672	236
0	2719	141749.178649146067	235
0	2732	142590.151749399676	236
0	2738	143381.481295373248	235
0	2743	143403.129603019991	236
0	2745	143409.471106978728	237
0	2747	143536.06528719663	238
0	2757	144144.615848553477	239
0	2759	144309.328501086167	240
0	2761	144350.499415840911	239
0	2770	144560.72103220919	240
0	2776	145389.752046768563	241
0	2778	145398.347658250438	240
0	2783	145533.089406760595	241
0	2785	146196.672686994181	242
0	2791	146294.47125364773	243
0	2793	146300.248029366309	244
0	2795	146668.435375165152	243
0	2804	147294.488815282332	244
0	2810	147409.541400518226	243
0	2819	147713.336196313018	244
0	2821	147762.281185617765	245
0	2823	147775.423431368143	246
0	2825	148077.724663760471	245
0	2834	148271.885750894	246
0	2840	148357.66915065249	247
0	2842	148742.689557542303	248
0	2844	148879.660705845761	247
0	2849	148908.50330131257	248
0	2851	148915.325516002933	249
0	2853	148918.36474917319	250
0	2855	149049.264907475253	251
0	2865	149705.769418719928	252
0	2867	149840.097900354645	253
0	2869	150079.577229578006	252
0	2878	150387.437471307069	253
0	2884	150559.438230191296	254
0	2886	150686.444289661253	255
0	2888	150750.093445308173	256
0	2890	150791.77283741157	255
0	2899	151018.422576912854	256
0	2901	151120.447749649289	257
0	2903	151378.272891525137	256
0	2912	151707.160228412556	255
0	2929	152403.169105472574	256
0	2935	152811.51136201901	257
0	2937	152836.608942184555	256
0	2950	153524.755114309154	257
0	2952	153557.628022030547	258
0	2962	153977.043807726311	257
0	2967	154071.769435182798	258
0	2973	154687.420882731794	259
0	2975	154754.165681396265	260
0	2981	155116.805091159178	261
0	2987	155337.410270530688	260
0	2992	155353.48401384813	261
0	2994	155438.725364672882	262
0	2996	156295.677337497911	263
0	2998	156493.910308774518	262
0	3003	156531.779052749498	263
0	3009	156685.239427335653	264
0	3015	157156.729226741897	263
0	3020	157430.982604800511	264
0	3026	157562.972338632965	265
0	3028	157892.080179005787	266
0	3038	158285.250067574472	267
0	3040	158348.715628624499	268
0	3042	158365.349174398886	267
0	3055	159110.62474243859	268
0	3057	159280.383431417878	269
0	3059	159365.103053186046	268
0	3064	159508.109905654103	269
0	3066	159518.067931829972	270
0	3068	159572.625779089284	271
0	3070	159667.705070968675	270
0	3075	159700.934294584682	271
0	3081	160004.871671706842	272
0	3087	160423.530274427729	273
0	3097	160766.509499806868	272
0	3102	161117.222599558345	273
0	3108	161300.851658357045	274
0	3110	161302.9602088083	275
0	3112	161348.496280041706	276
0	3114	161562.572022151159	275
0	3119	161577.986268921268	276
0	3121	161907.044892722992	277
0	3123	162016.020675296414	278
0	3125	162021.436124697616	279
0	3127	162035.065006941638	280
0	3129	162092.491668572066	281
0	3131	162159.545716542424	282
0	3141	162589.652131382333	281
0	3146	162648.522623011341	282
0	3156	163263.464645469263	283
0	3158	163457.741513770031	282
0	3163	163581.4650023695	283
0	3177	164352.061870355116	282
0	3186	164970.254420373546	281
0	3191	165223.615252818869	280
0	3196	165406.337609754623	281
0	3198	165682.673092206238	282
0	3208	166228.208130667613	283
0	3210	166260.116148700287	284
0	3212	166378.818832930134	283
0	3221	166583.014168103525	284
0	3231	167409.430169381982	285
0	3237	167589.767965243573	286
0	3239	167632.162072916179	287
0	3245	167991.753313574897	286
0	3250	168111.276685137452	287
0	3252	168269.995251635714	288
0	3258	168692.845485334359	289
0	3260	168693.457635525571	288
0	3265	168894.552899304349	289
0	3271	169116.165583603605	290
0	3273	169256.966751535731	291
0	3275	169435.030221078502	290
0	3280	169529.307685016956	291
0	3286	169671.175886420171	292
0	3288	169703.648225652936	293
0	3294	170066.13880684601	294
0	3296	170463.287976641165	293
0	3301	170488.774339180245	294
0	3311	171083.813904506537	295
0	3313	171457.319575395392	294
0	3322	171496.959296164272	295
0	3324	171582.69022692499	296
0	3326	172076.92643685737	297
0	3332	172131.875414113484	298
0	3334	172166.005421224836	299
0	3336	172230.435740608679	298
0	3341	172415.97979732849	299
0	3347	172609.248213746836	300
0	3349	172629.481844381947	301
0	3351	172791.51188246529	300
0	3368	173040.28961196165	299
0	3373	173160.000466093249	300
0	3375	173432.149206367205	301
0	3377	173616.048267067353	302
0	3391	173986.343260999726	301
0	3396	174087.518867262335	302
0	3406	174647.102153260218	301
0	3411	174807.521579685147	302
0	3417	175255.703690875349	303
0	3419	175374.092134119866	304
0	3421	175374.733269511915	305
0	3427	175597.392168745346	306
0	3429	175617.229812066959	305
0	3434	175619.95929819791	306
0	3436	176114.478634035276	307
0	3442	176554.712702089429	308
0	3444	176563.2742556273	309
0	3454	177243.109458867418	308
0	3463	177606.769661527085	307
0	3480	178677.81547043242	308
0	3482	178920.694013063974	309
0	3484	179076.242060735551	310
0	3486	179136.281685452866	309
0	3495	179847.963991235899	308
0	3500	180046.873946194611	309
0	3502	180369.775223697039	310
0	3508	180665.889525943473	311
0	3514	180880.142447622402	312
0	3516	180942.4615654259	313
0	3522	181136.819606084334	312
0	3531	181589.915907420589	313
0	3533	181603.673023064301	314
0	3535	181794.592499383666	315
0	3537	181934.67649192491	316
0	3539	182193.489107280818	317
0	3541	182219.252418099491	318
0	3543	182230.61286415528	317
0	3548	182240.639735921706	318
0	3550	182256.662385681557	319
0	3556	182837.392042135909	320
0	3562	183013.477786254096	319
0	3571	183270.762095708358	318
0	3580	183809.994854541449	319
0	3586	184417.130758274305	318
0	3591	184482.246771134561	319
0	3609	185367.664012197364	318
0	3614	185505.018075514827	319
0	3620	186272.002911765237	320
0	3622	186827.435321059037	319
0	3631	187221.499660872073	320
0	3637	187420.341706785326	321
0	3639	187485.019434237686	322
0	3645	187819.997822865615	323
0	3647	187883.255250948798	324
0	3649	188037.267675968947	325
0	3651	188118.820944561256	326
0	3653	188122.983594511373	327
0	3659	188311.454679641335	328
0	3661	188476.827449794818	327
0	3666	188561.497247878524	328
0	3668	188985.633416090776	329
0	3670	189119.281911063899	328
0	3675	189386.687787721325	329
0	3681	189759.195655152464	330
0	3683	189982.26600799333	329
0	3688	190130.157649131458	330
0	3694	190385.71557013208	331
0	3696	190473.766324590851	330
0	3721	192077.500933591236	329
0	3730	192241.84811336201	330
0	3732	192826.323113384222	331
0	3738	193324.160494539846	330
0	3747	193729.21951315102	331
0	3749	193748.796682493019	332
0	3751	193784.877992000725	333
0	3753	193993.54409536031	334
0	3755	194022.139045494899	335
0	3757	194066.13074186105	336
0	3763	194141.380683924962	335
0	3768	194406.900886390427	336
0	3770	194561.168684357661	337
0	3780	194922.968534454301	338
0	3782	195133.146202176186	339
0	3784	195158.55387243997	338
0	3789	195383.792451870062	339
0	3791	195481.313407478962	340
0	3793	195681.18348817384	341
0	3799	195933.185091598601	342
0	3805	196385.302840318491	341
0	3814	196935.586040029241	342
0	3816	197211.450214568486	341
0	3825	197549.937239683624	342
0	3827	197582.185977043294	343
0	3833	197761.596459317387	344
0	3835	197868.05388049035	345
0	3837	197879.519412178507	344
0	3846	197998.489107531723	345
0	3848	198011.102204391266	346
0	3858	199069.052654417837	347
0	3860	199231.886984888425	346
0	3865	199300.964054022681	347
0	3871	199525.424894361703	348
0	3873	199632.248901653591	349
0	3875	199964.678772072186	350
0	3877	200098.985379846585	351
0	3879	200276.982726161018	352
0	3885	200370.056221210556	353
0	3887	200394.711721240293	354
0	3889	200505.428217906466	353
0	3894	200602.750922944827	354
0	3896	200868.417258305358	355
0	3898	201003.556475192573	356
0	3904	201103.734371652389	357
0	3906	201140.748557115517	358
0	3908	201260.426898443368	359
0	3910	201429.544378534281	360
0	3916	201759.690787304154	359
0	3921	201767.123419225526	360
0	3927	202463.619820312217	361
0	3929	202488.734888877681	360
0	3934	202541.290380948408	361
0	3940	202748.360496616974	362
0	3942	202943.78421100937	363
0	3944	203144.375582718136	364
0	3950	203314.767285548871	365
0	3952	203404.313291829041	364
0	3961	203477.409341105171	365
0	3967	203977.891561739716	366
0	3969	204127.133429196846	367
0	3971	204457.262142404558	368
0	3977	204996.720669200687	369
0	3979	205007.075240645519	368
0	3984	205245.101887398429	369
0	3990	205961.708622946238	370
0	3996	206203.640837740115	369
0	4001	206260.808046393281	370
0	4003	206434.738363667789	371
0	4005	206527.771133603411	372
0	4007	206720.482580830389	373
0	4013	206873.878817069173	374
0	4015	207007.848246168307	373
0	4020	207103.93672472032	374
0	4022	207476.632286066775	375
0	4028	207952.326047090194	376
0	4034	208047.983128685466	375
0	4043	208619.406691114479	376
0	4053	209241.197436334824	377
0	4055	209299.582919660918	376
0	4060	209434.224540385178	377
0	4066	209485.98613959799	378
0	4068	210088.39559302364	379
0	4070	210156.904561133229	380
0	4072	210288.268712120307	381
0	4074	210393.527848169858	382
0	4080	210829.979651596929	383
0	4082	210878.413025844805	382
0	4099	212015.837585650064	383
0	4101	212036.528568358895	384
0	4103	212292.177350629084	383
0	4108	212490.631221338171	384
0	4110	213015.811814505225	385
0	4112	213188.991605716726	386
0	4118	213699.921921026428	387
0	4120	213921.332379315012	386
0	4125	214021.454159773536	387
0	4127	214169.690472753508	388
0	4133	214530.729229007763	389
0	4135	214644.104356663365	390
0	4137	214727.881137089997	391
0	4139	214830.458843725629	392
0	4141	214941.811433356219	391
0	4154	215963.403428453916	390
0	4163	216241.502862089944	391
0	4165	216498.329495560342	390
0	4170	216558.028711904147	391
0	4180	217279.521216443828	392
0	4182	217312.7793640777	393
0	4188	217425.833301012641	394
0	4194	217907.33183665482	395
0	4196	217927.876913554078	396
0	4202	218168.418733250314	395
0	4207	218741.210052596887	396
0	4209	218796.519218600381	397
0	4211	218826.901401421894	398
0	4213	219271.01906351369	397
0	4222	219499.875824170828	398
0	4224	219786.874384282452	399
0	4226	219863.178243509587	400
0	4228	220277.389385511217	401
0	4230	220302.987789599225	402
0	4240	220423.9393082596	401
0	4245	220613.897827034729	402
0	4247	220657.312866454753	403
0	4249	220977.240726310724	402
0	4258	221736.10403237817	403
0	4268	221854.160153340513	402
0	4273	222092.306828604694	403
0	4283	222540.846895204827	404
0	4285	222569.01161612255	405
0	4287	222650.265222346376	406
0	4289	222657.990667357413	407
0	4291	222875.500803660566	406
0	4296	222895.049042156377	407
0	4302	223207.587162494067	408
0	4304	223219.994349039927	409
0	4306	223339.625489758572	410
0	4308	223613.897589888813	411
0	4310	223786.686796318704	410
0	4319	224084.363346380999	411
0	4321	224169.52730997655	412
0	4327	224862.540918137843	411
0	4332	224972.850828324034	412
0	4338	225053.249807385754	413
0	4340	225213.516398890876	414
0	4342	225256.559419888968	413
0	4347	225258.967696621161	414
0	4353	225409.315151787934	415
0	4359	225695.011444532677	416
0	4365	225982.65287751871	417
0	4367	226108.704860086354	418
0	4377	226397.740249332006	417
0	4382	226426.52270378229	418
0	4384	226581.053061468299	419
0	4398	227615.436113193466	420
0	4400	227742.488513973376	421
0	4402	227928.877816308255	420
0	4407	228273.502061229399	421
0	4409	228686.531974197709	422
0	4411	228868.016571249778	421
0	4420	229258.668806474621	420
0	4429	229741.398442053166	421
0	4439	230584.723008013955	422
0	4445	230831.671533618088	421
0	4454	231280.299809486469	422
0	4456	231340.653466083235	423
0	4458	231344.602349605985	424
0	4460	231571.245291750844	423
0	4469	231917.209780620257	424
0	4475	232355.401768568869	423
0	4480	232368.726186319775	424
0	4486	232766.993130148318	425
0	4488	233095.236816775674	426
0	4498	233322.572151222555	427
0	4500	233366.145509460168	428
0	4502	233477.536928077341	429
0	4504	233679.050555188175	428
0	4513	234206.644407521777	429
0	4515	234671.583880703863	428
0	4524	234934.006808889838	429
0	4530	235219.373258311268	428
0	4535	235262.696694724161	429
0	4537	235391.71733624228	430
0	4539	235658.964541979023	431
0	4545	235776.050602597108	432
0	4547	236071.152761586425	433
0	4549	236179.434960517999	432
0	4558	236256.912572774656	433
0	4560	236546.644807078509	434
0	4562	236564.727323229202	435
0	4568	236659.349171026791	436
0	4570	236717.670548562683	437
0	4572	237005.986491994894	438
0	4578	237594.31591075954	439
0	4580	237627.883844545556	440
0	4582	237640.139976512608	439
0	4587	237777.684083489396	440
0	4593	238234.615684408662	439
0	4602	238686.465452980218	438
0	4607	238689.781110921342	439
0	4617	239131.586071100054	438
0	4622	239186.716837546894	439
0	4628	239819.68663088528	440
0	4642	240380.056505348502	439
0	4655	240617.679142532989	440
0	4657	241186.79162051153	439
0	4662	241442.642716733787	440
0	4672	241977.816224481872	441
0	4674	241998.542405436139	442
0	4676	242049.288682916951	443
0	4678	242228.855135631381	444
0	4684	242359.166050288795	443
0	4689	242590.872123027639	444
0	4695	242779.59944913466	445
0	4697	242988.461070106679	446
0	4699	243292.30843226981	445
0	4708	243583.039491469251	446
0	4710	243664.434658881245	445
0	4719	244005.897859529752	446
0	4721	244020.62114404072	447
0	4723	244536.298806102811	448
0	4729	244851.12027975964	449
0	4731	245065.600459080184	450
0	4737	245263.732772465764	449
0	4746	245489.881423085538	450
0	4748	245578.622442560043	451
0	4750	245827.723808657347	450
0	4763	246209.268171584412	451
0	4769	246364.695845302317	452
0	4771	246495.124526407787	453
0	4777	246751.061058748483	452
0	4782	246921.676501137463	453
0	4784	247115.864447778007	454
0	4786	247127.781349716095	455
0	4792	247876.956038333385	456
0	4798	248090.527679506659	455
0	4803	248646.337578280312	456
0	4805	248682.410587143123	455
0	4826	250097.889251183689	454
0	4835	250488.790016249822	455
0	4837	251195.270220603179	456
0	4843	251657.18553486836	455
0	4848	251996.157913748891	456
0	4854	252563.363008216157	457
0	4856	252637.050931375444	456
0	4865	252741.082997706804	457
0	4871	253051.603402136414	458
0	4873	253242.219988702597	459
0	4875	253730.408817469723	460
0	4877	253833.459092859149	459
0	4882	253905.710364621454	460
0	4884	253958.9590024077	461
0	4890	254671.853710698367	462
0	4896	254930.030059996963	461
0	4901	254941.067768615708	462
0	4903	255220.564959264729	463
0	4905	255245.145054444289	464
0	4911	255560.714928429544	463
0	4916	255661.319317982997	464
0	4922	255998.159451792379	465
0	4928	256519.985770139873	466
0	4930	256630.893348916654	467
0	4932	256693.710981640935	466
0	4937	256828.245629639811	467
0	4947	256956.787342697828	468
0	4949	257158.150356232267	469
0	4951	257301.157903037963	470
0	4953	257640.087405161337	471
0	4955	257743.222942162335	472
0	4961	257989.437238332587	473
0	4963	258072.138108264727	474
0	4965	258115.447963119684	475
0	4967	258115.809192690969	474
0	4972	258148.217004219365	475
0	4978	258414.403972089995	476
0	4980	258796.517518821042	477
0	4986	258969.220531796973	478
0	4988	259172.440007340144	479
0	4990	259349.137830351637	480
0	4992	259447.579047378123	479
0	5001	259758.961028113722	480
0	5003	260063.19128845886	481
0	5009	260176.802823559232	482
0	5011	260235.151707438714	483
0	5021	260733.158228439218	484
0	5023	261000.808209810376	483
0	5028	261087.940959046852	484
0	5030	261105.676691706748	485
0	5032	261543.053295059254	486
0	5034	261692.928968756011	487
0	5036	261807.096809478541	488
0	5042	262045.865350848347	489
0	5044	262536.366978917241	488
0	5053	262861.601388049995	489
0	5055	263057.639232168943	490
0	5057	263275.707506870793	491
0	5063	264105.479509230673	490
0	5072	264779.436309351755	491
0	5074	264846.485332396164	492
0	5084	265731.65705389899	491
0	5089	266340.070014417321	492
0	5091	266459.364457207099	493
0	5093	266717.581173142561	494
0	5095	266966.0766550861	493
0	5108	268085.277538004296	494
0	5110	268185.339051370571	495
0	5116	268581.55157697156	496
0	5118	268599.070903543353	495
0	5127	268913.832282241005	496
0	5137	269898.884033221722	495
0	5142	270105.048609654378	496
0	5144	270844.973436146456	497
0	5146	271180.884495955939	498
0	5152	271400.759579945326	497
0	5157	271698.544038926223	498
0	5163	272010.221176180959	497
0	5168	272252.241304100388	498
0	5174	272453.097741899233	499
0	5180	272863.478227839567	500
0	5182	272920.18600903076	499
0	5187	273355.393261086167	498
0	5196	273686.195409599304	499
0	5198	273735.054117259319	500
0	5208	274614.223411824526	499
0	5225	275213.369184752928	500
0	5227	275506.458294909419	499
0	5232	275884.676411655825	500
0	5234	275939.217037990151	501
0	5240	276366.928322125198	500
0	5245	276719.664111096384	499
0	5250	276726.60388013669	500
0	5252	276803.445019310215	501
0	5266	277108.878119429513	502
0	5268	277116.036647369547	503
0	5270	277153.888943611074	504
1	0	0	0
2	0	0	0
3	59	2891.005001744199	2887.2507976089
3	106	5855.671002171878	5439.8279354123
3	110	6087.513503838275	5425.1678866003
3	129	7531.944276230354	6866.872849476
3	154	8943.581575654392	8226.7876725011
3	169	10124.2049469761	9270.565915453
3	192	11937.155283648466	11028.335212417
3	217	12979.426445901339	12065.778218495
3	234	14082.304471550455	13079.874768218
3	279	16777.225097432677	15618.877691719
3	315	17796.246726350804	16584.18310021
3	323	18382.442996879984	16957.332755488
3	352	19625.395148429965	18047.687523923
3	361	19770.971129393149	17947.558841742
3	390	21059.195314185638	19170.099879368
3	407	21982.00480017433	19956.335510417
3	441	23588.713740143869	20308.974341007
3	459	24358.359519584048	20643.32696014
3	494	26051.231426872258	21634.300249701
3	503	26747.029392724802	22040.182557896
3	543	28274.149886980598	22097.711057396
3	584	30658.903467995992	22719.481217857
3	588	30798.180090539103	23874.746003412
3	607	31958.30327245029	23979.16362238
3	622	32654.399726843408	24608.339159491
3	656	34548.7419376112	26207.888185466
3	696	37020.756240278431	27607.123306819
3	724	38320.902672564558	27487.780308931
3	737	38663.339873343654	27729.94136544
3	767	40347.319814288937	29100.116771979
3	780	40606.861343277566	29342.441061405
3	810	42120.83122422541	30032.699543205
3	814	42222.905302742445	30106.897618458
3	839	43455.244036368974	31115.04511666
3	860	44152.115462558294	31409.643510166
3	909	47116.628958504597	33260.706784609
3	935	47937.280382128382	33125.370057935
3	951	48851.30583014893	33859.80375736
3	973	50168.43618811662	34243.476276144
3	995	51102.239891277577	34802.297530608
3	1019	51935.853613192167	35159.869226846
3	1030	52500.775833954986	35910.744747733
3	1067	54587.504023272495	37797.359225325
3	1084	55555.840314110692	38600.20834537
3	1094	56197.399559454944	38672.052357689
3	1120	57546.731060152825	39864.682831527
3	1132	58134.121442368206	39717.264021335
3	1194	60388.16003836314	41303.051810342
3	1207	60825.734373234164	41714.02824491
3	1230	61722.530210507985	42441.552061255
3	1247	62144.065492279779	42022.201355813
3	1251	62357.503680843811	42147.263744649
3	1265	62990.058193212326	42531.622266988
3	1289	64817.838306534986	44272.597671317
3	1340	67136.037808792617	46202.852340587
3	1355	67432.905734512907	46404.54867546
3	1424	71259.089387679425	49303.241753926
3	1468	73530.159012047526	50500.469419468
3	1528	77322.801116915372	52661.527565271
3	1546	78826.485456466629	54092.382774713
3	1565	79264.563481943636	53972.168313792
3	1582	80078.951740736096	54744.88318423
3	1597	80773.572040894955	53705.090970804
3	1629	82249.988149084105	54931.896384692
3	1650	83016.345934780269	55217.640912358
3	1654	83284.709283808201	55809.058476227
3	1689	84994.891291247635	57193.553794838
3	1715	86820.939901607066	58910.096979521
3	1719	86993.204711439042	59044.088404315
3	1759	89404.159675544081	59615.960332146
3	1771	90231.455652076704	59779.815330823
3	1804	92048.680431466503	61082.701305934
3	1808	92187.752724360628	61086.174985509
3	1829	93232.323586890427	61535.506419643
3	1846	94482.052728855936	61867.168298759
3	1925	97821.810250474094	62785.786807023
3	1929	97947.013751637144	63562.284961267
3	1940	98090.388851413458	62866.655301062
3	1961	100101.877832921176	64864.776692288
3	2006	102769.517689874351	66532.809194304
3	2025	104005.797288153275	67164.940256169
3	2029	104107.456037137613	67562.303910169
3	2073	106606.510617570907	69482.946414181
3	2096	108179.438618706494	70923.133453077
3	2112	108908.9401251785	70558.479843582
3	2143	110806.418318428054	72327.484154434
3	2161	111618.629959044933	71665.124943761
3	2165	111862.199254851744	72575.505666127
3	2189	113040.325905965596	72974.678370837
3	2213	113982.475992223202	73787.034794181
3	2229	115015.098133772566	73490.991901041
3	2242	115380.134363971605	73683.464893173
3	2266	117171.591824363872	74693.693265766
3	2298	118778.950970439195	75685.197889789
3	2319	119429.796100394755	75961.416175923
3	2327	119759.478786239355	76546.128635979
3	2340	120456.995406994551	76419.704207919
3	2364	121817.198324367359	77555.6490033
3	2370	122039.370543962301	77375.170686342
3	2391	123489.005640033588	78563.328276414
3	2434	126229.615257853598	80190.368792992
3	2455	127647.694696584672	80395.647023834
3	2470	128397.530317936048	80986.889244087
3	2527	131892.914206558795	83523.168070035
3	2551	132612.015118585856	84234.633844442
3	2565	134038.966078465762	84668.825816517
3	2571	134159.369826024355	85729.082320362
3	2599	135967.403187729376	85993.84016353
3	2616	136509.737490402492	86324.31816308
3	2673	138842.826623139861	87239.703581233
3	2707	140626.091788733335	88176.800696511
3	2726	141813.132200758861	88717.658918762
3	2751	143674.093121416824	90571.761582619
3	2768	144468.716149624394	90470.250585307
3	2808	147399.997092081191	91764.167829548
3	2876	150315.643851222429	93062.670533436
3	2897	150860.143356980714	93317.422147857
3	2923	151953.978923853444	93708.540901448
3	2927	152127.107249475973	93881.792225184
3	2948	153288.639757852959	94658.444108129
3	2971	154330.286731176036	95459.972706992
3	2985	155236.242122469428	95390.207675007
3	3049	158406.183582317041	98078.456989225
3	3079	159858.386255657258	99388.323020812
3	3091	160596.024335376876	99839.323509745
3	3106	161255.685530915814	99909.629646919
3	3150	163071.452818937557	101421.31242877
3	3154	163138.972998145925	101593.29055236
3	3175	164340.466362411114	102478.90015841
3	3229	167068.209392378063	104514.87512874
3	3235	167436.350275544407	104986.67117471
3	3305	170616.676379969301	105888.24931512
3	3320	171472.509644800755	106568.47071692
3	3358	172939.841657277154	107493.62357818
3	3362	172994.920042423489	107550.48889707
3	3404	174548.335002424153	107407.41295803
3	3452	177173.472004240336	109739.70069149
3	3461	177453.416387844788	109830.27916641
3	3474	178499.023607574361	109960.69401969
3	3493	179496.248617056715	110584.01210331
3	3520	181043.826340954708	111844.92218757
3	3529	181568.218251593369	112243.76205799
3	3560	182930.064340835395	113457.28766898
3	3578	183371.990078376564	113593.95573443
3	3595	184711.691378341947	114887.21565348
3	3607	185296.124526295769	115401.4569562
3	3618	185796.467455444816	115682.8959492
3	3635	187327.172780079727	117126.29647258
3	3692	190290.354986419861	119706.92967627
3	3711	191407.496066704353	120776.87395861
3	3745	193335.791912177537	122066.531784
3	3774	194700.001538690139	123025.7261915
3	3797	195772.675576839556	123971.8546551
3	3812	196509.124471532141	124594.55066637
3	3852	198556.045731488576	124683.38102834
3	3902	201067.984606880655	126379.26601553
3	3925	202395.836349731273	127571.24701934
3	3988	205401.976640695668	129422.47863984
3	4011	206734.488131707496	130699.13645621
3	4032	208035.078652227259	131911.09304722
3	4064	209454.773426778576	131804.45335419
3	4089	211158.39766077321	133162.46413239
3	4097	211995.572754662447	133482.27378924
3	4174	216669.15414969992	137773.8764171
3	4192	217782.555507343226	138602.11404977
3	4234	220304.409996993804	140609.48273476
3	4256	221171.334101470151	141464.84426283
3	4277	222428.118883600423	142093.16234218
3	4281	222532.287460664252	141750.6681528
3	4336	224996.840440310503	143873.74218311
3	4357	225606.941838111693	144150.57717801
3	4371	226198.901302866603	144600.74555927
3	4388	226729.141510674695	144808.57495282
3	4396	227590.340587446432	145373.28537948
3	4433	229887.19454981942	147453.97465557
3	4437	230509.272459974478	147830.97595351
3	4473	232307.436638554523	148936.88689195
3	4496	233264.180259868469	149883.32074605
3	4528	235123.617436081137	151141.66533824
3	4556	236193.573596613449	152053.3117466
3	4576	237454.137096848306	153233.77357866
3	4600	238281.345249978793	153644.15360043
3	4640	240266.788792084871	155333.02346152
3	4653	240589.887422691999	155472.37639089
3	4682	242260.78602773693	155212.55177621
3	4693	242687.405048921673	156043.58172116
3	4744	245372.215692564813	157578.95958674
3	4761	246177.185123698754	158108.72222383
3	4767	246295.927482690631	158137.00146915
3	4790	247369.661454070328	158585.65121593
3	4812	248733.415188366517	159495.26116455
3	4824	250079.025675669282	160525.85868041
3	4852	252367.18167096001	161841.37344858
3	4869	252977.401126861543	162388.0772974
3	4920	255779.484524769679	163125.10045907
3	4941	256918.630606314138	164228.8023205
3	4959	257836.200850117922	164897.92505292
3	4984	258839.107318172202	165659.69339038
3	5007	260163.835834065423	166713.48107536
3	5051	262851.144983932346	167660.9597004
3	5070	264594.475983209878	168959.15157747
3	5106	267352.444773284689	170764.89899622
3	5125	268673.489107122615	171416.83401676
3	5135	269690.619552206218	172380.35355646
3	5161	271838.80749335137	174214.79389751
3	5178	272801.743545202509	174767.55187381
3	5202	274173.494589269132	175091.83298375
3	5219	275116.944404585258	175560.95505071
3	5223	275193.085406241909	175950.19303793
3	5256	276823.317444078596	177158.33777121
3	5264	277101.211770573603	175898.58228886
4	76	3854.857728701029	3687.922054106
4	251	15545.865475876201	14490.173331324
4	302	17458.683654345517	16215.010573564
4	427	22791.155689466689	20596.888706695
4	486	25883.174720598328	21861.99494093
4	547	28445.677189972196	23302.475396191
4	556	28641.257750565132	22239.192955404
4	646	33793.418222745828	25717.607829725
4	677	35942.71051514516	27576.632290113
4	784	41197.55694234366	29421.948574731
4	845	43593.775435496072	31190.779279604
4	890	45765.409475300411	32788.9238748
4	896	46235.383589003185	33204.535534961
4	1011	51653.592345599035	35286.521826253
4	1075	55288.987399512853	38431.967137054
4	1147	58513.237408442374	40083.635461776
4	1184	60169.959073966321	41628.648472974
4	1313	65756.066273400511	44924.266819988
4	1332	66886.22834672774	45966.53037254
4	1383	69294.139947039958	47653.949413259
4	1434	71465.785753862885	48858.325225226
4	1440	71771.181440107476	48871.250278658
4	1479	74159.755136720789	51072.916445318
4	1502	75649.772791197477	51290.865143063
4	1740	88081.352599138348	59123.16398608
4	1866	95353.079935112922	61898.2194215
4	1890	96360.766379978462	62647.064982004
4	1894	96415.814353736071	62955.806785033
4	1969	100770.449770377904	65058.552162814
4	2060	106078.468979025215	68999.663815698
4	2290	118221.655416522129	75520.587053396
4	2409	125181.411612942771	79965.761079302
4	2438	126344.195835120932	79178.280287783
4	2482	129410.690708780617	81700.834183878
4	2536	132079.009931251363	83890.552976689
4	2640	137908.327816991093	86846.595775685
4	2677	138971.515282677444	87756.905639794
4	2730	141839.486096767666	89337.536089284
4	2789	146259.065519902813	91819.139535871
4	2838	148272.347465740474	91148.102991101
4	2859	149108.657677393365	91973.439416264
4	2956	153852.594314046162	95484.31692637
4	3013	156899.509313829201	96649.187712503
4	3032	157967.199395658406	97704.900090352
4	3184	164420.156224068212	102585.11262931
4	3206	166117.815638329791	103715.19001662
4	3256	168375.496519604655	105212.18741396
4	3284	169651.17499409798	105847.24791355
4	3385	173883.312842953908	107141.94136163
4	3400	174487.155086468863	107196.28040182
4	3425	175402.199935266705	107988.67537979
4	3657	188258.602428609465	117954.21737035
4	3719	191872.72176894914	120761.67973098
4	3728	192176.872036956211	121066.90872264
4	3831	197756.565545793583	124340.86854781
4	3869	199525.122026052287	125249.73302723
4	3948	203219.869501810482	128326.44804023
4	3965	203749.273472368679	128268.96132369
4	4051	208950.390882311351	131911.73347807
4	4131	214288.759977469184	135445.89757971
4	4161	216133.539669342302	137281.55452594
4	4200	218106.491964409092	138899.04817425
4	4317	223819.456762742217	142716.88729898
4	4452	231076.08981105123	147764.79120364
4	4511	233953.276686683264	150546.28773865
4	4615	239097.939605569434	154337.26810122
4	4649	240434.615625139294	155537.76240104
4	4717	243878.627645900442	156300.50161277
4	4833	250213.847768908337	160595.97825005
4	4894	254902.693118737981	163858.51179118
4	5019	260721.833955083013	166822.00498896
4	5082	265188.459677580714	168722.04371863

