version 2
run Iteration-7-20200521-09:51:16-55608
attr configname Iteration
attr datetime 20200521-09:51:16
attr experiment Iteration
attr inifile omnetpp.ini
attr iterationvars "$i=1, $j=8, $0=15-(1+8)"
attr iterationvarsf i=1,j=8,15-(1+8)-
attr measurement "$i=1, $j=8, $0=15-(1+8)"
attr network Network
attr processid 55608
attr repetition 0
attr replication #0
attr resultdir results
attr runnumber 7
attr seedset 7
itervar i 1
itervar j 8
param **.resourcePool.amount 1
param **.resourcePool1.amount 8
param **.resourcePool2.amount 15-(1+8)
param **.source.interArrivalTime exponential(6min)
param **.delay.delay uniform(4min,28min)
param **.delay1.delay uniform(10min,28min)
param **.delay2.delay uniform(4min,16min)
param **.allocate.resourceModuleName "\"Network.resourcePool\""
param **.allocate1.resourceModuleName "\"Network.resourcePool1\""
param **.allocate2.resourceModuleName "\"Network.resourcePool2\""
param **.deallocate.resourceModuleName "\"Network.resourcePool\""
param **.deallocate1.resourceModuleName "\"Network.resourcePool1\""
param **.deallocate2.resourceModuleName "\"Network.resourcePool2\""
param **.router.randomGateIndex "uniform(0, 1) > 0.2 ? 0 : 1"

vector 0 Network.allocate queueLength:vector ETV
attr interpolationmode sample-hold
attr title "queue length, vector"
vector 1 Network.allocate1 queueLength:vector ETV
attr interpolationmode sample-hold
attr title "queue length, vector"
vector 2 Network.allocate2 queueLength:vector ETV
attr interpolationmode sample-hold
attr title "queue length, vector"
vector 3 Network.sinkStat lifeTime:vector ETV
attr interpolationmode none
attr title "lifetime of arrived jobs, vector"
attr unit s
vector 4 Network.sink lifeTime:vector ETV
attr interpolationmode none
attr title "lifetime of arrived jobs, vector"
attr unit s
0	0	0	0
0	5	121.425079015135	1
0	7	259.71986810478	2
0	9	467.433334976802	3
0	11	1391.658753914195	2
0	16	1845.115945913529	3
0	22	2673.448612814206	2
0	31	3218.961051253115	3
0	33	3251.626884201344	4
0	35	3278.547197647942	5
0	37	3474.259529242856	6
0	43	3586.786404185385	7
0	45	3688.882668068069	6
0	54	3836.234798062877	7
0	56	4422.426427263489	8
0	58	4567.049573199661	9
0	60	4688.863967334288	8
0	65	4739.689341045082	9
0	71	5143.56325700256	10
0	81	5494.70089284088	9
0	86	5545.218647763336	10
0	88	5761.832885092637	11
0	90	6041.975802307385	10
0	103	6716.748186811038	11
0	109	7047.107219242072	12
0	119	7622.912475888985	11
0	124	8113.548453313666	10
0	129	8126.504404468845	11
0	135	9125.38210261594	12
0	141	9339.835672791705	13
0	143	9492.247902241903	12
0	148	9514.638479952363	13
0	154	9912.682168984539	14
0	160	10139.715213815305	15
0	162	10222.235623680552	16
0	164	10459.479346602249	17
0	170	10702.424421260596	18
0	172	10812.838098195749	17
0	177	10870.122451586727	18
0	179	11024.516184340744	19
0	185	11188.508225196472	20
0	187	11843.583250349315	21
0	193	12056.524750466502	22
0	195	12422.63571762796	21
0	204	13114.788058598893	20
0	209	13197.016874163202	21
0	215	13228.409611103693	22
0	217	13513.667248418643	23
0	219	13560.298730929749	22
0	224	13670.402444639646	23
0	230	13790.02634566014	24
0	236	14247.000041318493	23
0	245	14703.787596091293	24
0	251	14895.565550093339	25
0	253	15111.01275635268	24
0	262	15748.396002117509	25
0	276	16234.895073953276	26
0	278	16435.024974554241	27
0	284	16493.7535549825	26
0	289	16786.452977903635	27
0	291	16894.430620591817	28
0	293	17087.372097612029	29
0	295	17274.402352981854	30
0	297	17274.91639636203	31
0	303	17671.059023082999	32
0	305	17679.793691163318	31
0	310	17879.473237903982	32
0	316	18146.976179704052	33
0	318	18575.828177744704	34
0	320	18941.321612757997	33
0	325	19056.199297500565	34
0	331	19469.688739117037	35
0	333	19489.34189170104	36
0	335	19549.43584747483	37
0	337	19682.420668535828	38
0	343	20059.451448518626	39
0	349	20352.894438880451	40
0	355	20557.196002019004	39
0	360	21004.020341870741	38
0	365	21083.330326618658	39
0	367	21470.890939567175	40
0	369	21701.029151727587	41
0	371	21889.002597828762	40
0	376	22091.215567834209	41
0	378	22141.809781329308	42
0	384	22415.582269866843	43
0	386	22430.145498286563	44
0	396	22653.97566814961	45
0	402	23231.389735675883	46
0	404	23340.729059291439	45
0	413	23416.722913167419	46
0	415	23667.643482083036	47
0	417	23777.830667061167	46
0	422	23808.832900637676	47
0	428	24363.565200316833	48
0	430	24589.766715591209	47
0	451	25427.225268346625	46
0	456	25451.77990343798	47
0	462	25717.805881883599	48
0	468	25940.053332209643	49
0	470	26482.227926979008	50
0	476	26730.265778311327	51
0	478	26809.328656902041	52
0	480	26814.027879921156	51
0	485	27213.853522100705	52
0	487	27326.250249873544	53
0	497	28315.576039229888	52
0	502	28333.785342289433	53
0	504	28509.322595338992	54
0	510	28625.869684399486	55
0	512	28858.362824112898	56
0	514	28927.956961497099	57
0	516	29092.109869134981	56
0	521	29501.571041058633	57
0	527	29905.958200593848	56
0	532	30164.985869363862	57
0	542	30533.562229662063	58
0	544	30692.581573440954	59
0	546	30923.219401443952	60
0	556	31278.850247909684	59
0	561	31526.484204197316	60
0	567	32008.396388281432	61
0	569	32023.682665069973	62
0	575	32643.473725818197	63
0	577	32877.601426219006	62
0	582	33158.009127221742	63
0	584	33228.760995632659	64
0	590	33425.022226866021	65
0	596	33648.946142800197	66
0	598	33669.501806738304	67
0	600	33755.694292487832	68
0	602	33856.898872678538	67
0	607	34036.375052675726	68
0	609	34222.46810500858	69
0	615	34857.111799270842	70
0	621	35268.04549926277	69
0	630	35692.578401317259	68
0	635	35880.96232005683	69
0	637	36094.181430797786	70
0	639	36145.340950500484	71
0	641	36721.301593546289	72
0	647	36768.998671410044	71
0	652	36812.635068602782	72
0	654	36879.507199518884	73
0	656	36886.47050873456	74
0	666	37435.224449164399	75
0	668	37676.288346957305	76
0	670	37688.619873848627	77
0	676	37778.333601173377	78
0	682	37836.800802101751	77
0	687	38066.231069536035	78
0	689	38306.911582561441	79
0	691	38422.313728828826	80
0	693	38532.189366767119	81
0	695	38598.878327103674	82
0	701	38829.331987885197	81
0	706	38868.613466287149	82
0	708	39220.201685427652	83
0	710	39299.424871873618	84
0	716	39656.924854789393	85
0	726	40486.962638286313	84
0	731	40523.676872767438	85
0	733	40590.008238821405	86
0	735	40654.880633819494	87
0	737	41048.552195415075	88
0	739	41227.440421092581	89
0	749	41821.225604053119	90
0	751	41944.259660628995	89
0	756	41972.665667916292	90
0	758	41985.688779340392	91
0	760	42209.445486299414	92
0	762	42328.474677325584	93
0	768	42421.45164941754	92
0	773	42504.532300502161	93
0	779	43125.255550753572	94
0	789	43422.394536708852	93
0	794	43491.530236198844	94
0	796	43549.819548914644	95
0	798	43754.010627319475	94
0	807	44027.404751827379	93
0	816	44739.172717308064	92
0	837	45594.129746531506	91
0	850	46163.507540449209	92
0	860	46684.227776539882	91
0	873	47718.320226532777	90
0	878	47927.71532786904	91
0	880	48027.89004192715	92
0	886	48248.787242994294	93
0	888	48448.017884542604	92
0	893	48780.135285795667	93
0	895	48935.550455981376	94
0	897	49274.174139337983	95
0	903	49348.987558782252	96
0	905	49797.293919337352	95
0	914	50071.714272772332	94
0	923	50226.618250582275	95
0	925	50272.897077873713	96
0	931	50488.364226781032	97
0	933	50886.127726895173	96
0	938	50914.19426484014	97
0	944	51169.960274299045	96
0	949	51316.117554932604	97
0	959	51477.220207311198	98
0	961	51512.689419699271	97
0	974	51905.908122001902	98
0	976	52013.911599343081	97
0	985	52181.560176615684	98
0	991	52662.497181511093	99
0	997	52725.35115950822	100
0	999	52802.327221747763	101
0	1005	53190.579793130417	100
0	1014	53331.595823000183	101
0	1020	53414.767308065446	102
0	1026	53996.569272292216	101
0	1035	54318.267414265387	102
0	1041	54880.380930219868	103
0	1043	54929.662371168842	104
0	1045	55025.004680890304	105
0	1051	55429.024015379508	104
0	1056	55656.59963165767	105
0	1062	56010.931738068719	104
0	1075	56672.837361333617	105
0	1077	56673.505653227598	106
0	1079	57051.573637732421	107
0	1081	57121.689253660967	108
0	1083	57432.679529910345	107
0	1088	57447.634331651195	108
0	1094	57725.635488957131	109
0	1100	57983.743935566056	110
0	1102	58083.578112698125	111
0	1104	58448.012731087763	110
0	1109	58696.907216471989	109
0	1118	59136.180008197832	110
0	1124	59537.892473515161	111
0	1134	59986.079593124064	112
0	1136	59987.580376309769	113
0	1138	60004.331338194568	112
0	1143	60044.789433091254	113
0	1145	60058.238070828956	114
0	1155	60455.593970206935	113
0	1160	61073.767441337366	112
0	1165	61177.712227070566	113
0	1167	61235.497535405596	114
0	1185	62191.082280067165	113
0	1198	62816.408937101622	112
0	1203	62847.274508512322	113
0	1205	62881.635582654238	114
0	1207	62983.47422642915	115
0	1209	63033.471896497009	116
0	1211	63359.798210666739	117
0	1221	63769.541206104967	118
0	1227	64223.322985557278	117
0	1236	64583.004847590316	118
0	1238	64586.798842616787	119
0	1240	64626.61809908477	120
0	1242	64735.755694877811	121
0	1244	65129.000335795244	120
0	1249	65151.511787159765	121
0	1255	66149.576022507566	122
0	1261	66452.220588897725	121
0	1266	66554.950019348797	122
0	1276	67092.470439805919	123
0	1278	67410.019932289978	122
0	1283	67724.652849801891	123
0	1289	67960.707527702678	124
0	1291	68087.523746800979	123
0	1296	68096.924308962859	124
0	1302	68453.739302776932	125
0	1304	68561.451598929126	126
0	1314	69066.594248873552	125
0	1327	69913.199584310313	124
0	1332	70092.168153048525	125
0	1334	70129.837038609007	126
0	1340	70490.653022359611	127
0	1342	70609.354876553014	128
0	1348	70743.195928010449	129
0	1358	71248.146329255839	130
0	1360	71330.060441867366	131
0	1362	71356.274319415351	130
0	1367	71550.290249536813	131
0	1369	71835.543806674417	132
0	1371	71856.768657814239	133
0	1373	72015.473093738218	132
0	1378	72310.298440941371	133
0	1380	72453.349716126457	134
0	1386	72929.518085101516	135
0	1388	72951.400075193898	136
0	1390	73058.010473114808	135
0	1403	73455.568707022091	136
0	1405	73811.614662619702	137
0	1411	74139.91781964166	138
0	1413	74142.183295873363	137
0	1422	74287.889340163612	138
0	1424	74332.160266041355	139
0	1426	74732.460007232983	138
0	1435	75048.206513499279	137
0	1440	75532.54577325042	136
0	1445	75600.059493410629	137
0	1455	75934.328178807749	138
0	1461	76077.048870368194	139
0	1463	76283.549072754939	138
0	1484	76868.372906478285	139
0	1490	77213.919669374853	140
0	1492	77411.867464908275	141
0	1494	77519.587008220513	140
0	1511	78655.673221014227	141
0	1513	78670.43363281842	140
0	1518	78783.055891826999	141
0	1520	78864.558325595813	142
0	1522	78929.46476482335	143
0	1528	79229.590020117719	142
0	1533	79878.931660868765	143
0	1539	80071.112851192857	144
0	1545	80674.278565285165	143
0	1558	81034.259201114627	144
0	1564	81338.462682043571	143
0	1569	81489.023389017902	144
0	1571	81599.777016717785	145
0	1577	81866.797724629173	146
0	1579	81901.772393668676	147
0	1581	82016.184228038264	148
0	1583	82056.545897053526	149
0	1585	82172.900438519337	150
0	1587	82231.079144558442	151
0	1589	82570.430201714296	150
0	1598	82896.865994649164	151
0	1604	83042.558207710643	150
0	1609	83320.832322063593	151
0	1611	83346.150639177586	152
0	1613	83380.61388461389	153
0	1615	83565.957296838422	152
0	1620	83745.876445814839	153
0	1622	83791.336367469994	154
0	1628	84537.983709511717	153
0	1641	84983.979831471868	154
0	1643	85080.939949832177	155
0	1649	85309.301026497094	156
0	1651	85311.337882294566	157
0	1653	85341.362395820578	156
0	1658	85408.475682219956	157
0	1660	85426.098421127707	158
0	1662	85450.666116519063	159
0	1668	85628.287108854209	160
0	1670	85907.099991609121	161
0	1684	86263.734458096083	162
0	1686	86525.243832614878	163
0	1692	86863.657175740658	164
0	1698	87020.222356406411	163
0	1703	87046.716748092884	164
0	1705	87778.598111341372	165
0	1707	87820.264555885713	166
0	1713	88461.871713337859	165
0	1718	88560.058210373107	166
0	1720	88597.104021334167	167
0	1722	88649.675792048759	168
0	1724	88777.348933905842	169
0	1726	89007.087796210962	170
0	1732	89246.624732635793	171
0	1734	89499.814651815248	172
0	1736	89724.663471355065	173
0	1738	89735.268178818187	172
0	1747	90218.967137945256	171
0	1752	90368.704828286036	172
0	1754	90537.445572529151	173
0	1760	90557.859714207496	174
0	1766	90740.368022119924	175
0	1776	91153.255944618669	176
0	1778	91192.611984148821	177
0	1780	91359.67799746981	178
0	1782	91415.977825162372	177
0	1787	91445.446096504094	178
0	1793	91860.444921939014	179
0	1795	91903.744827738596	180
0	1797	92419.8296542963	179
0	1802	92708.240994770435	180
0	1804	92782.196867268983	181
0	1806	92796.530398852554	182
0	1816	93588.926702936551	181
0	1821	93654.246380051332	182
0	1827	93903.744636823794	181
0	1832	94156.415350971183	180
0	1837	94285.735809038091	181
0	1839	94350.960221052264	182
0	1845	94584.569192568669	183
0	1851	94798.967680130882	184
0	1853	95093.102029729487	185
0	1859	95332.857116996877	186
0	1861	95367.135654365084	185
0	1878	95718.513849660311	186
0	1884	96375.543778133832	187
0	1886	96678.031204318068	186
0	1895	97258.435644240862	187
0	1901	97542.901662291554	188
0	1907	97662.919966264101	189
0	1909	97996.936969993076	188
0	1914	98148.763065706035	189
0	1924	98908.881861170194	188
0	1929	98974.115112855479	189
0	1935	99451.847043330459	190
0	1937	99493.065337153018	191
0	1939	99515.861048532941	192
0	1941	100160.046084422829	193
0	1947	100290.535246332548	192
0	1956	101138.466899258457	191
0	1961	101271.042955886311	192
0	1963	101334.164248706178	193
0	1969	101914.624072679204	194
0	1971	101915.570081439608	195
0	1973	102094.3324229246	194
0	1982	102509.50046824871	195
0	1996	103569.70233825352	194
0	2001	103714.790039770575	195
0	2003	103772.125622911713	196
0	2009	103965.866841035445	197
0	2011	104149.200080049596	196
0	2016	104964.406381410918	195
0	2029	105212.59038922267	196
0	2031	105328.133260171377	197
0	2033	105355.304770336776	198
0	2035	105356.841784121408	199
0	2037	105441.987333097227	200
0	2039	105671.734626406424	201
0	2045	105717.999727552197	200
0	2054	106039.600563383206	201
0	2064	106991.19504815372	202
0	2066	106993.025629473555	203
0	2076	107358.312412578183	204
0	2078	107392.386498091183	203
0	2083	107469.494182497656	204
0	2085	107698.654037661257	205
0	2087	107722.251729182653	206
0	2089	108037.44867504891	205
0	2094	108979.982162893196	206
0	2104	109115.682108377479	205
0	2121	110156.638887527254	206
0	2123	110565.597699557804	205
0	2136	111706.849404362403	204
0	2141	111740.326445363822	205
0	2143	111938.813312298533	206
0	2145	112487.120649835452	207
0	2151	112935.655412900725	208
0	2153	112976.316227441095	207
0	2158	113051.32740553133	208
0	2164	113197.756716972166	209
0	2166	113723.570209632733	210
0	2172	113823.149662832539	211
0	2174	113994.140093711578	210
0	2179	114030.086673654153	211
0	2181	114038.388317085531	212
0	2187	114630.714951233894	213
0	2189	114869.235742984481	214
0	2191	114879.893288367592	215
0	2193	114991.645722103678	214
0	2202	115035.918839744798	215
0	2220	116466.433292382374	216
0	2222	116650.93614354799	217
0	2224	116651.309375626408	216
0	2229	117352.640074850721	217
0	2231	117365.259008800814	218
0	2237	117519.985869665082	219
0	2239	117617.02783820536	218
0	2244	117823.446813638612	219
0	2250	118211.599215922752	220
0	2252	119014.57391032985	221
0	2258	119233.99185040351	220
0	2263	119878.965510440432	219
0	2272	120395.969052550756	218
0	2281	120744.259839192219	219
0	2283	121129.158960834836	220
0	2285	121195.956445635127	221
0	2287	121236.935564196297	222
0	2289	121382.279460703202	223
0	2303	121756.486710138207	224
0	2305	121902.425169212186	223
0	2318	122644.776734008172	224
0	2320	122736.614070462356	225
0	2326	123564.072283109093	224
0	2335	123874.189536732996	223
0	2340	123902.478794202321	224
0	2342	124636.5191336846	223
0	2347	124665.110053604392	224
0	2353	124886.01440789303	225
0	2367	125338.277792160774	224
0	2376	126004.658017790442	225
0	2378	126086.156022114123	224
0	2383	126170.05325593681	225
0	2397	126792.106712207218	226
0	2399	126895.040109582168	227
0	2401	126921.326340090953	228
0	2403	127088.772365697763	229
0	2409	127629.253044438924	228
0	2414	127722.500832908744	229
0	2420	128069.582345427219	230
0	2422	128174.439937472238	231
0	2424	128482.415787037733	232
0	2426	128587.733955582048	231
0	2435	128897.893243698162	232
0	2437	128998.73384889814	233
0	2439	129036.369139545068	234
0	2445	129277.613282653862	235
0	2455	130175.609417719211	234
0	2460	130353.043564861545	235
0	2462	130528.969510666229	236
0	2468	131346.033129518296	235
0	2473	131547.371879141079	236
0	2479	132184.096755435135	235
0	2488	132369.480275535683	236
0	2490	132517.927120228674	235
0	2495	132799.627549575121	236
0	2497	132911.351232812557	237
0	2503	133345.299524292336	238
0	2509	133609.325475906182	239
0	2515	133729.683958267238	238
0	2520	133878.28194528627	239
0	2526	134119.430546600486	240
0	2536	134498.676036683288	239
0	2541	135007.291495812502	238
0	2550	135643.932327505922	239
0	2556	135896.555810899274	240
0	2562	136061.122026702384	241
0	2564	136094.641722995593	242
0	2570	136319.590566617813	241
0	2575	136437.718011382211	242
0	2577	136495.44921414497	243
0	2579	136591.42479862915	244
0	2585	136765.108826053182	245
0	2587	136901.473463065097	246
0	2593	137124.126770955887	245
0	2598	137318.733306393712	246
0	2600	137348.499506789463	247
0	2606	138364.687552952355	248
0	2608	138370.033930031028	247
0	2617	138641.115098533597	246
0	2626	138836.077995275463	247
0	2628	139239.47203998771	246
0	2637	139566.800399882165	245
0	2650	139996.177892621929	246
0	2652	140100.926127334503	245
0	2665	141162.961802207959	246
0	2671	141185.195784878894	247
0	2681	141487.933546689717	246
0	2690	141789.094002454849	247
0	2692	141862.109798539903	248
0	2694	142122.9409760654	249
0	2700	142568.284825769631	248
0	2705	142679.235672328829	249
0	2711	143261.431923883493	250
0	2721	143641.071461248306	251
0	2723	143699.188438072816	252
0	2725	143863.028221489649	253
0	2727	144057.988149908749	252
0	2732	144109.004802899274	253
0	2738	144285.587594646444	254
0	2740	144455.953705956606	253
0	2745	145168.75152433413	254
0	2751	145407.930343757207	255
0	2757	145642.4440890145	256
0	2759	146085.002638188569	255
0	2768	146481.094092106408	256
0	2782	147125.889305000572	255
0	2787	147212.499483025207	256
0	2789	147453.815405014927	257
0	2791	147651.676296762771	258
0	2793	147884.715233208435	259
0	2795	147911.891825584142	258
0	2800	148179.173780612994	259
0	2802	148208.640155208676	258
0	2807	148316.484002833754	259
0	2817	148695.55357420203	258
0	2822	148754.222283057884	259
0	2824	149070.269322724723	260
0	2826	149085.629786396819	261
0	2848	150060.713485834781	262
0	2850	150105.494801249704	263
0	2852	150105.497148190242	264
0	2854	150256.012509663969	263
0	2859	150441.843611809137	264
0	2865	150460.969134205507	265
0	2867	150680.956931648224	264
0	2872	150796.121636851606	265
0	2886	152049.89879926765	266
0	2888	152333.855194387406	265
0	2897	152396.514331385005	266
0	2899	153198.786692408293	265
0	2904	153336.473115069541	266
0	2906	153653.408610797869	267
0	2912	153968.18431605577	268
0	2914	154060.661430623103	269
0	2916	154060.788299863606	268
0	2929	154649.841774379283	267
0	2942	155219.896904279858	266
0	2951	155990.40436775741	265
0	2964	156269.625185183254	266
0	2966	156565.605501929359	267
0	2972	156764.126875822813	266
0	2981	157002.051160122401	267
0	2987	157217.483879155078	268
0	2997	157897.090837992325	269
0	2999	157944.906392445237	268
0	3008	158755.943714206488	267
0	3013	158761.04392141782	268
0	3015	159108.64856792	267
0	3020	159296.812250124607	268
0	3034	159778.302246296038	269
0	3048	160406.072433029657	270
0	3050	160520.817935406079	271
0	3052	160687.667669256599	270
0	3057	161391.190903457559	271
0	3059	161729.76989944783	270
0	3068	162148.112564844461	269
0	3077	162372.749662841403	270
0	3079	162382.991773390803	271
0	3081	162432.499025142782	272
0	3083	162483.466412959071	271
0	3088	162635.537196642427	272
0	3094	163029.193614736072	273
0	3108	163599.708247466006	274
0	3114	163758.330267717513	273
0	3119	163988.453110210498	274
0	3121	164255.773379479917	273
0	3130	164385.735827006786	274
0	3132	164428.865436866873	275
0	3134	164512.98565764481	276
0	3136	164728.370241647037	275
0	3145	164811.829375478918	276
0	3147	164985.922937713653	277
0	3153	165389.036401895257	276
0	3158	165532.206251717575	277
0	3164	166031.250329365405	276
0	3181	166654.054019091461	277
0	3191	166855.072275338146	276
0	3196	166872.188144898398	277
0	3198	166922.948884626131	278
0	3200	167385.039961014289	279
0	3206	167946.677705204793	280
0	3212	168364.172570308122	279
0	3225	168653.859387220326	280
0	3227	169001.850596300064	281
0	3229	169042.678916429552	280
0	3234	169636.217850086662	279
0	3243	169893.867299070527	280
0	3249	170035.266069290782	281
0	3251	170047.235395243559	282
0	3253	170262.40111270969	283
0	3263	170829.546613757038	284
0	3265	170907.30203184999	285
0	3267	171018.55374002486	286
0	3273	171130.97036564109	285
0	3278	171154.242490554073	286
0	3284	172304.216745797688	287
0	3286	172363.615290897636	288
0	3292	172421.467869592282	287
0	3297	172560.798816972855	288
0	3303	172957.59087264714	289
0	3305	172993.035678205463	288
0	3314	173153.336413613854	289
0	3316	173263.452664626205	290
0	3322	173496.886159600097	291
0	3324	173757.683116043175	292
0	3326	173794.634207451014	293
0	3328	174374.482312997255	292
0	3333	174449.230693454509	293
0	3339	174608.694246891663	294
0	3349	175336.279861672149	295
0	3351	175492.981902559671	294
0	3356	175494.278928729615	295
0	3366	176556.992126648505	296
0	3368	176930.441693266306	295
0	3373	176971.110210229065	296
0	3375	177077.769862679163	297
0	3381	177363.718513429895	298
0	3387	177866.692528513644	297
0	3396	177939.257240121694	298
0	3398	178130.465680504208	299
0	3400	178723.716672872666	300
0	3402	178967.382456339564	301
0	3404	178983.298410774269	302
0	3406	179305.428154558412	303
0	3408	179416.637969066773	302
0	3417	179718.018086093963	303
0	3423	180412.276184198831	302
0	3432	180811.299806442399	303
0	3434	180929.467070765834	304
0	3444	181329.020039788648	305
0	3446	181384.741590072315	306
0	3448	181562.182086010848	305
0	3457	182026.786454423127	306
0	3459	182167.821184012869	307
0	3465	182717.273056929384	306
0	3470	182805.780085433338	307
0	3472	182920.322174084848	308
0	3478	183294.443908367516	309
0	3484	183724.559197861889	310
0	3490	184200.991654380936	311
0	3492	184236.171127160464	310
0	3497	184950.557253143913	311
0	3499	185124.443575302135	312
0	3501	185179.780703061898	313
0	3507	185525.875128073071	312
0	3520	186600.535502927197	313
0	3522	186702.83376620469	312
0	3531	186828.32374710263	313
0	3541	187963.144088288223	312
0	3546	188318.132007055837	313
0	3552	188908.951535183499	314
0	3554	189014.28833146346	315
0	3560	189499.217055858099	316
0	3562	189545.94342761991	315
0	3567	189959.362952019103	316
0	3569	190306.96963396705	317
0	3571	190371.226375865464	318
0	3573	190482.024548881672	319
0	3575	190773.379164659161	320
0	3581	190975.26779407022	319
0	3586	190987.959075548445	320
0	3588	190988.208048574622	321
0	3594	191532.51005284273	322
0	3596	191545.954224845054	323
0	3598	191846.394964089948	324
0	3600	191896.753613905053	325
0	3602	191969.08391158002	326
0	3604	192030.643839023312	327
0	3606	192447.27359299866	326
0	3611	192610.388702643425	327
0	3613	192618.240524682921	328
0	3619	192808.188361362523	329
0	3625	193114.649543533576	330
0	3631	193192.889035654641	329
0	3636	193216.8708872799	330
0	3638	193646.593103743264	331
0	3640	193906.711978174313	332
0	3646	193970.263539245098	333
0	3648	194029.873005427368	334
0	3650	194223.479332224586	335
0	3652	194246.495613549986	336
0	3654	194268.020575171553	337
0	3660	194573.106565897599	338
0	3662	194647.753519258927	339
0	3668	194707.624297042764	338
0	3673	195005.015544812729	339
0	3675	195073.061762068146	340
0	3677	195133.257221964575	339
0	3682	195833.919941350068	340
0	3696	196473.873503461067	341
0	3698	196732.895630196896	342
0	3700	196783.252015908636	341
0	3709	196906.978350269693	342
0	3711	197128.797011693021	343
0	3713	197512.645954125145	344
0	3719	197856.935596627571	343
0	3724	198021.270120420684	344
0	3726	198172.72836082032	345
0	3728	198185.279019206579	346
0	3730	198363.370155301668	347
0	3732	198536.878334072806	346
0	3745	198797.186888558916	347
0	3747	198981.231757306927	348
0	3749	198994.632921417631	347
0	3758	199663.462661396255	348
0	3764	199929.886935932066	349
0	3774	200403.029855456429	350
0	3780	200553.892637540974	349
0	3785	200951.850653754617	350
0	3787	200955.545403744466	351
0	3793	201413.822535739975	352
0	3795	201509.236545267737	353
0	3797	201600.129856032707	352
0	3802	201690.094381252579	353
0	3808	201997.670707223158	354
0	3810	202048.593356008883	355
0	3812	202968.487160943072	356
0	3818	203068.827003625609	355
0	3823	203509.114635125934	356
0	3825	203719.769424957611	355
0	3834	203875.643632296406	356
0	3836	204024.931304120176	357
0	3838	204046.900519484906	358
0	3844	204369.67237362025	357
0	3861	205153.102249552754	358
0	3867	205409.317552590667	359
0	3873	205942.402875659444	358
0	3878	206014.715024101038	359
0	3880	206070.128442545435	360
0	3882	206132.320837205817	361
0	3884	206306.207179064778	362
0	3886	206667.782292815338	363
0	3888	206685.509688909245	364
0	3890	206726.597011009264	365
0	3892	206741.107700777628	364
0	3897	206855.756690018496	365
0	3899	207252.451436365313	366
0	3905	207273.634124952251	367
0	3907	207537.540267383136	366
0	3928	208920.722229468694	367
0	3930	209109.065491308846	366
0	3935	209136.829156589966	367
0	3937	209276.708902449831	368
0	3939	209547.015353379228	367
0	3948	209883.574391897959	368
0	3950	209957.668520886574	369
0	3956	210432.90522366052	370
0	3958	210463.286849979982	371
0	3960	210488.020614794581	372
0	3966	210761.729216146488	373
0	3972	211136.511357588151	372
0	3977	211148.106226520964	373
0	3979	211291.007028930519	374
0	3981	211569.543953638462	375
0	3987	211678.512536858597	374
0	3992	211857.414213828953	375
0	3994	211917.71173397992	376
0	3996	211918.019317070345	377
0	3998	212108.440082618768	378
0	4000	212414.02536863392	379
0	4006	212768.090875124016	378
0	4019	213472.397191611507	377
0	4032	214002.72123613713	376
0	4049	214988.885397513785	375
0	4054	215376.213549762355	376
0	4060	215640.807613594911	377
0	4066	215916.985820697479	378
0	4068	216343.647833516278	377
0	4077	216757.83925262605	378
0	4083	217006.774825287884	379
0	4085	217113.527615872018	380
0	4091	217377.740159033965	381
0	4093	217485.859764842962	382
0	4095	217859.432686207273	381
0	4100	218037.976022612358	382
0	4106	218348.658821148255	381
0	4111	218558.47404247422	382
0	4113	218584.882712533489	383
0	4119	218945.88906316045	384
0	4121	219090.740991260756	385
0	4123	219107.145943520296	386
0	4125	219132.014662026912	387
0	4127	219310.703380807983	388
0	4129	219377.270782759641	389
0	4131	219505.410088499465	388
0	4140	219682.073519505115	389
0	4142	219743.921665874569	390
0	4148	219844.219106830762	391
0	4154	220518.968241197689	392
0	4156	220721.448039574006	391
0	4165	221392.409749300517	392
0	4167	221480.000273411954	393
0	4173	221640.472368613859	394
0	4179	221950.168686837502	395
0	4181	222140.497367208281	394
0	4190	222406.766054408618	395
0	4192	222650.320603486715	396
0	4194	222838.519447306677	397
0	4196	223144.10543249307	396
0	4201	223588.561624181306	397
0	4207	223758.075046924332	396
0	4212	223760.405850912117	397
0	4214	224075.202904319102	398
0	4224	224368.315217693726	397
0	4229	224546.252929564084	398
0	4235	224947.7494508153	397
0	4244	225257.531069902162	396
0	4249	225315.913480015871	397
0	4259	225521.34691267493	398
0	4261	225587.785772335482	399
0	4263	225662.777353654226	400
0	4269	225823.974147571735	401
0	4275	226228.229239260237	400
0	4284	226439.366503298987	401
0	4290	226928.149828600405	402
0	4292	227094.068841052632	401
0	4297	227148.794321407186	402
0	4303	227404.638531520625	403
0	4305	227481.553249297123	402
0	4314	227763.734529195298	403
0	4316	227802.144135881488	404
0	4322	228235.740721014683	405
0	4324	228314.637526889863	406
0	4326	228346.656664521043	407
0	4328	228377.876176197499	408
0	4338	228924.520629470878	409
0	4340	228991.359654901009	408
0	4345	229091.33242440164	409
0	4347	229174.204351743785	410
0	4357	229521.072480239864	411
0	4363	229649.101297839523	412
0	4365	230005.018579163886	413
0	4367	230060.448054013234	412
0	4376	230999.558428501171	411
0	4381	231575.337693370877	412
0	4387	231671.261598141778	413
0	4389	231695.548582978513	414
0	4391	231717.7201049442	415
0	4393	231832.064811964394	416
0	4395	231895.526635733825	415
0	4404	232301.43157893868	416
0	4406	232393.575245328769	417
0	4408	232394.190605935265	418
0	4414	232651.388110328065	419
0	4416	232722.798088699562	420
0	4422	233045.825721559507	419
0	4431	233243.320241889894	420
0	4433	233377.726834955173	421
0	4435	233397.428229027975	422
0	4445	234280.840593104643	421
0	4454	234613.815131336785	422
0	4456	234642.637461232208	423
0	4458	234795.240028218869	424
0	4464	235262.12257162491	425
0	4470	235351.5637422129	426
0	4472	235444.469908711893	425
0	4477	235535.924344839688	426
0	4479	236852.452529909805	427
0	4481	236889.234599446339	426
0	4494	237512.428495721281	427
0	4500	238183.970307757174	428
0	4502	238263.563618594136	429
0	4504	238307.208560419662	428
0	4509	238459.898785158304	429
0	4515	238557.381299989298	430
0	4517	238736.793064265313	431
0	4519	239365.395655716508	432
0	4521	239515.572066766603	431
0	4530	240104.558062808307	432
0	4532	240347.456293826385	431
0	4545	240911.548784208707	432
0	4551	241326.448070885433	433
0	4553	241447.352347835591	434
0	4555	241448.569061431202	435
0	4561	241678.673882927804	436
0	4563	241851.553793080098	437
0	4565	241887.875260872229	436
0	4574	242375.107935828551	435
0	4579	242508.078961177192	436
0	4589	243305.21798362343	435
0	4598	243994.408046602773	436
0	4600	244600.261704114661	435
0	4605	244625.164278337843	436
0	4615	245365.362243185861	437
0	4617	245389.781975908903	438
0	4623	245723.999237593576	439
0	4629	245740.84956663154	440
0	4631	245894.552772951708	439
0	4636	245948.825163510992	440
0	4638	245967.854573541826	441
0	4640	246008.003703660227	442
0	4642	246018.746850448258	443
0	4644	246065.6089739061	444
0	4646	246128.511536823896	445
0	4648	246407.73102758014	446
0	4650	246466.280659151659	445
0	4655	246505.472106374967	446
0	4661	246844.698242436692	447
0	4663	247055.292708900538	448
0	4669	247112.571940285549	447
0	4674	247331.383692729647	448
0	4676	247459.184601769537	449
0	4678	247562.614909903582	450
0	4684	247803.437458959803	449
0	4689	247852.876927916595	450
0	4691	247924.622394408853	451
0	4697	248238.383603502472	452
0	4707	248611.383843943476	453
0	4709	249117.373631795332	452
0	4722	249771.025065117454	453
0	4724	249809.519134474382	452
0	4729	249860.869104223323	453
0	4731	249915.96054855506	454
0	4741	250132.675193743398	455
0	4743	250869.31443539767	454
0	4756	251452.939758080603	455
0	4766	252119.123916228697	454
0	4771	252338.244826483577	455
0	4777	253105.130677533731	454
0	4782	253620.04415190738	455
0	4784	253706.503335793048	456
0	4794	254126.152495344565	455
0	4803	254391.816545548839	456
0	4805	254786.516949939908	457
0	4811	255003.995456146347	458
0	4817	255246.4842981138	459
0	4819	255268.179210027144	458
0	4828	255843.12810246348	459
0	4830	255871.136464153812	458
0	4843	256667.989651759551	457
0	4848	256930.673688316134	458
0	4858	257580.678333578096	457
0	4863	257829.252480103542	458
0	4865	257936.737694296863	459
0	4867	258031.547082526074	458
0	4880	258572.809221671515	459
0	4882	258788.888412896891	460
0	4888	258954.300523320912	461
0	4898	259239.991533247219	460
0	4907	259679.115364675806	459
0	4912	259944.675849727531	460
0	4914	260161.897166229885	461
0	4916	260300.396579929492	462
0	4922	260650.650995565276	463
0	4928	261201.042832191049	464
0	4930	261210.423553002463	463
0	4935	261223.095739453503	464
0	4937	261244.710349471167	465
0	4943	261411.9411704856	466
0	4945	261523.037360710648	467
0	4951	262129.041248258949	468
0	4953	262514.32195992528	467
0	4958	262695.222675923998	468
0	4964	262871.107574713812	467
0	4977	263818.397017022059	466
0	4990	264185.389729125104	467
0	4992	264306.763277662382	466
0	4997	264554.993691447572	467
0	5007	265138.31553401623	468
0	5009	265342.326986355171	467
0	5022	265889.133607273385	466
0	5039	266835.452893794855	467
0	5041	266869.107231994702	468
0	5043	267249.560427491948	467
0	5052	267864.912559655048	468
0	5054	267997.831885088017	469
0	5060	268272.126877506658	468
0	5069	268550.007568272417	469
0	5071	268663.492737733083	470
0	5081	269240.128625830099	469
0	5086	269565.960074541416	470
0	5088	269755.195728212606	471
0	5094	270384.55096951741	472
0	5096	270563.643881570616	473
0	5098	270625.264585142419	472
0	5103	270796.158227870975	473
0	5109	270870.069533406996	474
0	5111	271234.67010935331	475
0	5113	271333.408641854769	476
0	5119	271408.553149458163	477
0	5121	271568.61638137681	478
0	5123	271649.951883597221	479
0	5129	271849.521670405983	480
0	5135	272241.192980681941	479
0	5140	272382.944784798149	480
0	5142	272389.507464913948	481
0	5144	272487.717534197773	482
0	5146	272614.114827615817	483
0	5148	272682.673779622712	484
0	5150	273050.697836531139	485
0	5152	273363.453710244497	486
0	5154	273521.224611357821	487
0	5160	273819.431019735918	486
0	5169	274425.166966964886	485
0	5174	274428.82769492052	486
0	5180	275131.711611015186	485
0	5193	275614.166825463459	484
0	5202	276102.760530865716	485
0	5204	276107.584356901631	484
0	5213	276375.657612362163	485
0	5215	276569.416018075548	486
0	5217	276859.747466151182	487
0	5219	276881.512580675468	486
1	0	0	0
2	0	0	0
3	29	2945.459646436754	2916.883958308
3	52	3809.884579277965	3688.4595002628
3	79	5469.915890147346	5210.1960220426
3	113	7248.900831661555	5403.784885748
3	117	7349.090004305723	4130.1289530526
3	139	9151.163585869032	5899.5367016677
3	183	11160.187660179469	7685.9281309366
3	202	12721.857548806253	9135.0711446209
3	228	13782.625673444378	9946.3908753815
3	243	14583.467977832438	10161.041550569
3	266	15820.370819422783	11253.321246223
3	274	16111.049762501749	11371.360421457
3	282	16450.009818676295	11306.446561674
3	314	17964.921142275812	12419.702494512
3	341	20050.941860604466	14289.108975512
3	353	20479.184994076745	13762.436807266
3	394	22640.136318433464	15593.029099191
3	400	22829.124107531638	14702.619703063
3	445	25240.424045457872	15900.588372666
3	449	25316.597888696375	15801.959408744
3	466	25787.561669129314	15874.879500145
3	491	27402.183720500576	17262.468506685
3	508	28547.817435500581	18325.58181182
3	550	31063.863756007884	20361.439334747
3	565	31765.353800136034	20895.231348549
3	588	33312.294893677716	22287.778709337
3	613	34401.82295401897	23213.314728822
3	628	35487.210487130468	23643.627236781
3	664	37377.229550484007	25320.704800018
3	674	37736.786549858189	24539.769675695
3	699	38634.693567653557	25406.28395655
3	720	40047.85307048205	26534.185822063
3	743	41344.263079914634	27673.860635275
3	766	42354.66459691841	28564.638251258
3	787	43315.715088409743	28420.149538316
3	805	43806.099643580055	29102.312047489
3	827	45021.067923888004	29272.67192177
3	831	45250.103840076735	29015.208766123
3	844	45628.325697307845	29193.300722754
3	854	46219.344184718465	29432.891206815
3	921	50187.353770540466	32912.951417559
3	929	50419.061407049556	33144.145010688
3	957	51444.246632310932	33564.773394407
3	968	51698.784816184451	34027.725793101
3	983	52099.995058135499	33953.018878431
3	1012	53305.151391926591	34729.323214182
3	1018	53334.431456628626	34278.232159128
3	1024	53451.5669232266	33981.87818411
3	1039	54516.177263495882	35026.835371795
3	1060	55675.427276178633	36125.991428704
3	1073	56604.713468135704	36922.2927996
3	1098	57891.742189101313	37832.290740583
3	1122	59408.576622785438	39055.682183905
3	1149	60126.101341194842	38655.210401628
3	1153	60412.501255286295	39329.170928668
3	1183	62045.225563937237	40344.19641221
3	1225	63919.225297005286	41503.643027138
3	1234	64312.386032504399	41882.240534218
3	1259	66231.392514820581	43577.416846671
3	1274	66956.135042126661	43724.745306451
3	1300	68348.823389563149	44932.100476396
3	1321	69237.315028406118	45428.482127768
3	1352	71048.673378278871	45596.893474841
3	1356	71106.047221788576	46742.482021472
3	1401	73188.667250679245	47470.861368796
3	1409	73834.907347386142	47894.854015176
3	1433	75027.400101286729	48545.172174308
3	1470	76451.559527016614	49721.293748705
3	1488	76999.843730892424	49673.593481019
3	1526	79228.676656199058	50719.35406086
3	1552	80863.723352703635	52237.853668304
3	1556	80907.447293664698	52049.084469552
3	1575	81818.824485077891	52890.867523581
3	1635	84634.994856634547	54470.008987271
3	1666	85582.317846085315	55048.755616423
3	1674	85948.633538599496	55256.051965159
3	1690	86794.742262450417	55871.522861006
3	1696	86893.146809305434	55366.662605108
3	1730	89171.697286081871	57163.3008978
3	1758	90553.270602695084	58529.587937625
3	1770	90973.089415201357	58329.615689383
3	1791	91643.145030991546	58485.13590377
3	1825	93836.913296890817	60608.152301258
3	1843	94364.973946934006	60939.951720068
3	1868	95471.729566355607	61802.227759617
3	1882	96017.205630469507	62261.511337982
3	1905	97613.812741416878	63577.437688741
3	1918	98314.11865287777	64091.650547869
3	1933	99079.949022599867	64222.837223329
3	1954	100579.593224221281	64698.630904164
3	1986	102531.455176336132	66437.273745538
3	1990	102663.553050126321	66518.212099626
3	2007	103891.227809184603	67169.926215638
3	2043	105688.996789188497	68876.361720586
3	2070	107000.916878332755	70114.446369598
3	2074	107172.649924469553	69737.425475305
3	2111	109760.194134594314	72071.574260746
3	2119	109988.2970404936	72312.008693536
3	2130	110772.169256688469	72993.835655515
3	2149	112488.169145997056	74421.938076461
3	2218	116318.786140413396	77719.90781331
3	2248	118134.675988483616	79266.062522196
3	2270	119903.607441925817	80683.405756498
3	2297	121591.124789671414	82291.699917798
3	2312	121974.61300378982	82317.688149
3	2316	122439.608232810535	81915.931360043
3	2333	123846.298354364374	83256.290115543
3	2361	125321.593804949338	84666.71317113
3	2365	125330.0050688101	84281.452873395
3	2395	126585.098820220123	84763.873216167
3	2418	127916.314695480655	85943.649027564
3	2449	129616.880072321187	87407.434586022
3	2453	129688.860042349811	87703.171263009
3	2477	131561.108364037614	89232.633686712
3	2501	133230.131265896749	90725.598965395
3	2524	133922.067984979045	90430.53774878
3	2530	134180.963690144386	91055.708139391
3	2548	135281.475196297656	91731.655647383
3	2568	136196.988635448185	88269.273307579
3	2583	136680.308703522575	90516.801163073
3	2624	138791.328065873501	90542.540822879
3	2675	141310.276175917503	92036.10203658
3	2688	141754.026579431635	92405.039020649
3	2698	142168.911717062262	91942.29346648
3	2719	143445.76791290511	93172.870835031
3	2736	144243.065852842672	93754.701626062
3	2772	146532.951319574756	95216.833764642
3	2780	147035.118734821124	95557.89852751
3	2834	149327.935196462466	97422.027074461
3	2838	149489.077453048348	97307.517276433
3	2842	149970.566138004332	97308.068956493
3	2880	151686.693298940926	98884.366077193
3	2895	152336.158046986356	99004.562223986
3	2923	154288.287518018305	100873.52020995
3	2949	155402.212277123152	100521.8313469
3	2970	156691.022820634216	101761.36044947
3	3006	158684.000164329455	102011.162803
3	3038	159861.876357079865	103188.37070385
3	3042	160044.343187672467	102922.65393401
3	3046	160397.436049378858	103345.86241165
3	3075	162195.068398549603	104747.4340669
3	3098	163174.971872003199	105191.22793644
3	3128	164350.981262534307	106267.40314984
3	3151	165111.746997016865	105975.56698882
3	3179	166479.072040480943	106941.17956697
3	3185	166668.574234520468	106682.4946414
3	3219	168466.349724552977	108421.56029146
3	3223	168518.024825196165	108459.78675437
3	3257	170480.467179839882	109302.75495277
3	3301	172654.502047052058	109772.8664644
3	3320	173496.228395172778	110512.75416874
3	3343	174807.353815132203	111773.88191864
3	3360	175620.968513696838	112261.17030303
3	3421	180319.133281142835	115732.33443853
3	3455	181577.495016905863	116841.73932203
3	3476	182923.194980019157	117771.68319286
3	3514	185709.814405779739	119154.86438643
3	3539	187698.881662249019	119974.22881245
3	3558	189070.058297760239	121109.35077006
3	3592	191274.489827587655	123177.56551862
3	3623	192967.470156246251	124513.73085347
3	3666	194667.065582185439	124574.89742914
3	3694	196338.126531283758	125847.47350892
3	3743	198634.550869738139	128025.19599319
3	3756	199259.539039538629	128516.34311153
3	3772	200230.522663214631	128900.46222135
3	3778	200447.024800715424	129198.87847146
3	3806	201939.613055450299	130389.32280591
3	3832	203791.646621006929	131956.10281433
3	3855	205085.497469271921	133228.72881146
3	3918	208202.275914068722	135272.75782897
3	3922	208473.936177616396	135522.53610242
3	3946	209556.951298698239	136101.38259168
3	3964	210526.075592314281	136714.46092969
3	3985	211641.97855444012	137502.0607348
3	4026	213824.660758435183	139492.50049239
3	4039	214820.84248332625	139220.78298992
3	4058	215612.37023755295	139678.04205875
3	4064	215649.050783220136	139572.00191285
3	4081	216923.27449359318	140054.90158711
3	4104	218103.477228408136	140889.55755903
3	4138	219534.183649070018	142122.31618416
3	4152	220100.085227185317	141444.41200617
3	4171	221621.180695810744	142838.12480398
3	4188	222254.149504782089	143389.59117919
3	4218	224081.402367729151	145151.93760291
3	4242	224964.553722835535	145085.62206197
3	4253	225416.788961806724	145345.67611061
3	4273	226027.947048287297	144993.68784717
3	4282	226386.070654544438	144897.04726553
3	4301	227378.630844395067	145778.85382768
3	4320	228050.770378926228	146183.9726543
3	4351	229294.980065704714	147278.79583767
3	4355	229301.141071089934	147399.36867742
3	4374	230434.400536393207	148377.85463934
3	4412	232511.444450834227	150338.54401231
3	4439	233568.843073084411	150671.97707844
3	4452	234445.009464065937	151124.177142
3	4468	235270.727255468649	151924.57661629
3	4492	237480.642029879076	154100.02814527
3	4513	238518.503602541444	154772.62715673
3	4539	240386.559297631888	156595.22293016
3	4549	241026.016464925764	156042.03663345
3	4572	242246.891011170505	157165.95106134
3	4587	243186.129257710113	157876.82823121
3	4609	244640.986896365344	159329.64901407
3	4621	245482.217007738933	160073.74132552
3	4659	246521.595470936433	161095.49704981
3	4682	247783.445961441309	162332.77984492
3	4705	248489.06208298488	162860.77497413
3	4716	249119.188012334914	163212.08802073
3	4735	249924.445747242704	163660.71128915
3	4750	250930.283661040873	164405.03982843
3	4775	252455.961732020066	165409.24498393
3	4801	254192.088124261633	166413.49001292
3	4809	254791.658227428258	166971.39367154
3	4826	255485.202294740291	166925.14408437
3	4841	256651.488448179723	168054.38442685
3	4856	257397.743020256445	168748.06722821
3	4878	258421.299079669105	169643.95014576
3	4896	259199.655640417175	170192.56784421
3	4905	259645.882223335491	170399.2574907
3	4926	261115.165821261169	171615.35116945
3	4949	262002.781241371692	172278.11777002
3	4971	263536.816828235449	173168.11199995
3	4984	263962.453513027565	173425.0079405
3	5005	264728.720287460298	174170.86057325
3	5016	265654.123534190864	174913.75551207
3	5033	266432.987340812967	175279.73139619
3	5037	266744.396640167967	175551.78465602
3	5058	268270.315209770039	176910.6372123
3	5075	268869.463121335417	177424.01702483
3	5117	271371.240738810435	179467.49591107
3	5133	271926.818886197568	179218.57789143
3	5167	274232.106639159307	181449.90977189
3	5187	275303.279140911461	182506.74874206
3	5200	275823.54401055111	182169.2976305
3	5234	277097.036009862483	182811.30020082
4	97	6254.982558752778	5787.549223776
4	158	10074.623138153362	6796.0759405054
4	426	23882.000866554113	14756.618763938
4	536	30207.247755614478	19747.768409012
4	867	46931.236389282529	30036.805768691
4	884	48133.715113963371	31046.343016351
4	1192	62475.884974341277	40334.075193012
4	1196	62526.21867523845	40435.003107404
4	1325	69486.954460603555	45819.310978521
4	1478	76611.55030196849	49802.221645066
4	1482	76738.125233895515	49524.271711795
4	1505	78470.024526895394	50136.239184606
4	1602	83006.381834078017	53504.810793019
4	1872	95567.014080568588	61918.067937768
4	2052	105935.532462013326	69056.025262494
4	2170	113725.256547791325	75418.34496523
4	2200	115030.946546451561	76608.632817623
4	2214	116247.711041731202	77715.521674964
4	2391	126244.566383635069	85017.125962543
4	2604	137653.971806227606	89626.0817643
4	2648	139969.044752152082	91033.494296171
4	2659	140233.037049400997	91452.901763605
4	2755	145627.498086004896	94713.303821165
4	2863	150442.872362540483	97717.521203032
4	2936	154930.163046432108	100611.89563217
4	2985	157003.642414923207	101978.63773403
4	2991	157772.228031385139	102115.62839973
4	3106	163453.128390352623	105727.4929014
4	3189	166702.535318977582	106714.95494267
4	3261	170812.969993411946	109577.47245801
4	3282	171378.274181805002	108530.99967329
4	3379	177151.035338475753	113381.49413237
4	3394	177914.409439837012	113331.40459225
4	3438	180952.84176356477	116326.22366448
4	3488	183919.528929408093	117769.9529069
4	3529	186826.031214942609	119733.56077514
4	3644	193946.174800147689	125384.72320122
4	3707	196800.989685238726	126671.15264663
4	3865	205210.90266838988	132900.60422745
4	3871	205609.379315006935	133156.02959888
4	4017	213238.605658322031	138950.71631816
4	4429	233118.750123422054	150887.67097886
4	4760	251764.45588665402	164900.79871091
4	5092	269896.934017775044	178036.48909584

