version 2
run Iteration-5-20200521-09:51:10-67736
attr configname Iteration
attr datetime 20200521-09:51:10
attr experiment Iteration
attr inifile omnetpp.ini
attr iterationvars "$i=1, $j=6, $0=15-(1+6)"
attr iterationvarsf i=1,j=6,15-(1+6)-
attr measurement "$i=1, $j=6, $0=15-(1+6)"
attr network Network
attr processid 67736
attr repetition 0
attr replication #0
attr resultdir results
attr runnumber 5
attr seedset 5
itervar i 1
itervar j 6
param **.resourcePool.amount 1
param **.resourcePool1.amount 6
param **.resourcePool2.amount 15-(1+6)
param **.source.interArrivalTime exponential(6min)
param **.delay.delay uniform(4min,28min)
param **.delay1.delay uniform(10min,28min)
param **.delay2.delay uniform(4min,16min)
param **.allocate.resourceModuleName "\"Network.resourcePool\""
param **.allocate1.resourceModuleName "\"Network.resourcePool1\""
param **.allocate2.resourceModuleName "\"Network.resourcePool2\""
param **.deallocate.resourceModuleName "\"Network.resourcePool\""
param **.deallocate1.resourceModuleName "\"Network.resourcePool1\""
param **.deallocate2.resourceModuleName "\"Network.resourcePool2\""
param **.router.randomGateIndex "uniform(0, 1) > 0.2 ? 0 : 1"

vector 0 Network.allocate queueLength:vector ETV
attr interpolationmode sample-hold
attr title "queue length, vector"
vector 1 Network.allocate1 queueLength:vector ETV
attr interpolationmode sample-hold
attr title "queue length, vector"
vector 2 Network.allocate2 queueLength:vector ETV
attr interpolationmode sample-hold
attr title "queue length, vector"
vector 3 Network.sinkStat lifeTime:vector ETV
attr interpolationmode none
attr title "lifetime of arrived jobs, vector"
attr unit s
vector 4 Network.sink lifeTime:vector ETV
attr interpolationmode none
attr title "lifetime of arrived jobs, vector"
attr unit s
0	0	0	0
0	5	110.801142472789	1
0	7	751.528541146142	2
0	9	834.896608082051	3
0	11	997.668129365115	4
0	13	1584.22170897451	3
0	18	1900.733160442394	4
0	20	1934.614212320749	5
0	22	2275.206614691883	6
0	24	2457.151108780646	7
0	30	2979.885681937678	8
0	36	3234.622505544394	7
0	41	3242.930029379838	8
0	43	3317.778234240484	9
0	45	3902.015219530731	8
0	50	3912.400350541932	9
0	52	4258.282646625012	8
0	57	4395.193722405734	9
0	59	4495.196353328217	10
0	61	4557.239956686083	11
0	67	5077.621232914043	12
0	69	5119.937946334426	13
0	75	5235.254719254417	14
0	81	5427.795908327535	15
0	83	5554.188477785288	16
0	93	5678.32347293821	15
0	102	6311.246899793123	16
0	104	6753.289917348594	15
0	109	6785.110377618724	16
0	115	6905.72244093989	17
0	117	7011.014456644212	18
0	127	7376.06945247826	17
0	132	7641.695008516735	18
0	134	7706.875809924423	19
0	136	7823.666037185759	18
0	145	8848.222375419259	19
0	147	8882.391351491774	20
0	153	8957.5470110001	21
0	155	8966.405473558914	22
0	161	9200.024673740511	23
0	167	9451.725999391348	22
0	172	9615.793987284079	23
0	178	9960.471617879367	24
0	180	10258.642067877843	25
0	182	10568.944564522234	26
0	184	10734.228686978058	27
0	186	10734.820354166787	28
0	192	10906.186378164859	27
0	197	11157.529243947131	28
0	203	12093.12748620501	29
0	205	12095.198051228319	30
0	211	12203.157143913807	31
0	213	12321.467839493127	30
0	218	12787.077479782147	31
0	220	12867.30360552544	32
0	226	13522.032988420398	31
0	231	13765.221458351881	30
0	236	13789.156800601663	31
0	246	14681.284716180236	30
0	259	15176.519139459998	29
0	264	15224.94343300174	30
0	270	15303.244578702158	31
0	272	15349.898614998674	32
0	274	15360.534349764939	33
0	284	16293.050860329241	32
0	289	16342.776203050329	33
0	291	16446.939900735548	34
0	293	16470.063022218758	35
0	303	16693.544349088043	34
0	312	17258.967619514734	33
0	321	17676.059446905939	34
0	323	17850.425529440029	35
0	337	18314.125698893041	34
0	342	18451.911468533543	35
0	348	19078.991241873532	36
0	354	19114.609556987533	37
0	356	19275.863131761648	38
0	358	19474.584865879854	39
0	360	19487.600598651119	40
0	366	19788.388048250213	41
0	368	19868.308240784974	40
0	373	19875.524281664227	41
0	375	19894.423190667716	42
0	381	20544.855481010674	43
0	391	21216.142639875913	44
0	393	21254.753765179486	43
0	398	21316.978181021092	44
0	400	21386.984460266734	45
0	402	21543.228456978393	46
0	404	21681.468114508387	47
0	406	21688.060439801485	46
0	411	22048.141990891836	47
0	413	22140.640298267681	48
0	415	22455.95284929736	49
0	425	23252.831379637674	50
0	427	23304.77043339488	49
0	436	23667.321675060959	48
0	449	24287.552154967692	49
0	451	24325.813002254561	50
0	457	24564.048536450086	51
0	459	25051.956574497622	52
0	461	25122.040821960838	51
0	466	25309.023293941542	52
0	468	25321.907841101658	53
0	474	25489.106000563109	54
0	476	25493.586758030402	55
0	478	25633.324706057863	56
0	484	25898.835821575196	55
0	489	26298.835301748188	54
0	494	26340.37241937135	55
0	504	27023.287691297665	56
0	506	27227.643526321919	55
0	511	27236.010870912467	56
0	525	27816.267095835125	57
0	527	28110.758797167511	56
0	532	28122.295382340115	57
0	534	28224.105001519753	58
0	540	28427.673118128152	57
0	565	29739.296945492779	58
0	567	29821.691320216925	57
0	572	30060.216741864723	58
0	574	30205.490848990364	59
0	580	30293.685065715612	60
0	582	30600.940901619049	61
0	588	31073.927905833991	60
0	593	31516.88232546177	61
0	595	31705.420779269611	62
0	601	31804.725560583951	63
0	603	32499.803113178455	64
0	609	32644.11114073928	65
0	611	32675.201729834968	66
0	613	32687.155835567685	65
0	622	33188.794154734531	66
0	624	33641.927722171261	67
0	626	33685.629122829708	66
0	631	34110.023103891584	65
0	640	34446.448407711299	66
0	642	34526.161020970615	65
0	647	34958.861498022403	66
0	665	35804.281808419946	67
0	671	36182.540102689239	66
0	684	36960.689003630253	65
0	689	37123.0306874039	66
0	691	37213.161779046615	67
0	697	37545.771239041063	66
0	706	37882.328723660687	67
0	708	37904.640702324905	68
0	714	38077.29350187534	69
0	716	38344.166259189606	70
0	722	38690.535878925297	69
0	727	38948.08749929791	70
0	729	38971.667510511145	71
0	735	39311.039138599012	70
0	744	39475.713443308744	71
0	758	40069.38995268632	72
0	760	40147.632784070397	73
0	766	40561.285864426468	72
0	771	40764.962733824939	73
0	773	41275.963645637132	74
0	775	41596.389616737583	75
0	781	42132.77575259534	74
0	786	42356.939730634297	75
0	788	42424.212895485545	76
0	802	43602.74458074448	75
0	807	43631.04496764934	76
0	809	44259.968852469991	77
0	811	44270.552407891168	78
0	813	44278.370657837664	77
0	818	44658.307416214991	78
0	820	44710.054585597315	79
0	822	44750.992716724968	80
0	824	44767.435689246928	79
0	837	45843.958360044932	78
0	846	46163.475925264313	79
0	856	46644.547120418383	80
0	862	46927.425087871692	81
0	864	47023.228291547572	80
0	869	47090.747718705064	81
0	875	47727.309210177418	82
0	877	47763.369436222709	83
0	879	47958.63680457013	84
0	881	48006.641201554607	85
0	887	48092.650587125396	84
0	892	48367.410191954002	85
0	906	49091.788105345046	84
0	911	49537.274218485299	85
0	913	49622.654585055867	86
0	919	49823.549178133093	87
0	921	49888.886098602486	88
0	923	50047.029639235413	87
0	928	50385.907050958767	88
0	930	50427.525677112801	89
0	936	51047.96318841604	88
0	949	51602.599990493333	87
0	954	52240.69060122358	88
0	960	52378.813213299783	89
0	962	52452.943412004685	88
0	971	52542.488960673011	89
0	973	52823.679029869417	90
0	975	52852.487999406107	91
0	981	52963.439313454148	92
0	983	53015.383882907102	93
0	985	53132.623750443034	94
0	987	53261.998033134635	95
0	997	53321.553750870955	96
0	999	53459.176758659567	97
0	1005	53693.983351986712	98
0	1007	53794.192862561619	97
0	1012	53834.66196076187	98
0	1018	54900.12412258861	97
0	1031	55947.841131551837	96
0	1036	55954.080377351593	97
0	1042	56421.184794512898	98
0	1048	56765.570614431507	99
0	1050	57085.231325329519	100
0	1052	57112.824462479626	99
0	1057	57461.66665497753	100
0	1063	57619.408720123903	101
0	1073	58160.235990415821	102
0	1075	58224.030676125263	101
0	1080	58230.653071010159	102
0	1082	58332.127582365483	103
0	1084	58620.36603974935	104
0	1086	58646.981882646954	105
0	1092	58874.798932158597	106
0	1094	58909.32298087952	105
0	1099	59167.824204875802	104
0	1108	59542.752075646312	105
0	1110	59646.348436823761	104
0	1119	59730.618918121992	105
0	1125	60286.892985230958	104
0	1134	60464.796535600251	105
0	1144	60817.659431513164	106
0	1146	60845.898095873987	107
0	1152	61070.677628083801	106
0	1161	61653.046738586315	107
0	1167	61998.265411172043	108
0	1169	62362.72905172286	107
0	1182	62813.356348943473	108
0	1184	63182.618558740037	109
0	1186	63336.373185119307	108
0	1191	63344.445113733854	109
0	1201	63874.044350468159	110
0	1211	64171.818421784297	111
0	1217	64999.334765164828	110
0	1222	65130.914406211799	111
0	1224	65628.808194899767	112
0	1226	66350.677366772643	113
0	1232	66549.875064356899	112
0	1237	66865.23744872326	113
0	1243	66995.616206167912	112
0	1248	67466.803383180859	113
0	1250	67512.498391060805	112
0	1255	67527.32552396776	113
0	1257	67783.81765456376	112
0	1266	67916.675034767484	113
0	1268	68024.369029900705	112
0	1273	68029.491994674303	113
0	1283	68496.399758546328	112
0	1288	68513.402561423408	113
0	1302	68815.646895361847	114
0	1304	69062.415198264231	115
0	1310	69225.807965970313	114
0	1315	69234.379430012909	115
0	1321	69383.059937205247	116
0	1327	69871.835459491285	117
0	1333	70000.493547069065	118
0	1335	70181.502865939116	117
0	1344	70577.713084752429	118
0	1346	70674.462122858769	119
0	1348	70681.600932339071	120
0	1362	70889.160373210096	121
0	1364	70970.859037563097	122
0	1366	71039.102163120107	123
0	1376	71702.319494697929	124
0	1378	71760.591118312156	123
0	1383	72315.492800934887	122
0	1388	72671.962713398237	123
0	1394	72980.32001744384	124
0	1400	73341.885148980005	125
0	1406	73773.92407381413	124
0	1415	74133.014509889871	125
0	1417	75042.025120756305	124
0	1426	75296.005088514365	123
0	1435	75762.086610174455	122
0	1444	76188.518202141958	123
0	1446	76190.287797905467	124
0	1452	76552.342524212482	125
0	1458	77162.286846390643	124
0	1471	77556.591014838213	125
0	1473	77756.213134901947	126
0	1475	77774.07523950068	125
0	1480	77851.573460516979	126
0	1494	78836.572426794746	125
0	1507	79511.44000586802	126
0	1509	79741.888689862999	127
0	1511	79885.761536478081	128
0	1513	80017.029415015367	129
0	1515	80234.635937382879	130
0	1521	80355.147558725157	129
0	1526	80389.817262051391	130
0	1528	80460.167670615672	131
0	1530	80471.411498720025	132
0	1532	80524.844505234465	133
0	1534	80717.728123934612	134
0	1540	80803.978425477712	135
0	1546	81201.91357835127	136
0	1548	81369.050069319992	137
0	1554	81430.266484490476	138
0	1556	81582.755616043397	139
0	1558	81714.220946668365	138
0	1563	81727.306223744645	139
0	1565	81914.212448230004	140
0	1567	82120.72682499852	141
0	1569	82191.263860561021	142
0	1579	82791.438465685878	143
0	1581	82873.191399997749	142
0	1586	82920.120657621562	143
0	1588	82930.169866490402	144
0	1590	83554.17352340561	145
0	1592	83671.924187868845	146
0	1594	83757.318022227564	145
0	1599	83804.75024110015	146
0	1601	83822.359808214733	147
0	1603	84082.557230472397	148
0	1609	84105.563541515448	147
0	1622	84799.698052434012	148
0	1624	84851.036809991093	149
0	1626	84862.024218169601	150
0	1628	85025.673555737746	151
0	1638	85374.180876812615	150
0	1643	85424.026497805247	151
0	1653	86238.259443095603	150
0	1658	86359.665063240241	151
0	1660	86458.812719213117	152
0	1662	86663.031198210749	153
0	1668	86966.287974307745	154
0	1674	87051.829359546057	155
0	1676	87135.57009226486	156
0	1678	87305.366332810355	157
0	1680	87342.671487875298	158
0	1682	87500.99212123484	159
0	1688	87769.201960262506	160
0	1690	87846.39532306669	159
0	1695	88098.194065686008	160
0	1697	88123.888948573449	159
0	1702	88571.136200831318	160
0	1704	88669.554600356796	159
0	1709	88953.412439962073	160
0	1711	88964.766972711959	159
0	1720	89658.901622110155	160
0	1726	89665.998298368581	161
0	1728	89691.665877344718	162
0	1730	89694.51239189465	163
0	1736	89962.851783865288	164
0	1738	90002.610288018657	165
0	1748	90156.516586552938	166
0	1750	90272.204474342765	167
0	1752	90368.704309290924	166
0	1757	90391.817690843031	167
0	1771	90620.147401502656	168
0	1773	91622.579382775897	169
0	1775	91653.516557567365	170
0	1781	92006.376526071408	169
0	1790	92878.596237901511	170
0	1792	93282.312358519712	169
0	1797	93348.555510675022	170
0	1803	93558.101270598484	171
0	1809	94113.356151345364	172
0	1811	94573.542976704715	173
0	1813	94803.766891783753	172
0	1822	95391.869162891657	173
0	1824	95519.641327082257	174
0	1834	95984.323162450174	173
0	1839	96120.989223875355	174
0	1841	96361.985134533325	173
0	1850	96742.221326878944	172
0	1859	97171.075693343438	173
0	1861	97260.647352589452	174
0	1871	98047.873620459822	175
0	1877	98296.976864724138	174
0	1886	98639.406925305196	175
0	1888	98820.034534460583	174
0	1893	98912.615546543877	175
0	1907	100006.613145223537	174
0	1912	100247.286370674571	175
0	1922	100916.023099415669	176
0	1932	101336.333141787627	175
0	1937	101635.807727371567	176
0	1939	102016.66625848315	177
0	1941	102106.602204492965	176
0	1946	102156.300225491357	177
0	1952	102717.239986262002	176
0	1957	102860.261516777929	177
0	1967	103380.126840443085	178
0	1969	103382.315714894512	177
0	1978	104023.597805783407	178
0	1984	104348.53998610256	177
0	1989	104611.650475764606	178
0	2003	105507.091023078838	177
0	2012	106126.997806471611	178
0	2022	106391.051622708889	179
0	2028	106996.564459254761	180
0	2030	107108.108838661292	179
0	2035	107166.293493865702	180
0	2037	107316.241263117561	181
0	2039	107597.051869458237	180
0	2044	107677.53722433933	181
0	2046	107839.630872443869	182
0	2048	108261.636627441922	181
0	2061	108516.259716176009	182
0	2071	109403.838308832064	183
0	2077	109666.24247947214	182
0	2082	109808.314570038371	183
0	2084	110191.254021636869	184
0	2094	111037.323818108717	183
0	2103	111289.411825700382	182
0	2108	112238.663579573993	183
0	2110	112376.518562338034	182
0	2119	112498.839894074337	183
0	2121	112835.253688855747	182
0	2138	113143.761837086818	183
0	2140	113316.248069275284	184
0	2142	113795.250661495715	185
0	2148	114120.896755474588	186
0	2150	114136.671269614493	187
0	2152	114164.647097790017	188
0	2154	114239.325263290385	187
0	2167	114771.537847223755	188
0	2169	114799.474778648636	189
0	2175	114898.471351987401	188
0	2180	115165.408919375487	189
0	2190	115752.467585634118	190
0	2200	116439.381073313908	191
0	2202	116514.177624075392	190
0	2211	117571.857575378099	189
0	2216	117723.201193450753	190
0	2218	117973.494308560068	191
0	2220	118058.497498276623	192
0	2226	118460.25288790266	193
0	2232	119115.397853194454	192
0	2237	119246.471268955086	193
0	2239	119372.182614311793	194
0	2241	119379.703218129689	195
0	2243	119439.473339295664	194
0	2248	119450.134406498509	195
0	2250	119539.72152296806	196
0	2256	119690.294771243169	197
0	2266	120492.959738610962	196
0	2275	120579.43345984298	197
0	2285	121603.504694535934	198
0	2287	121755.287982805263	199
0	2293	121831.391444443444	198
0	2298	121985.062760321415	199
0	2300	122596.606569110428	200
0	2302	122655.616983951005	201
0	2304	122748.265262550343	202
0	2306	122847.354595734453	203
0	2308	122928.746619681909	204
0	2310	123061.890774196664	203
0	2315	123098.403051118926	204
0	2321	123775.63517826036	205
0	2323	123913.169018304626	204
0	2336	124640.467306575457	203
0	2341	124718.460897193751	204
0	2347	124800.635242368094	205
0	2349	125141.41908367602	204
0	2354	125211.356417855059	205
0	2356	125324.752827080077	206
0	2366	125691.232059370961	207
0	2372	125807.099066390375	206
0	2381	126286.225147149245	205
0	2390	126429.472031010789	206
0	2408	127323.89197090147	205
0	2413	127348.089655189668	206
0	2419	128371.79671370862	205
0	2428	128677.308539914656	206
0	2430	128719.400689168553	205
0	2435	128876.312592410771	206
0	2445	129581.480124941747	205
0	2454	129663.799597718908	206
0	2456	129775.017880617666	207
0	2466	130321.040435819607	206
0	2471	130743.662547929864	205
0	2480	131105.181375688797	206
0	2482	131110.292728758159	207
0	2504	132386.0988818991	206
0	2509	132447.913172351347	207
0	2511	132671.761184283947	208
0	2513	133175.036291989908	209
0	2519	133885.874539925438	208
0	2524	133958.519429608228	209
0	2526	134009.664994203625	210
0	2532	134381.836230768543	209
0	2537	134545.171277562315	210
0	2543	134695.935654840153	209
0	2548	134733.060952968386	210
0	2550	134816.914786151197	211
0	2552	134987.809480628651	210
0	2561	135500.542174181622	209
0	2570	135792.56467615692	208
0	2587	136126.57617574159	209
0	2589	136384.898432283383	208
0	2598	136756.171267158073	207
0	2603	136843.08449316039	208
0	2633	137448.255518774408	209
0	2635	137695.831136766095	210
0	2637	138079.171708873194	209
0	2646	138230.360976760928	210
0	2648	138596.82458589559	211
0	2654	139012.131131774207	212
0	2660	139600.934589929304	213
0	2662	139609.791934392136	212
0	2671	139917.621116780006	213
0	2673	139962.31095208789	214
0	2675	140009.832029740639	215
0	2677	140015.259107568204	216
0	2679	140213.856105046413	217
0	2681	140345.988462322452	218
0	2683	140347.897067654989	219
0	2685	140515.257105102553	220
0	2687	140544.557509169734	221
0	2689	140798.529000892025	220
0	2694	140914.331790326254	221
0	2700	141176.145689731839	222
0	2706	141736.174659409076	223
0	2712	142219.892222598661	224
0	2714	142233.453102609795	223
0	2719	142490.018686315222	224
0	2725	142654.598774449349	225
0	2727	143379.163106842619	224
0	2736	143744.720322656861	225
0	2746	144234.155761232842	226
0	2748	144463.40932445304	227
0	2754	144984.896679385287	226
0	2759	145591.712186689562	227
0	2761	145854.617048252799	228
0	2767	146170.302648705479	229
0	2769	146603.33723255871	228
0	2778	146961.661577312566	229
0	2780	147257.030841198768	230
0	2782	147277.497619618317	231
0	2784	147823.819847716672	230
0	2789	147870.022387735548	231
0	2791	148062.979938615383	232
0	2793	148098.94591466651	233
0	2799	148369.584895612242	234
0	2805	148781.269576546189	235
0	2811	149303.816080915481	236
0	2813	149436.80794940768	235
0	2818	149599.405116645199	236
0	2820	149600.16366284007	237
0	2822	149603.961411510114	238
0	2828	150016.797058911707	239
0	2830	150652.917016907318	238
0	2839	151351.118583432122	237
0	2844	151425.507984910743	238
0	2850	151504.801266296845	239
0	2860	152028.431103452746	240
0	2862	152169.929314311578	241
0	2864	152253.970563978376	242
0	2866	152506.423203625485	243
0	2868	152618.151042661353	242
0	2877	153142.934036481965	243
0	2891	153908.350156306731	244
0	2893	154193.849467648848	243
0	2898	154415.028253045679	244
0	2900	154624.124171869683	245
0	2902	154788.682430435276	246
0	2904	154791.755157587547	247
0	2906	154853.541833420092	248
0	2912	155235.500216485566	249
0	2914	155403.208709129304	250
0	2916	155484.01493771811	251
0	2918	155592.021854054632	252
0	2920	155749.648682968776	253
0	2922	155788.645464005671	254
0	2924	155846.331842145606	253
0	2933	155952.471412573071	254
0	2935	156043.732508972866	255
0	2937	156220.523286440066	256
0	2939	156716.164179150249	257
0	2945	157118.52881973116	256
0	2950	157352.859040171427	257
0	2956	157753.380014053269	256
0	2961	158042.284630933953	257
0	2975	159028.607616422312	258
0	2977	159178.401160011219	259
0	2983	159382.011767635826	260
0	2985	159425.188040449007	259
0	2990	159704.968000305645	260
0	2992	160701.703824824377	259
0	3005	161262.156321800689	260
0	3007	161432.451528113859	261
0	3009	161760.039409934267	260
0	3018	162552.467262056669	261
0	3020	162772.10054061934	262
0	3022	163062.654899856731	261
0	3035	163529.540462619349	260
0	3040	163620.736556469833	261
0	3042	163843.634118491736	262
0	3044	164189.056498598569	263
0	3050	164230.448696732612	264
0	3056	164264.902730209212	265
0	3062	164551.43525494414	266
0	3068	164715.905826701507	265
0	3081	165576.421704268739	264
0	3086	165684.622916470026	265
0	3088	165760.083817087399	266
0	3094	166127.507165898666	267
0	3096	166290.741753740892	266
0	3101	166366.418028956851	267
0	3103	166665.726501359329	266
0	3108	166690.804404256187	267
0	3114	166854.842204110531	268
0	3116	166906.218461940884	269
0	3118	167135.266245177568	270
0	3120	167223.304634086898	271
0	3122	167286.625579660046	272
0	3124	167363.889735093996	271
0	3129	167526.788040955861	272
0	3139	167728.747507672287	273
0	3149	168501.700539638404	274
0	3151	168541.717320433542	273
0	3160	168878.0053925034	274
0	3170	169366.426202217126	275
0	3176	169791.384032089599	276
0	3178	169803.956361887776	277
0	3180	169892.616724683627	276
0	3185	170019.743552598555	277
0	3187	170218.918427301699	278
0	3193	170428.494260528596	279
0	3199	171219.636161229297	278
0	3204	171671.54401747192	279
0	3214	172274.244188561374	280
0	3216	172739.80545101194	279
0	3225	172826.050859713912	280
0	3227	173174.83836886911	279
0	3232	173180.117026953994	280
0	3234	173220.516013251551	281
0	3236	173421.610862477406	280
0	3241	173652.89285059729	281
0	3243	173968.647241105497	282
0	3253	174446.240257779255	283
0	3263	174824.935155234676	284
0	3265	174890.091563986737	285
0	3267	174953.924536532446	284
0	3280	175521.927412484355	285
0	3282	175682.367423608829	286
0	3288	175813.640376864656	285
0	3301	176718.076015082279	286
0	3303	176858.978325104996	285
0	3308	176867.857526939928	286
0	3314	176965.241463434838	287
0	3316	177398.672161042788	288
0	3318	177547.354573502181	289
0	3320	177741.479312928064	290
0	3322	177958.438499684642	291
0	3328	178013.516384116098	290
0	3337	178682.470962828681	289
0	3342	178780.464839165043	290
0	3344	178961.156748309587	291
0	3358	180029.522952269297	292
0	3364	180129.647668576524	291
0	3369	180435.512314166638	292
0	3371	180849.656152928787	293
0	3373	180879.9337869647	292
0	3378	181000.490484120513	293
0	3380	181534.2885175802	294
0	3382	181586.618850361043	295
0	3392	181940.920088272502	296
0	3394	182012.558550028787	295
0	3411	182901.382256014929	294
0	3416	183125.132594935577	295
0	3418	183149.3603003162	294
0	3423	183364.301022921091	295
0	3433	183763.919516981212	296
0	3435	183768.730661150696	297
0	3437	184112.069814512667	298
0	3443	184727.888266718671	297
0	3452	185080.800594625797	298
0	3462	185355.437522241668	299
0	3464	185503.475716201828	300
0	3466	186071.704376605855	301
0	3468	186184.564928314373	300
0	3477	186364.764935956867	301
0	3479	186523.817772580966	300
0	3484	186898.696154841736	301
0	3486	186955.906085609182	300
0	3495	187012.198267118874	301
0	3497	187154.038987594455	302
0	3499	187234.231937602418	303
0	3505	187490.632028387393	304
0	3507	187613.548517551569	305
0	3509	187623.6878098876	306
0	3511	187813.441874291934	307
0	3513	187880.151555477365	306
0	3522	187929.981606290451	307
0	3528	188334.852478348617	308
0	3530	188538.894646771007	309
0	3540	188664.220368652328	308
0	3549	189011.11877897261	307
0	3570	190358.034657328791	308
0	3576	190462.017891227657	309
0	3578	190561.562888784989	308
0	3583	191056.751976270645	309
0	3585	191093.574352581552	310
0	3587	191466.549763879976	311
0	3593	192158.444965048417	310
0	3598	192510.212153230444	311
0	3600	192619.987225246969	312
0	3602	192724.237028821095	311
0	3615	193524.342437208443	312
0	3621	193706.18075862374	313
0	3627	193987.16838960286	314
0	3629	193994.25928206621	313
0	3634	194368.47065108803	314
0	3640	194514.610375396429	315
0	3642	194579.631847156866	314
0	3651	195180.33270032583	313
0	3656	195223.778125468314	314
0	3662	195575.937711500847	315
0	3664	195633.603547056781	316
0	3670	195763.268515854047	317
0	3672	195776.204211987827	318
0	3678	195918.243026188297	317
0	3683	195939.054980798348	318
0	3685	196092.296105623494	319
0	3695	196798.218459455442	320
0	3697	196868.142619568981	321
0	3699	196902.333478904052	320
0	3704	197040.15879388944	321
0	3706	197430.492080627566	322
0	3716	197702.407974520141	323
0	3718	197763.721881498889	324
0	3720	197816.901142488006	325
0	3726	197925.168424809153	326
0	3732	198136.267662412842	327
0	3734	198393.872254094763	326
0	3739	199175.145883231371	327
0	3741	199259.384406699992	328
0	3743	199381.692482451656	329
0	3745	199410.811488269551	328
0	3754	199902.664239770329	329
0	3760	200335.828365473731	328
0	3765	200516.211520822055	329
0	3771	201153.836567080303	328
0	3780	201692.608233619648	329
0	3786	201720.483099450342	330
0	3788	201987.709162824852	331
0	3794	202392.158248624488	330
0	3807	202939.570037587269	329
0	3812	203165.267292013013	330
0	3814	203482.158457600156	331
0	3816	203582.986621570821	332
0	3822	203733.930092802926	331
0	3835	204248.500661050434	332
0	3837	204381.493632988849	333
0	3839	204567.714023901804	332
0	3848	204871.012449415451	333
0	3854	205048.742972325195	334
0	3856	205542.722042696753	335
0	3858	205691.468392593492	336
0	3864	205858.157199657708	337
0	3874	206056.941520686198	338
0	3876	206109.670461988731	337
0	3881	207027.641367186132	338
0	3883	207080.846983878596	337
0	3888	207110.206282845244	338
0	3894	207551.830724640472	337
0	3907	208456.458380004204	338
0	3909	208517.808388011891	339
0	3911	208670.63225516556	338
0	3932	209724.691564268155	337
0	3941	209994.464437795212	338
0	3947	210338.755550237182	339
0	3949	210495.634676939262	340
0	3955	210770.329383621555	341
0	3957	211067.550077712817	340
0	3962	211468.226206646141	341
0	3964	211626.793367243094	340
0	3969	211754.092507095428	341
0	3971	211994.330383377284	342
0	3973	212134.708016484234	343
0	3975	212212.625220729692	342
0	3980	212248.342221562309	343
0	3990	212581.302468943361	344
0	3996	212907.831612964902	345
0	4010	213685.29591418954	346
0	4012	213759.477638764961	345
0	4017	214202.684205830351	346
0	4019	214522.903955717523	347
0	4021	214655.031310259087	346
0	4034	215453.718515398065	347
0	4036	215717.734131291906	348
0	4038	215768.240647796626	349
0	4040	216046.304292208238	348
0	4049	216558.196204132516	349
0	4051	216673.274955025918	350
0	4053	216744.996346917507	351
0	4063	217710.571726164504	350
0	4068	217710.794250078058	351
0	4070	217728.467126766532	352
0	4076	218263.619016981407	351
0	4081	218319.777071596663	352
0	4083	218447.630912311965	353
0	4085	218561.696549696861	354
0	4087	218942.864852795945	355
0	4089	219041.777711768	356
0	4095	219085.91260147045	357
0	4101	219470.817405930444	356
0	4106	219484.846667417989	357
0	4112	219625.249752319277	358
0	4114	219835.471771916279	359
0	4116	219935.681189898698	360
0	4118	220056.484700916811	361
0	4128	220467.061356729552	360
0	4137	220923.549697181422	361
0	4139	221001.381958617947	362
0	4141	221011.203861354197	363
0	4147	221320.581220476612	362
0	4152	221418.90953230456	363
0	4158	221932.919581208877	364
0	4160	222177.335798791334	363
0	4165	222333.433084891494	364
0	4167	222761.657808405037	365
0	4173	222864.697937420294	364
0	4178	223253.40402212138	365
0	4188	223367.25619679102	366
0	4190	223572.526525075007	367
0	4192	223622.987602647408	368
0	4194	223706.503097391412	367
0	4203	223927.426824078245	368
0	4209	224073.51894771187	367
0	4214	224100.448533807853	368
0	4220	224276.756090768636	369
0	4222	224295.533082209529	370
0	4224	224486.10912371053	371
0	4226	224562.579448534831	370
0	4231	224605.962155532812	371
0	4233	224725.595240441318	372
0	4239	224789.715374378167	373
0	4241	224814.007407250384	374
0	4243	224887.129447703546	375
0	4265	225836.577684060374	376
0	4267	225927.906958660766	375
0	4272	226180.611498119733	376
0	4278	226905.113953461096	377
0	4280	227080.997625267788	376
0	4293	227975.58892090128	377
0	4295	228062.474530837222	376
0	4304	228821.771033267706	377
0	4306	228992.698060548588	376
0	4315	229599.535106881245	375
0	4324	229877.888439008783	376
0	4330	230392.217615036949	375
0	4339	230577.004770859717	376
0	4341	230612.966158360405	377
0	4347	231126.159968054577	376
0	4352	231281.788180819526	377
0	4370	232146.938022290105	378
0	4372	232291.553409709559	379
0	4374	232653.118819053315	380
0	4380	232789.797869785413	379
0	4385	233126.933190258556	380
0	4387	233202.781867808387	379
0	4392	233234.001977950397	380
0	4394	233387.868505109407	381
0	4396	233729.211940958518	382
0	4398	233826.66835152223	383
0	4400	233969.537704749689	382
0	4405	234013.864098612625	383
0	4407	234039.085064322171	384
0	4413	234441.511270349266	385
0	4415	234512.616750744459	386
0	4425	234968.419176614568	385
0	4430	235054.264253412501	386
0	4444	236047.605267351435	387
0	4454	236321.002334674403	388
0	4456	236350.01505056343	389
0	4458	236476.377568035111	388
0	4463	236738.750499669997	389
0	4465	237141.226643209109	390
0	4467	237581.066861107999	391
0	4469	237793.277942505835	392
0	4471	237828.521918928907	391
0	4476	237881.335306309434	392
0	4482	238360.057457683734	393
0	4484	238560.099779660265	394
0	4486	238617.517399205551	393
0	4491	238710.632082076146	394
0	4497	238733.496993007772	395
0	4499	238755.426013171731	396
0	4501	238972.849487377987	395
0	4506	239037.690405820726	396
0	4508	239149.46082940839	397
0	4510	239312.62208196657	398
0	4512	239346.048256954835	397
0	4525	239617.703803928174	398
0	4535	239869.176055745952	399
0	4537	239953.509791954146	398
0	4550	240361.561221074763	399
0	4556	240418.307181414728	400
0	4558	240447.329117804558	401
0	4564	240840.563033904312	402
0	4566	240855.481193788184	403
0	4568	241399.60954059646	404
0	4570	241401.538872750681	405
0	4576	241458.091311058686	404
0	4581	241591.572741062336	405
0	4583	242182.641665479236	406
0	4585	242200.912174163875	407
0	4595	242468.109972229884	406
0	4600	242580.567802314857	407
0	4606	243611.796803301857	406
0	4611	243687.243550904166	407
0	4613	243773.396334776348	408
0	4623	244596.901958821998	407
0	4628	244816.258358606627	408
0	4634	244932.307090585896	409
0	4636	245087.245799763785	408
0	4645	245820.467422286328	409
0	4647	245914.417949143645	410
0	4649	245939.216960719512	409
0	4658	246263.564233852563	410
0	4660	246468.690295675521	411
0	4662	246500.053557248514	412
0	4672	246734.631645672162	413
0	4682	247141.896808598825	414
0	4684	247193.89068359016	413
0	4693	247504.483250793284	414
0	4695	248024.312148517655	413
0	4700	248279.963823883172	414
0	4706	248669.265470593833	415
0	4712	249158.401278949548	416
0	4718	249267.411848967178	417
0	4720	249570.886788940715	416
0	4729	250029.778680148904	417
0	4731	250438.824634800486	418
0	4733	250555.253665566764	419
0	4735	250576.771926297533	418
0	4740	250800.5922530625	419
0	4742	251091.629123656781	420
0	4748	251609.187877842758	421
0	4750	251655.919264919107	422
0	4752	251715.316950177641	423
0	4754	251937.309783727499	424
0	4764	252070.45743463068	423
0	4769	252149.865130542596	424
0	4775	252862.404980320188	425
0	4777	253164.963341555285	424
0	4782	253345.671853427091	425
0	4788	253756.470892906603	426
0	4790	253781.479354128274	427
0	4796	254213.894216648219	428
0	4798	254590.097682452488	427
0	4807	254670.221045434875	428
0	4813	255283.695870649684	429
0	4815	255409.964449268577	430
0	4817	255524.468659902888	431
0	4823	255863.852572907189	432
0	4825	255874.880071892131	431
0	4830	256290.519853428894	432
0	4832	256330.838415560328	433
0	4838	256634.965977024713	434
0	4840	256699.589716060746	433
0	4853	257399.701332471602	434
0	4859	257741.490892860383	435
0	4861	257892.768793939341	434
0	4870	258818.722667355411	435
0	4872	258835.246023562815	436
0	4878	259077.786113298226	435
0	4883	259243.852394715974	436
0	4885	259247.601276656635	437
0	4887	259483.286001800084	438
0	4889	259569.304704364964	439
0	4899	260672.909007078291	440
0	4901	260704.264278611828	439
0	4910	260996.184587325844	440
0	4912	261252.43578316151	439
0	4917	261290.908364644012	440
0	4919	261348.701018712872	441
0	4921	261557.417033703274	442
0	4931	262131.371757186866	443
0	4941	262637.286281338621	442
0	4946	262911.03646406411	441
0	4951	263170.15237294393	442
0	4953	263175.235604649883	443
0	4955	263315.366206780036	444
0	4957	264132.737854218352	445
0	4963	264188.993689021755	444
0	4972	264319.797753218697	445
0	4974	264606.083535155941	444
0	4987	265247.332434515398	445
0	4989	265393.011750745455	446
0	4991	265498.279596953381	445
0	5008	266340.089929564584	444
0	5013	266341.887398460438	445
0	5027	267309.343094019879	444
0	5040	267752.411901368488	443
0	5049	268198.607400182024	444
0	5059	268739.578660178149	445
0	5065	268988.402398268025	446
0	5067	269204.325292012383	445
0	5072	269595.044984337363	446
0	5074	270000.189360729148	445
0	5079	270138.221996559512	446
0	5085	270209.047624567863	447
0	5087	270254.039957856953	448
0	5089	270478.413213765909	447
0	5098	271066.444767521299	448
0	5100	271343.429809922856	449
0	5106	271466.219944185306	448
0	5111	271539.895680734472	449
0	5117	271595.13014182613	450
0	5123	272038.402949622561	449
0	5128	272067.684160021987	450
0	5138	272554.033378901709	451
0	5140	272953.708406953296	452
0	5150	273184.90646419203	453
0	5152	273238.753754946033	454
0	5154	273428.286028965105	453
0	5159	273609.685364587282	454
0	5165	273821.080909865077	455
0	5167	274131.138248708003	456
0	5169	274235.369281966055	457
0	5171	274393.191326150701	458
0	5177	274677.271797372688	457
0	5182	274680.858832726646	458
0	5184	274851.309252456228	459
0	5186	274874.838372433328	460
0	5188	275172.726328668149	461
0	5190	275203.348605892979	462
0	5204	276052.693447409858	461
0	5209	276835.040173303282	462
0	5211	277152.429663752425	463
1	0	0	0
2	0	0	0
3	34	3206.685184961825	3116.3179929927
3	87	5590.422229156539	4838.8936880104
3	91	5660.64526723203	4825.74865915
3	100	5778.263776707173	5667.4626342344
3	121	7117.051734071866	6119.3836047068
3	143	8209.151904196189	6308.4187437538
3	165	9417.190119330481	7141.9835046386
3	201	11504.742025290326	9047.5909165097
3	224	12955.968054108964	9976.0823721713
3	244	14148.034544144468	10905.104514765
3	268	15229.379291566731	11911.601057326
3	301	16624.021333199636	12228.827610794
3	310	17047.289304895968	12552.092951568
3	327	18102.76922010322	13545.529263417
3	346	18646.918534110011	13526.980587776
3	352	19082.748849042401	14005.127616128
3	389	21141.045833327518	15713.249925
3	434	23629.743768623741	18075.555290838
3	443	23732.416903436826	17421.170003644
3	455	24519.358912319587	17734.248534701
3	515	27497.906816485048	19856.211807968
3	538	28242.2327716506	20535.356961726
3	551	29154.90392188047	20306.681546461
3	559	29532.197102377833	20649.805750886
3	578	30271.111170365186	21313.564159365
3	599	31771.555919511885	22805.150445953
3	620	32913.244530935483	23713.219857195
3	651	34971.20619388734	25355.412206603
3	663	35755.945322443443	25795.473704564
3	682	36373.504861718687	25804.560297196
3	704	37765.475714723292	27031.247027745
3	720	38493.512325868654	27758.691971702
3	764	40490.574751090903	28395.376699863
3	796	42935.002959030394	30731.845815117
3	800	43458.379588513349	30671.302108731
3	835	45580.924279675533	32713.62067415
3	860	46890.910352789512	31665.966919788
3	885	48025.614086254215	32722.369507552
3	904	49087.918899901858	33738.020284903
3	917	49725.139323561167	34364.604973796
3	943	51240.008997567644	34897.232794517
3	958	52321.874353796891	35874.934453061
3	1016	54298.13156203804	36447.706032598
3	1029	55782.222387701919	37330.310919168
3	1090	58805.941946790268	39530.078815029
3	1117	59728.340423474734	40253.755557595
3	1150	61039.842053563049	41251.454005313
3	1159	61115.449451724714	41239.92517006
3	1195	63372.578623001179	42827.723141991
3	1209	64014.365754187753	42798.223114312
3	1215	64292.537117753825	42975.558936733
3	1241	66914.526524212858	45527.542063946
3	1281	68488.558850311389	46945.330393333
3	1300	68682.447231835401	47000.979117327
3	1308	69224.138746303222	47175.996755411
3	1319	69324.490213631367	47183.849915364
3	1352	70826.630485974898	47573.799106337
3	1370	71145.878700180625	46858.326545213
3	1374	71205.081642712181	46879.268640458
3	1404	73383.267727461359	48331.311152964
3	1413	74114.386353310844	49550.337816861
3	1465	77205.338565115534	51716.232564552
3	1484	78205.982736465239	52712.395978435
3	1501	79241.046835337484	52900.674415966
3	1505	79419.682887824901	53786.358181767
3	1552	81374.43505940465	54138.424188492
3	1577	82709.263961235711	54892.996865401
3	1616	84671.969854146891	56549.674471807
3	1636	85271.898815310278	55532.601869817
3	1647	86018.836809522191	57794.731808002
3	1672	86983.119626571142	56922.902884706
3	1686	87505.237295622655	57299.746446632
3	1724	89665.221797288113	59371.536731573
3	1761	90423.165785777101	59822.224884158
3	1765	90536.14298979258	59019.260664331
3	1769	90561.387273310401	58855.966494041
3	1807	93749.307047961929	61249.503934783
3	1828	95728.242780756855	63084.131640018
3	1848	96545.207451763282	63870.005721928
3	1869	97697.816625390852	64509.022470656
3	1875	98288.41820297269	64646.490480801
3	1905	99970.46908022342	65011.607582201
3	1926	101133.262554960975	65328.980746541
3	1930	101288.979697306359	64165.949009902
3	1961	102914.803317957276	65701.641538911
3	1976	103703.346075466552	65821.017351806
3	1997	104805.353136467465	66900.712434143
3	2001	105120.934714455807	67043.64121258
3	2020	106173.83453527903	67829.668276089
3	2026	106536.229958873892	67588.142459576
3	2065	108772.397435023167	69296.683991714
3	2069	109150.051471008637	70178.383960497
3	2088	110367.16646912014	70297.776516434
3	2101	111229.755529132391	71082.122745062
3	2132	113012.449902542586	72247.487168718
3	2194	115999.660691697801	73575.447796212
3	2198	116403.68556301547	72772.640595366
3	2224	118184.433613414594	73924.464760945
3	2254	119657.237293584922	75386.684885694
3	2279	120935.276426891515	76225.221841294
3	2291	121810.2245009548	77059.23178423
3	2330	124162.470472943689	77998.994547679
3	2388	126299.937392002622	79209.189673298
3	2394	126582.671095202396	78855.361885025
3	2439	128947.568151452298	80940.926949898
3	2460	129877.819910882692	80340.545692397
3	2464	129987.967267599609	81620.557075646
3	2498	132122.364468066673	82233.478369464
3	2502	132169.856773190852	82346.307595058
3	2559	135297.418965152186	84869.893288039
3	2585	136030.307507668343	83789.616906445
3	2596	136467.728876382765	83925.23991571
3	2615	136921.761461156141	84542.948247856
3	2623	137159.89775627358	84336.218726404
3	2627	137182.967160218117	84330.479160812
3	2652	138945.694020786044	85930.310137879
3	2669	139907.015772484896	86774.392022042
3	2704	141446.773833925557	88184.775800791
3	2723	142555.491945328844	89233.938194458
3	2740	144042.122862995323	90582.946104336
3	2752	144722.796431570035	91028.813079583
3	2776	146820.761439450739	92986.099478689
3	2803	148732.713236887661	92778.632859536
3	2826	149778.538745096607	93357.353950584
3	2854	151580.998569116651	94815.427954685
3	2858	151838.703982620223	94753.472657291
3	2889	153804.222898115127	96184.814177991
3	2931	155847.790554952531	97687.554564537
3	2969	158851.68852742268	100519.56094506
3	2981	159252.905884631633	100632.53984488
3	3003	161094.638388580366	102447.65650593
3	3029	163149.225992099105	104274.42705994
3	3066	164700.160868153632	104235.36433255
3	3092	165915.389012214452	105097.7295807
3	3133	167570.806915866867	106724.90881999
3	3143	167949.464234341592	106296.41749576
3	3174	169657.297068577916	106843.94071963
3	3208	171952.671557957961	108608.22644422
3	3223	172791.145212412535	108917.10086194
3	3278	175263.015405884667	111091.1969841
3	3295	176293.911677389129	109943.23431062
3	3335	178392.961490764007	110926.15810758
3	3356	179881.009053303585	111964.33401854
3	3362	180057.094794572056	112529.7692706
3	3390	181902.982623302103	113873.49062863
3	3427	183430.800899178447	114615.15400382
3	3441	184560.007853130535	115497.59265487
3	3456	185283.125736848176	116048.74630684
3	3475	186281.954295099437	116898.89435789
3	3534	188555.630836304933	118555.13728924
3	3556	189142.529558683469	118468.06743582
3	3574	190432.15345858103	119542.99308537
3	3609	192798.271528514758	121827.41249095
3	3625	193866.680814181179	122827.57865106
3	3638	194452.616207641273	122750.29671294
3	3660	195393.580544613956	122721.61783122
3	3689	196448.634509998096	123106.74936102
3	3724	197877.191553110911	123744.17704322
3	3730	197967.816094052701	121779.29789191
3	3758	200111.834553270324	123921.54675536
3	3778	201516.447896291225	124964.10537208
3	3792	202213.8460519488	124657.25503711
3	3805	202707.204200117572	124950.99106522
3	3833	204216.447005630195	126364.87354511
3	3846	204628.162337396948	125116.72233153
3	3901	207840.767546086295	127823.73813107
3	3939	209890.369965615404	129430.202295
3	3953	210592.7124475359	130121.30094882
3	3994	212891.912608542202	132367.06810331
3	4000	213228.378371013982	132510.65024708
3	4074	217980.038884528635	136549.77240004
3	4110	219556.374597237169	137829.06837349
3	4122	220156.027778866425	138573.27216282
3	4135	220710.951032289028	138796.73858406
3	4207	223998.305491371736	141206.86702569
3	4218	224222.852993211434	141302.73233559
3	4255	225351.455278680384	142421.28541219
3	4259	225791.815259162992	142119.89107129
3	4287	227518.360011479542	143713.60977038
3	4302	228532.236944487973	144709.87713627
3	4322	229741.489693396449	145658.93246292
3	4337	230575.768644860669	145776.07059243
3	4360	231521.93933384931	146670.90252386
3	4364	231526.628480250671	146664.60426208
3	4419	234754.184471298665	149330.15797349
3	4434	235185.113696870119	148825.44863363
3	4448	236240.479053226024	149577.44785502
3	4452	236240.727589088217	149781.91486988
3	4495	238716.326300161616	151750.03832585
3	4533	239685.020043407292	152633.19068386
3	4548	240208.562154513509	152903.1958217
3	4554	240376.600215718807	153241.03012345
3	4562	240771.808616104261	153429.13712823
3	4593	242375.347021431388	154874.3549002
3	4632	244823.914258978055	156725.72019329
3	4643	245219.61942939526	156648.48322856
3	4666	246607.25455564885	157653.84211569
3	4680	247008.38421023889	157349.48258813
3	4691	247342.097401809604	157676.09910344
3	4710	248884.632218959467	159192.96634161
3	4727	249600.865764976205	159906.35337308
3	4773	252547.805566121552	162545.1952781
3	4805	254600.797149832087	164444.28056328
3	4811	254690.067182345975	164417.862708
3	4836	256351.892059142429	165960.0743683
3	4851	257267.116453586805	166646.96905208
3	4893	260004.121203529376	168350.60464596
3	4935	262233.304175943796	168675.20290535
3	4981	264811.364106726561	170237.82113002
3	4985	265222.936652661029	171109.58050132
3	5006	266294.772287062097	170902.90312417
3	5017	266641.323548038218	171121.68222096
3	5038	267706.004845197041	170534.92915185
3	5053	268306.44653352416	171045.79918093
3	5063	268903.070837775905	170855.19721732
3	5121	271663.396561494757	171416.11019082
3	5132	272154.620717824166	173242.00517128
3	5144	272958.793266224404	172042.77016681
3	5163	273768.56881441987	172132.76108705
3	5194	275267.875505969589	173251.20924749
3	5202	275777.338161854733	173621.03793636
4	176	9896.985371480405	7962.3711591597
4	278	15624.769246098296	11712.368895556
4	379	20342.723526921764	15107.468807667
4	482	25691.224857126073	18785.502416186
4	519	27570.445908405529	20559.431451761
4	678	36334.028983111206	26075.386915233
4	742	39435.228134155917	28277.698890209
4	752	39907.727234833587	27814.599748629
4	850	46357.930736266722	32568.773935665
4	991	53272.369478163024	35596.310031257
4	995	53282.128220018647	36812.0651978
4	1046	56698.116048196977	37619.124806323
4	1067	58051.103959944745	38936.494402957
4	1138	60497.734784627979	41010.134185977
4	1176	62427.328124656058	42532.904933988
4	1342	70440.54473062483	47984.591881327
4	1442	75851.6486281014	50542.62533416
4	1450	76306.757366037643	50984.849524936
4	1538	80751.92683407543	53728.639142778
4	1788	92193.231399594524	60388.505839011
4	1897	99089.760272302383	64643.311864591
4	2136	113113.495084759498	71837.531439122
4	2161	114272.448403970058	72676.058787232
4	2173	114892.151942071224	72535.212211437
4	2273	120520.277457399943	75861.970041185
4	2360	125364.382217027897	78719.83509661
4	2364	125591.044047488551	78663.618959617
4	2402	127096.603264412561	79333.23382819
4	2417	127634.656916311661	79676.020111742
4	2490	131628.821942279767	82006.167357224
4	2530	134016.064725578483	83630.15767462
4	2631	137430.158656448778	84466.719342995
4	2881	153203.927602241471	95742.260947264
4	2954	157390.972137101649	99160.319066091
4	3054	164249.863864103987	104707.11178846
4	3075	164982.801904356762	105252.18298623
4	3164	169214.920218349159	107216.65480718
4	3191	170268.720335424602	107086.10177668
4	3257	174482.289777095153	109351.37537088
4	3274	174983.609152114673	109354.80095721
4	3312	176872.362912255063	110007.12546353
4	3409	182760.230904430808	114246.82834301
4	3503	187380.489223873898	117508.65376438
4	3538	188584.575162366688	118006.86207761
4	3564	189607.341308430492	118925.74037609
4	3693	196524.736434132515	123544.41641669
4	3868	205953.385346349983	126211.49665649
4	3872	205988.292234618871	126102.53069814
4	3922	208809.093784256561	128419.27652221
4	3930	209588.545860978498	129353.9099236
4	4008	213609.415565686954	132805.43714021
4	4032	215364.004944017811	134162.09136567
4	4057	216793.928487547396	135424.87841823
4	4156	221613.411637921541	139492.68481292
4	4182	223359.970730482325	141168.70686992
4	4263	225834.67037995784	142280.49685655
4	4378	232742.224994706645	147716.55143897
4	4604	242638.851816993864	154869.64985673
4	4758	251968.593598524767	162005.74181466
4	4868	258359.184486739996	166736.60510396
4	4908	260939.716748627563	168061.12051073
4	4939	262261.96940790369	168913.41389723
4	5034	267490.11839818648	171369.12917431
4	5096	270496.647544721802	171857.24061942

