version 2
run Iteration-4-20200521-09:51:07-70040
attr configname Iteration
attr datetime 20200521-09:51:07
attr experiment Iteration
attr inifile omnetpp.ini
attr iterationvars "$i=1, $j=5, $0=15-(1+5)"
attr iterationvarsf i=1,j=5,15-(1+5)-
attr measurement "$i=1, $j=5, $0=15-(1+5)"
attr network Network
attr processid 70040
attr repetition 0
attr replication #0
attr resultdir results
attr runnumber 4
attr seedset 4
itervar i 1
itervar j 5
param **.resourcePool.amount 1
param **.resourcePool1.amount 5
param **.resourcePool2.amount 15-(1+5)
param **.source.interArrivalTime exponential(6min)
param **.delay.delay uniform(4min,28min)
param **.delay1.delay uniform(10min,28min)
param **.delay2.delay uniform(4min,16min)
param **.allocate.resourceModuleName "\"Network.resourcePool\""
param **.allocate1.resourceModuleName "\"Network.resourcePool1\""
param **.allocate2.resourceModuleName "\"Network.resourcePool2\""
param **.deallocate.resourceModuleName "\"Network.resourcePool\""
param **.deallocate1.resourceModuleName "\"Network.resourcePool1\""
param **.deallocate2.resourceModuleName "\"Network.resourcePool2\""
param **.router.randomGateIndex "uniform(0, 1) > 0.2 ? 0 : 1"

vector 0 Network.allocate queueLength:vector ETV
attr interpolationmode sample-hold
attr title "queue length, vector"
vector 1 Network.allocate1 queueLength:vector ETV
attr interpolationmode sample-hold
attr title "queue length, vector"
vector 2 Network.allocate2 queueLength:vector ETV
attr interpolationmode sample-hold
attr title "queue length, vector"
vector 3 Network.sinkStat lifeTime:vector ETV
attr interpolationmode none
attr title "lifetime of arrived jobs, vector"
attr unit s
vector 4 Network.sink lifeTime:vector ETV
attr interpolationmode none
attr title "lifetime of arrived jobs, vector"
attr unit s
0	0	0	0
0	5	2059.549685936797	1
0	7	2127.799293012195	2
0	9	2256.389279577964	1
0	14	3423.905716543173	2
0	20	3728.483440194362	1
0	25	3761.995672631373	2
0	27	3816.905344846528	3
0	41	4828.964376401239	2
0	46	5163.738407552969	3
0	48	5369.14023854488	4
0	50	5433.258976254695	3
0	55	5729.965678839258	4
0	57	5809.257143879546	5
0	63	6115.064671779281	6
0	65	6276.570706259762	7
0	71	6795.570389617317	6
0	84	7271.503220748239	5
0	89	7524.443196829491	4
0	94	7751.992239921773	5
0	96	7768.251567932693	6
0	102	8139.981715593326	7
0	104	8321.105842989021	6
0	117	8739.863004396331	7
0	131	9189.157016974025	6
0	136	9295.418647627896	7
0	138	9323.464793634449	8
0	144	9347.933238627631	9
0	146	9417.563127916724	10
0	148	9483.763313994168	11
0	154	9678.515222545796	10
0	159	10207.018037664048	11
0	173	11133.195713449352	10
0	178	11140.250132434133	11
0	180	11249.121179959828	12
0	182	11290.343329521391	13
0	184	11303.452072067515	14
0	186	11365.458698726573	15
0	188	11458.97198625274	16
0	194	11742.61719309379	17
0	196	12010.164405602269	18
0	198	12081.923241077483	19
0	204	12447.335835837347	20
0	206	12575.965372089379	19
0	211	12632.131445924402	20
0	217	12801.545032880512	21
0	219	13162.077206215158	22
0	221	13163.060963440769	21
0	226	13514.136709591997	22
0	228	13567.910577406207	23
0	230	13638.902717577739	24
0	232	13724.227793131106	23
0	241	13948.638053841576	24
0	243	14175.669403703886	25
0	249	14505.056899141603	24
0	258	14593.445449772253	25
0	260	14698.410324321891	26
0	270	15051.442477523399	27
0	272	15110.355599362486	26
0	285	15872.864766854876	25
0	298	16005.737461300761	26
0	300	16078.254993984114	27
0	306	16388.547593604856	26
0	311	16494.793605280319	27
0	317	16631.348847930826	28
0	319	17383.630150108511	29
0	329	17577.736560291861	30
0	331	17736.365539296853	31
0	333	17923.169595583454	32
0	335	17992.334192197853	31
0	344	18709.225479651326	30
0	349	18768.963001189197	31
0	355	19244.940678663082	32
0	357	19677.150191291963	33
0	363	20003.154927513659	34
0	365	20035.001052911041	35
0	367	20065.010308728011	36
0	369	20168.505550984377	35
0	378	20392.423285760845	36
0	380	20472.798423942262	35
0	389	20867.257931588914	36
0	391	21025.89803996318	35
0	400	21127.558822913613	36
0	402	21151.780081608762	37
0	408	21410.445854801768	36
0	413	21884.981134336525	35
0	426	22189.128411450645	36
0	432	22353.619989736599	37
0	434	22361.488078899703	38
0	436	22379.398609116504	39
0	438	22644.133668875968	40
0	444	22686.012280532358	41
0	450	22977.279184263283	40
0	459	23100.763432745369	41
0	465	23150.457494800986	42
0	467	23790.774469216568	43
0	469	23958.380504798228	42
0	478	24031.585076927715	43
0	480	24288.570075770883	44
0	486	24666.960039063284	45
0	488	25331.305035006339	44
0	501	25663.892903785936	45
0	507	25827.126573180236	46
0	513	26531.681023825044	45
0	518	26550.091955945818	46
0	524	26625.51878913291	47
0	526	26855.859898621024	48
0	528	26995.024470054397	49
0	530	27174.616246256836	50
0	532	27276.091732185418	49
0	545	27955.736515644303	50
0	547	28064.583246048664	51
0	549	28117.594914108636	52
0	551	28309.054339401561	53
0	553	28352.023364655276	54
0	555	28407.350821707482	53
0	564	28547.526085480835	54
0	566	28751.438709821636	53
0	575	28995.653007354671	52
0	580	29355.438136149282	51
0	585	29949.012533412577	52
0	595	30357.732982668894	53
0	601	30598.848337583769	54
0	603	30600.262635028085	55
0	609	30622.109134408151	56
0	611	30650.956287112171	55
0	624	30962.773828038674	56
0	630	31100.422038573856	55
0	643	31466.495167726666	56
0	653	32428.139564942653	55
0	658	32432.621688965066	56
0	664	32658.127213472398	57
0	666	33176.407814896383	58
0	668	33180.181122681111	59
0	678	33683.33126066094	60
0	680	33696.852182105312	61
0	682	34025.463196847672	60
0	687	34386.973875526423	59
0	696	35000.868657677695	60
0	702	35283.003303643472	61
0	704	35295.410618157643	62
0	710	35580.689382132227	61
0	719	35844.762814555401	60
0	724	36140.452279159619	61
0	726	36350.0498518031	62
0	728	36693.505364471457	63
0	734	36808.022103238869	64
0	740	37044.606907915408	63
0	753	37884.109972410549	64
0	755	37921.770962720283	65
0	761	38333.314895656044	64
0	766	38886.452431688378	65
0	772	39135.95766477535	66
0	778	39325.6831071763	67
0	780	39921.002016764218	66
0	785	39925.135959855362	67
0	791	40670.971587885255	66
0	796	40861.534472974635	67
0	802	41150.541700584956	68
0	804	41222.407875243234	69
0	806	41276.361775832335	70
0	808	41466.06032738546	71
0	810	41936.826930127999	72
0	812	41948.422641780311	71
0	825	42454.937665461318	72
0	831	42591.810274353866	73
0	833	43002.518521126443	72
0	838	43096.471347166492	73
0	844	43742.473824367799	74
0	846	43775.94053426203	75
0	848	43868.623137691206	76
0	858	44308.182939726943	75
0	863	44505.297126151692	76
0	869	44883.979665859361	77
0	871	45016.21725374998	78
0	873	45227.882806882067	79
0	879	45682.411395672793	78
0	888	46346.682279881174	77
0	893	47059.466164212758	76
0	906	47371.243184015026	77
0	908	47763.974135544235	76
0	925	48280.44857757837	77
0	927	48313.182288238705	78
0	929	48781.526512409265	79
0	931	48815.838753546001	80
0	933	48863.305493731136	79
0	942	49237.215377194501	80
0	948	49475.690906060846	81
0	950	49662.729938988576	82
0	952	49905.503678944046	81
0	961	50027.386769140975	82
0	963	50086.693079040828	83
0	969	50222.036804065775	84
0	975	51516.341084528799	83
0	988	51884.131994288994	84
0	990	51923.181616021304	85
0	992	51968.566266965911	86
0	994	52004.136062053178	87
0	996	52173.533345481762	88
0	998	52284.762605246928	89
0	1000	52295.64405270785	90
0	1002	52373.709339699684	91
0	1008	52651.527791887832	92
0	1014	53029.362121660347	91
0	1019	53701.14255679701	92
0	1025	53910.342409115369	91
0	1030	54053.429117231553	92
0	1040	55028.57478531261	93
0	1042	55031.352196958	92
0	1047	55255.458795862905	93
0	1049	55402.78748550968	94
0	1055	55897.912859529211	95
0	1057	55929.45971983001	96
0	1059	56003.196334057059	97
0	1061	56347.159300792084	98
0	1063	56459.094327975149	97
0	1068	56535.878030506082	98
0	1074	56708.455656933066	99
0	1076	56980.227195572193	98
0	1085	57768.923987406782	99
0	1095	57956.293431504776	100
0	1097	58050.733668216243	101
0	1099	58066.903540097064	102
0	1101	58086.293001579423	103
0	1107	58207.186359749721	104
0	1109	58320.711159127569	105
0	1111	58469.87418805312	106
0	1113	58496.26048720264	105
0	1118	58693.606067723737	106
0	1124	58807.082218565706	107
0	1126	58854.425161254295	108
0	1128	58958.710690563547	109
0	1130	59178.502952877262	110
0	1132	59302.535774510439	109
0	1141	59880.528324980374	108
0	1146	59895.015024112365	109
0	1148	59904.277786085446	110
0	1150	60162.1044218085	111
0	1156	60214.87815137668	112
0	1158	60499.477009952111	113
0	1164	60666.85913826508	114
0	1178	61140.256943654354	113
0	1183	61777.058879294795	114
0	1189	62106.741329519196	115
0	1191	62170.536320049401	114
0	1200	62704.744698096152	113
0	1205	63281.672780847998	114
0	1207	63680.449515011247	113
0	1216	63794.664704585071	114
0	1218	64180.331428337928	113
0	1223	64274.797761061697	114
0	1233	64481.079299494941	115
0	1235	64565.123760726389	114
0	1240	64717.718328233519	115
0	1242	64895.104979493525	116
0	1244	64966.481309938872	117
0	1246	65009.192433671018	118
0	1248	65216.018678243303	119
0	1258	65503.701696208997	120
0	1264	65813.637169822888	121
0	1270	65931.625537573771	122
0	1272	65978.788419926903	123
0	1274	65997.599360000428	122
0	1283	66249.886735138207	123
0	1285	66273.146295471809	124
0	1287	66369.009437386342	125
0	1289	66447.556523512515	126
0	1291	66571.470850210723	125
0	1296	66621.734151688948	126
0	1306	66776.667101773067	127
0	1308	66962.857772320418	128
0	1318	67464.984953876671	127
0	1327	67695.751004256866	128
0	1333	67819.473608613277	129
0	1339	68312.580858415141	130
0	1345	68621.017934370872	129
0	1354	69403.263377462615	130
0	1356	69601.017448079769	131
0	1362	69815.433036860165	130
0	1367	69854.066643036256	131
0	1369	70186.004408698615	130
0	1374	70214.233021245823	131
0	1376	70451.2528904044	130
0	1381	71004.630742867527	131
0	1387	71115.250928577122	130
0	1392	71311.219582148398	131
0	1410	71887.202752420922	132
0	1412	71933.697616037068	131
0	1425	72258.321025428129	132
0	1427	72366.473456014034	131
0	1432	72446.294739061569	132
0	1438	72523.719916101019	133
0	1440	72531.481735376723	134
0	1442	72858.213023824476	135
0	1444	73173.888894549598	136
0	1450	73219.939021792349	135
0	1459	73781.676628757486	136
0	1461	73861.583600996548	137
0	1467	74210.453544560723	138
0	1469	74236.180286126669	139
0	1471	74417.908775758085	138
0	1480	74632.532608627603	139
0	1486	74790.582330973379	140
0	1496	75207.634372617147	141
0	1498	75296.119961014544	142
0	1500	75459.027541812705	143
0	1506	75569.824786424569	144
0	1508	75952.791874956426	143
0	1513	76337.349193800321	144
0	1515	76782.379121583042	143
0	1520	77091.115801020294	144
0	1522	77334.181266490702	145
0	1524	77369.460638377902	144
0	1533	77980.607451980268	145
0	1535	78056.524805980348	146
0	1537	78068.627387637552	147
0	1551	78435.28673673461	148
0	1553	78675.982400279579	147
0	1558	78689.025278489335	148
0	1572	80016.733386543499	149
0	1574	80134.500175405381	148
0	1579	80551.93212657058	147
0	1588	81228.03563098553	148
0	1590	81265.645277028463	149
0	1596	81404.179588036102	150
0	1598	81875.530239677725	151
0	1600	82047.204560528404	152
0	1602	82098.677703838883	151
0	1615	82279.148346998213	152
0	1617	82357.28674247664	153
0	1619	82416.424851027228	154
0	1625	82501.911647457717	153
0	1630	83099.544404489774	154
0	1636	83450.846583087085	153
0	1653	84515.835785003744	154
0	1655	84639.857742179273	153
0	1660	84749.0770957972	154
0	1666	85119.823009955416	155
0	1668	85162.411167291468	156
0	1670	85228.547472942708	155
0	1675	85277.237165951196	156
0	1677	85549.755938213651	157
0	1683	85854.61993622008	158
0	1685	85900.428069094067	159
0	1687	85978.09444895768	158
0	1692	86179.546843201531	159
0	1702	86320.377166913641	160
0	1704	86406.933222576316	161
0	1710	86849.108609450228	162
0	1720	87109.538799329441	163
0	1722	87210.616612574866	164
0	1728	87364.599957268773	163
0	1733	87508.454347472519	164
0	1735	87519.80683927123	165
0	1737	87686.275227840157	166
0	1739	88072.101442382856	167
0	1741	88263.220421531742	168
0	1743	88366.854089315934	169
0	1745	88705.060685824691	168
0	1762	89571.858572837054	167
0	1767	89988.186496932148	166
0	1772	90040.500367559488	167
0	1778	90372.874006915926	166
0	1783	90532.860051343344	167
0	1785	90771.440830939244	168
0	1799	91560.504475783645	167
0	1808	91832.982159962499	168
0	1814	92323.467277344977	169
0	1816	92581.37431691874	170
0	1826	93108.758128088056	169
0	1831	93222.100623828441	170
0	1837	93638.172644924461	169
0	1842	94467.249387379824	168
0	1859	95007.912963519904	169
0	1861	95212.282609845193	170
0	1867	95503.800346151375	171
0	1869	95653.585686070258	172
0	1875	95674.326193805872	171
0	1880	95775.504811028673	172
0	1886	96205.414022273411	173
0	1888	96325.173941876827	172
0	1897	96917.515920985578	171
0	1906	97322.335313074044	172
0	1916	97522.717958081602	171
0	1921	97851.463848676621	170
0	1934	98961.003626619449	171
0	1940	99026.034987185239	170
0	1949	99176.754034220211	171
0	1951	99300.834147003053	172
0	1957	99372.569706726908	171
0	1962	99636.271518074468	172
0	1964	99644.084855726735	173
0	1970	100147.592497970663	174
0	1972	100477.036405047614	175
0	1982	100717.165609140655	176
0	1988	101027.386798996567	175
0	1997	101382.812426421865	176
0	1999	101688.809139398709	177
0	2001	101865.160927510795	178
0	2003	102116.537881413113	179
0	2009	102395.733195047914	178
0	2014	102422.859201751135	179
0	2016	102638.66638508135	180
0	2018	102778.916414710723	181
0	2020	102845.829340763224	182
0	2026	103039.782531324863	181
0	2031	103309.795134694358	182
0	2033	103478.011578638843	183
0	2035	103937.921121074636	184
0	2041	104222.631093587815	183
0	2050	104523.66722042735	184
0	2056	104962.252316907799	185
0	2066	105463.50838991636	184
0	2075	105885.804496316891	185
0	2077	106000.529644401261	186
0	2079	106172.994272678041	187
0	2081	106382.668418959362	188
0	2087	106625.353323731661	187
0	2092	106930.88440564752	188
0	2094	107064.201850960308	189
0	2104	107830.621958098519	190
0	2110	108121.586259070874	189
0	2115	108233.244565562364	190
0	2117	108263.933274226433	191
0	2119	108777.537351686598	190
0	2124	108953.713112057623	191
0	2126	109383.654551026124	192
0	2128	109432.400007572116	191
0	2137	109471.635518668355	192
0	2139	109612.449369682537	193
0	2141	109966.737900940381	194
0	2143	109987.132563001544	195
0	2149	110262.871731348609	196
0	2155	110396.238305334093	195
0	2168	111433.59672738069	196
0	2174	111803.593606006445	195
0	2179	111859.127629241471	196
0	2185	112360.191300298201	197
0	2195	113198.061895173134	196
0	2200	113379.665216727539	197
0	2206	113640.032752684287	198
0	2208	113939.581843628321	199
0	2210	113964.85983921673	200
0	2212	114010.530207650562	201
0	2222	114571.410975482406	200
0	2227	115184.721411379842	201
0	2229	115221.86639125913	202
0	2231	115262.963760895821	203
0	2237	115651.185181355875	204
0	2239	115698.626638602557	203
0	2248	115958.194632306741	204
0	2250	116263.977502024992	205
0	2256	116569.01879891234	206
0	2258	116715.293750369651	207
0	2260	116738.440342951049	208
0	2262	116876.78863740349	207
0	2267	117172.840536990931	208
0	2269	117267.727315085542	209
0	2271	117413.402338884979	210
0	2273	117427.051367785873	209
0	2286	117841.192385953011	208
0	2295	118206.896720741875	209
0	2301	118587.300930232048	210
0	2307	118858.290764641108	209
0	2312	119180.903494093229	210
0	2318	119512.666258614602	209
0	2323	119885.424771004269	210
0	2329	119899.208600621762	209
0	2354	121305.865896631124	208
0	2359	121757.961928802184	209
0	2361	121791.682678245106	210
0	2363	121865.444497677349	211
0	2365	122099.71789276578	212
0	2367	122116.736552438019	213
0	2373	122147.860489432543	214
0	2383	122646.971225392165	213
0	2388	122951.671430345716	212
0	2393	123342.088668976965	213
0	2399	123523.227451568921	214
0	2401	123625.500538636712	215
0	2403	123666.824936928944	216
0	2409	124288.80823316737	217
0	2415	124479.068459708335	216
0	2420	125037.918544177624	217
0	2426	125680.605864476504	216
0	2431	125753.991509710325	217
0	2433	125793.895284406606	218
0	2439	125968.74054304147	217
0	2444	126039.753288049915	218
0	2450	126304.823424950231	219
0	2452	126382.643394781814	220
0	2458	126536.181893236031	221
0	2464	126987.448034837514	222
0	2466	127308.889092978182	221
0	2471	127372.667522332527	222
0	2481	127894.381693463785	223
0	2483	128212.297770816925	222
0	2492	129388.526872166149	223
0	2494	129438.59530984247	222
0	2499	129492.743270152088	223
0	2505	129620.286874301149	224
0	2515	130495.873577126963	225
0	2525	130949.257118019764	226
0	2527	130956.541087243798	225
0	2532	130960.5777475214	226
0	2534	131496.06814057741	227
0	2540	132307.786360669973	226
0	2545	132570.248115369553	227
0	2547	132698.795777130303	228
0	2549	132798.522544339525	229
0	2551	132942.566682150896	230
0	2553	132965.370733634317	231
0	2559	133208.249376323114	232
0	2565	133375.066384289506	231
0	2574	134235.053357061091	230
0	2583	134696.138653851113	231
0	2585	134786.377481810819	232
0	2595	135653.480653415317	233
0	2601	135876.164977166894	232
0	2606	136251.499793808509	233
0	2608	136417.960656264488	234
0	2610	136628.541976464419	235
0	2612	136865.410798962363	236
0	2618	137304.277480137514	237
0	2620	137330.02954177249	238
0	2622	137401.906118307355	237
0	2627	137779.931832064173	238
0	2629	137857.275758345517	239
0	2639	138999.526255367357	240
0	2641	139040.969861436728	239
0	2650	139416.207153585336	240
0	2652	139538.553106306642	241
0	2654	139947.022636782471	240
0	2659	140189.518007072309	241
0	2665	140446.153336556654	242
0	2667	140625.269298790924	243
0	2669	140725.624911848549	242
0	2678	141129.899820786063	241
0	2683	141214.499339618607	242
0	2693	141806.76107118507	243
0	2707	142263.597646828834	242
0	2712	142908.404023154786	243
0	2718	143532.417122679513	244
0	2720	143670.366832329114	245
0	2726	143918.917936597113	244
0	2731	143980.675876781871	245
0	2733	144125.554648979801	246
0	2739	144487.11913435543	245
0	2744	144797.612286843549	246
0	2750	145345.449372585035	247
0	2760	146165.471226040368	246
0	2769	146620.592822241773	247
0	2775	146889.675408031285	248
0	2777	146910.348996953387	249
0	2779	147556.645117465501	248
0	2788	148181.406883847063	247
0	2793	148334.493096382382	248
0	2799	149139.063353492118	249
0	2805	149357.627132188278	250
0	2807	149495.265353647549	251
0	2809	149527.644997461827	252
0	2811	149550.780865687972	251
0	2816	149894.305707814304	252
0	2826	150558.654291942522	253
0	2828	150671.903698413946	254
0	2834	150844.813310898863	255
0	2836	151000.973841536885	254
0	2841	151334.428915668374	253
0	2850	151664.791524846202	252
0	2871	152814.033083650722	253
0	2877	153019.840379867798	252
0	2882	153376.47272536498	253
0	2884	153493.001840004396	254
0	2898	154088.047945562845	253
0	2903	154338.688244920319	252
0	2908	154442.774904510983	253
0	2910	155127.191739794647	254
0	2912	155215.97415189082	253
0	2925	155597.482433714177	254
0	2927	155623.258619837355	255
0	2933	156090.748555069961	256
0	2939	156334.117853672626	257
0	2945	156752.022796083099	258
0	2947	156800.41186696673	257
0	2952	157279.762970958038	258
0	2958	157931.430592907979	259
0	2964	158178.706124637371	258
0	2969	158476.031764213091	257
0	2974	158544.281423146498	258
0	2976	158560.323069886997	259
0	2982	158969.608833778745	258
0	2995	159521.140412639922	257
0	3004	160158.185084531395	258
0	3006	160215.839742362882	259
0	3008	160364.200627584877	260
0	3010	160416.89894406661	261
0	3024	160764.898096646412	262
0	3026	160843.805235788731	263
0	3028	160977.550451260156	262
0	3033	161160.210757743486	263
0	3039	161477.419499752105	264
0	3041	161527.016518885718	265
0	3047	161976.327483864772	266
0	3053	162453.232886184103	265
0	3062	163319.356047090239	264
0	3067	163355.642760370896	265
0	3069	163517.742902098954	266
0	3075	163899.959279352416	267
0	3077	163921.807723964329	268
0	3083	164066.0047106171	269
0	3089	164286.429812450058	268
0	3098	164871.750852612877	269
0	3100	164915.13665214114	270
0	3102	164926.314230683954	271
0	3104	165016.189280062637	272
0	3106	165114.392397165716	273
0	3112	165908.45034788186	272
0	3121	166797.13545968105	273
0	3127	167032.919545546033	274
0	3129	167346.347645456639	275
0	3135	167472.746657420046	274
0	3140	167907.927984218416	275
0	3142	168415.135371599443	274
0	3151	169245.701197613241	275
0	3157	169610.55872770003	276
0	3159	169653.35275334635	277
0	3161	169674.397957462914	276
0	3170	170122.513267190658	277
0	3172	170130.217563177211	278
0	3178	170187.165613996582	279
0	3184	170901.377303298687	280
0	3190	170951.766440559275	279
0	3195	171208.041315747746	280
0	3197	171639.590058087909	281
0	3199	172002.455681439586	280
0	3208	172980.511711417155	281
0	3214	173121.142098676842	282
0	3216	173132.070393801446	283
0	3218	173146.840511992173	284
0	3220	173183.191821628189	285
0	3222	173212.255357509167	286
0	3232	173425.084829552401	287
0	3234	173459.718460355051	286
0	3239	173700.039520486003	287
0	3241	173764.212724145249	288
0	3243	174102.512640198021	289
0	3245	174168.138763964639	290
0	3247	174214.674820790906	291
0	3253	174553.581133698733	292
0	3255	174782.906392838903	291
0	3264	175449.248431909927	290
0	3277	175918.284244378227	291
0	3287	176584.810923219749	292
0	3289	176623.910920906268	293
0	3291	176695.285294336968	294
0	3293	176760.314338814345	295
0	3295	176996.948692647427	296
0	3297	177002.290547143766	295
0	3306	178375.811387736448	294
0	3315	178648.361308679928	295
0	3317	179178.558111068547	296
0	3319	179349.786871700139	297
0	3321	179438.217024022144	298
0	3323	179565.599617103842	299
0	3325	179605.038866277882	298
0	3330	179703.674676602266	299
0	3332	179734.480307708929	300
0	3334	179825.36760164134	301
0	3340	179833.354687021633	302
0	3342	180020.665780959149	303
0	3344	180144.20668045718	304
0	3346	180284.753287387651	305
0	3348	180327.260918581671	306
0	3350	180353.672153456504	307
0	3352	180595.670349983429	308
0	3354	180628.162769705207	309
0	3356	180646.116946056305	310
0	3362	180896.165880525429	311
0	3364	180918.282059904286	310
0	3369	181183.474772449681	309
0	3378	181824.262122798809	308
0	3387	182013.371150998577	309
0	3393	182115.86678392296	310
0	3399	182345.743797571287	311
0	3405	182579.93015996004	310
0	3422	182804.380462075787	311
0	3424	182902.287676435062	310
0	3429	183519.971746483824	311
0	3439	183800.974000125385	312
0	3445	183917.886740627178	313
0	3451	184110.336554631168	314
0	3453	184178.590485368022	313
0	3458	184240.940316555702	314
0	3460	184297.80408087637	315
0	3462	184455.131408181853	316
0	3464	184971.316378679551	317
0	3466	185028.868311781534	316
0	3471	185829.102921026101	317
0	3477	185996.951944003603	318
0	3479	186022.565593969175	317
0	3484	186057.223951256512	318
0	3490	186485.151287678727	317
0	3499	186746.165159817883	316
0	3504	186747.20165920138	317
0	3506	186756.340546030624	318
0	3508	186764.735091056331	319
0	3510	186857.362401215592	320
0	3516	187220.751548700105	321
0	3518	187226.742400363007	322
0	3524	187569.297022798049	323
0	3530	187620.412092248941	324
0	3536	187919.41889214153	323
0	3545	187997.856317538198	324
0	3551	188276.6413843919	325
0	3553	188366.645412135968	324
0	3566	188721.628685074257	325
0	3568	188990.687145011389	326
0	3574	189157.067592746858	327
0	3576	189184.04087100996	328
0	3582	189505.228565559945	329
0	3588	189615.044493924925	328
0	3593	189941.713837076077	327
0	3598	190015.442105921916	328
0	3600	190109.895569487951	329
0	3602	190828.510014483925	330
0	3612	191188.052309261079	331
0	3614	191421.976030904898	330
0	3627	191877.248987912284	331
0	3629	192004.122197095137	332
0	3631	192335.865719370423	333
0	3633	192359.092427877645	334
0	3639	192742.209968481311	333
0	3644	192782.109480428285	334
0	3646	192800.157736731971	335
0	3648	192892.02825925178	336
0	3654	193324.265324268319	337
0	3656	193421.99549763287	336
0	3665	193836.709716266366	337
0	3671	194173.465355810908	338
0	3673	194749.041322888639	339
0	3679	195061.7521254235	338
0	3688	195403.499494320466	339
0	3690	195586.769823496173	340
0	3692	195930.351225375895	341
0	3698	196077.5983295455	342
0	3700	196220.216241996783	343
0	3706	196366.148658375951	344
0	3708	196662.280460324237	343
0	3713	196897.076911038149	344
0	3715	197165.72076574133	345
0	3717	197236.029473312915	346
0	3723	197706.685417832679	347
0	3725	198029.486781580913	348
0	3727	198104.084324564883	347
0	3736	198478.306187568924	348
0	3742	198814.343900917241	349
0	3748	199163.850322547946	350
0	3750	199359.876700256118	349
0	3755	199405.873744700828	350
0	3757	199521.79975319653	351
0	3759	199811.424628041458	352
0	3761	199841.984370488772	351
0	3766	200086.705921516917	352
0	3768	200436.184735923867	353
0	3774	201012.360511299321	352
0	3783	201385.865841312879	353
0	3785	201434.556867261892	354
0	3791	201463.146919448027	353
0	3800	201776.401867643506	354
0	3802	201913.326218737472	355
0	3804	201985.94885804417	356
0	3806	202041.492148261018	357
0	3812	202529.030000332841	356
0	3817	202592.153515260251	357
0	3823	202641.954303487547	358
0	3825	202712.460714146036	359
0	3827	202718.944193736646	360
0	3829	202752.069663057161	361
0	3831	202861.429883379587	360
0	3840	202955.461184906509	361
0	3842	203008.549993653676	362
0	3844	203163.645799186179	361
0	3853	203437.842089597234	360
0	3862	203896.129011277208	359
0	3879	204369.043703779981	360
0	3885	204719.158874017615	361
0	3899	205059.373361648645	362
0	3905	205175.596267107373	363
0	3911	205465.297592382977	362
0	3916	205529.797388923099	363
0	3918	206010.95644702099	364
0	3920	206275.656765874574	363
0	3929	206572.839246775232	364
0	3931	207036.076000694284	363
0	3936	207036.212885513695	364
0	3942	207460.495706648143	365
0	3948	207545.419665763906	366
0	3950	207674.462145667622	365
0	3955	208060.525280674873	366
0	3957	208121.611869688957	367
0	3959	208218.922037044652	368
0	3965	208481.864414054999	367
0	3974	208760.533246424148	366
0	3983	208959.045794920874	367
0	3989	209247.670458770143	368
0	3991	209292.650909919817	369
0	3997	209566.926788437986	370
0	4011	210027.299178231607	369
0	4016	210079.509800504655	370
0	4018	210107.1143173231	371
0	4020	210205.573029738768	372
0	4022	210374.766040172527	371
0	4031	211022.019693207095	370
0	4040	211330.199253081061	371
0	4042	211475.87263720762	372
0	4048	211635.141063602576	373
0	4058	212050.99557802431	374
0	4064	212218.568578798423	373
0	4081	213733.079724524269	372
0	4086	214220.201129125596	373
0	4092	214901.063841608074	374
0	4094	215265.519595762599	375
0	4100	215279.591318484347	376
0	4102	215378.517978441069	375
0	4111	216167.022286107197	376
0	4113	216249.535428833315	375
0	4122	217334.239385980623	376
0	4124	217376.463692251692	375
0	4129	217628.276202271584	376
0	4131	217697.999134060439	377
0	4137	217770.667176687886	378
0	4143	218153.429082881758	377
0	4148	218444.026019258335	378
0	4150	218498.356651234145	379
0	4152	218581.806003022536	380
0	4158	219071.017725278585	381
0	4160	219264.265962160787	382
0	4162	219324.210408244381	381
0	4167	219453.036958809415	382
0	4177	219747.927704852173	381
0	4186	220054.607170805769	382
0	4196	221182.526383537898	381
0	4205	221456.266803693125	380
0	4214	222076.447185060715	381
0	4216	222494.347201188391	382
0	4226	222962.992819205533	383
0	4228	223015.781775590131	382
0	4233	223044.148203551058	383
0	4239	223361.188196011422	384
0	4241	223475.871013625231	385
0	4247	223593.721516382048	384
0	4252	223669.57701032114	385
0	4254	223924.251844306574	386
0	4256	224379.17333452881	387
0	4258	224399.427361073336	388
0	4264	224720.441512640665	387
0	4269	224789.809650317667	388
0	4279	225198.775435156988	389
0	4281	225281.6709336875	390
0	4283	225460.297574391731	391
0	4297	225958.663124600494	392
0	4299	226139.484934257577	393
0	4301	226177.287176667005	394
0	4303	226374.578425202618	393
0	4308	226948.526939513176	394
0	4310	227421.039376136015	393
0	4319	228040.505698716134	394
0	4321	228110.044243063877	393
0	4330	228379.668352481077	392
0	4339	228524.292130521488	393
0	4357	230002.435336958716	392
0	4366	230648.886476854631	393
0	4368	230676.542346987972	392
0	4373	230840.323391051575	393
0	4375	231237.562203358958	392
0	4388	232061.806799747538	393
0	4394	232173.655942729855	394
0	4404	232443.797066722165	393
0	4409	232546.604925709994	394
0	4411	232784.750216488075	395
0	4413	232803.638915136155	396
0	4423	233390.251391785837	397
0	4425	233407.291540840695	398
0	4431	233710.322612224704	399
0	4433	233859.348345872115	398
0	4438	234379.422654110522	399
0	4448	235247.794524941694	398
0	4453	235416.045106431101	399
0	4455	235545.391338473716	400
0	4457	236331.39819780423	401
0	4459	236595.635509391136	402
0	4465	236702.337014859956	403
0	4467	236708.119624804806	402
0	4476	237057.835343601752	403
0	4478	237243.864349711787	402
0	4483	237366.534623617831	403
0	4485	237520.526104856383	402
0	4490	237523.30198636904	403
0	4492	237711.480493871662	404
0	4494	237789.12829092324	405
0	4496	237930.834979254853	404
0	4501	237948.101699757705	405
0	4503	238096.099306348342	406
0	4505	238149.279331712161	407
0	4511	238376.000272583317	406
0	4524	238665.148279515064	407
0	4530	239225.350747515247	408
0	4536	239254.059942109498	409
0	4546	239409.605051938053	410
0	4548	239524.559514408338	411
0	4554	239622.965237226438	410
0	4567	240167.256496679633	411
0	4569	240212.055147539925	410
0	4586	240988.90670278083	411
0	4588	240993.740390055387	412
0	4590	241085.595978613132	413
0	4592	241217.969273366866	414
0	4594	241385.931012880158	413
0	4599	241662.013887683149	414
0	4609	242334.11851955135	415
0	4611	242592.119605717624	416
0	4613	242612.331867914748	415
0	4618	243031.276456909306	416
0	4628	243821.9835942987	417
0	4630	243919.777653340885	418
0	4632	244130.892427403581	417
0	4641	244439.943743475168	418
0	4643	244678.023672526902	419
0	4645	244864.510680405122	420
0	4647	244918.057923305881	419
0	4656	245614.529937354092	420
0	4658	245903.050069313598	419
0	4671	246304.561445999992	418
0	4676	246658.939843269526	419
0	4682	247186.479020191972	420
0	4692	247521.270342662422	421
0	4702	247888.145391818238	420
0	4707	248047.251158647705	421
0	4709	248399.7159441202	422
0	4711	248626.440233411511	423
0	4713	248751.21639838552	424
0	4719	249320.623073827577	423
0	4724	249791.932336863232	422
0	4729	249877.389101869658	423
0	4735	250095.914377533086	424
0	4737	250111.239517042455	425
0	4743	250488.188036855412	424
0	4748	250499.219696482542	425
0	4754	250734.496153524824	426
0	4760	251127.31414261098	425
0	4769	251210.156484841947	426
0	4771	251221.380046560388	427
0	4773	251255.776827575171	428
0	4779	251521.884401475058	429
0	4781	251732.516933879716	430
0	4783	251767.992449554495	431
0	4793	252778.091546136988	430
0	4802	253252.532997621315	431
0	4812	253860.164717238499	430
0	4817	254571.576298707388	431
0	4819	254861.87479945655	430
0	4828	255279.854555038506	431
0	4830	255390.992113476553	432
0	4836	255767.772026983526	433
0	4838	255860.757037092103	432
0	4847	256224.04347455368	433
0	4849	256543.216220161712	434
0	4855	256656.403900516392	435
0	4857	256722.423590038075	434
0	4866	257211.049064244996	435
0	4868	257327.175584468696	436
0	4874	257490.668896650643	437
0	4876	257498.299812670228	438
0	4882	257900.835455719485	437
0	4887	258007.395224780914	438
0	4889	258092.881991055567	439
0	4895	258773.999919209733	438
0	4900	259059.81321429546	439
0	4902	259332.236014183686	440
0	4916	260041.364721570268	439
0	4921	260192.192207914622	440
0	4927	260605.636635250366	441
0	4929	260718.650898150424	442
0	4931	260932.756290481587	443
0	4933	260953.822456810728	442
0	4942	260977.869901157023	443
0	4944	261012.558140602616	444
0	4946	261272.790646942698	445
0	4948	261521.458692656428	446
0	4954	261784.706218923127	447
0	4960	261854.957779576199	448
0	4962	262021.14180728858	449
0	4964	262465.426254931942	448
0	4969	262471.948289431449	449
0	4975	263242.902983682247	450
0	4981	263579.513976437136	451
0	4983	263692.87542219098	450
0	4988	263996.530864823715	449
0	4993	264027.649337984655	450
0	4995	264069.751001380493	451
0	5001	264694.158992495493	450
0	5006	264714.523668138622	451
0	5016	265449.85422712714	452
0	5022	265916.843475949125	451
0	5031	266060.930810796308	452
0	5033	266064.750672222578	453
0	5039	266408.67839462157	454
0	5045	266711.19512233515	455
0	5051	267476.354611281411	454
0	5056	267932.426910370981	455
0	5062	268241.138780982861	456
0	5068	268736.952250253515	455
0	5073	268946.041987558904	456
0	5079	269201.349108282583	455
0	5084	269210.931716732808	456
0	5086	269418.03039690435	457
0	5088	269712.631608869987	456
0	5093	269771.74336050356	457
0	5095	270007.906157066456	458
0	5097	270045.337258095132	459
0	5103	270239.551827953177	460
0	5105	270332.486777778822	459
0	5110	270357.404227975317	460
0	5116	270685.137650637734	461
0	5118	270732.007325057047	460
0	5127	270901.584722764369	461
0	5133	271337.645695506846	462
0	5139	271496.962079767245	461
0	5160	271977.004545617956	460
0	5165	271978.089570993397	461
0	5175	272331.190314012781	462
0	5181	272698.070333531122	463
0	5183	272919.448454406643	464
0	5189	273395.042909111935	463
0	5198	273657.487143269348	464
0	5200	274058.274369107264	465
0	5206	274485.602488618452	464
0	5215	274977.438881982226	463
0	5220	275251.311216375904	464
0	5222	275789.984579777155	465
0	5228	275862.035468398762	466
0	5230	275919.87927917268	467
0	5232	276097.037551950771	466
0	5241	276288.46598904432	467
0	5243	276569.034941260136	468
1	0	0	0
2	0	0	0
3	31	4370.755307151088	3142.3804722447
3	39	4806.345885850573	2746.7961999138
3	78	6900.185987491243	3476.2802709481
3	82	7079.372179487803	4951.5728864756
3	121	8747.468016592868	4985.4723439615
3	125	8801.672452071764	4984.7671072252
3	142	9335.498543668621	4171.7601361157
3	152	9503.023987820455	4133.8837492756
3	171	10885.907786412247	5155.942107573
3	192	11586.255250068464	5776.9981061889
3	215	12764.231205487706	6649.1665337084
3	247	14479.578698415392	8203.0079921556
3	268	14978.167358066969	7209.9157901343
3	283	15231.271751018323	7479.2795110965
3	292	15893.920610535973	7753.9388949426
3	304	16259.896817782976	7520.0338133866
3	323	17446.876390546643	8151.4577429187
3	342	18346.276098478668	9022.8113048442
3	361	19858.797521878117	10510.86428325
3	387	20530.847237275997	11113.284109359
3	406	21319.856549872169	11836.093235878
3	442	22651.79583143265	11402.674651473
3	448	22963.2771758438	12756.25913818
3	457	23070.53242051796	11930.282288084
3	476	23996.178034644657	12705.834705123
3	499	25488.236167140389	14184.784095073
3	505	25780.419806677932	14414.961107951
3	522	26554.082581194202	15095.110594941
3	543	27851.423264600421	16108.806071507
3	573	28844.230935506607	16834.066529904
3	618	30760.162695011208	18678.239453934
3	622	30859.629522113213	18412.293686276
3	628	30988.463017836297	18186.917984956
3	637	31180.635414121756	18548.503968197
3	662	32506.860416259701	18992.723706668
3	676	33644.594419950704	20076.683842544
3	708	35328.912950892086	21690.010233314
3	717	35767.56423073643	21818.926176895
3	751	37568.792881647209	22975.347431875
3	770	39024.760376734743	24326.350052413
3	789	40047.097079118798	24995.654601595
3	819	41964.66150914141	25958.924047841
3	856	43944.578419447029	27449.784814167
3	867	44701.348587859506	28069.999739929
3	886	46155.223931416953	28771.593781308
3	915	48103.524162674407	30525.787602383
3	919	48103.579720666716	30367.21418137
3	940	48895.075636569495	30971.906040986
3	967	50202.924046598459	30957.983367935
3	973	50286.764657216231	31517.801656027
3	986	51792.131141608665	32114.980950317
3	1012	52917.468560541134	32914.313633027
3	1034	54236.569944162007	34201.568891251
3	1053	55702.197631605054	35637.187322877
3	1083	57181.357601311142	36788.93431555
3	1105	58193.320554111237	37065.761731198
3	1122	58795.168854257177	37927.910922668
3	1154	60200.506449591454	39048.726367983
3	1198	62457.907065421428	40096.418986522
3	1231	64470.940121652644	42091.541512536
3	1252	65219.950441455554	42575.81677258
3	1300	66719.639200715434	43569.181705914
3	1343	68596.062859229829	44307.492783459
3	1360	69804.556944815528	45137.596905752
3	1400	71407.216490328399	45743.323586542
3	1408	71733.308897752401	45183.216941807
3	1419	72031.612845797178	46204.486272617
3	1436	72484.13676829831	45858.617979165
3	1478	74458.006783722055	47462.982313668
3	1490	74972.148506881756	47797.532260625
3	1504	75508.161939678801	47552.425424034
3	1541	78190.772703604859	50126.189457556
3	1562	78859.322486685676	50741.727572577
3	1566	79275.392593162221	50966.338253761
3	1586	80801.057876067323	52449.034511412
3	1613	82278.652905223979	53731.126819743
3	1623	82443.166929295374	52494.154395883
3	1647	83586.154945761053	53228.421963092
3	1651	84008.665216712368	53409.816879129
3	1708	86587.012804605155	55964.903670197
3	1714	86873.662743352441	55910.888915314
3	1726	87224.49824482025	55758.003077094
3	1797	91443.837908327668	58263.656785647
3	1806	91779.364734420642	58602.956919524
3	1820	92657.812253365382	58974.480992704
3	1835	93454.851667916491	59757.999485811
3	1857	94995.455399153843	59712.45209551
3	1884	95970.127905149102	60674.717286991
3	1904	97149.571260072379	61009.118980913
3	1928	97864.722733039497	61171.217368568
3	1932	98386.41719884993	62036.367347047
3	1968	99750.864844394936	62942.842741156
3	1986	100888.834902400239	62967.06393968
3	1995	101363.913797054529	62477.461365366
3	2024	102978.700607640758	63842.742942865
3	2054	104568.820578156128	65243.13747098
3	2060	105087.675970679238	65162.540010824
3	2073	105824.788223689511	64963.253750715
3	2098	107451.503185814335	66300.961485229
3	2147	110101.144564736725	68824.782788904
3	2166	110917.93124208981	69451.870914704
3	2172	111502.857581896798	69566.030651769
3	2220	114402.881548086273	71306.41020092
3	2246	115915.451715102511	72172.977890735
3	2280	117453.296894224452	73677.356359962
3	2299	118391.457539320084	74522.834401629
3	2305	118645.693529376851	74140.396403225
3	2344	120585.294184310453	75569.07693056
3	2377	122155.841609833853	74784.598425819
3	2381	122450.987643197271	74170.539065619
3	2407	124276.151224242615	75962.968936004
3	2424	125164.691871766093	76383.165359357
3	2462	126879.034252267423	77641.818875073
3	2503	129562.119779817852	79899.389840829
3	2519	130508.093629198241	80480.706860057
3	2557	133207.871848343033	82985.835044277
3	2572	134134.719928734097	82250.587934445
3	2589	135171.228269867692	83248.046653846
3	2599	135825.196311229932	83856.630044264
3	2633	138037.999986017216	86033.863923964
3	2676	140999.535603521484	88714.772998275
3	2701	142023.986583620404	89650.277243921
3	2716	143113.855914993306	90462.328123105
3	2737	144181.632830573339	90480.490273776
3	2754	145716.839637782519	91663.410520551
3	2786	147566.619028335531	92311.160232473
3	2824	150104.000660682191	94206.087801153
3	2848	151443.911667985937	95514.451948156
3	2865	152636.031817372984	96632.835483316
3	2875	152934.256017811692	96398.377987306
3	2888	153494.44359995248	97147.28429916
3	2896	154060.571010651162	97352.115353718
3	2931	155759.158212745657	97802.864781241
3	2937	156120.838571710607	98351.914584304
3	2956	157606.826422445571	99556.092754229
3	3002	159610.038412733099	101402.85205298
3	3014	160421.931504987276	102335.63850341
3	3037	161192.828844448647	102872.11768532
3	3045	161621.886885993279	103152.01269794
3	3087	164167.728801190949	105360.64658263
3	3119	166192.020937426112	107233.31024686
3	3133	167444.707449440009	108266.20449656
3	3155	169423.976806540138	109528.96178243
3	3176	170169.435260927401	110265.15747484
3	3188	170914.173482598833	110752.06906079
3	3226	173259.525364039562	113044.64721266
3	3230	173371.190047010876	112871.71303706
3	3262	174985.257129723303	114318.39799146
3	3275	175879.581139477067	114102.52226018
3	3285	176487.977244023331	114381.2359145
3	3313	178549.859285445982	115268.1865046
3	3360	180646.167080512368	116851.50237593
3	3416	182708.172038465836	117990.45371023
3	3420	182783.488117966899	117888.38313847
3	3443	183876.190299064019	118866.99786539
3	3449	184022.637398371571	119056.15608843
3	3488	186298.559028821164	121082.54035058
3	3514	187032.186621258133	121528.48492505
3	3543	187994.765363333845	122015.97694341
3	3549	188230.279792377823	122416.64262255
3	3560	188388.283718235888	122456.65818066
3	3580	189224.593315886432	122974.70658075
3	3621	191538.774431197071	125169.76499381
3	3625	191809.298138095165	125361.74161458
3	3669	193866.004360903152	127089.33725913
3	3686	195342.245566601032	128379.38779428
3	3704	196284.677144492144	128588.92614024
3	3734	198215.242425592715	130395.76881698
3	3746	199151.239051882276	130838.65819347
3	3789	201449.149652950565	131848.13220487
3	3798	201619.901644567126	132216.6382671
3	3838	202938.275532189855	133084.20888915
3	3851	203275.776309834891	133061.54328859
3	3877	204231.717997759679	133227.08725489
3	3893	204972.339915286848	133085.13716287
3	3903	205109.868103366444	132851.54707794
3	3909	205384.734787277976	132938.44004822
3	3963	208290.138517197321	135758.65678182
3	3995	209415.721479792247	136557.50845597
3	4005	209834.597333947295	136052.92070519
3	4029	210826.339721538225	136964.75612054
3	4052	211651.73988792869	137441.28634337
3	4071	212427.498205209251	138191.31791908
3	4079	213500.940663104976	138710.35833213
3	4120	216993.860133251274	141697.74017224
3	4141	217956.085201229999	142497.05765942
3	4175	219698.205756375665	144128.38096995
3	4190	220097.103563200781	143759.7543694
3	4194	220722.639927657421	143631.52412664
3	4212	221647.751823959971	144313.57055747
3	4245	223476.746860340337	145420.22205436
3	4273	224836.954580376023	146768.32719274
3	4295	225765.368336213852	147076.34305772
3	4347	229119.720610611241	147891.68497963
3	4351	229368.491525592381	147964.31193756
3	4364	230536.54037413011	149270.8950971
3	4392	232066.454873018066	150019.25031249
3	4398	232294.05349705192	150418.52325737
3	4429	233444.211392177369	151086.9246497
3	4446	235237.805748878147	152821.38089785
3	4474	237006.54764675359	153907.00324226
3	4528	239130.251204593208	154614.41541959
3	4534	239233.268374845486	154113.44536489
3	4540	239325.467144211855	154576.39004841
3	4561	240043.170687172663	154880.75951988
3	4565	240089.296215640482	154812.05904969
3	4584	240987.554184811291	155437.7982466
3	4603	241797.825743191045	155943.20580697
3	4622	243166.6593614203	157266.23129233
3	4639	244346.104925477979	158166.55808228
3	4680	246690.505380330708	160283.57215775
3	4696	247543.33001622754	160433.7912169
3	4700	247570.363482076777	160721.25487263
3	4733	250053.656196126816	162843.03958355
3	4758	251033.502752350745	163513.69591308
3	4767	251199.540978714926	163691.08663124
3	4787	252223.26456317502	164536.98933533
3	4800	253147.798419127343	165075.69697674
3	4810	253727.694716815008	165464.47429528
3	4834	255404.643536171047	167037.78944686
3	4853	256654.311679842053	166613.81131228
3	4872	257407.275604231386	166874.41555289
3	4893	258492.943136746168	167721.50230581
3	4914	260038.25002132739	167714.78274398
3	4925	260319.955656834051	168486.97349687
3	4952	261768.441399995342	169187.06708308
3	4973	262473.104121208295	169251.00349738
3	4999	264188.829202445329	169180.91623893
3	5020	265899.846688097448	170687.56407825
3	5037	266186.190624849976	170682.3902787
3	5077	269075.623036220775	172870.20901395
3	5114	270673.39675788592	173351.06144481
3	5146	271534.501559928166	172357.74752571
3	5154	271744.926507750633	172783.92288113
3	5173	272279.784793311837	172978.95064631
3	5179	272680.422761242944	173036.33790552
3	5196	273543.879389304775	173396.28689133
3	5213	274661.432289423528	174184.39588438
3	5251	277146.926910074536	175764.11448365
4	651	32304.426281701857	19142.349075487
4	747	37095.401056146333	22919.731652442
4	829	42504.024811282838	26425.769817299
4	1172	60965.707332434218	38776.578920984
4	1176	61072.326767675664	38718.706777939
4	1281	66144.667637374338	43458.655356842
4	1304	66769.177195055497	43668.41376231
4	1325	67692.189343364995	43901.414874148
4	1331	67711.534958833915	43679.949881906
4	1457	73753.269596172583	46897.409697552
4	1681	85697.414893571375	55097.152258543
4	1756	89141.363515405073	56708.74182644
4	1776	90076.795297309845	57418.668083837
4	1865	95479.335479948758	60478.466822271
4	1955	99346.233296653344	61462.123324243
4	2108	108019.93664577426	66797.528770531
4	2189	112805.942717565315	70351.005052104
4	2204	113544.826793175282	70953.016518821
4	2336	120245.506320733668	75361.526654874
4	2348	120768.08011281127	75540.197305929
4	2448	126247.467932839038	77431.629179293
4	2479	127676.212739775049	78200.521833714
4	2523	130768.244595721456	80681.551516681
4	2648	139373.815752927307	87200.282407446
4	2697	141962.272985827271	89666.628933119
4	2767	146489.294451724832	91460.719666412
4	2820	150045.001291863714	94642.213806354
4	2980	158859.751111602506	100792.84757151
4	3060	162862.963161075583	104169.35709335
4	3096	164321.266218133367	105466.84105688
4	3391	182014.291856613108	117739.49409555
4	3412	182655.488232521439	118174.40893303
4	3586	189592.701963286945	123319.55566782
4	3652	193041.5103001223	126419.77614843
4	3897	204979.683407301181	133668.46382515
4	3940	207236.964905446495	134713.24498935
4	4001	209625.505232250417	136451.6163377
4	4062	212214.541163228552	137582.0085546
4	4098	215276.816023763369	140069.18165115
4	4237	223116.268452599744	145135.66100062
4	4291	225743.644431073318	147308.35769434
4	4337	228390.024973478267	148373.29158693
4	4417	232978.320783365617	150699.17243637
4	4665	245969.883696612072	159649.5065297
4	5043	266523.297300327675	170869.71161426
4	5060	268187.213700598211	172411.70888957
4	5158	271960.046538289743	172323.77502022
4	5247	276685.433527378474	175968.26791824

