version 2
run Iteration-84-20200521-09:56:14-72196
attr configname Iteration
attr datetime 20200521-09:56:14
attr experiment Iteration
attr inifile omnetpp.ini
attr iterationvars "$i=10, $j=4, $0=15-(10+4)"
attr iterationvarsf i=10,j=4,15-(10+4)-
attr measurement "$i=10, $j=4, $0=15-(10+4)"
attr network Network
attr processid 72196
attr repetition 0
attr replication #0
attr resultdir results
attr runnumber 84
attr seedset 84
itervar i 10
itervar j 4
param **.resourcePool.amount 10
param **.resourcePool1.amount 4
param **.resourcePool2.amount 15-(10+4)
param **.source.interArrivalTime exponential(6min)
param **.delay.delay uniform(4min,28min)
param **.delay1.delay uniform(10min,28min)
param **.delay2.delay uniform(4min,16min)
param **.allocate.resourceModuleName "\"Network.resourcePool\""
param **.allocate1.resourceModuleName "\"Network.resourcePool1\""
param **.allocate2.resourceModuleName "\"Network.resourcePool2\""
param **.deallocate.resourceModuleName "\"Network.resourcePool\""
param **.deallocate1.resourceModuleName "\"Network.resourcePool1\""
param **.deallocate2.resourceModuleName "\"Network.resourcePool2\""
param **.router.randomGateIndex "uniform(0, 1) > 0.2 ? 0 : 1"

vector 0 Network.allocate queueLength:vector ETV
attr interpolationmode sample-hold
attr title "queue length, vector"
vector 1 Network.allocate1 queueLength:vector ETV
attr interpolationmode sample-hold
attr title "queue length, vector"
vector 2 Network.allocate2 queueLength:vector ETV
attr interpolationmode sample-hold
attr title "queue length, vector"
vector 3 Network.sink lifeTime:vector ETV
attr interpolationmode none
attr title "lifetime of arrived jobs, vector"
attr unit s
vector 4 Network.sinkStat lifeTime:vector ETV
attr interpolationmode none
attr title "lifetime of arrived jobs, vector"
attr unit s
0	0	0	0
1	0	0	0
1	40	1691.970587192049	1
1	42	1780.50477142842	0
1	48	1811.609004381058	1
1	53	2175.014286994015	0
1	153	5122.44381026849	1
1	158	5488.389364090752	0
1	163	5522.62308000942	1
1	170	5612.094124239278	0
1	220	7111.847621887562	1
1	227	7158.630382624459	0
1	249	7620.605636364254	1
1	254	7723.347997510936	0
1	296	8430.430421476564	1
1	304	8521.549247162626	2
1	306	8562.906717393927	1
1	314	8581.043579375336	2
1	317	8671.327204598113	3
1	323	8816.797823905564	4
1	325	8917.683636033927	3
1	341	9080.11820655039	4
1	343	9109.438381170984	3
1	347	9201.814187025766	2
1	352	9330.437638677277	3
1	355	9337.730652103171	4
1	361	9387.696632260099	5
1	364	9413.761287364025	6
1	369	9759.724917054556	5
1	374	9812.455718538837	6
1	381	9865.447068844105	5
1	386	10047.531171104213	6
1	389	10099.573724255829	7
1	392	10159.939806705575	8
1	400	10403.168635390829	7
1	404	10549.611011045073	6
1	408	10553.552562339346	5
1	412	10738.922993788875	4
1	427	11345.122532672374	5
1	441	11727.683762025939	6
1	451	11879.074488937985	5
1	461	12007.231802837943	4
1	466	12101.732350349611	5
1	469	12122.458249418762	6
1	471	12191.211445691179	5
1	475	12310.065955488391	4
1	485	12575.346841492335	5
1	488	12691.005999180189	6
1	495	13027.527177197989	5
1	499	13101.857255399247	4
1	514	13304.052009169127	3
1	522	13592.173522230894	4
1	525	13592.521243976515	5
1	527	13609.982023571066	4
1	531	13650.616891024765	3
1	539	14170.01784666175	4
1	546	14241.03457252497	3
1	553	14684.818826099973	2
1	557	14717.997123130045	1
1	562	14798.503676371309	2
1	570	14811.327391837848	3
1	575	14869.952114246917	2
1	580	14995.00408573972	3
1	588	15379.082627017071	2
1	597	15668.224001644558	1
1	601	15806.117508556809	0
1	633	16371.770185413789	1
1	639	16384.734057297474	2
1	645	16553.910941146242	3
1	647	16634.201031979194	2
1	651	16679.401844778398	1
1	656	16700.055999119504	2
1	658	16819.494809225317	1
1	671	17099.807269529377	2
1	676	17162.527169656387	1
1	681	17304.367121333441	2
1	684	17365.906522078391	3
1	690	17643.212012922951	4
1	693	17720.183466840748	5
1	700	17851.999871460742	4
1	705	17866.852988147521	5
1	713	18102.211874086525	4
1	718	18136.227056293978	5
1	720	18164.657790732017	4
1	728	18249.482151725681	5
1	735	18303.432623111943	4
1	746	18553.196115335141	5
1	749	18601.742395026154	6
1	757	19218.432779411591	7
1	759	19272.831307213122	6
1	770	19429.85617786678	7
1	772	19488.89531900177	6
1	777	19541.893477876036	7
1	787	19748.776377007481	6
1	791	19805.326139253011	5
1	798	20324.582882402486	4
1	807	20615.954132281622	3
1	812	20640.022653461311	4
1	814	20732.228580267469	3
1	822	20794.665155372121	4
1	824	20807.137352159363	3
1	829	20841.771435642253	4
1	835	21056.868109862861	5
1	845	21399.982341127491	4
1	850	21695.81302925245	5
1	852	21763.634014894555	4
1	860	21943.228897437012	5
1	868	21975.436391225975	6
1	870	22051.076263344032	5
1	877	22159.32375079023	4
1	881	22271.9028125763	3
1	888	22368.706332483629	2
1	900	23037.721862547216	1
1	905	23058.975726577347	2
1	914	23225.923793253322	3
1	919	23355.012522192041	2
1	923	23419.535283498845	1
1	936	23602.414361943122	2
1	945	23809.544719316453	3
1	948	23825.533115754474	4
1	950	23827.54999424333	3
1	955	23988.307459214461	4
1	958	23989.458597053184	5
1	965	24214.145425042254	4
1	970	24329.43505626956	5
1	973	24387.90060009791	6
1	975	24443.848803263537	5
1	980	24487.741882311791	6
1	987	24893.558126000057	5
1	994	25286.749314237407	4
1	1006	25444.565566513804	3
1	1010	25620.617718441791	2
1	1021	25807.376130414591	3
1	1031	26075.721918843803	2
1	1038	26196.483920264359	1
1	1042	26329.654764439932	0
1	1055	26576.220650966233	1
1	1058	26576.277812017349	2
1	1066	26680.604094132898	1
1	1070	26715.691860733933	0
1	1075	26788.501852409289	1
1	1081	26907.002788660091	2
1	1095	27257.159992230002	3
1	1098	27265.619232372874	4
1	1103	27344.004250374924	3
1	1111	27369.650334865379	4
1	1114	27450.580374733177	5
1	1117	27504.398455255274	6
1	1124	27582.564148098347	5
1	1129	27646.016146100771	6
1	1131	27698.491768287516	5
1	1135	27803.434908209748	4
1	1140	27835.43503502391	5
1	1147	28286.210116773214	4
1	1151	28522.856442617632	3
1	1156	28640.75480206374	4
1	1167	28757.737702017187	5
1	1172	28868.884656751645	4
1	1184	29239.527705349049	3
1	1194	29555.765365577605	2
1	1201	29891.938767755784	1
1	1206	29920.438640514799	2
1	1208	30026.254490871099	1
1	1213	30026.339983400856	2
1	1220	30081.309264814502	1
1	1225	30221.222820193849	2
1	1228	30386.391422444839	3
1	1231	30407.386362546373	4
1	1236	30721.387739196536	3
1	1248	30764.349124032375	2
1	1256	31021.103450067013	3
1	1264	31181.967802244287	4
1	1267	31360.057087689171	5
1	1272	31426.628406383118	4
1	1276	31568.233315615363	3
1	1280	31574.872705560294	2
1	1299	31854.686069648896	3
1	1302	31897.690925629815	4
1	1304	31955.635758946952	3
1	1309	32023.243539743035	4
1	1322	32281.536898143969	3
1	1326	32442.768021743861	2
1	1336	32835.915725785994	3
1	1339	32847.690559655307	4
1	1342	32856.654393846178	5
1	1344	32995.284451014665	4
1	1349	32998.381670100053	5
1	1354	33059.393180795035	4
1	1358	33078.86607751847	3
1	1370	33923.204125311342	2
1	1374	34010.433762288955	1
1	1379	34127.782015040624	2
1	1386	34376.815077280647	1
1	1391	34407.660773885749	2
1	1398	34654.748483198998	1
1	1402	34686.75690366552	0
1	1519	38837.684968664996	1
1	1522	38951.151099184711	2
1	1524	39029.246565824713	1
1	1528	39072.813828826344	0
1	1538	39160.347654304801	1
1	1550	39807.802745555024	2
1	1558	39902.936213132333	1
1	1562	40019.353201943588	0
1	1575	40138.802814325215	1
1	1578	40187.471373466468	2
1	1580	40250.448421006949	1
1	1589	40490.161613101533	0
1	1594	40649.564913484955	1
1	1597	40694.662090670011	2
1	1617	41103.564844740554	3
1	1619	41229.239430949019	2
1	1624	41237.167458299781	3
1	1627	41238.581947176043	4
1	1634	41464.746046014469	3
1	1638	41485.072873566693	2
1	1645	41681.767660384205	1
1	1650	41720.031600395135	2
1	1653	41782.712179299494	3
1	1656	41926.44471264859	4
1	1667	42209.027703061837	5
1	1669	42553.755684704658	4
1	1681	42652.117675073838	3
1	1688	42730.825209831746	2
1	1693	42930.788568961527	3
1	1695	42944.010970307853	2
1	1703	43081.090975579887	3
1	1716	43310.07522632966	2
1	1726	43567.433889798761	3
1	1728	43881.814165767209	2
1	1732	44009.614889794168	1
1	1736	44072.58075632753	0
1	1741	44074.122773307566	1
1	1744	44102.78582858578	2
1	1750	44159.905580474057	3
1	1755	44324.387145623904	2
1	1771	44628.507921639579	3
1	1776	44790.012016319809	2
1	1781	44946.254640241462	3
1	1789	45194.361245839742	4
1	1791	45196.862247930767	3
1	1798	45459.5646539278	2
1	1803	45511.567395576784	3
1	1806	45531.555938881964	4
1	1808	45621.910670983067	3
1	1816	45936.080467064819	4
1	1826	46074.598488910051	3
1	1830	46371.256858701957	2
1	1834	46378.763530603018	1
1	1846	46658.977161959207	0
1	1872	47173.344012202436	1
1	1875	47185.220108317871	2
1	1877	47267.117727785511	1
1	1881	47281.751489685776	0
1	1886	47372.975470517434	1
1	1896	47769.0829650745	0
1	1951	49228.327722128013	1
1	1964	49677.558188897414	0
1	1987	49891.422129844732	1
1	1992	50004.411502909777	0
1	1997	50034.340307180905	1
1	1999	50272.431946893114	0
1	2044	51352.283324521147	1
1	2047	51438.634305025524	2
1	2050	51454.271020006893	3
1	2052	51549.055615626947	2
1	2063	51807.60448985428	3
1	2070	51936.201872735176	2
1	2077	52221.59783791291	1
1	2081	52265.303330171669	0
1	2114	52952.536211383628	1
1	2122	53233.393748148717	2
1	2125	53262.039855543282	3
1	2127	53351.089894506209	2
1	2136	53898.874939877356	1
1	2146	54141.991779453066	0
1	2156	54286.432382053233	1
1	2158	54369.660547864683	0
1	2203	55685.243469462469	1
1	2208	55752.535967744152	0
1	2329	60408.983342044568	1
1	2331	60438.469825396942	0
1	2336	60577.57732756174	1
1	2338	60584.399273095977	0
1	2351	60776.502780886799	1
1	2353	60874.490002690348	0
1	2358	60923.996125887294	1
1	2366	61158.493314658509	0
1	2379	61416.925047848674	1
1	2381	61556.58323151837	0
1	2424	62702.653057407725	1
1	2438	62853.370977638606	2
1	2441	62891.736184052445	3
1	2443	62923.147461902558	2
1	2447	62954.608718667504	1
1	2452	63095.507786985127	2
1	2454	63130.212659746768	1
1	2462	63514.651542276338	2
1	2475	64143.233870692906	1
1	2488	64225.28521006506	2
1	2493	64287.69914701043	1
1	2500	64364.90088616344	0
1	2517	64870.268357097017	1
1	2519	64965.217528591287	0
1	2529	65070.222191006274	1
1	2532	65362.138051324971	2
1	2538	65440.251592873574	3
1	2540	65449.665664606004	2
1	2550	65713.997158062603	3
1	2552	65757.633895971618	2
1	2564	65892.746046603051	1
1	2571	66159.036712130886	0
1	2579	66377.93804556702	1
1	2587	66718.295936405186	2
1	2590	66761.966920500006	3
1	2601	67065.937061760336	4
1	2603	67093.134029623329	3
1	2607	67118.81311119049	2
1	2611	67190.881839691055	1
1	2615	67309.813859971595	0
1	2623	67567.785000362811	1
1	2633	67838.331363419279	0
1	2751	71590.514564041631	1
1	2757	71692.270823190392	2
1	2759	71814.048275505889	1
1	2763	71896.644575778775	0
1	3043	81306.225919434955	1
1	3049	81549.850120136275	2
1	3051	81609.009352160131	1
1	3056	81630.818831615045	2
1	3063	81813.363041942092	1
1	3068	81924.757199075013	2
1	3076	82174.934917556816	3
1	3078	82271.31879240412	2
1	3085	82293.670948787806	1
1	3090	82372.38396899211	2
1	3093	82446.504190642404	3
1	3095	82480.56722824896	2
1	3104	82551.579566438767	1
1	3109	82574.199849155992	2
1	3111	83044.496597710279	1
1	3123	83528.192309177565	0
1	3170	84566.117422962472	1
1	3172	84661.778951934735	0
1	3290	87765.20758740317	1
1	3293	87831.797617707527	2
1	3301	88013.000468882491	3
1	3303	88115.189228593723	2
1	3315	88444.695525387036	1
1	3319	88495.662479271965	0
1	3324	88591.603206207188	1
1	3326	88622.228200832065	0
1	3339	88769.076104991311	1
1	3345	88884.338909234453	2
1	3355	89367.724908489587	1
1	3360	89450.502954128893	2
1	3362	89570.068795228111	1
1	3367	89600.198469983086	2
1	3369	89616.426651892604	1
1	3385	89791.714240677232	2
1	3388	89999.884150882182	3
1	3390	90055.711323558967	2
1	3403	90242.898959045515	3
1	3405	90472.889929566266	2
1	3410	90581.446686677347	3
1	3420	90738.608480395602	2
1	3424	90891.061612838562	1
1	3429	91005.555844875208	2
1	3432	91017.395252500092	3
1	3440	91095.980384437101	2
1	3444	91252.792633888664	1
1	3453	91614.543854307236	0
1	3690	97991.343175756718	1
1	3693	98117.695000392965	2
1	3696	98166.363468344346	3
1	3702	98423.623444113899	4
1	3713	98623.284569472414	5
1	3715	98660.292657942207	4
1	3720	98742.36789620132	5
1	3722	98796.096389630977	4
1	3737	99064.080918571142	3
1	3745	99126.013611230625	4
1	3748	99339.552501707304	5
1	3754	99407.909735687521	6
1	3760	99560.065061238561	7
1	3762	99573.599601809103	6
1	3766	99617.770979070575	5
1	3775	99674.916944906743	4
1	3780	99929.968307938893	5
1	3786	100062.498393789468	6
1	3791	100373.931747314216	5
1	3795	100418.587363457475	4
1	3805	100522.237790150311	5
1	3807	100537.839362723915	4
1	3811	100709.893809418664	3
1	3821	101191.46656732278	2
1	3833	101352.098211005957	1
1	3841	101637.968768785399	2
1	3844	101641.097927821084	3
1	3847	101717.693814534972	4
1	3850	101742.709816822484	5
1	3853	101793.118945536327	6
1	3855	101818.132526027201	5
1	3859	101954.402206299365	4
1	3873	102434.533992840145	3
1	3878	102715.042255303216	4
1	3880	102760.806979576753	3
1	3895	103382.98226522298	2
1	3900	103385.66532603123	3
1	3905	103633.067308591217	2
1	3914	103886.091173134912	1
1	3919	103928.593281548542	2
1	3921	104018.743373304768	1
1	3925	104325.622058680908	0
1	3930	104471.622936009325	1
1	3943	104768.30078194058	0
1	4035	107160.291433296515	1
1	4037	107260.572981029346	0
1	4042	107280.796039353892	1
1	4045	107405.538598900832	2
1	4048	107440.382220062566	3
1	4051	107477.201438460124	4
1	4053	107622.594423249373	3
1	4063	107707.379081529317	4
1	4065	107900.362643463766	3
1	4074	108460.458108421424	2
1	4078	108672.750732651721	1
1	4087	108864.161939793795	0
1	4176	111946.044269856638	1
1	4178	112002.592403030985	0
1	4186	112487.886540431921	1
1	4193	112616.297530846939	0
1	4244	113860.638030951686	1
1	4254	114024.060514287133	0
1	4277	114636.650353330522	1
1	4279	114748.926231346134	0
1	4292	114941.606856522086	1
1	4294	115044.327161005079	0
1	4309	115236.678265218076	1
1	4312	115289.672713713892	2
1	4314	115348.92534156486	1
1	4319	115387.014713663863	2
1	4329	115825.904540603397	1
1	4338	115996.287594476413	0
1	4423	118687.827476403997	1
1	4431	119021.240333130845	2
1	4433	119119.231588787649	1
1	4437	119289.61088328794	0
1	4506	121085.85687869363	1
1	4509	121097.056949381221	2
1	4511	121465.450394124085	1
1	4515	121492.589870376016	0
1	4603	123214.8053224075	1
1	4606	123280.884479107539	2
1	4612	123414.55746884042	3
1	4615	123511.471031325416	4
1	4620	123667.381535609884	3
1	4625	123683.937317181662	4
1	4639	123826.573517863818	5
1	4641	124119.532051555641	4
1	4646	124227.136100870402	5
1	4655	124358.72451851976	6
1	4662	124634.539265734428	5
1	4667	124644.9266573711	6
1	4670	124703.575537726194	7
1	4672	124705.056105905191	6
1	4677	124776.432735144888	7
1	4680	124861.052212376692	8
1	4690	125223.050641137807	7
1	4697	125340.043896901706	6
1	4702	125376.171512416393	7
1	4704	125377.529372203924	6
1	4714	125780.794760576818	7
1	4722	125964.895808684618	6
1	4726	126063.913060262628	5
1	4731	126194.030070391372	6
1	4741	126490.904958210586	5
1	4746	126568.106496099735	6
1	4748	126612.754356161976	5
1	4757	126839.543880162589	4
1	4762	127009.025763239846	5
1	4767	127350.170227901057	4
1	4772	127407.900216894076	5
1	4774	127633.115383507384	4
1	4783	127937.634735125402	3
1	4787	127969.942621911854	2
1	4791	128104.736478620969	1
1	4803	128628.660315349398	0
1	4811	128771.807938922232	1
1	4813	128832.839819208697	0
1	4818	128873.750752958727	1
1	4828	129167.80674300512	0
1	4924	131500.475725365215	1
1	4927	131634.908206846537	2
1	4930	131712.63880990983	3
1	4937	131761.554186114478	2
1	4944	131879.885661231138	1
1	4949	131883.408470591324	2
1	4951	132093.116467776877	1
1	4956	132101.074324789305	2
1	4959	132131.827823134677	3
1	4962	132148.367564747943	4
1	4970	132250.086151876933	5
1	4973	132262.156046870863	6
1	4979	132510.985752486162	7
1	4992	132643.947680473112	6
1	4996	132707.488139472139	5
1	5000	132854.387848706353	4
1	5004	132958.964075929567	3
1	5009	133003.64496889883	4
1	5011	133321.255637231999	3
1	5016	133488.549633174375	4
1	5023	133690.39988505039	3
1	5031	133740.44899556937	4
1	5038	133819.184199635953	3
1	5045	134285.517466706392	2
1	5049	134304.817965667132	1
1	5071	134776.024507960725	2
1	5074	134789.083124556793	3
1	5077	134800.326242181767	4
1	5079	134827.127370789432	3
1	5083	135034.092063813839	2
1	5087	135089.579107434571	1
1	5100	135382.089793324115	2
1	5103	135419.53010862913	3
1	5105	135580.06238565945	2
1	5112	135660.39708488172	1
1	5117	135723.182903325551	2
1	5119	135788.037118706003	1
1	5129	135856.081572610923	2
1	5137	136012.720869093571	1
1	5155	136346.579100075346	0
1	5160	136352.619688927858	1
1	5170	136689.724040359044	0
1	5175	136830.470052922382	1
1	5180	136964.970284401521	0
1	5188	137074.278700298982	1
1	5191	137127.835558705506	2
1	5194	137138.159164790382	3
1	5197	137321.680129587891	4
1	5205	137510.162762217035	5
1	5207	137547.444744988714	4
1	5212	137554.056035748168	5
1	5225	137837.755814767611	4
1	5229	137859.219972204202	3
1	5233	137982.63097613965	2
1	5238	138097.353583747945	3
1	5258	138518.631883090305	4
1	5269	138600.980366217509	5
1	5272	138855.521398131988	6
1	5280	139000.763119756326	5
1	5285	139013.525903298973	6
1	5292	139167.847218721543	5
1	5297	139189.442284005848	6
1	5299	139233.019600009331	5
1	5307	139301.735345633373	6
1	5310	139319.431576229407	7
1	5312	139341.537510124204	6
1	5321	139852.398097544694	5
1	5334	139972.330560172186	6
1	5336	140167.841630553265	5
1	5341	140197.012663628911	6
1	5348	140413.945318409411	5
1	5355	140542.120067385742	4
1	5359	140544.109108661383	3
1	5367	140613.025785109973	4
1	5375	140807.370144607205	5
1	5380	140980.382799183388	4
1	5384	141147.851144350303	3
1	5389	141176.672135119687	4
1	5392	141213.088831034454	5
1	5415	141611.961468065858	6
1	5423	141899.666749222665	7
1	5425	141905.627937809646	6
1	5429	141917.015578479876	5
1	5436	142185.968612648332	4
1	5441	142191.064560460075	5
1	5456	142597.946449653415	4
1	5464	142627.876777102883	5
1	5470	142885.531298629088	6
1	5472	142940.340819054653	5
1	5476	142963.233954461077	4
1	5481	143090.821373075664	5
1	5486	143199.474745779468	4
1	5491	143231.968919798295	5
1	5496	143370.450048166409	4
1	5501	143411.47484229283	5
1	5511	143809.284271953413	4
1	5516	143921.759121883109	5
1	5519	143956.673523436217	6
1	5529	144378.71410007905	5
1	5534	144452.554434849686	6
1	5537	144486.189435169914	7
1	5539	144573.162326566114	6
1	5544	144596.844513518955	7
1	5546	144604.734705238685	6
1	5551	144605.113343646507	7
1	5567	145224.095593673894	6
1	5583	145432.792493430282	7
1	5586	145492.781829321302	8
1	5588	145541.103991949081	7
1	5595	145543.836481667494	6
1	5599	145887.293326598763	5
1	5606	146046.946826075921	4
1	5616	146219.729470562543	5
1	5619	146320.205924863677	6
1	5622	146464.99991223335	7
1	5625	146723.162452657528	8
1	5636	146972.42331840933	9
1	5638	147011.710096776271	8
1	5642	147053.629151008462	7
1	5649	147141.330071901053	6
1	5653	147256.560196099043	5
1	5674	148115.923621705922	6
1	5682	148508.43015423361	5
1	5686	148654.543902270282	4
1	5691	148698.545682346805	5
1	5693	148738.833712888032	4
1	5697	148792.476543397814	3
1	5707	148925.075794294042	4
1	5710	149152.489352043911	5
1	5721	149463.994820884799	4
1	5726	149501.284165398941	5
1	5728	149637.740911756724	4
1	5738	149707.618448228747	5
1	5744	149804.584803588654	6
1	5752	149954.029628564775	5
1	5759	150029.42806502969	4
1	5764	150067.241019985503	5
1	5767	150095.084999718879	6
1	5770	150293.041277701597	7
1	5773	150421.847046629413	8
1	5780	150671.101558332702	7
1	5785	150784.64300291818	8
1	5788	150872.28418889653	9
1	5790	151010.76066072014	8
1	5799	151089.227482765153	7
1	5803	151427.934463370377	6
1	5818	152199.661872041494	5
1	5822	152315.997532786241	4
1	5826	152573.781643232116	3
1	5835	152672.156107756481	2
1	5846	153237.234932737611	3
1	5848	153356.704394769937	2
1	5858	153618.702921293678	3
1	5867	153751.762075152587	4
1	5869	153777.211396373049	3
1	5873	153788.63759384807	2
1	5880	153982.872137314722	1
1	5890	154109.780969765639	2
1	5892	154149.250006435224	1
1	5897	154337.097251108573	2
1	5904	154491.31282837613	1
1	5911	154749.001825637266	0
1	5931	155165.586226276369	1
1	5933	155278.67219542318	0
1	5938	155556.433022477171	1
1	5945	155622.822344544426	0
1	6035	158860.198127662529	1
1	6037	158898.76231059132	0
1	6081	159520.071167479286	1
1	6084	159527.053811363031	2
1	6087	159614.827156099476	3
1	6094	159778.004591932098	2
1	6099	159874.488649801238	3
1	6104	160208.974939702804	2
1	6108	160299.005904564468	1
1	6113	160310.033556377329	2
1	6116	160333.873613043085	3
1	6119	160341.8933800789	4
1	6121	160497.999145401231	3
1	6131	160699.751111428315	4
1	6134	161128.579683826417	5
1	6139	161219.521833724851	4
1	6143	161272.732193939222	3
1	6152	161496.521553800962	2
1	6156	161651.647246141712	1
1	6177	161922.355258276476	2
1	6179	162031.677874004303	1
1	6184	162228.397866486602	2
1	6186	162345.686470727945	1
1	6203	162817.667489129639	0
1	6288	164794.547408763007	1
1	6307	165262.433629721487	2
1	6309	165492.012719909289	1
1	6313	165535.17121026811	0
1	6482	170399.354289861634	1
1	6484	170547.086612789928	0
1	6489	170579.821681806438	1
1	6492	170586.906487352268	2
1	6498	170829.284362336731	3
1	6500	170910.808310530437	2
1	6505	170955.877272873267	3
1	6515	171227.620191412132	2
1	6533	171532.581633388353	1
1	6541	171664.713873098931	2
1	6543	171726.457398788109	1
1	6547	171740.057405234898	0
1	6555	171786.598131241495	1
1	6561	171973.049461787135	2
1	6564	172011.263748100477	3
1	6575	172331.741628356784	4
1	6583	172534.061240757235	5
1	6585	172592.159673307177	4
1	6589	172599.30915132448	3
1	6594	172611.732484915755	4
1	6596	172725.593366821585	3
1	6603	172853.242431237946	2
1	6614	173068.909690983243	3
1	6620	173124.994003689104	4
1	6622	173247.229298011436	3
1	6627	173289.7329243361	4
1	6634	173357.853013559533	3
1	6639	173363.088301796106	4
1	6641	173567.163533201527	3
1	6649	173639.341923665688	4
1	6651	173707.09336825798	3
1	6660	173863.697765062599	2
1	6665	174032.87559507753	3
1	6672	174307.771159947004	2
1	6680	174552.38009780621	3
1	6690	174829.490761610968	2
1	6705	175151.05722528234	1
1	6709	175231.651851400819	0
1	6714	175235.686171293924	1
1	6719	175275.053176331918	0
1	6732	175440.652654932653	1
1	6734	175654.111500357566	0
1	6742	175986.858979528355	1
1	6745	176042.330253627547	2
1	6755	176431.159091243607	1
1	6760	176476.639693235129	2
1	6768	176519.82269195594	3
1	6771	176524.90426501017	4
1	6773	176631.582326053678	3
1	6783	176795.628957824435	2
1	6791	176873.377524754333	3
1	6793	176928.362708150698	2
1	6804	177293.535039264211	3
1	6815	177434.508682691311	4
1	6823	177726.994064494684	5
1	6825	177989.587739991111	4
1	6829	178129.351069910105	3
1	6833	178227.257541532665	2
1	6843	178404.189002433149	1
1	6851	178440.615733845976	2
1	6859	178621.754534181106	3
1	6861	178635.103756185708	2
1	6866	178647.330701351466	3
1	6869	178746.66967496803	4
1	6881	179083.091725506788	5
1	6886	179406.480606739994	4
1	6891	179414.253882634021	5
1	6901	179623.433078654197	4
1	6905	179685.378096805243	3
1	6916	179781.801477142877	4
1	6918	179808.417896091044	3
1	6923	179844.687273512265	4
1	6926	179984.111499963174	5
1	6929	180274.811018364852	6
1	6936	180434.891100416929	5
1	6944	180637.457870425502	6
1	6950	180850.083090735173	7
1	6953	180877.25736107785	8
1	6955	180963.699524571773	7
1	6959	181070.284314689515	6
1	6967	181200.119962409044	7
1	6974	181277.191701173869	6
1	6978	181531.731518835798	5
1	6992	181845.722546082465	6
1	6995	181846.238610406061	7
1	7011	182448.372110907075	6
1	7018	182496.494499241587	5
1	7023	182506.097768796124	6
1	7025	182506.650037712455	5
1	7036	182651.813123319778	6
1	7038	182700.37400252494	5
1	7043	182873.922548001444	6
1	7046	182878.368877739484	7
1	7059	183249.607890999031	6
1	7064	183283.920160745	7
1	7075	183376.401341602849	8
1	7081	183455.250485164594	9
1	7093	183673.545447014713	10
1	7095	183680.192501613227	9
1	7099	183689.753713089079	8
1	7109	183694.278004569507	9
1	7112	183725.800235800115	10
1	7115	183782.8842595415	11
1	7118	183797.988873810883	12
1	7120	184018.11099458122	11
1	7130	184160.831953437653	10
1	7140	184303.351770481299	11
1	7143	184346.914312987201	12
1	7146	184487.780831523092	13
1	7149	184647.359912394072	14
1	7152	184647.662604426734	15
1	7157	184950.350970088792	14
1	7166	185019.298185895235	13
1	7171	185106.532237244359	14
1	7174	185174.570238635287	15
1	7181	185579.875069815752	14
1	7185	185674.164258075532	13
1	7203	186409.731486051381	12
1	7207	186410.858050289852	11
1	7211	186485.747737522822	10
1	7216	186632.347906624848	11
1	7227	186798.212628504605	12
1	7230	186844.695159176349	13
1	7233	187019.272153419072	14
1	7235	187138.523912097365	13
1	7239	187245.803205637348	12
1	7248	187606.523849388238	11
1	7252	187652.373151698438	10
1	7262	188033.177850894717	9
1	7269	188175.571169120297	8
1	7274	188236.354191730679	9
1	7282	188382.087790918045	10
1	7285	188534.00655907901	11
1	7296	188907.070409493608	10
1	7300	189055.331428678063	9
1	7304	189094.838909332678	8
1	7311	189145.964745815497	7
1	7324	189364.150513819	8
1	7326	189510.345294667495	7
1	7337	189659.860758987286	8
1	7343	189760.63163677906	9
1	7346	189836.296926323097	10
1	7359	190074.22436906333	9
1	7364	190093.194953131648	10
1	7370	190353.919152719624	11
1	7372	190363.559435328122	10
1	7377	190387.60109726233	11
1	7386	190493.966083343157	12
1	7388	190519.11865133144	11
1	7393	190565.464440529133	12
1	7395	190771.985571315599	11
1	7408	190902.098071129283	12
1	7410	190967.571113176297	11
1	7415	191069.544743932111	12
1	7417	191437.755151002706	11
1	7422	191492.854769328358	12
1	7427	191572.782175807369	11
1	7432	191607.163872170114	12
1	7434	191703.629356327755	11
1	7443	191741.88799004222	10
1	7448	191744.71465475038	11
1	7461	192295.437517904715	10
1	7465	192634.259789908392	9
1	7476	192942.463208933224	10
1	7478	192989.588904056351	9
1	7482	193021.763256213666	8
1	7486	193123.487275348333	7
1	7491	193129.919607000442	8
1	7505	193239.260652520203	9
1	7511	193280.545235817095	10
1	7513	193348.149276772601	9
1	7521	193589.066324168684	10
1	7528	193664.590276482553	9
1	7535	193797.745966811953	8
1	7540	193870.119136034928	9
1	7549	194173.905166251715	10
1	7563	194433.692789798888	11
1	7565	194465.517875814463	10
1	7575	194501.722652397013	11
1	7578	194612.483606484385	12
1	7584	194670.298807849847	13
1	7586	194682.481060142918	12
1	7590	194690.155494094864	11
1	7595	194752.917849553929	12
1	7597	194764.812201304448	11
1	7602	194926.391800201685	12
1	7609	195327.042571979613	11
1	7614	195365.412682795477	12
1	7616	195413.382311503692	11
1	7623	195505.477524126035	10
1	7633	195647.157323315392	9
1	7638	195761.551279390613	10
1	7648	196040.692489262028	9
1	7656	196335.709926856386	10
1	7659	196345.869642839346	11
1	7661	196359.554509256122	10
1	7669	196745.314468761375	11
1	7676	196958.703043137715	10
1	7681	196994.754605078547	11
1	7683	197210.375962677996	10
1	7688	197440.176711244438	11
1	7690	197462.348853588191	10
1	7694	197637.279684556006	9
1	7698	197680.573947181032	8
1	7711	197818.188253590438	9
1	7713	198119.179985184309	8
1	7720	198230.051715906362	7
1	7738	198560.084985413627	6
1	7753	198933.984712498349	5
1	7757	198939.780226650937	4
1	7761	198947.495576973657	3
1	7771	199144.077200983274	4
1	7774	199452.080459699415	5
1	7777	199569.230061823533	6
1	7788	199653.076954050109	7
1	7791	199742.160649318194	8
1	7794	199797.2593602017	9
1	7796	200026.28950567293	8
1	7800	200036.097077571825	7
1	7804	200048.855286661188	6
1	7812	200050.739368915785	7
1	7815	200152.379539659818	8
1	7828	200606.906348910269	7
1	7841	201128.220117365505	8
1	7843	201210.161319359495	7
1	7847	201222.817237332116	6
1	7852	201261.104069392999	7
1	7855	201274.257315876562	8
1	7865	201533.062418329568	7
1	7872	201598.226776659575	6
1	7881	201874.577253659545	5
1	7886	201885.191606433902	6
1	7889	201959.228210538907	7
1	7892	202056.159526345287	8
1	7897	202120.052527395661	7
1	7909	202362.462136133613	6
1	7914	202464.638024013702	7
1	7922	203034.036110492076	6
1	7926	203065.334578681095	5
1	7931	203167.185290666643	6
1	7938	203271.414335738954	5
1	7943	203340.660178531447	6
1	7948	203591.404807998838	5
1	7952	203899.81643774855	4
1	7962	203954.787225285745	5
1	7967	204359.937047411727	4
1	7974	204547.110580705193	3
1	7978	204576.520244536574	2
1	7993	204894.148873652621	1
1	7998	205031.584026474005	2
1	8010	205455.651024253147	3
1	8013	205519.194952379313	4
1	8015	205624.156583103391	3
1	8024	205755.888395767312	2
1	8028	205779.599481826735	1
1	8047	206098.507567540616	2
1	8050	206128.853761663565	3
1	8052	206258.183436489954	2
1	8065	206502.825468850161	3
1	8067	206556.970776694867	2
1	8082	206684.593290710909	1
1	8087	206718.306791733931	2
1	8090	206752.567081592757	3
1	8093	206761.793268969814	4
1	8095	206831.271963158275	3
1	8105	207003.14973918198	4
1	8111	207116.72216717077	5
1	8117	207162.633212133913	6
1	8120	207185.227871269391	7
1	8131	207422.665550599846	6
1	8135	207519.772980810727	5
1	8145	207639.739944209561	6
1	8150	207775.1686221392	5
1	8158	207893.856628486119	6
1	8163	208056.786383777944	5
1	8171	208280.780381649471	6
1	8176	208432.660502887371	5
1	8186	208553.59829368557	6
1	8189	208591.753328359005	7
1	8192	208607.384931742565	8
1	8195	208663.151731678895	9
1	8197	208665.609706343736	8
1	8201	208668.664191740855	7
1	8206	208806.404910068043	8
1	8208	208809.80670722769	7
1	8213	209148.766320152653	8
1	8215	209235.40425634295	7
1	8220	209255.369535956788	8
1	8223	209263.616159160127	9
1	8233	209521.341292487111	8
1	8248	209897.040648034814	7
1	8255	209981.782786532595	6
1	8259	210144.115571562288	5
1	8270	210547.616535335315	6
1	8278	210670.442928009848	7
1	8280	210713.39625818032	6
1	8285	210872.902594849641	7
1	8287	210875.145121517631	6
1	8294	211007.060505474074	5
1	8299	211039.746530673485	6
1	8301	211119.218711621713	5
1	8306	211122.039354324954	6
1	8313	211594.236313219222	5
1	8318	211693.028361185189	6
1	8320	211735.236455157053	5
1	8332	212103.343874489248	4
1	8345	212228.94389689163	5
1	8347	212467.323656953959	4
1	8356	212592.391187151003	3
1	8360	212683.797948417839	2
1	8364	212728.888560164079	1
1	8372	212831.744884567053	2
1	8382	213332.728522384193	1
1	8387	213407.174998868993	2
1	8389	213506.876703543676	1
1	8394	213717.277909213606	2
1	8396	213723.353221009776	1
1	8403	214023.392287029925	0
1	8413	214191.678568713907	1
1	8415	214330.451067892488	0
1	8458	215545.988386108661	1
1	8460	215795.185409916218	0
1	8540	218636.761778934042	1
1	8542	218637.077454484683	0
1	8689	222614.643170603118	1
1	8697	222861.584498450189	2
1	8699	222868.461038431648	1
1	8704	222878.235009690176	2
1	8720	223532.9436048337	1
1	8724	223556.951123198097	0
1	8768	224420.178930916837	1
1	8770	224539.317103691002	0
1	8775	224576.419734343051	1
1	8777	224634.653239429107	0
1	8794	224750.393992232809	1
1	8797	224898.448736467663	2
1	8802	224970.23211471182	1
1	8815	225496.643199884867	0
1	8820	225500.357449980909	1
1	8828	225677.300325109957	2
1	8830	225770.546419717415	1
1	8835	225788.45339158329	2
1	8837	225836.865462588256	1
1	8847	225875.206615703888	2
1	8849	226124.782163143177	1
1	8853	226137.624686007922	0
1	8858	226172.883650346671	1
1	8860	226417.159383291422	0
1	8870	226563.123638899771	1
1	8872	226842.895830209901	0
1	9015	230910.94144007813	1
1	9017	230997.127094661573	0
1	9126	235693.425772536304	1
1	9133	235942.108936138182	0
1	9329	242628.28031484313	1
1	9331	242633.412501651393	0
1	9341	242723.331973469358	1
1	9344	242896.115286430955	2
1	9346	242918.23973240314	1
1	9350	243004.146553420084	0
1	9391	244087.241299032333	1
1	9394	244169.36548270887	2
1	9401	244413.115972392093	1
1	9408	244536.820041372063	0
1	9413	244693.146758523752	1
1	9415	244710.950816878327	0
1	9425	244962.380914844415	1
1	9438	245421.035298742186	0
1	9664	253077.37149837358	1
1	9671	253176.247313317774	0
1	9676	253251.835524781917	1
1	9681	253569.820614165452	0
1	9781	256098.210123541982	1
1	9788	256383.961725356947	0
1	9793	256580.904438187414	1
1	9795	256590.246332178578	0
1	9898	260881.465734458441	1
1	9906	261070.200526511378	2
1	9908	261083.357049508775	1
1	9915	261335.195488464718	0
1	9966	262702.456481102032	1
1	9969	262728.517444562694	2
1	9977	262956.481160233428	1
1	9982	263000.913840447428	2
1	9987	263078.899415273356	1
1	9995	263164.88814502601	2
1	10003	263328.76569280673	3
1	10005	263382.180789463263	2
1	10013	263509.265602376234	3
1	10019	263774.253784447679	4
1	10022	263870.117316882615	5
1	10033	263994.872338783897	6
1	10038	264084.753787491386	5
1	10042	264113.422553461086	4
1	10046	264187.626262882861	3
1	10050	264246.155001884957	2
1	10065	264761.366780685302	1
1	10070	264770.766533996393	2
1	10073	264822.772167133486	3
1	10078	264858.265387846072	2
1	10082	265138.368486054872	1
1	10092	265446.091053153084	2
1	10102	265563.630663229289	1
1	10110	265806.458778157939	2
1	10116	266095.71063476642	3
1	10118	266159.480042951812	2
1	10123	266165.471326603538	3
1	10125	266381.290996601846	2
1	10134	266451.254160443236	1
1	10139	266584.131142861392	2
1	10142	266611.20187204676	3
1	10144	266654.213584408301	2
1	10159	266963.354578093325	1
1	10164	267179.288496210614	2
1	10167	267268.464717627391	3
1	10169	267300.043621422764	2
1	10173	267362.137190334636	1
1	10182	267861.186404323121	0
1	10266	269926.432399003197	1
1	10276	270412.435966370561	0
1	10287	270626.143811810699	1
1	10292	270753.363364405415	0
1	10312	270878.023107273737	1
1	10315	270997.052359459953	2
1	10317	271038.690619381529	1
1	10325	271162.687264211152	2
1	10328	271277.871170249126	3
1	10330	271592.537984823742	2
1	10342	271688.916599919505	1
1	10350	271901.528040243874	2
1	10360	272056.475800738123	1
1	10364	272290.357884261439	0
1	10369	272340.749831482677	1
1	10372	272346.280150815738	2
1	10385	272847.447675477199	1
1	10392	272872.823098482498	0
1	10409	273256.811706829339	1
1	10412	273279.165003309109	2
1	10417	273523.475851655391	1
1	10421	273574.151901615718	0
1	10426	273663.392113528474	1
1	10429	273665.744691354212	2
1	10436	274009.651029698036	1
1	10448	274431.78186596228	0
1	10463	275115.060497568312	1
1	10465	275121.964599093357	0
2	0	0	0
2	55	2175.014286994015	1
2	58	2228.177246887016	2
2	60	2229.628861429407	1
2	70	2575.079952463745	2
2	73	2660.743243431251	3
2	86	3165.871967556192	2
2	95	3270.411612675731	3
2	101	3533.867088559096	4
2	103	3553.744415002181	3
2	117	4247.922082947804	2
2	123	4299.190033665735	3
2	126	4330.942623175283	4
2	140	4757.522195087983	3
2	160	5488.389364090752	4
2	165	5601.943826148524	3
2	172	5612.094124239278	4
2	177	5941.600004410609	3
2	183	6140.179309416131	4
2	186	6211.837365564487	5
2	188	6351.762759438022	4
2	203	6773.432741830363	3
2	209	6809.575076541272	4
2	222	7129.43730070652	3
2	229	7158.630382624459	4
2	240	7607.779946433618	3
2	256	7723.347997510936	4
2	267	7928.909052586421	3
2	273	7969.060031074104	4
2	276	8005.173749018236	5
2	298	8440.504163963958	4
2	308	8562.906717393927	5
2	327	8917.683636033927	6
2	335	9005.609260699018	5
2	345	9109.438381170984	6
2	349	9201.814187025766	7
2	371	9759.724917054556	8
2	376	9826.896062338962	7
2	383	9865.447068844105	8
2	402	10403.168635390829	9
2	406	10549.611011045073	10
2	410	10553.552562339346	11
2	414	10738.922993788875	12
2	416	10748.581038484587	11
2	421	10997.747395256771	10
2	429	11441.590195423229	9
2	443	11845.260393465175	8
2	453	11879.074488937985	9
2	463	12007.231802837943	10
2	473	12191.211445691179	11
2	477	12310.065955488391	12
2	479	12401.927109597488	11
2	490	12829.155413447185	10
2	497	13027.527177197989	11
2	501	13101.857255399247	12
2	509	13291.644286787374	11
2	516	13304.052009169127	12
2	529	13609.982023571066	13
2	533	13650.616891024765	14
2	541	14214.159515084935	13
2	548	14241.03457252497	14
2	555	14684.818826099973	15
2	559	14717.997123130045	16
2	564	14809.093641167743	15
2	577	14869.952114246917	16
2	590	15379.082627017071	17
2	592	15485.157697344435	16
2	599	15668.224001644558	17
2	603	15806.117508556809	18
2	609	15943.112303283197	19
2	611	15958.272954574091	18
2	649	16634.201031979194	19
2	653	16679.401844778398	20
2	660	16819.494809225317	21
2	662	16852.291075153513	20
2	678	17162.527169656387	21
2	695	17756.568297365917	20
2	702	17851.999871460742	21
2	715	18102.211874086525	22
2	722	18164.657790732017	23
2	730	18256.253955135359	22
2	737	18303.432623111943	23
2	751	18774.515999103202	22
2	761	19272.831307213122	23
2	774	19488.89531900177	24
2	779	19643.491606818749	23
2	789	19748.776377007481	24
2	793	19805.326139253011	25
2	800	20324.582882402486	26
2	802	20471.487571256472	25
2	809	20615.954132281622	26
2	816	20732.228580267469	27
2	826	20807.137352159363	28
2	837	21126.090682013197	27
2	847	21399.982341127491	28
2	854	21763.634014894555	29
2	862	21974.701343862577	28
2	872	22051.076263344032	29
2	879	22159.32375079023	30
2	883	22271.9028125763	31
2	890	22368.706332483629	32
2	895	22545.981228402122	31
2	902	23037.721862547216	32
2	921	23355.012522192041	33
2	925	23419.535283498845	34
2	927	23465.950140295788	33
2	952	23827.54999424333	34
2	960	24034.716077162191	33
2	967	24214.145425042254	34
2	977	24443.848803263537	35
2	982	24793.908275453612	34
2	989	24893.558126000057	35
2	996	25286.749314237407	36
2	998	25341.336376605794	35
2	1008	25444.565566513804	36
2	1012	25620.617718441791	37
2	1026	25924.606994571403	36
2	1033	26075.721918843803	37
2	1040	26196.483920264359	38
2	1044	26329.654764439932	39
2	1049	26554.583469642565	38
2	1068	26680.604094132898	39
2	1072	26715.691860733933	40
2	1086	27144.901030542568	39
2	1105	27344.004250374924	40
2	1119	27530.786704415695	39
2	1126	27582.564148098347	40
2	1133	27698.491768287516	41
2	1137	27803.434908209748	42
2	1142	28273.957798866795	41
2	1149	28286.210116773214	42
2	1153	28522.856442617632	43
2	1158	28685.863879615681	42
2	1174	28868.884656751645	43
2	1179	29238.024953319	42
2	1186	29239.527705349049	43
2	1196	29555.765365577605	44
2	1203	29891.938767755784	45
2	1210	30026.254490871099	46
2	1215	30050.961741576212	45
2	1222	30081.309264814502	46
2	1238	30721.387739196536	47
2	1243	30759.163311360645	46
2	1250	30764.349124032375	47
2	1258	31176.269068358707	46
2	1274	31426.628406383118	47
2	1278	31568.233315615363	48
2	1282	31574.872705560294	49
2	1293	31847.255714437234	48
2	1306	31955.635758946952	49
2	1314	32192.475641103702	48
2	1324	32281.536898143969	49
2	1328	32442.768021743861	50
2	1330	32531.509382924306	49
2	1346	32995.284451014665	50
2	1356	33059.393180795035	51
2	1360	33078.86607751847	52
2	1362	33484.106953418123	51
2	1372	33923.204125311342	52
2	1376	34010.433762288955	53
2	1381	34147.976315127926	52
2	1388	34376.815077280647	53
2	1393	34444.788234060871	52
2	1400	34654.748483198998	53
2	1404	34686.75690366552	54
2	1406	34932.873186296093	53
2	1414	35328.956104697901	52
2	1420	35534.098987668869	53
2	1426	35722.011539918674	54
2	1432	35819.648344172186	55
2	1434	36147.02588328557	54
2	1440	36309.767147904642	55
2	1456	36906.131560219693	54
2	1472	37619.954091550035	55
2	1482	37840.535232214498	54
2	1494	38040.3788840157	55
2	1500	38193.173503483168	56
2	1505	38632.40433668183	55
2	1526	39029.246565824713	56
2	1530	39072.813828826344	57
2	1532	39160.148688232767	56
2	1560	39902.936213132333	57
2	1564	40019.353201943588	58
2	1566	40090.287827266621	57
2	1582	40250.448421006949	58
2	1584	40475.399478817599	57
2	1591	40490.161613101533	58
2	1602	40779.364812312888	57
2	1621	41229.239430949019	58
2	1629	41379.13621015312	57
2	1636	41464.746046014469	58
2	1640	41485.072873566693	59
2	1647	41681.767660384205	60
2	1661	42204.521315185594	59
2	1671	42553.755684704658	60
2	1673	42587.642225506025	59
2	1683	42652.117675073838	60
2	1690	42730.825209831746	61
2	1697	42944.010970307853	62
2	1705	43148.298146179187	61
2	1718	43310.07522632966	62
2	1720	43531.43521010341	61
2	1730	43881.814165767209	62
2	1734	44009.614889794168	63
2	1738	44072.58075632753	64
2	1757	44324.387145623904	65
2	1759	44337.31016614871	64
2	1778	44790.012016319809	65
2	1783	45092.333283586669	64
2	1793	45196.862247930767	65
2	1800	45459.5646539278	66
2	1810	45621.910670983067	67
2	1818	46031.21722414555	66
2	1828	46074.598488910051	67
2	1832	46371.256858701957	68
2	1836	46378.763530603018	69
2	1841	46557.431716932226	68
2	1848	46658.977161959207	69
2	1857	46984.530299011957	70
2	1863	47143.519235564638	69
2	1879	47267.117727785511	70
2	1883	47281.751489685776	71
2	1888	47557.145334812123	70
2	1898	47769.0829650745	71
2	1901	48009.614827283798	72
2	1903	48034.08301783191	71
2	1916	48213.781367475095	72
2	1929	48521.8579307724	73
2	1936	48560.937505585618	74
2	1938	48565.42037493946	73
2	1953	49325.502165401596	72
2	1966	49677.558188897414	73
2	1975	49753.142745491506	74
2	1981	49871.514650782812	73
2	1994	50004.411502909777	74
2	2001	50272.431946893114	75
2	2006	50398.359802490342	74
2	2012	50498.329805240823	75
2	2015	50512.942742323094	76
2	2025	50761.113339030114	77
2	2038	51320.054079866279	76
2	2054	51549.055615626947	77
2	2065	51848.416140130032	76
2	2072	51936.201872735176	77
2	2079	52221.59783791291	78
2	2083	52265.303330171669	79
2	2086	52372.662673490793	80
2	2099	52739.773112901378	81
2	2101	52759.761790776868	80
2	2116	53029.140272880216	79
2	2129	53351.089894506209	80
2	2131	53529.529488826414	79
2	2138	53898.874939877356	80
2	2148	54141.991779453066	81
2	2150	54184.578139646222	80
2	2160	54369.660547864683	81
2	2163	54478.176215385994	82
2	2165	54567.401561470946	81
2	2177	54824.930017481503	82
2	2184	54993.644286749701	83
2	2194	55263.679245351126	82
2	2210	55752.535967744152	83
2	2213	55788.295916183911	84
2	2218	55975.31077926444	83
2	2228	56565.704322935227	84
2	2235	56848.403574594834	85
2	2237	56874.793489830812	84
2	2243	56972.872497142489	85
2	2246	56983.209981402843	86
2	2252	57389.89198762389	85
2	2257	57715.796643210818	84
2	2266	58068.784009389353	85
2	2269	58102.351680638312	86
2	2271	58527.278593754639	85
2	2285	59025.24903401198	84
2	2297	59282.37917059498	83
2	2323	60021.727289906015	82
2	2333	60438.469825396942	83
2	2340	60584.399273095977	84
2	2345	60722.624584114422	83
2	2355	60874.490002690348	84
2	2368	61158.493314658509	85
2	2370	61163.911041612049	84
2	2383	61556.58323151837	85
2	2386	61679.701740144286	86
2	2392	61837.069569891947	87
2	2399	61853.467957929925	88
2	2411	62118.991642793884	87
2	2429	62838.269647503515	86
2	2445	62923.147461902558	87
2	2449	62954.608718667504	88
2	2456	63130.212659746768	89
2	2464	63654.275293251743	88
2	2477	64143.233870692906	89
2	2479	64167.93945446076	88
2	2495	64287.69914701043	89
2	2502	64364.90088616344	90
2	2505	64439.54564265384	91
2	2511	64724.183462498953	90
2	2521	64965.217528591287	91
2	2523	65024.490535309782	90
2	2542	65449.665664606004	91
2	2544	65581.151254860928	90
2	2554	65757.633895971618	91
2	2556	65847.11501549395	90
2	2566	65892.746046603051	91
2	2573	66159.036712130886	92
2	2581	66560.977067215612	91
2	2592	67014.80334622251	90
2	2605	67093.134029623329	91
2	2609	67118.81311119049	92
2	2613	67190.881839691055	93
2	2617	67309.813859971595	94
2	2625	67569.861472038796	93
2	2635	67838.331363419279	94
2	2637	68011.315894326439	93
2	2643	68138.797579313022	94
2	2650	68280.316866258897	95
2	2659	68581.589518931118	96
2	2661	68620.969322821369	95
2	2667	68784.245652169197	96
2	2677	69307.534644542506	95
2	2690	69455.609092371236	96
2	2701	70041.568684516719	95
2	2710	70160.190342342068	96
2	2713	70223.006916461877	97
2	2724	70572.364393343425	98
2	2726	70786.701858615747	97
2	2739	71176.80434375467	96
2	2761	71814.048275505889	97
2	2765	71896.644575778775	98
2	2767	71915.018698344252	97
2	2773	71975.680834226387	98
2	2776	72009.929348294684	99
2	2784	72676.308507969848	98
2	2790	72682.776773148913	99
2	2808	73020.801150851332	100
2	2814	73539.166916740974	101
2	2816	73585.49644031959	100
2	2830	74134.378689208446	101
2	2832	74247.093745688222	100
2	2841	74329.585380921228	101
2	2844	74719.758049506203	102
2	2853	74992.133589977644	101
2	2863	75114.489160601182	102
2	2875	75805.225989775978	101
2	2881	75851.451567060732	102
2	2888	75939.098795010621	103
2	2891	76197.286827578525	104
2	2893	76335.754356602453	103
2	2904	76937.700590597712	102
2	2918	77425.217276944658	103
2	2920	77485.387027705335	102
2	2939	78187.372639788562	101
2	2945	78221.68446175473	102
2	2952	78657.838906493776	103
2	2960	79063.913478380316	102
2	2966	79196.559307176056	103
2	2969	79349.10844011711	104
2	2972	79503.528319960536	105
2	2984	80011.802665809416	104
2	2999	80422.762567656361	103
2	3008	80513.909498743212	104
2	3013	80852.440572561943	103
2	3053	81609.009352160131	104
2	3058	81648.442644955837	103
2	3065	81813.363041942092	104
2	3070	82068.44342547866	103
2	3080	82271.31879240412	104
2	3087	82293.670948787806	105
2	3097	82480.56722824896	106
2	3099	82544.197640767567	105
2	3106	82551.579566438767	106
2	3113	83044.496597710279	107
2	3118	83344.357996950172	106
2	3125	83528.192309177565	107
2	3128	83591.779803172371	108
2	3131	83671.709478955229	109
2	3138	83815.382243941752	110
2	3153	84251.710017411284	109
2	3163	84501.818954906511	110
2	3174	84661.778951934735	111
2	3176	85135.720181813709	110
2	3182	85230.236612991099	111
2	3196	85525.031934803597	110
2	3202	85842.864566666351	111
2	3205	85850.984521310687	112
2	3215	86067.948103924478	113
2	3221	86215.609494535498	112
2	3236	86918.347377902142	111
2	3252	87168.925340812165	112
2	3255	87206.977102098608	113
2	3275	87550.842941215128	114
2	3280	87620.131475454442	113
2	3295	87875.461691538118	112
2	3305	88115.189228593723	113
2	3307	88171.756779806935	112
2	3317	88444.695525387036	113
2	3321	88495.662479271965	114
2	3328	88622.228200832065	115
2	3333	88739.390300600105	114
2	3347	88987.100921286517	113
2	3357	89367.724908489587	114
2	3364	89570.068795228111	115
2	3371	89616.426651892604	116
2	3379	89714.11928416627	115
2	3392	90055.711323558967	116
2	3394	90089.045867914581	115
2	3407	90472.889929566266	116
2	3415	90700.981716303402	115
2	3422	90738.608480395602	116
2	3426	90891.061612838562	117
2	3442	91095.980384437101	118
2	3446	91252.792633888664	119
2	3448	91595.708733661348	118
2	3455	91614.543854307236	119
2	3458	91664.650888038482	120
2	3464	91976.046096285539	121
2	3479	92444.858395135278	120
2	3489	92514.811942126023	121
2	3495	92813.506879596288	120
2	3501	92817.81176354418	121
2	3510	93016.456061221512	122
2	3513	93129.862790522968	123
2	3523	93177.287636989976	122
2	3533	93536.429618447908	123
2	3540	93860.739375509675	124
2	3546	94081.837529385711	123
2	3552	94189.40525968285	124
2	3555	94332.464127262209	125
2	3557	94585.545802800233	124
2	3563	94836.157995336252	125
2	3565	94909.890355034048	124
2	3574	94991.108783840348	125
2	3583	95472.966630714262	124
2	3612	96212.577407354737	123
2	3618	96294.917534693113	124
2	3631	96966.120960464375	125
2	3634	97063.165284939589	126
2	3636	97100.898511963213	125
2	3655	97362.264740726636	126
2	3658	97500.440696590842	127
2	3677	97894.077375134701	126
2	3707	98590.159693112845	125
2	3717	98660.292657942207	126
2	3724	98796.096389630977	127
2	3726	98838.778003169472	126
2	3739	99064.080918571142	127
2	3764	99573.599601809103	128
2	3768	99617.770979070575	129
2	3770	99629.615510938938	128
2	3777	99674.916944906743	129
2	3793	100373.931747314216	130
2	3797	100418.587363457475	131
2	3799	100493.821132960047	130
2	3809	100537.839362723915	131
2	3813	100709.893809418664	132
2	3823	101191.46656732278	133
2	3828	101334.618039665993	132
2	3835	101352.098211005957	133
2	3857	101818.132526027201	134
2	3861	101954.402206299365	135
2	3863	101972.585159553464	134
2	3868	102213.195904581125	133
2	3875	102434.533992840145	134
2	3882	102760.806979576753	135
2	3887	102945.677285002793	134
2	3897	103382.98226522298	135
2	3907	103633.067308591217	136
2	3909	103772.353047387923	135
2	3916	103886.091173134912	136
2	3923	104018.743373304768	137
2	3927	104325.622058680908	138
2	3935	104684.58626664641	137
2	3945	104768.30078194058	138
2	3948	104872.763117999001	139
2	3954	105162.758744426699	140
2	3960	105414.998032955621	141
2	3962	105514.143562386061	140
2	3985	106045.884937356696	141
2	3993	106240.283083053554	140
2	4005	106739.823657790447	139
2	4015	106809.56314328704	140
2	4025	106859.893384753878	141
2	4039	107260.572981029346	142
2	4055	107622.594423249373	143
2	4057	107655.310918273652	142
2	4067	107900.362643463766	143
2	4069	108300.863988431418	142
2	4076	108460.458108421424	143
2	4080	108672.750732651721	144
2	4082	108687.764270225787	143
2	4089	108864.161939793795	144
2	4092	109385.489326598352	145
2	4094	109482.551585747176	144
2	4110	109998.34247292466	145
2	4113	110035.047419110322	146
2	4118	110070.129228061312	145
2	4127	110370.289587271929	146
2	4136	110948.240658449256	145
2	4153	111258.225996715499	146
2	4155	111379.603235120201	145
2	4170	111758.16103266018	144
2	4180	112002.592403030985	145
2	4188	112511.93269976812	144
2	4195	112616.297530846939	145
2	4198	112660.399283157623	146
2	4201	112680.677004696001	147
2	4210	112925.0932506791	146
2	4225	113406.684025301629	147
2	4227	113513.128204936409	146
2	4249	113949.880896708244	145
2	4256	114024.060514287133	146
2	4259	114153.193602262334	147
2	4268	114468.69876043337	146
2	4281	114748.926231346134	147
2	4283	114848.821667837227	146
2	4296	115044.327161005079	147
2	4299	115066.453267371325	148
2	4316	115348.92534156486	149
2	4321	115460.013867406423	148
2	4331	115825.904540603397	149
2	4333	115859.014304014171	148
2	4340	115996.287594476413	149
2	4346	116144.376750064123	150
2	4348	116425.70214278462	149
2	4354	116437.569567077174	150
2	4361	116679.238276898278	151
2	4364	116751.478519711342	152
2	4369	117216.40060517403	151
2	4379	117329.326672386154	152
2	4394	117858.940608458842	151
2	4406	118290.644617932166	150
2	4416	118393.964274728499	151
2	4425	118912.907218965019	150
2	4435	119119.231588787649	151
2	4439	119289.61088328794	152
2	4441	119544.284571236248	151
2	4450	119671.785486800044	152
2	4459	119908.410840408731	153
2	4462	119917.595553622745	154
2	4474	120316.873849177982	153
2	4491	120733.979231243272	154
2	4500	120895.534588204946	153
2	4513	121465.450394124085	154
2	4517	121492.589870376016	155
2	4520	121576.299818557765	156
2	4523	121576.378805669769	157
2	4531	121840.28212869006	156
2	4545	122289.131208950903	155
2	4564	122713.48976324449	156
2	4571	122878.045294804791	157
2	4583	123005.45153591248	156
2	4596	123130.736641435454	157
2	4622	123667.381535609884	158
2	4630	123754.556124298151	157
2	4643	124119.532051555641	158
2	4657	124518.979103578504	157
2	4664	124634.539265734428	158
2	4674	124705.056105905191	159
2	4685	125221.950864507135	158
2	4692	125223.050641137807	159
2	4699	125340.043896901706	160
2	4706	125377.529372203924	161
2	4708	125580.522352563467	160
2	4724	125964.895808684618	161
2	4728	126063.913060262628	162
2	4736	126264.067747494456	161
2	4743	126490.904958210586	162
2	4750	126612.754356161976	163
2	4752	126835.825326418754	162
2	4759	126839.543880162589	163
2	4769	127350.170227901057	164
2	4776	127633.115383507384	165
2	4778	127738.609000271436	164
2	4785	127937.634735125402	165
2	4789	127969.942621911854	166
2	4793	128104.736478620969	167
2	4795	128119.676592419174	166
2	4805	128628.660315349398	167
2	4815	128832.839819208697	168
2	4820	128944.399462057528	167
2	4830	129167.80674300512	168
2	4833	129235.357481017063	169
2	4835	129393.535534492013	168
2	4851	129762.23312333876	169
2	4856	129985.906514482823	168
2	4862	130001.126729454545	169
2	4865	130191.684697229671	170
2	4867	130253.401434080926	169
2	4886	130547.881696106695	170
2	4902	131024.391952337948	169
2	4932	131724.384473240254	168
2	4939	131761.554186114478	169
2	4946	131879.885661231138	170
2	4953	132093.116467776877	171
2	4964	132165.999901997177	170
2	4984	132571.91280966091	169
2	4994	132643.947680473112	170
2	4998	132707.488139472139	171
2	5002	132854.387848706353	172
2	5006	132958.964075929567	173
2	5013	133321.255637231999	174
2	5018	133497.887996895491	173
2	5025	133690.39988505039	174
2	5033	133789.081487072884	173
2	5040	133819.184199635953	174
2	5047	134285.517466706392	175
2	5051	134304.817965667132	176
2	5059	134748.247278662651	175
2	5081	134827.127370789432	176
2	5085	135034.092063813839	177
2	5089	135089.579107434571	178
2	5091	135119.514186693608	177
2	5107	135580.06238565945	178
2	5114	135660.39708488172	179
2	5121	135788.037118706003	180
2	5123	135840.454276031136	179
2	5139	136012.720869093571	180
2	5150	136217.435782751321	179
2	5157	136346.579100075346	180
2	5162	136524.865213496863	179
2	5172	136689.724040359044	180
2	5182	136964.970284401521	181
2	5199	137329.606791896998	180
2	5209	137547.444744988714	181
2	5214	137643.993335044264	180
2	5227	137837.755814767611	181
2	5231	137859.219972204202	182
2	5235	137982.63097613965	183
2	5246	138238.485709181308	182
2	5263	138600.286048664033	181
2	5282	139000.763119756326	182
2	5287	139058.050474686801	181
2	5294	139167.847218721543	182
2	5301	139233.019600009331	183
2	5314	139341.537510124204	184
2	5316	139464.002600102007	183
2	5323	139852.398097544694	184
2	5328	139963.406206829726	183
2	5338	140167.841630553265	184
2	5343	140273.731223022818	183
2	5350	140413.945318409411	184
2	5357	140542.120067385742	185
2	5361	140544.109108661383	186
2	5369	140765.466958781957	185
2	5382	140980.382799183388	186
2	5386	141147.851144350303	187
2	5403	141363.48219653058	186
2	5417	141751.168476710349	185
2	5427	141905.627937809646	186
2	5431	141917.015578479876	187
2	5438	142185.968612648332	188
2	5443	142268.469102973371	187
2	5451	142550.053881773978	186
2	5458	142597.946449653415	187
2	5474	142940.340819054653	188
2	5478	142963.233954461077	189
2	5488	143199.474745779468	190
2	5498	143370.450048166409	191
2	5503	143428.27688266921	190
2	5513	143809.284271953413	191
2	5524	144209.817774700254	190
2	5531	144378.71410007905	191
2	5541	144573.162326566114	192
2	5548	144604.734705238685	193
2	5559	144744.090196522206	192
2	5569	145224.095593673894	193
2	5577	145419.575626286	192
2	5590	145541.103991949081	193
2	5597	145543.836481667494	194
2	5601	145887.293326598763	195
2	5608	146046.946826075921	196
2	5610	146182.65078849557	195
2	5630	146845.950470300644	194
2	5640	147011.710096776271	195
2	5644	147053.629151008462	196
2	5651	147141.330071901053	197
2	5655	147256.560196099043	198
2	5657	147578.310313461601	197
2	5668	148036.835697939872	196
2	5684	148508.43015423361	197
2	5688	148654.543902270282	198
2	5695	148738.833712888032	199
2	5699	148792.476543397814	200
2	5701	148797.236333819359	199
2	5723	149463.994820884799	200
2	5730	149637.740911756724	201
2	5732	149666.468386030077	200
2	5754	149954.029628564775	201
2	5761	150029.42806502969	202
2	5775	150556.884226812302	201
2	5782	150671.101558332702	202
2	5792	151010.76066072014	203
2	5794	151041.98879975292	202
2	5801	151089.227482765153	203
2	5805	151427.934463370377	204
2	5807	151810.190173009663	203
2	5820	152199.661872041494	204
2	5824	152315.997532786241	205
2	5828	152573.781643232116	206
2	5830	152585.7721293478	205
2	5837	152672.156107756481	206
2	5850	153356.704394769937	207
2	5852	153415.050267981617	206
2	5871	153777.211396373049	207
2	5875	153788.63759384807	208
2	5882	153982.872137314722	209
2	5884	154024.502083709715	208
2	5894	154149.250006435224	209
2	5899	154395.471852099775	208
2	5906	154491.31282837613	209
2	5913	154749.001825637266	210
2	5916	154897.897690425998	211
2	5922	154979.373014992355	210
2	5935	155278.67219542318	211
2	5940	155582.065690154462	210
2	5947	155622.822344544426	211
2	5950	155676.444963128478	212
2	5957	156215.63681045806	213
2	5959	156334.908615401267	212
2	5965	156340.338438303927	213
2	5971	156812.328818096034	214
2	5976	157045.721573489039	213
2	5985	157273.41376034458	214
2	5987	157401.309912367045	213
2	6019	158326.604090085506	212
2	6039	158898.76231059132	213
2	6042	158944.032781435992	214
2	6048	158973.832890944808	213
2	6054	159139.864644624626	214
2	6066	159269.152630450457	213
2	6089	159754.817254333079	212
2	6096	159778.004591932098	213
2	6106	160208.974939702804	214
2	6110	160299.005904564468	215
2	6123	160497.999145401231	216
2	6125	160611.742764799178	215
2	6141	161219.521833724851	216
2	6145	161272.732193939222	217
2	6147	161306.073768431575	216
2	6154	161496.521553800962	217
2	6158	161651.647246141712	218
2	6163	161661.726413941265	217
2	6171	161908.107960833491	216
2	6181	162031.677874004303	217
2	6188	162345.686470727945	218
2	6190	162351.434414474548	217
2	6198	162673.791165849448	216
2	6205	162817.667489129639	217
2	6211	162975.309756283442	218
2	6224	163212.797254672109	219
2	6227	163239.03785080793	220
2	6240	163563.03496913451	219
2	6246	163695.417158407044	220
2	6252	164067.623006686157	221
2	6258	164225.594337111593	220
2	6271	164435.296891063637	221
2	6274	164502.349932309698	222
2	6293	164942.154570235194	221
2	6301	165203.489081854255	220
2	6311	165492.012719909289	221
2	6315	165535.17121026811	222
2	6318	165694.491168882665	223
2	6321	165700.72078431662	224
2	6323	165755.926840672524	223
2	6339	166178.622215980918	222
2	6351	166453.121792818949	223
2	6354	166662.52159765061	224
2	6360	166804.591130981476	223
2	6366	166838.81206744034	224
2	6368	167247.140455128879	223
2	6378	167560.532900105943	224
2	6388	167815.919373990145	225
2	6394	167886.099169248969	224
2	6406	168225.327580220977	225
2	6408	168257.306696692736	224
2	6414	168263.958366458018	225
2	6417	168459.722179029142	226
2	6423	169050.707616763444	225
2	6444	169693.515881685795	224
2	6467	170149.004890166177	225
2	6472	170371.220180927099	224
2	6486	170547.086612789928	225
2	6502	170910.808310530437	226
2	6507	171045.338191030802	225
2	6517	171227.620191412132	226
2	6525	171392.195672350259	225
2	6535	171532.581633388353	226
2	6545	171726.457398788109	227
2	6549	171740.057405234898	228
2	6569	172170.768916694702	227
2	6577	172425.358197013171	226
2	6587	172592.159673307177	227
2	6591	172599.30915132448	228
2	6598	172725.593366821585	229
2	6605	172853.242431237946	230
2	6624	173247.229298011436	231
2	6629	173303.992389099927	230
2	6636	173357.853013559533	231
2	6643	173567.163533201527	232
2	6653	173707.09336825798	233
2	6655	173728.350526796908	232
2	6662	173863.697765062599	233
2	6667	174202.17389290619	232
2	6674	174307.771159947004	233
2	6682	174742.230400232853	232
2	6692	174829.490761610968	233
2	6700	175057.122104591014	232
2	6707	175151.05722528234	233
2	6711	175231.651851400819	234
2	6721	175275.053176331918	235
2	6723	175330.305324657144	234
2	6736	175654.111500357566	235
2	6747	176143.317513330163	234
2	6757	176431.159091243607	235
2	6762	176488.332681669177	234
2	6775	176631.582326053678	235
2	6785	176795.628957824435	236
2	6795	176928.362708150698	237
2	6809	177432.663172515364	236
2	6817	177693.573114084335	235
2	6827	177989.587739991111	236
2	6831	178129.351069910105	237
2	6835	178227.257541532665	238
2	6845	178404.189002433149	239
2	6853	178595.996588053437	238
2	6863	178635.103756185708	239
2	6888	179406.480606739994	240
2	6893	179454.593113897624	239
2	6903	179623.433078654197	240
2	6907	179685.378096805243	241
2	6920	179808.417896091044	242
2	6931	180310.102451363834	241
2	6938	180434.891100416929	242
2	6957	180963.699524571773	243
2	6961	181070.284314689515	244
2	6969	181226.41174956623	243
2	6976	181277.191701173869	244
2	6980	181531.731518835798	245
2	7003	182120.629305629316	244
2	7013	182448.372110907075	245
2	7020	182496.494499241587	246
2	7027	182506.650037712455	247
2	7040	182700.37400252494	248
2	7051	183016.568703087303	247
2	7061	183249.607890999031	248
2	7069	183320.628707329068	247
2	7097	183680.192501613227	248
2	7101	183689.753713089079	249
2	7103	183691.050689177844	248
2	7122	184018.11099458122	249
2	7132	184160.831953437653	250
2	7134	184206.939723989251	249
2	7159	184950.350970088792	250
2	7161	184991.682663796726	249
2	7168	185019.298185895235	250
2	7176	185534.716747509572	249
2	7183	185579.875069815752	250
2	7187	185674.164258075532	251
2	7198	186023.242950788024	250
2	7205	186409.731486051381	251
2	7209	186410.858050289852	252
2	7213	186485.747737522822	253
2	7218	186667.499042799953	252
2	7237	187138.523912097365	253
2	7241	187245.803205637348	254
2	7243	187544.693693978969	253
2	7250	187606.523849388238	254
2	7254	187652.373151698438	255
2	7264	188033.177850894717	256
2	7271	188175.571169120297	257
2	7276	188319.546705032025	256
2	7298	188907.070409493608	257
2	7302	189055.331428678063	258
2	7306	189094.838909332678	259
2	7313	189145.964745815497	260
2	7315	189212.068204781298	259
2	7328	189510.345294667495	260
2	7348	189886.072507998232	259
2	7361	190074.22436906333	260
2	7374	190363.559435328122	261
2	7390	190519.11865133144	262
2	7397	190771.985571315599	263
2	7402	190833.821642207239	262
2	7412	190967.571113176297	263
2	7419	191437.755151002706	264
2	7429	191572.782175807369	265
2	7436	191703.629356327755	266
2	7438	191728.061829911802	265
2	7445	191741.88799004222	266
2	7456	192288.272777641449	265
2	7463	192295.437517904715	266
2	7467	192634.259789908392	267
2	7480	192989.588904056351	268
2	7484	193021.763256213666	269
2	7488	193123.487275348333	270
2	7499	193227.109490031633	269
2	7515	193348.149276772601	270
2	7523	193622.648542275909	269
2	7530	193664.590276482553	270
2	7537	193797.745966811953	271
2	7551	194211.122347669933	270
2	7567	194465.517875814463	271
2	7569	194499.724818239246	270
2	7588	194682.481060142918	271
2	7592	194690.155494094864	272
2	7599	194764.812201304448	273
2	7604	195064.722835155461	272
2	7611	195327.042571979613	273
2	7618	195413.382311503692	274
2	7625	195505.477524126035	275
2	7635	195647.157323315392	276
2	7643	196019.671622360382	275
2	7650	196040.692489262028	276
2	7663	196359.554509256122	277
2	7671	196944.349353848282	276
2	7678	196958.703043137715	277
2	7685	197210.375962677996	278
2	7692	197462.348853588191	279
2	7696	197637.279684556006	280
2	7700	197680.573947181032	281
2	7705	197784.401964986954	280
2	7715	198119.179985184309	281
2	7722	198230.051715906362	282
2	7724	198465.727787198756	281
2	7740	198560.084985413627	282
2	7748	198792.844251742844	281
2	7755	198933.984712498349	282
2	7759	198939.780226650937	283
2	7763	198947.495576973657	284
2	7765	199093.714463724081	283
2	7779	199624.775857566182	282
2	7798	200026.28950567293	283
2	7802	200036.097077571825	284
2	7806	200048.855286661188	285
2	7817	200176.773248123263	284
2	7830	200606.906348910269	285
2	7832	200811.152370473628	284
2	7845	201210.161319359495	285
2	7849	201222.817237332116	286
2	7857	201311.804518005137	285
2	7867	201533.062418329568	286
2	7874	201598.226776659575	287
2	7876	201805.457596177493	286
2	7883	201874.577253659545	287
2	7899	202120.052527395661	288
2	7904	202250.545721514408	287
2	7911	202362.462136133613	288
2	7924	203034.036110492076	289
2	7928	203065.334578681095	290
2	7933	203173.289585834627	289
2	7940	203271.414335738954	290
2	7950	203591.404807998838	291
2	7954	203899.81643774855	292
2	7956	203908.726067407315	291
2	7969	204359.937047411727	292
2	7976	204547.110580705193	293
2	7980	204576.520244536574	294
2	7982	204698.658115057533	293
2	7995	204894.148873652621	294
2	8017	205624.156583103391	295
2	8019	205628.89380959261	294
2	8026	205755.888395767312	295
2	8030	205779.599481826735	296
2	8032	205940.662238294517	295
2	8054	206258.183436489954	296
2	8056	206292.58937008146	295
2	8069	206556.970776694867	296
2	8074	206597.063113780951	295
2	8084	206684.593290710909	296
2	8097	206831.271963158275	297
2	8099	206956.895881122237	296
2	8133	207422.665550599846	297
2	8137	207519.772980810727	298
2	8139	207578.922598300761	297
2	8152	207775.1686221392	298
2	8165	208056.786383777944	299
2	8178	208432.660502887371	300
2	8180	208492.372497407979	299
2	8199	208665.609706343736	300
2	8203	208668.664191740855	301
2	8210	208809.80670722769	302
2	8217	209235.40425634295	303
2	8228	209420.343324089682	302
2	8235	209521.341292487111	303
2	8240	209727.09024378497	302
2	8250	209897.040648034814	303
2	8257	209981.782786532595	304
2	8261	210144.115571562288	305
2	8272	210667.120278509593	304
2	8282	210713.39625818032	305
2	8289	210875.145121517631	306
2	8296	211007.060505474074	307
2	8303	211119.218711621713	308
2	8308	211379.203751566148	307
2	8315	211594.236313219222	308
2	8322	211735.236455157053	309
2	8324	211752.69947235871	308
2	8334	212103.343874489248	309
2	8339	212165.528079787529	308
2	8349	212467.323656953959	309
2	8351	212564.176222993321	308
2	8358	212592.391187151003	309
2	8362	212683.797948417839	310
2	8366	212728.888560164079	311
2	8377	213225.923787722624	310
2	8384	213332.728522384193	311
2	8391	213506.876703543676	312
2	8398	213723.353221009776	313
2	8405	214023.392287029925	314
2	8407	214134.419978535063	313
2	8417	214330.451067892488	314
2	8426	214696.125813802792	315
2	8438	215018.876433013267	314
2	8444	215067.418852982402	315
2	8447	215248.680883965495	316
2	8462	215795.185409916218	317
2	8465	215798.340870820577	318
2	8467	215950.384131646044	317
2	8473	216077.68822510319	318
2	8483	216449.926616821047	319
2	8488	216647.069498388357	318
2	8494	216825.944098151873	319
2	8502	217265.276672480888	318
2	8507	217559.902493501342	317
2	8521	217827.471328197136	318
2	8527	218210.374425532556	317
2	8544	218637.077454484683	318
2	8547	218675.508748142321	319
2	8550	218679.835768894152	320
2	8552	218779.106640326119	319
2	8563	219268.203785153366	318
2	8572	219411.130424998388	319
2	8574	219619.029714403934	318
2	8590	220220.673075455856	319
2	8606	220472.526307640857	318
2	8612	220676.30373844244	319
2	8623	221297.522536340819	320
2	8625	221332.778690358884	319
2	8633	221606.356768304742	318
2	8643	221681.059116722763	319
2	8648	221916.070995381362	318
2	8667	222095.909457453374	319
2	8670	222261.093618516014	320
2	8672	222418.696561431772	319
2	8691	222780.862101944423	318
2	8701	222868.461038431648	319
2	8712	223130.923352683223	318
2	8722	223532.9436048337	319
2	8726	223556.951123198097	320
2	8728	223645.955347785986	319
2	8734	223726.862335250277	320
2	8741	224006.549834031921	321
2	8746	224149.911181381232	320
2	8772	224539.317103691002	321
2	8779	224634.653239429107	322
2	8782	224641.539182032712	323
2	8788	224712.029818086213	322
2	8804	224970.23211471182	323
2	8817	225496.643199884867	324
2	8822	225594.920591892934	323
2	8832	225770.546419717415	324
2	8839	225836.865462588256	325
2	8841	225868.721811188644	324
2	8851	226124.782163143177	325
2	8855	226137.624686007922	326
2	8862	226417.159383291422	327
2	8864	226481.993651123977	326
2	8874	226842.895830209901	327
2	8880	226968.685538891813	328
2	8882	227132.014658557511	327
2	8891	227414.514392162002	326
2	8897	227478.930113945176	327
2	8902	227775.709906419999	326
2	8908	227973.343726770555	327
2	8913	228016.423088530338	326
2	8919	228063.981369225352	327
2	8930	228446.81390322212	326
2	8936	228531.805167204689	327
2	8961	229280.017981048937	328
2	8970	229351.067484947181	327
2	8979	229485.571015702488	328
2	8989	229885.60297971955	329
2	8991	230276.03780436728	328
2	8997	230467.37355674451	329
2	9000	230619.335503560407	330
2	9019	230997.127094661573	331
2	9021	231013.033132845795	330
2	9029	231287.958194533622	329
2	9038	231398.484537191576	330
2	9045	232075.050163772603	331
2	9047	232212.469603581613	330
2	9053	232257.774701175967	331
2	9056	232397.614300377266	332
2	9062	232963.784496648496	331
2	9068	233103.286941315874	332
2	9070	233207.424664492046	331
2	9085	233824.730145480985	332
2	9087	234027.507459553217	331
2	9106	234964.584188027566	330
2	9128	235744.931703409439	329
2	9135	235942.108936138182	330
2	9138	236081.753996701931	331
2	9141	236162.781978731282	332
2	9144	236171.973580622559	333
2	9146	236212.554018529391	332
2	9159	236890.699511146432	331
2	9168	237309.008089402422	332
2	9174	237476.37341524448	333
2	9176	237579.441542880869	332
2	9189	238110.541027443743	331
2	9195	238224.8042904357	332
2	9201	238418.822696567748	333
2	9207	238574.521567929372	334
2	9212	238771.389301637447	333
2	9228	239505.104157565421	332
2	9237	239772.851309752351	331
2	9253	240306.25501389988	332
2	9255	240379.771890467292	331
2	9271	240734.20203319529	332
2	9280	241057.688779129814	333
2	9289	241291.079502528793	332
2	9295	241375.64024882329	333
2	9301	241550.031473426408	332
2	9307	241557.08997744735	333
2	9316	242093.248681271708	332
2	9333	242633.412501651393	333
2	9335	242693.141268188393	332
2	9348	242918.23973240314	333
2	9352	243004.146553420084	334
2	9358	243105.73001181598	335
2	9364	243297.25951883409	334
2	9376	243469.4832728408	335
2	9385	244074.928495468831	334
2	9396	244379.785547958946	333
2	9403	244413.115972392093	334
2	9410	244536.820041372063	335
2	9417	244710.950816878327	336
2	9419	244796.411189375704	335
2	9430	245151.528281564152	334
2	9440	245421.035298742186	335
2	9443	245429.632020899982	336
2	9446	245743.28501203339	337
2	9449	245844.784192460799	338
2	9451	246109.554645283407	337
2	9470	246495.228538470602	336
2	9476	246508.084593191575	337
2	9485	246990.863804811871	336
2	9494	247506.978483914314	337
2	9497	247649.372700896851	338
2	9510	247855.203280965126	337
2	9516	248009.583901374893	338
2	9523	248510.685859122895	339
2	9525	248513.567603802568	338
2	9531	248566.461053004417	339
2	9540	249087.914107529706	338
2	9545	249333.381130783147	337
2	9551	249622.034813302274	338
2	9554	249888.11131775669	339
2	9559	250157.747551942504	338
2	9574	250692.266068620867	337
2	9590	251337.77402518586	338
2	9603	251539.32405321919	339
2	9605	251646.321680056191	338
2	9628	252318.917184504009	337
2	9634	252398.307300571934	338
2	9644	252733.860606995104	339
2	9657	252943.912955900203	340
2	9666	253095.237477882094	339
2	9673	253176.247313317774	340
2	9683	253569.820614165452	341
2	9686	253734.832011777885	342
2	9691	253867.470249509699	341
2	9701	253924.068608452685	342
2	9711	254275.863211887714	343
2	9714	254428.509208678199	344
2	9716	254561.857881782837	343
2	9728	255167.38293244902	342
2	9738	255362.229482223355	343
2	9749	255529.579314342029	342
2	9755	255538.770281660966	343
2	9764	255869.550105328001	342
2	9770	255921.8534380645	343
2	9783	256341.879221847542	342
2	9790	256383.961725356947	343
2	9797	256590.246332178578	344
2	9800	256624.813969497549	345
2	9802	257111.310680968948	344
2	9812	257343.689840695815	345
2	9815	257601.481837724294	346
2	9824	257877.720667554751	347
2	9826	257986.020142952241	346
2	9839	258798.123902236273	347
2	9841	258825.794044075795	346
2	9847	258869.136637262527	347
2	9862	259504.148080958315	346
2	9868	259874.185118149835	347
2	9877	260143.721039885917	346
2	9900	260982.763559272775	345
2	9910	261083.357049508775	346
2	9917	261335.195488464718	347
2	9926	261486.363705019896	348
2	9928	261624.975657644013	347
2	9944	262305.286027879945	348
2	9947	262323.829391787583	349
2	9957	262502.247838074604	348
2	9979	262956.481160233428	349
2	9989	263078.899415273356	350
2	9997	263180.140624190012	349
2	10007	263382.180789463263	350
2	10027	263946.311961518863	349
2	10040	264084.753787491386	350
2	10044	264113.422553461086	351
2	10048	264187.626262882861	352
2	10052	264246.155001884957	353
2	10054	264313.430469701329	352
2	10067	264761.366780685302	353
2	10080	264858.265387846072	354
2	10084	265138.368486054872	355
2	10086	265269.511401573459	354
2	10094	265542.743462486456	353
2	10104	265563.630663229289	354
2	10120	266159.480042951812	355
2	10127	266381.290996601846	356
2	10129	266431.722923176627	355
2	10136	266451.254160443236	356
2	10146	266654.213584408301	357
2	10151	266828.897946229468	356
2	10161	266963.354578093325	357
2	10171	267300.043621422764	358
2	10175	267362.137190334636	359
2	10177	267467.611135797839	358
2	10184	267861.186404323121	359
2	10196	268293.863743916785	360
2	10198	268384.552444251518	359
2	10207	268666.385072743784	358
2	10213	268716.272283826065	359
2	10226	268872.081994453361	360
2	10229	268962.937891993809	361
2	10231	269059.951572655033	360
2	10249	269623.790826829415	359
2	10255	269699.487930474606	360
2	10271	270335.717168705803	359
2	10278	270412.435966370561	360
2	10294	270753.363364405415	361
2	10297	270811.421685501498	362
2	10302	270862.094969967645	361
2	10319	271038.690619381529	362
2	10332	271592.537984823742	363
2	10334	271632.010642079901	362
2	10344	271688.916599919505	363
2	10355	272036.511898109954	362
2	10362	272056.475800738123	363
2	10366	272290.357884261439	364
2	10374	272456.78445010845	363
2	10387	272847.447675477199	364
2	10394	272872.823098482498	365
2	10397	272910.316179496849	366
2	10403	273174.95643553723	365
2	10419	273523.475851655391	366
2	10423	273574.151901615718	367
2	10431	273851.771315610301	366
2	10438	274009.651029698036	367
2	10443	274259.152622236204	366
2	10450	274431.78186596228	367
2	10453	274661.668837467593	368
2	10467	275121.964599093357	369
2	10469	275130.029732914907	368
2	10475	275237.621636075384	369
2	10481	275488.26547803214	370
2	10490	275714.495682524783	369
2	10500	276003.244381593295	370
2	10502	276034.216572283102	369
2	10511	276408.3289920389	370
2	10517	276717.774711307761	371
2	10523	276833.794953147216	370
3	63	2229.628861429407	1917.0415738877
3	106	3553.744415002181	2703.6464502257
3	206	6773.432741830363	3884.9819948773
3	301	8440.504163963958	5172.2592413348
3	379	9826.896062338962	6298.8195183306
3	493	12829.155413447185	5659.261469282
3	782	19643.491606818749	10876.551159837
3	840	21126.090682013197	12204.280749365
3	865	21974.701343862577	12614.939491503
3	1029	25924.606994571403	14224.102214407
3	1145	28273.957798866795	15136.285289796
3	1218	30050.961741576212	14784.461104547
3	1396	34444.788234060871	18170.84930556
3	1508	38632.40433668183	21623.584010332
3	1535	39160.148688232767	21166.454596356
3	1587	40475.399478817599	22048.379222633
3	1605	40779.364812312888	22270.499813134
3	1664	42204.521315185594	22211.232904313
3	1762	44337.31016614871	24658.306573216
3	1821	46031.21722414555	24106.799767881
3	1891	47557.145334812123	25444.439755974
3	1941	48565.42037493946	26164.614383599
3	1984	49871.514650782812	26141.500468594
3	2153	54184.578139646222	29010.170337466
3	2197	55263.679245351126	28890.805620053
3	2240	56874.793489830812	30752.517815636
3	2467	63654.275293251743	33105.147220424
3	2584	66560.977067215612	35665.573124377
3	2595	67014.80334622251	35266.688421283
3	2628	67569.861472038796	35757.948465216
3	2787	72676.308507969848	35961.992742754
3	2896	76335.754356602453	38006.598736584
3	3102	82544.197640767567	41593.315316798
3	3418	90700.981716303402	46038.026160702
3	3549	94081.837529385711	47292.435331528
3	3568	94909.890355034048	47925.620811654
3	3639	97100.898511963213	49357.346103421
3	3680	97894.077375134701	49560.459782243
3	3729	98838.778003169472	49367.748689506
3	3866	101972.585159553464	51638.721774312
3	3871	102213.195904581125	52234.806932534
3	3890	102945.677285002793	52261.260089895
3	4008	106739.823657790447	53882.73472341
3	4060	107655.310918273652	55255.106287847
3	4230	113513.128204936409	55774.841319039
3	4372	117216.40060517403	56232.310113264
3	4477	120316.873849177982	58240.775444504
3	4548	122289.131208950903	59564.018794844
3	4633	123754.556124298151	60905.529605596
3	4739	126264.067747494456	61944.032076656
3	4838	129393.535534492013	63538.883620846
3	4935	131724.384473240254	64197.304490738
3	5153	136217.435782751321	64752.064146113
3	5217	137643.993335044264	65087.141479402
3	5346	140273.731223022818	63934.794324774
3	5506	143428.27688266921	64668.420344622
3	5887	154024.502083709715	70138.306704142
3	5962	156334.908615401267	71026.273579082
3	6022	158326.604090085506	71955.570851595
3	6363	166804.591130981476	76141.070661476
3	6447	169693.515881685795	77997.175382034
3	6475	170371.220180927099	78239.183383928
3	6632	173303.992389099927	77805.543721994
3	7137	184206.939723989251	84816.764881067
3	7441	191728.061829911802	86961.347488033
3	7459	192288.272777641449	87680.183382242
3	7820	200176.773248123263	90081.15979795
3	7860	201311.804518005137	90622.947320982
3	7879	201805.457596177493	90134.34999795
3	7936	203173.289585834627	91463.132767031
3	7985	204698.658115057533	92413.324693222
3	8342	212165.528079787529	94364.046699797
3	8380	213225.923787722624	95747.524622924
3	8628	221332.778690358884	99703.116731017
3	8675	222418.696561431772	99928.658852097
3	8894	227414.514392162002	103660.37600271
3	8933	228446.81390322212	102214.33402239
3	8973	229351.067484947181	104100.94437605
3	9073	233207.424664492046	103542.55034014
3	9090	234027.507459553217	104082.93664846
3	9149	236212.554018529391	105053.46179542
3	9179	237579.441542880869	106329.55027264
3	9304	241550.031473426408	110656.56190207
3	9338	242693.141268188393	110382.81158172
3	9513	247855.203280965126	111765.17311472
3	10089	265269.511401573459	124038.71480379
3	10180	267467.611135797839	124857.7270446
3	10201	268384.552444251518	125589.79932794
3	10234	269059.951572655033	125796.6287284
3	10252	269623.790826829415	125590.13925385
3	10305	270862.094969967645	126111.06415378
3	10434	273851.771315610301	128308.02806486
3	10505	276034.216572283102	128004.91072759
4	89	3165.871967556192	3148.9035199128
4	120	4247.922082947804	3700.9627037387
4	143	4757.522195087983	3857.0464738241
4	168	5601.943826148524	4918.4717457267
4	180	5941.600004410609	4972.4855115221
4	191	6351.762759438022	4427.6561488801
4	225	7129.43730070652	2972.6387952298
4	243	7607.779946433618	3697.7763595748
4	270	7928.909052586421	4200.8870102323
4	338	9005.609260699018	4024.8445504349
4	419	10748.581038484587	5010.5070693419
4	424	10997.747395256771	4446.7024482588
4	432	11441.590195423229	4947.2906593387
4	446	11845.260393465175	6400.3094586058
4	482	12401.927109597488	4676.4875318429
4	512	13291.644286787374	5629.8933548183
4	544	14214.159515084935	7012.6145221041
4	567	14809.093641167743	7193.0828273001
4	595	15485.157697344435	7681.9110748659
4	614	15958.272954574091	8216.8741387688
4	665	16852.291075153513	9444.4243801546
4	698	17756.568297365917	9726.7073512773
4	733	18256.253955135359	10248.735706846
4	754	18774.515999103202	9846.2845788377
4	805	20471.487571256472	12088.684092871
4	898	22545.981228402122	12916.317965341
4	930	23465.950140295788	14892.150223099
4	963	24034.716077162191	13755.831232517
4	985	24793.908275453612	14521.300260016
4	1001	25341.336376605794	13485.339688165
4	1052	26554.583469642565	14626.471938228
4	1089	27144.901030542568	15443.411310277
4	1122	27530.786704415695	15549.213695571
4	1161	28685.863879615681	14933.377965472
4	1182	29238.024953319	15873.353352804
4	1246	30759.163311360645	16203.881336176
4	1261	31176.269068358707	17918.991849722
4	1296	31847.255714437234	17009.110662471
4	1317	32192.475641103702	16375.642771567
4	1333	32531.509382924306	16120.58967063
4	1365	33484.106953418123	18367.430682719
4	1384	34147.976315127926	18010.048937928
4	1409	34932.873186296093	18553.890210677
4	1417	35328.956104697901	19344.631257247
4	1437	36147.02588328557	19805.480827671
4	1459	36906.131560219693	18941.841535126
4	1485	37840.535232214498	20721.183085883
4	1569	40090.287827266621	21853.046381313
4	1632	41379.13621015312	23925.142845717
4	1676	42587.642225506025	23269.901479814
4	1708	43148.298146179187	21892.207581868
4	1723	43531.43521010341	24130.189680329
4	1786	45092.333283586669	24245.355552501
4	1844	46557.431716932226	25784.481915294
4	1866	47143.519235564638	24826.726625153
4	1906	48034.08301783191	24819.414175903
4	1956	49325.502165401596	25811.918326124
4	2009	50398.359802490342	26706.138890287
4	2041	51320.054079866279	28060.77093937
4	2068	51848.416140130032	28743.413723725
4	2104	52759.761790776868	27120.20286031
4	2119	53029.140272880216	27668.305815709
4	2134	53529.529488826414	27789.416334283
4	2168	54567.401561470946	27646.266505212
4	2221	55975.31077926444	29161.045862005
4	2255	57389.89198762389	31561.223559426
4	2260	57715.796643210818	31083.198445072
4	2274	58527.278593754639	31164.113655916
4	2288	59025.24903401198	31871.803106886
4	2300	59282.37917059498	32667.880763555
4	2326	60021.727289906015	31328.135194022
4	2348	60722.624584114422	33414.097558548
4	2373	61163.911041612049	31869.121540946
4	2414	62118.991642793884	33266.274766837
4	2432	62838.269647503515	33557.971835845
4	2482	64167.93945446076	34398.645684852
4	2514	64724.183462498953	35490.178802144
4	2526	65024.490535309782	34271.804602905
4	2547	65581.151254860928	33969.913991356
4	2559	65847.11501549395	34482.631159388
4	2640	68011.315894326439	35796.913607141
4	2664	68620.969322821369	34826.068558497
4	2680	69307.534644542506	37182.122890943
4	2704	70041.568684516719	37028.932222062
4	2729	70786.701858615747	35630.465429208
4	2742	71176.80434375467	35449.530069288
4	2770	71915.018698344252	36205.895225849
4	2819	73585.49644031959	36952.644805189
4	2835	74247.093745688222	36694.053863513
4	2856	74992.133589977644	37476.047018756
4	2878	75805.225989775978	37779.018210428
4	2907	76937.700590597712	37249.076164518
4	2923	77485.387027705335	39482.862804855
4	2942	78187.372639788562	38915.769874901
4	2963	79063.913478380316	40935.146347927
4	2987	80011.802665809416	39198.265674641
4	3002	80422.762567656361	40592.585822586
4	3016	80852.440572561943	40969.86740133
4	3061	81648.442644955837	42361.271711862
4	3073	82068.44342547866	41339.728965283
4	3121	83344.357996950172	43212.772198077
4	3156	84251.710017411284	43237.957094332
4	3179	85135.720181813709	43471.427584309
4	3199	85525.031934803597	43534.054478654
4	3224	86215.609494535498	43567.099826875
4	3239	86918.347377902142	43731.224797706
4	3283	87620.131475454442	44610.510518497
4	3298	87875.461691538118	44647.766212177
4	3310	88171.756779806935	45495.125187344
4	3336	88739.390300600105	44528.589689056
4	3350	88987.100921286517	44836.937299513
4	3382	89714.11928416627	45211.941850149
4	3397	90089.045867914581	45617.127181337
4	3451	91595.708733661348	46291.215517314
4	3482	92444.858395135278	46396.886286524
4	3498	92813.506879596288	46349.671337854
4	3526	93177.287636989976	47461.602040542
4	3560	94585.545802800233	47423.779927372
4	3586	95472.966630714262	47381.468965861
4	3615	96212.577407354737	47738.217040972
4	3710	98590.159693112845	49207.254224234
4	3773	99629.615510938938	50639.55531592
4	3802	100493.821132960047	50761.592017346
4	3831	101334.618039665993	51644.616708478
4	3912	103772.353047387923	52679.866675835
4	3938	104684.58626664641	52906.032192606
4	3965	105514.143562386061	53492.526002002
4	3996	106240.283083053554	54494.189858197
4	4072	108300.863988431418	54344.030590712
4	4085	108687.764270225787	55951.075271886
4	4097	109482.551585747176	54886.544375067
4	4121	110070.129228061312	56120.275233947
4	4139	110948.240658449256	56271.570909963
4	4158	111379.603235120201	55861.996032966
4	4173	111758.16103266018	55912.229605588
4	4191	112511.93269976812	56810.03490511
4	4213	112925.0932506791	54234.646533545
4	4252	113949.880896708244	55383.711984116
4	4271	114468.69876043337	55426.902927459
4	4286	114848.821667837227	55017.706220371
4	4324	115460.013867406423	55602.471777838
4	4336	115859.014304014171	56903.956462668
4	4351	116425.70214278462	56783.450610503
4	4397	117858.940608458842	57176.916457346
4	4409	118290.644617932166	56954.453121703
4	4428	118912.907218965019	57953.307244189
4	4444	119544.284571236248	57573.309818911
4	4503	120895.534588204946	59114.03255977
4	4534	121840.28212869006	59153.155467222
4	4586	123005.45153591248	59086.163811897
4	4660	124518.979103578504	61151.9322448
4	4688	125221.950864507135	60963.514095878
4	4711	125580.522352563467	61399.141268194
4	4755	126835.825326418754	62727.246245728
4	4781	127738.609000271436	62336.992543236
4	4798	128119.676592419174	62152.135892873
4	4823	128944.399462057528	62596.746896698
4	4859	129985.906514482823	62968.976516486
4	4870	130253.401434080926	62419.501784957
4	4905	131024.391952337948	62664.128480852
4	4967	132165.999901997177	63682.153432866
4	4987	132571.91280966091	62635.189642663
4	5021	133497.887996895491	63937.777725717
4	5036	133789.081487072884	64335.783662144
4	5062	134748.247278662651	64731.244846885
4	5094	135119.514186693608	63846.962302105
4	5126	135840.454276031136	65724.022499341
4	5165	136524.865213496863	64870.258482105
4	5202	137329.606791896998	64994.340069005
4	5249	138238.485709181308	65503.773564465
4	5266	138600.286048664033	64290.423280169
4	5290	139058.050474686801	64280.034218517
4	5319	139464.002600102007	66098.497457932
4	5331	139963.406206829726	64717.2060572
4	5372	140765.466958781957	64970.8669198
4	5406	141363.48219653058	63754.271784129
4	5420	141751.168476710349	64254.861580254
4	5446	142268.469102973371	65860.816433266
4	5454	142550.053881773978	63551.930245294
4	5527	144209.817774700254	64218.189709946
4	5562	144744.090196522206	64469.067887724
4	5580	145419.575626286	65428.922598061
4	5613	146182.65078849557	65976.662529837
4	5633	146845.950470300644	65846.812347875
4	5660	147578.310313461601	66992.682741734
4	5671	148036.835697939872	67000.116062947
4	5704	148797.236333819359	67365.553810313
4	5735	149666.468386030077	69159.436519912
4	5778	150556.884226812302	69406.099695461
4	5797	151041.98879975292	70019.644041155
4	5810	151810.190173009663	69530.697549609
4	5833	152585.7721293478	69368.908088421
4	5855	153415.050267981617	69454.598032699
4	5902	154395.471852099775	70192.041087825
4	5925	154979.373014992355	69575.30807972
4	5943	155582.065690154462	70139.874615689
4	5979	157045.721573489039	71047.823268174
4	5990	157401.309912367045	69968.233118738
4	6051	158973.832890944808	73494.797070407
4	6069	159269.152630450457	72336.565979704
4	6092	159754.817254333079	72484.93046617
4	6128	160611.742764799178	73730.906937437
4	6150	161306.073768431575	73693.991394115
4	6166	161661.726413941265	74166.76061699
4	6174	161908.107960833491	74742.555491669
4	6193	162351.434414474548	73127.473269303
4	6201	162673.791165849448	74238.500564194
4	6243	163563.03496913451	74699.810469309
4	6261	164225.594337111593	74592.174683341
4	6296	164942.154570235194	76274.271264114
4	6304	165203.489081854255	75574.515448811
4	6326	165755.926840672524	75541.958627574
4	6342	166178.622215980918	75106.014930678
4	6371	167247.140455128879	76186.467179776
4	6397	167886.099169248969	75821.441776235
4	6411	168257.306696692736	75361.881892007
4	6426	169050.707616763444	76947.017402712
4	6510	171045.338191030802	78149.099363937
4	6528	171392.195672350259	76474.402383792
4	6572	172170.768916694702	76766.760910052
4	6580	172425.358197013171	76655.404739687
4	6658	173728.350526796908	78131.206549083
4	6670	174202.17389290619	77827.883162779
4	6685	174742.230400232853	77393.778289391
4	6703	175057.122104591014	78948.97048578
4	6726	175330.305324657144	78527.993954212
4	6750	176143.317513330163	79039.185168755
4	6765	176488.332681669177	79297.065602343
4	6812	177432.663172515364	79144.156823352
4	6820	177693.573114084335	80085.962333216
4	6856	178595.996588053437	80801.281669035
4	6896	179454.593113897624	81551.856167575
4	6934	180310.102451363834	81753.04999477
4	6972	181226.41174956623	83388.456822282
4	7006	182120.629305629316	83150.855502216
4	7054	183016.568703087303	83906.109098849
4	7072	183320.628707329068	83877.003391651
4	7106	183691.050689177844	84789.091194244
4	7164	184991.682663796726	84148.341090198
4	7179	185534.716747509572	84721.185463381
4	7201	186023.242950788024	85775.615947802
4	7221	186667.499042799953	86623.838506119
4	7246	187544.693693978969	86279.286541999
4	7279	188319.546705032025	85460.357203603
4	7318	189212.068204781298	85597.784749838
4	7351	189886.072507998232	88262.282331966
4	7405	190833.821642207239	87785.657917041
4	7502	193227.109490031633	88302.520486423
4	7526	193622.648542275909	88230.722022562
4	7554	194211.122347669933	88673.717209632
4	7572	194499.724818239246	88389.090774475
4	7607	195064.722835155461	89431.903828093
4	7646	196019.671622360382	90211.687792609
4	7674	196944.349353848282	90090.577199765
4	7708	197784.401964986954	91738.247364356
4	7727	198465.727787198756	91358.649223863
4	7751	198792.844251742844	92468.556122513
4	7768	199093.714463724081	89461.064911929
4	7782	199624.775857566182	89959.075636477
4	7835	200811.152370473628	90744.520006849
4	7907	202250.545721514408	91195.512304248
4	7959	203908.726067407315	90650.183621213
4	8022	205628.89380959261	92348.290616233
4	8035	205940.662238294517	93037.448303776
4	8059	206292.58937008146	92494.635096059
4	8077	206597.063113780951	91735.330798698
4	8102	206956.895881122237	93556.004249657
4	8142	207578.922598300761	93016.415855327
4	8183	208492.372497407979	94241.920198564
4	8231	209420.343324089682	95556.321137762
4	8243	209727.09024378497	94557.04759831
4	8275	210667.120278509593	94953.935517554
4	8311	211379.203751566148	95251.701654513
4	8327	211752.69947235871	93688.037081205
4	8354	212564.176222993321	95049.89379888
4	8410	214134.419978535063	97049.581031895
4	8441	215018.876433013267	94443.956178293
4	8470	215950.384131646044	96239.283702292
4	8491	216647.069498388357	96817.928973795
4	8505	217265.276672480888	97685.662770289
4	8510	217559.902493501342	97516.714138774
4	8530	218210.374425532556	98157.469584926
4	8555	218779.106640326119	97931.038253629
4	8566	219268.203785153366	97047.805903186
4	8577	219619.029714403934	97955.911833626
4	8609	220472.526307640857	98153.882323136
4	8636	221606.356768304742	99475.313267733
4	8651	221916.070995381362	99536.0995905
4	8694	222780.862101944423	100686.98575249
4	8715	223130.923352683223	99559.921693196
4	8731	223645.955347785986	100263.91338052
4	8749	224149.911181381232	101155.62295794
4	8791	224712.029818086213	101659.93476408
4	8825	225594.920591892934	102664.24006723
4	8844	225868.721811188644	101623.99074057
4	8867	226481.993651123977	102169.76498487
4	8885	227132.014658557511	103362.86073438
4	8905	227775.709906419999	102619.96539185
4	8916	228016.423088530338	102054.90522396
4	8994	230276.03780436728	102123.29766553
4	9024	231013.033132845795	105135.83129936
4	9032	231287.958194533622	102648.16778136
4	9050	232212.469603581613	104939.22986784
4	9065	232963.784496648496	103870.36020364
4	9109	234964.584188027566	104607.26605095
4	9131	235744.931703409439	105375.30024708
4	9162	236890.699511146432	107176.10668232
4	9192	238110.541027443743	107609.49407511
4	9215	238771.389301637447	107741.29348855
4	9231	239505.104157565421	108745.19137092
4	9240	239772.851309752351	108521.3118736
4	9258	240379.771890467292	108557.89467784
4	9292	241291.079502528793	108714.01506511
4	9319	242093.248681271708	109581.94136138
4	9367	243297.25951883409	108834.08445141
4	9388	244074.928495468831	109892.82874352
4	9399	244379.785547958946	109618.3041512
4	9422	244796.411189375704	111060.95052907
4	9433	245151.528281564152	110420.36294175
4	9454	246109.554645283407	111342.03364506
4	9473	246495.228538470602	111357.43688584
4	9488	246990.863804811871	111388.10535527
4	9528	248513.567603802568	111531.39649392
4	9543	249087.914107529706	112878.1488927
4	9548	249333.381130783147	112783.27921712
4	9562	250157.747551942504	114242.42289444
4	9577	250692.266068620867	113842.00770999
4	9608	251646.321680056191	115751.30002947
4	9631	252318.917184504009	114654.93818825
4	9669	253095.237477882094	115380.32157459
4	9694	253867.470249509699	117819.27302954
4	9719	254561.857881782837	116131.26547723
4	9731	255167.38293244902	116733.3026801
4	9752	255529.579314342029	117355.66433417
4	9767	255869.550105328001	117335.69457443
4	9786	256341.879221847542	118231.33878738
4	9805	257111.310680968948	118198.68614976
4	9829	257986.020142952241	118745.22863832
4	9844	258825.794044075795	118351.38806632
4	9865	259504.148080958315	118954.68495034
4	9880	260143.721039885917	121257.74869878
4	9903	260982.763559272775	119623.34304545
4	9931	261624.975657644013	121744.58668665
4	9960	262502.247838074604	121275.25186447
4	10000	263180.140624190012	121786.97864684
4	10030	263946.311961518863	122995.66160226
4	10057	264313.430469701329	121910.94674116
4	10097	265542.743462486456	124010.92901873
4	10132	266431.722923176627	124390.88848582
4	10154	266828.897946229468	123242.33034194
4	10210	268666.385072743784	125502.73197368
4	10274	270335.717168705803	125665.63648064
4	10337	271632.010642079901	126955.74514015
4	10358	272036.511898109954	126137.67386291
4	10377	272456.78445010845	127189.11944362
4	10406	273174.95643553723	127804.47038605
4	10446	274259.152622236204	127420.75846143
4	10472	275130.029732914907	128020.75499632
4	10493	275714.495682524783	127926.26994186
4	10526	276833.794953147216	128329.36411097

