version 2
run Iteration-46-20200521-09:53:39-42264
attr configname Iteration
attr datetime 20200521-09:53:39
attr experiment Iteration
attr inifile omnetpp.ini
attr iterationvars "$i=5, $j=1, $0=15-(5+1)"
attr iterationvarsf i=5,j=1,15-(5+1)-
attr measurement "$i=5, $j=1, $0=15-(5+1)"
attr network Network
attr processid 42264
attr repetition 0
attr replication #0
attr resultdir results
attr runnumber 46
attr seedset 46
itervar i 5
itervar j 1
param **.resourcePool.amount 5
param **.resourcePool1.amount 1
param **.resourcePool2.amount 15-(5+1)
param **.source.interArrivalTime exponential(6min)
param **.delay.delay uniform(4min,28min)
param **.delay1.delay uniform(10min,28min)
param **.delay2.delay uniform(4min,16min)
param **.allocate.resourceModuleName "\"Network.resourcePool\""
param **.allocate1.resourceModuleName "\"Network.resourcePool1\""
param **.allocate2.resourceModuleName "\"Network.resourcePool2\""
param **.deallocate.resourceModuleName "\"Network.resourcePool\""
param **.deallocate1.resourceModuleName "\"Network.resourcePool1\""
param **.deallocate2.resourceModuleName "\"Network.resourcePool2\""
param **.router.randomGateIndex "uniform(0, 1) > 0.2 ? 0 : 1"

vector 0 Network.allocate queueLength:vector ETV
attr interpolationmode sample-hold
attr title "queue length, vector"
vector 1 Network.allocate1 queueLength:vector ETV
attr interpolationmode sample-hold
attr title "queue length, vector"
vector 2 Network.allocate2 queueLength:vector ETV
attr interpolationmode sample-hold
attr title "queue length, vector"
vector 3 Network.sinkStat lifeTime:vector ETV
attr interpolationmode none
attr title "lifetime of arrived jobs, vector"
attr unit s
vector 4 Network.sink lifeTime:vector ETV
attr interpolationmode none
attr title "lifetime of arrived jobs, vector"
attr unit s
0	0	0	0
0	275	12862.064776650294	1
0	277	13019.476609372835	0
0	281	13126.886366756811	1
0	283	13129.142080216185	2
0	285	13135.750769029648	3
0	287	13352.455511090646	2
0	300	13574.687601060312	1
0	304	13657.344049413564	0
0	308	13698.6227554102	1
0	310	13746.647595463347	2
0	312	13835.619940168824	3
0	318	13871.532020398039	4
0	320	13878.699692683448	5
0	322	13880.820827253758	6
0	324	14105.899441541597	5
0	328	14191.222490739662	6
0	335	14515.969724667134	5
0	339	14559.484400862321	4
0	343	14598.994515084963	3
0	347	14729.497408156584	2
0	351	14763.572789870839	1
0	355	14864.892983586952	0
0	477	20272.451825146516	1
0	479	20381.865046154738	0
0	483	20410.521388950345	1
0	490	20517.572862581166	2
0	492	20553.696463115514	1
0	496	20577.119713807619	0
0	500	20811.222594074044	1
0	502	20888.207552405111	0
0	506	20924.297068033986	1
0	512	21210.422099601172	0
0	516	21216.333282716166	1
0	518	21293.745113704384	0
0	534	21466.273869484601	1
0	541	21849.662089336829	2
0	543	21882.932759691737	1
0	551	22052.811939250801	2
0	553	22071.353515803815	1
0	557	22254.663292412422	0
0	561	22488.475815182689	1
0	568	22589.787550415538	0
0	572	22832.463676490083	1
0	574	22937.081295719257	2
0	576	22959.289060216428	1
0	580	22982.758372584756	0
0	584	23070.928011373792	1
0	590	23326.218007437886	0
0	672	25846.678285036278	1
0	674	25851.436954298419	2
0	681	25936.27020197356	1
0	685	25945.431330372039	2
0	687	26007.271283056683	1
0	691	26023.124080299118	0
0	695	26276.739485099223	1
0	697	26407.611341922262	0
0	734	27448.201695549555	1
0	736	27513.885844538517	0
0	750	27829.203785115619	1
0	752	27872.054477196395	2
0	754	27888.451528437722	1
0	758	27915.660374907704	0
0	779	28924.717448570368	1
0	781	28925.690079197064	2
0	783	28954.33207530557	1
0	787	29077.966476647931	2
0	789	29163.270779254444	1
0	793	29247.073108887227	0
0	797	29251.496325280048	1
0	799	29296.611129939843	0
0	803	29388.746910569518	1
0	809	29491.976214459093	0
0	864	31124.825761564222	1
0	875	31682.695806117283	0
0	879	31744.523348198662	1
0	881	32072.84511623735	2
0	883	32096.987537845496	3
0	885	32108.736165629255	2
0	889	32215.572515019628	1
0	893	32234.255127030527	0
0	903	32389.381180304456	1
0	910	32555.134282300518	0
0	918	33125.840400044898	1
0	920	33155.8124750408	2
0	922	33167.433132770574	1
0	931	33354.454835170361	0
0	1005	36477.654891786836	1
0	1012	36775.887796706527	0
0	1016	36837.068493505857	1
0	1018	36844.845948883326	2
0	1020	36947.643948851122	3
0	1022	37026.577498458453	2
0	1026	37112.806049934595	1
0	1030	37145.344076368947	2
0	1036	37351.914948819944	1
0	1045	37387.217861678471	0
0	1841	70069.359994618234	1
0	1843	70113.58830259618	2
0	1845	70236.775548228431	3
0	1847	70336.411424590775	2
0	1851	70586.172099487502	1
0	1860	70706.396656058885	0
0	1944	73372.092881456061	1
0	1951	73641.193745951581	0
0	1988	75043.784396163183	1
0	1990	75210.212332564819	0
0	2241	84238.864775064086	1
0	2243	84249.795983677454	0
0	2275	85188.62683247087	1
0	2277	85259.877943771688	0
0	2312	85946.943583646148	1
0	2314	85951.144530439757	0
0	2403	89285.414852105964	1
0	2405	89393.199565183521	0
0	2409	89547.866103712127	1
0	2411	89563.130338431771	0
0	2415	89584.981916728101	1
0	2417	89585.455284795062	0
0	2684	101859.727275051722	1
0	2686	101912.585254103321	0
0	2891	110116.203058550528	1
0	2893	110262.183335157958	0
0	2901	110318.127238598387	1
0	2903	110472.059570515531	0
0	2907	110530.114315980503	1
0	2909	110568.544837912109	0
0	2913	110827.396267750482	1
0	2915	110865.238358119505	0
0	3722	148349.935481565112	1
0	3724	148520.567822534616	2
0	3726	148543.268982736096	3
0	3732	148683.028200835684	2
0	3736	148926.729997552334	3
0	3738	148942.587753323773	2
0	3742	148989.726247123338	1
0	3751	149128.467943630624	2
0	3753	149331.323165117057	1
0	3757	149438.924488318078	0
0	3765	149772.33197456958	1
0	3767	149799.111101484753	0
0	3864	153381.869978421979	1
0	3871	153548.089434828121	0
0	3875	153621.521751083847	1
0	3877	153798.391474330138	2
0	3879	153817.1872853978	1
0	3883	154016.455037591668	2
0	3889	154257.41792367086	1
0	3893	154294.854966210967	0
0	4301	172916.600923076265	1
0	4303	173144.382823214153	0
0	4835	195020.582120549288	1
0	4837	195070.364748611391	2
0	4839	195078.866756509397	1
0	4847	195276.803805123421	0
0	4851	195290.294526073298	1
0	4853	195715.464644234035	0
0	4982	200255.940898362277	1
0	4984	200586.572072184626	2
0	4986	200641.950887570245	1
0	4990	200680.822741716138	2
0	4992	200744.729457323793	1
0	4996	200771.653464097488	0
0	5010	201262.953846537119	1
0	5012	201272.233244928751	2
0	5019	201338.50794567954	1
0	5023	201556.276220095698	0
0	5031	201779.259482353011	1
0	5033	201869.590537306594	2
0	5035	201931.79218319707	3
0	5037	201969.181984557007	4
0	5039	202042.954115474684	3
0	5043	202092.607575452326	4
0	5045	202195.563177154169	5
0	5047	202299.241276376361	4
0	5051	202313.43661863955	5
0	5053	202345.839592299416	6
0	5055	202375.95433301847	5
0	5059	202441.413652393049	6
0	5061	202449.720088148577	5
0	5065	202496.570866345879	6
0	5067	202632.76563203685	5
0	5076	202964.995681602466	4
0	5080	203089.891818625275	3
0	5084	203126.107916824931	2
0	5092	203307.895617332268	1
0	5096	203320.757961215539	0
0	5820	240846.359557327354	1
0	5822	241126.318000780477	0
0	5826	241194.613723569666	1
0	5833	241448.597631841822	0
0	5990	246728.817623452255	1
0	5992	246845.579384447814	2
0	5994	246913.017385536622	1
0	5998	247000.904458571408	0
0	6267	258791.412081705972	1
0	6269	259298.006812626524	0
1	0	0	0
1	16	1705.572906822254	1
1	21	2078.812087961566	0
1	36	2405.462861169111	1
1	39	2472.572816963385	2
1	42	2643.6623805841	3
1	49	2929.733631539269	4
1	61	3636.468473738164	5
1	64	3665.595378340444	6
1	66	3691.028435054329	5
1	78	4180.919834696445	6
1	81	4229.78714085364	7
1	87	4604.326913236734	6
1	93	4652.4806198435	7
1	102	5316.727265148517	6
1	111	5412.272038270377	7
1	117	5688.095871451561	8
1	123	6002.289707286754	9
1	132	6090.355494572874	8
1	141	6256.704515809855	9
1	144	6327.671712185808	10
1	147	6573.90840709486	11
1	153	6973.763908316474	10
1	163	7820.931474512601	11
1	181	8388.930446293428	12
1	186	8494.098728532996	11
1	192	8838.898116919216	12
1	195	8874.04192324113	13
1	202	9127.274274665448	14
1	205	9256.568904808832	15
1	208	9507.575789886312	16
1	213	9759.026512495335	15
1	222	10028.476005247457	16
1	231	10805.571629890334	15
1	241	11170.205568744661	16
1	243	11430.653022463527	15
1	256	12193.983951614639	16
1	270	12829.379258929845	15
1	279	13019.476609372835	16
1	289	13352.455511090646	17
1	295	13544.460654939618	16
1	302	13574.687601060312	17
1	306	13657.344049413564	18
1	326	14105.899441541597	19
1	330	14219.868128142413	18
1	337	14515.969724667134	19
1	341	14559.484400862321	20
1	345	14598.994515084963	21
1	349	14729.497408156584	22
1	353	14763.572789870839	23
1	357	14864.892983586952	24
1	360	14968.527996403041	25
1	363	15008.653318283449	26
1	370	15468.156826273963	27
1	372	15574.079476055783	26
1	378	15743.712947846096	27
1	385	16092.924247936647	28
1	390	16438.532298087236	27
1	409	17287.8650987247	28
1	412	17375.827658922076	29
1	418	17476.428423032929	30
1	424	17674.885738912323	31
1	429	18060.886353721005	30
1	435	18154.544464638988	31
1	438	18392.769882741387	32
1	451	19168.220982411194	33
1	457	19326.617128319943	34
1	462	19717.393928590325	33
1	481	20381.865046154738	34
1	485	20415.620582989511	33
1	494	20553.696463115514	34
1	498	20577.119713807619	35
1	504	20888.207552405111	36
1	514	21210.422099601172	37
1	520	21293.745113704384	38
1	523	21295.567642720557	39
1	529	21325.797211909703	40
1	536	21689.855488819164	39
1	545	21882.932759691737	40
1	555	22071.353515803815	41
1	559	22254.663292412422	42
1	563	22505.900959252474	41
1	570	22589.787550415538	42
1	578	22959.289060216428	43
1	582	22982.758372584756	44
1	592	23326.218007437886	45
1	595	23336.200717771824	46
1	601	23526.817364487828	47
1	604	23538.713648673854	48
1	606	23662.841901612562	47
1	612	23778.846317376636	48
1	628	24198.664108112755	49
1	630	24287.887870921847	48
1	636	24500.774338141085	49
1	643	24650.545310082334	50
1	652	24968.40920112562	51
1	655	25055.232910415431	52
1	661	25339.431409034956	53
1	676	25911.461035815161	52
1	683	25936.27020197356	53
1	689	26007.271283056683	54
1	693	26023.124080299118	55
1	699	26407.611341922262	56
1	702	26478.939470719215	57
1	708	26660.573918878975	58
1	718	27149.529685494097	59
1	720	27229.26525144009	58
1	726	27281.052785067537	59
1	738	27513.885844538517	60
1	745	27604.765574198312	61
1	756	27888.451528437722	62
1	760	27915.660374907704	63
1	763	28623.825637717447	64
1	765	28626.692769090739	63
1	771	28770.015615847753	64
1	785	28954.33207530557	65
1	791	29163.270779254444	66
1	795	29247.073108887227	67
1	801	29296.611129939843	68
1	811	29491.976214459093	69
1	814	29554.786002756097	70
1	820	29891.136602165707	71
1	823	30166.347850559206	72
1	826	30180.330154700271	73
1	829	30301.910776272703	74
1	831	30304.548917562795	73
1	850	30797.794209053704	74
1	853	30920.67406469834	75
1	866	31237.743944433612	74
1	877	31682.695806117283	75
1	887	32108.736165629255	76
1	891	32215.572515019628	77
1	895	32234.255127030527	78
1	898	32297.197726851527	79
1	905	32399.042740595621	78
1	912	32555.134282300518	79
1	924	33167.433132770574	80
1	926	33341.283786344436	79
1	933	33354.454835170361	80
1	936	33363.740252831506	81
1	939	33552.902591491387	82
1	942	33591.19247724951	83
1	945	34090.752620938337	84
1	951	34301.071522274149	83
1	964	34942.655597628507	84
1	969	35445.81114527872	83
1	985	35798.651146356387	84
1	991	35992.399921183902	85
1	997	36118.041012706747	86
1	1007	36749.406447076334	85
1	1014	36775.887796706527	86
1	1024	37026.577498458453	87
1	1028	37112.806049934595	88
1	1038	37351.914948819944	89
1	1040	37373.999471749274	88
1	1047	37387.217861678471	89
1	1050	37685.778409959913	90
1	1053	38021.569944485097	91
1	1056	38021.684870798161	92
1	1072	38563.047472647873	93
1	1075	38603.480551459022	94
1	1077	38623.978339108734	93
1	1083	38728.690864964196	94
1	1089	38891.567319028202	95
1	1104	39489.282190018429	94
1	1110	39571.92237813446	95
1	1113	39672.457971085463	96
1	1116	39698.023361870714	97
1	1119	39833.517356429832	98
1	1128	40135.371385309646	99
1	1138	40760.36168771553	100
1	1140	40763.192920378505	99
1	1146	40884.658580669327	100
1	1159	41454.276224342764	101
1	1161	41580.432403647437	100
1	1170	42015.939257179854	101
1	1173	42203.565763003242	102
1	1188	42517.924116124495	101
1	1194	42570.300633519339	102
1	1200	43016.360515789194	103
1	1213	43578.630809265022	104
1	1216	43596.235806129843	105
1	1219	43658.516834883085	106
1	1225	43760.206781149189	107
1	1230	44102.664756282329	106
1	1242	44650.049557329192	107
1	1245	44678.222311405807	108
1	1252	44772.248230684604	109
1	1255	44955.398257350963	110
1	1263	45419.618910133004	109
1	1269	45609.680593024458	110
1	1279	45915.415823606433	111
1	1281	46113.390201452285	110
1	1287	46178.478319122359	111
1	1296	46809.800385116403	112
1	1309	47006.391909957311	113
1	1312	47059.891884074183	114
1	1314	47363.659413998112	113
1	1323	47612.097282817431	114
1	1335	48162.293624515742	113
1	1341	48522.784961306748	114
1	1347	48678.629509587627	115
1	1350	48731.579485262357	116
1	1362	48930.588165559903	115
1	1375	49643.847637510161	116
1	1378	49741.8661638504	117
1	1381	50127.454988356022	118
1	1383	50147.388551897467	117
1	1389	50266.106932076133	118
1	1396	50463.257121825424	119
1	1404	51765.78475985779	118
1	1416	52226.641978116577	119
1	1429	52653.886342973032	120
1	1434	52893.719030442746	119
1	1440	53065.596538014333	120
1	1450	53399.682253982008	121
1	1453	53462.260441659954	122
1	1456	53597.091784391267	123
1	1459	53683.976578643969	124
1	1473	54417.899917858751	123
1	1479	54589.536195304619	124
1	1486	54785.926193248608	125
1	1488	55171.320898962305	124
1	1494	55178.830951284095	125
1	1497	55217.217683002327	126
1	1500	55438.299605861308	127
1	1506	55852.508473583595	126
1	1522	56460.349056230724	127
1	1530	57009.428440398635	126
1	1536	57446.306307650298	127
1	1545	57848.795109774084	126
1	1551	58020.942900886123	127
1	1554	58209.882550615306	128
1	1564	58670.732520770871	129
1	1570	58768.028691063821	130
1	1578	59132.948459341289	129
1	1587	59388.862978494688	130
1	1593	59673.983698705645	131
1	1596	59758.161473409086	132
1	1598	59848.387825396942	131
1	1611	60236.219649312833	132
1	1620	60507.892362327414	131
1	1626	60566.186526423133	132
1	1632	60830.897290682009	133
1	1635	61064.165315464854	134
1	1644	61468.947957503709	133
1	1653	62017.830854002607	134
1	1656	62349.542153417167	135
1	1666	62435.194677698325	136
1	1674	62650.076427591133	135
1	1683	62869.766811033611	136
1	1685	63327.46205341174	135
1	1695	63404.032895923822	136
1	1702	63683.944598396337	137
1	1708	63701.104452862463	138
1	1717	64213.445670623487	139
1	1719	64682.155834335002	138
1	1731	64956.368502855246	139
1	1734	64960.924870595914	140
1	1740	65507.768994028699	141
1	1747	65600.804680594418	142
1	1753	65907.414858459463	143
1	1755	66154.896597174096	142
1	1764	66462.558705639578	143
1	1767	66704.270435576001	144
1	1773	67514.491891442898	143
1	1795	68592.630185407993	144
1	1798	68607.481700227927	145
1	1800	68705.630898160029	144
1	1806	68973.826480093597	145
1	1813	69237.688216780746	146
1	1828	69791.56839738002	147
1	1830	69878.856846486319	146
1	1849	70336.411424590775	147
1	1853	70586.172099487502	148
1	1855	70603.291737577979	147
1	1862	70706.396656058885	148
1	1865	70716.393068301009	149
1	1879	71258.166811376966	150
1	1885	71321.797438260841	151
1	1888	71428.992152190336	152
1	1890	71467.991389139657	151
1	1896	71718.70086159708	152
1	1899	71753.183801670719	153
1	1915	72059.15253655822	154
1	1917	72283.630420417627	153
1	1933	72764.314099566193	154
1	1936	73201.967535350293	155
1	1946	73625.468952470561	154
1	1953	73641.193745951581	155
1	1956	73810.807825823007	156
1	1959	73828.698866880417	157
1	1962	73925.91915683372	158
1	1969	74536.273052984531	159
1	1971	74627.072959524681	158
1	1992	75210.212332564819	159
1	1995	75227.193929267539	160
1	2005	75286.372927660628	161
1	2007	75407.275169083019	160
1	2013	75572.298862449133	161
1	2016	75626.742448762826	162
1	2023	75814.76424918189	163
1	2031	76306.144820881178	162
1	2037	76515.206185165274	163
1	2047	77124.840854609641	164
1	2050	77214.22064617243	165
1	2053	77256.993684761026	166
1	2058	77321.143087159013	165
1	2074	78002.240090367487	166
1	2076	78039.346040115794	165
1	2095	78622.58208960792	166
1	2098	78713.588693895154	167
1	2100	78940.212698784759	166
1	2109	79156.075137176767	167
1	2116	79414.897720737526	168
1	2121	79687.168089329367	167
1	2127	79704.9319472266	168
1	2130	79822.717276286692	169
1	2133	79951.732365348579	170
1	2146	80727.40283121137	171
1	2151	81153.747395194238	170
1	2163	81689.548715778113	171
1	2166	81732.16164505921	172
1	2171	81944.982443220085	171
1	2184	82178.782697491592	172
1	2190	82584.718940037126	173
1	2200	82984.640149050012	174
1	2206	83093.111056720233	175
1	2215	83301.372695689963	176
1	2218	83365.251841690656	177
1	2220	83409.160200554049	176
1	2233	83876.644435671593	177
1	2245	84249.795983677454	178
1	2248	84424.755838061868	179
1	2250	84511.313362988746	178
1	2256	84590.527568058339	179
1	2262	84945.524906939406	180
1	2270	85157.447376485085	179
1	2279	85259.877943771688	180
1	2286	85417.108842303701	181
1	2289	85551.423194100911	182
1	2295	85614.668324079093	183
1	2307	85918.111923962003	182
1	2316	85951.144530439757	183
1	2319	86030.187381281581	184
1	2325	86264.226450142962	185
1	2331	86527.307332242942	184
1	2340	86690.059692569047	185
1	2346	86910.489713474586	186
1	2349	86912.112724895386	187
1	2352	86963.884578982376	188
1	2355	87235.03910183941	189
1	2358	87311.640123047802	190
1	2360	87337.58627943798	189
1	2382	88388.90865969575	188
1	2394	88626.992514591204	189
1	2407	89393.199565183521	190
1	2413	89563.130338431771	191
1	2419	89585.455284795062	192
1	2422	89637.747611510038	193
1	2425	89807.051282688354	194
1	2428	89812.503088373841	195
1	2430	89926.450136984801	194
1	2443	90468.802126438792	195
1	2446	91019.854113631877	196
1	2449	91092.385634785788	197
1	2451	91297.99602273955	196
1	2469	92100.277717244914	195
1	2478	92492.98747273059	196
1	2481	92794.691536770774	197
1	2484	92997.984656891509	198
1	2494	93320.298043869091	199
1	2496	93711.588608828476	198
1	2512	94656.33002939571	199
1	2517	94696.066679806551	198
1	2523	94710.193302685393	199
1	2529	95226.232694739856	200
1	2532	95343.990894318927	201
1	2538	95678.951282763025	200
1	2553	96360.753657459481	201
1	2563	96687.972308582173	202
1	2568	96820.866880650735	201
1	2574	97193.610278338323	202
1	2577	97411.41507350933	203
1	2580	97418.27428397615	204
1	2589	97614.023650436691	205
1	2598	97900.284848307362	204
1	2604	98001.347867009572	205
1	2610	98152.456296577608	206
1	2620	98942.899792406124	207
1	2628	99362.78926151908	206
1	2634	99530.079733431293	207
1	2637	99654.772734805224	208
1	2647	99912.241830842126	209
1	2650	100021.450578956307	210
1	2652	100027.576047760537	209
1	2671	100587.33701819191	210
1	2679	101492.601470985553	209
1	2688	101912.585254103321	210
1	2691	101947.60042205342	211
1	2694	102079.08403188394	212
1	2697	102081.778020229056	213
1	2700	102099.812494504525	214
1	2706	102644.720365722767	213
1	2722	103297.325090706724	214
1	2728	103581.318650977799	215
1	2736	103849.523459962673	214
1	2742	103899.187598551512	215
1	2748	104224.28121962391	216
1	2751	104310.243336413767	217
1	2757	104538.081353438191	216
1	2763	104672.344017414541	217
1	2769	104991.675113371411	218
1	2776	105364.525991330903	219
1	2781	105640.219687699445	218
1	2797	106420.631756835255	219
1	2800	106479.290617440068	220
1	2811	107264.506920837902	219
1	2820	107454.416028819569	220
1	2823	107465.289797304181	221
1	2829	107859.90415010414	222
1	2832	107881.767334146017	223
1	2841	108547.348536673107	222
1	2850	108678.556923663714	223
1	2853	108728.173681758382	224
1	2856	108830.005991373126	225
1	2866	109140.667986270439	226
1	2874	109515.531375427835	225
1	2880	109830.258192604908	226
1	2895	110262.183335157958	227
1	2905	110472.059570515531	228
1	2911	110568.544837912109	229
1	2917	110865.238358119505	230
1	2919	110895.11342534899	229
1	2925	110923.221843585069	230
1	2928	111186.601101608949	231
1	2931	111246.893553838542	232
1	2938	111657.079041371969	233
1	2940	111699.329688922607	232
1	2953	112025.20666856834	233
1	2964	112456.904664795019	232
1	2973	112585.585855432663	233
1	2976	112667.913421353346	234
1	2979	112785.074808723912	235
1	2982	112945.970531105278	236
1	2995	113642.697033573241	237
1	2998	113693.774464960597	238
1	3000	113699.40568823471	237
1	3009	114041.908315694239	238
1	3019	114323.641930443075	239
1	3024	114458.114662432217	238
1	3033	114664.444620868479	239
1	3043	115345.197879362586	240
1	3046	115364.120388312768	241
1	3048	115485.441426514753	240
1	3054	115771.306466912559	241
1	3063	116706.82810913875	240
1	3078	117538.015381368913	239
1	3084	117646.891221089763	240
1	3090	117700.174789473614	241
1	3100	118352.635396370476	242
1	3109	118725.608655205488	243
1	3115	119131.695515531965	244
1	3117	119161.774859373562	243
1	3123	119249.904815469484	244
1	3132	119506.286187240269	245
1	3145	119656.374445256468	246
1	3148	119792.978604916804	247
1	3151	119848.993771658598	248
1	3156	120386.3436842627	247
1	3172	120722.185410650962	248
1	3175	120857.941895159773	249
1	3181	121249.933786595311	250
1	3183	121366.551849312253	249
1	3189	121546.257957796917	250
1	3192	121623.896996615843	251
1	3208	122167.768878300391	252
1	3211	122189.266450769126	253
1	3217	122418.070007932548	254
1	3219	122624.220163497247	253
1	3231	122907.411922877584	254
1	3238	123153.39504436505	255
1	3241	123365.110897302662	256
1	3243	123516.998792710819	255
1	3249	123555.462810953986	256
1	3268	124681.994791896549	257
1	3270	124877.43080442875	256
1	3279	124971.836301628808	257
1	3286	125231.710555501191	258
1	3289	125375.831332539699	259
1	3295	125723.502935979345	260
1	3298	125816.26582776993	261
1	3306	126463.739941912809	260
1	3312	126608.467215239174	261
1	3315	126736.318681371354	262
1	3324	127694.540151228303	261
1	3330	127699.676980915994	262
1	3343	128910.781672381115	263
1	3346	128936.596909818159	264
1	3354	129126.367407861272	263
1	3360	129242.929643098724	264
1	3366	129526.352249327082	265
1	3379	130414.069051218741	266
1	3381	130737.206850080857	265
1	3387	130933.400216600428	266
1	3390	130948.539301411315	267
1	3403	131939.355037352239	268
1	3408	132316.554415236333	267
1	3418	132709.039632468277	268
1	3420	133451.809842801759	267
1	3426	133457.170518941847	268
1	3441	134476.29580681316	267
1	3447	134761.190786043475	268
1	3459	135085.324778140289	269
1	3462	135270.105917727818	270
1	3469	135380.833493554545	271
1	3472	135429.887514420675	272
1	3474	135435.284358031223	271
1	3480	135481.22072801562	272
1	3486	136150.374460994373	271
1	3497	136926.538950550477	270
1	3507	137031.469100194786	271
1	3513	138107.163626599233	270
1	3519	138434.419093974628	271
1	3525	138933.546256815191	270
1	3537	139771.510995552983	269
1	3546	140137.337279994699	270
1	3552	140778.295193781253	269
1	3558	140873.963337980413	270
1	3570	141839.370544423457	269
1	3579	142454.107427229855	270
1	3589	142599.49457534945	271
1	3595	142980.673991628335	272
1	3597	143116.706687958088	271
1	3609	143521.487743581984	272
1	3615	143882.840094530754	273
1	3625	144288.748817110607	274
1	3627	144530.363031282198	273
1	3636	144838.724885123203	274
1	3639	145084.78089543337	275
1	3642	145148.318116100034	276
1	3652	145378.638897865357	277
1	3658	145847.376842874712	278
1	3663	146118.68187924951	277
1	3675	146607.96167817616	278
1	3688	147359.302310830371	279
1	3691	147380.087516796963	280
1	3694	147415.726819530635	281
1	3699	147689.202037799281	280
1	3705	148016.65692034299	281
1	3708	148149.497495588426	282
1	3734	148683.028200835684	283
1	3740	148942.587753323773	284
1	3744	148989.726247123338	285
1	3746	149068.45131543569	284
1	3755	149331.323165117057	285
1	3759	149438.924488318078	286
1	3769	149799.111101484753	287
1	3771	150056.271747333107	286
1	3777	150240.722628650181	287
1	3780	150274.116825772384	288
1	3783	150283.350601092676	289
1	3786	150305.557936361285	290
1	3792	150772.96977460275	291
1	3804	151258.461938575951	290
1	3810	151274.434926739789	291
1	3823	152287.295849781863	292
1	3825	152300.38888196565	291
1	3837	152372.807278702571	292
1	3840	152551.994328733638	293
1	3847	152596.693658911825	294
1	3853	153125.502224908269	295
1	3866	153501.976269447354	294
1	3873	153548.089434828121	295
1	3881	153817.1872853978	296
1	3891	154257.41792367086	297
1	3895	154294.854966210967	298
1	3898	154299.715321983654	299
1	3901	154398.873123000579	300
1	3907	154543.817158388472	301
1	3909	154779.241640634013	300
1	3915	154875.883848029023	301
1	3918	155026.309840317675	302
1	3921	155560.939359192403	303
1	3923	155590.695083067862	302
1	3943	157095.457937551644	303
1	3945	157267.485621498076	302
1	3957	157655.719147065323	303
1	3967	158224.212312183253	304
1	3970	158331.075071661162	305
1	3972	158830.796305724529	304
1	3978	158992.899672710228	305
1	3987	159594.798060004709	304
1	4000	159892.091565700884	305
1	4006	160344.334100944356	306
1	4015	160680.382445705223	307
1	4020	161123.895687499193	306
1	4029	161455.968000299848	307
1	4032	161536.533569267928	308
1	4035	161587.643185096061	309
1	4038	161792.444849351566	310
1	4047	162681.098575695527	309
1	4059	163298.918765768093	310
1	4071	163532.685104106662	309
1	4077	163599.580632788026	310
1	4080	163811.318875525618	311
1	4089	164183.564130092204	312
1	4092	164292.660622889364	313
1	4102	164504.448099204009	314
1	4108	164795.727556936219	315
1	4110	165073.697651132119	314
1	4116	165593.520752739255	315
1	4119	165715.848762771591	316
1	4128	165838.093769346473	315
1	4134	166050.588442600641	316
1	4145	166637.375320197192	315
1	4161	166979.048903334644	316
1	4171	167154.670305098405	317
1	4174	167499.933009572875	318
1	4180	167719.454467890413	319
1	4182	167803.7061741586	318
1	4191	168107.078617864427	319
1	4197	168519.126449218547	320
1	4204	169139.346467681915	321
1	4206	169286.990578007993	320
1	4215	169484.12907771972	321
1	4227	169887.625922474829	322
1	4230	170041.660924080132	323
1	4233	170117.087300612434	324
1	4243	170462.337537563633	325
1	4249	170891.057818888926	326
1	4251	170901.29623231582	325
1	4257	170979.688972095651	326
1	4269	172022.9827370505	325
1	4275	172025.481887526586	326
1	4278	172030.651169136152	327
1	4287	172653.309630743336	326
1	4305	173144.382823214153	327
1	4308	173275.049836487645	328
1	4311	173422.324683617906	329
1	4324	173883.696443784448	330
1	4327	173964.924893994071	331
1	4330	174189.305709332446	332
1	4332	174264.634590094086	331
1	4338	174334.69618333521	332
1	4344	174623.617610433326	333
1	4346	174933.084188644883	332
1	4365	175385.698394201458	333
1	4371	175644.347446952364	334
1	4374	175703.582643605605	335
1	4386	176311.193056554642	334
1	4392	176555.586007560551	335
1	4395	176606.713921435409	336
1	4405	177054.63451382593	337
1	4414	177164.614707902694	338
1	4419	177378.48627907328	337
1	4425	177617.082328606413	338
1	4428	177764.588747839917	339
1	4438	178326.748457274941	340
1	4441	178332.0250129286	341
1	4444	178618.03051684466	342
1	4446	178942.471863833365	341
1	4463	179835.989529724342	340
1	4473	180075.051161550109	341
1	4476	180185.754365293676	342
1	4479	180195.714056022928	343
1	4485	180412.768255601571	344
1	4487	180499.425475626362	343
1	4497	180788.883004104184	344
1	4510	181813.562896270993	345
1	4516	182013.328722325481	346
1	4518	182021.877684529049	345
1	4536	182990.643231599701	344
1	4542	183075.155028082674	345
1	4548	183273.530660577972	346
1	4554	183428.191190232806	347
1	4560	183614.597394756956	348
1	4567	183679.922551416322	349
1	4570	183721.407437878375	350
1	4576	184153.396685433677	351
1	4578	184169.091426042018	350
1	4584	184183.013861276659	351
1	4592	184887.548803036211	350
1	4605	185271.635207643098	351
1	4615	185704.301922030321	352
1	4621	185936.170338275897	353
1	4624	186066.829724708845	354
1	4626	186132.812946924118	353
1	4641	186575.731660391752	354
1	4644	186646.10335247337	355
1	4651	187371.817221523423	356
1	4653	187437.231372651754	355
1	4659	187726.427456838032	356
1	4665	188549.590055319591	355
1	4677	188964.963791069671	356
1	4687	189428.733722604583	357
1	4695	189623.694547471701	356
1	4701	189630.679418320987	357
1	4707	189869.80811628068	358
1	4722	190776.717542364373	357
1	4728	190824.571915718899	358
1	4731	190854.757546665702	359
1	4734	191017.080136441153	360
1	4743	191551.324972120225	359
1	4752	191818.827421469718	360
1	4759	192024.241517305057	361
1	4765	192388.09605350922	362
1	4770	192710.373467673659	361
1	4779	192867.99145092239	362
1	4782	192904.87878224114	363
1	4785	193221.203985224496	364
1	4791	193536.799123204425	363
1	4797	193726.211003707328	364
1	4815	194585.97928288497	363
1	4821	194754.993470550774	364
1	4824	194775.717661129607	365
1	4841	195078.866756509397	366
1	4849	195276.803805123421	367
1	4855	195715.464644234035	368
1	4858	195774.059192222545	369
1	4864	196067.920313656506	370
1	4866	196166.005532248989	369
1	4872	196319.417272932819	370
1	4875	196609.668049368414	371
1	4878	196758.357709464324	372
1	4896	197195.357653229609	371
1	4902	197272.087787787769	372
1	4905	197272.708566416791	373
1	4914	197526.306587042891	374
1	4917	197658.201184291787	375
1	4923	197958.73760634689	376
1	4929	198059.032702623978	375
1	4935	198269.690668393314	376
1	4938	198449.634906265202	377
1	4944	198622.776112844321	378
1	4953	199257.702377858683	377
1	4969	199737.867969363245	378
1	4974	200154.527570820525	377
1	4988	200641.950887570245	378
1	4994	200744.729457323793	379
1	4998	200771.653464097488	380
1	5001	200786.306092917261	381
1	5014	201275.278957915604	380
1	5021	201338.50794567954	381
1	5025	201556.276220095698	382
1	5041	202042.954115474684	383
1	5049	202299.241276376361	384
1	5057	202375.95433301847	385
1	5063	202449.720088148577	386
1	5069	202632.76563203685	387
1	5071	202656.820188016742	386
1	5078	202964.995681602466	387
1	5082	203089.891818625275	388
1	5086	203126.107916824931	389
1	5094	203307.895617332268	390
1	5098	203320.757961215539	391
1	5101	203390.117194496507	392
1	5107	203559.084445114956	393
1	5110	203727.550911617819	394
1	5118	204045.732466952055	393
1	5124	204089.579320715828	394
1	5127	204148.136222321499	395
1	5134	204733.680906987049	396
1	5137	204855.23570212004	397
1	5140	204992.670519451395	398
1	5142	205169.505491751357	397
1	5161	206168.714343409688	398
1	5166	206547.806578242331	397
1	5175	206732.193667640734	398
1	5178	206756.584271287597	399
1	5190	207547.339507714956	398
1	5196	207629.30628350858	399
1	5199	207650.773734078937	400
1	5205	208158.612770484025	401
1	5208	208255.508815186478	402
1	5210	208363.26220598176	401
1	5229	209036.804178526765	402
1	5239	209405.176264680844	403
1	5242	209662.428672178849	404
1	5244	209737.749315221905	403
1	5259	210043.881613905162	404
1	5266	210359.829018050388	405
1	5269	210402.575767222214	406
1	5272	211130.9843297442	407
1	5274	211394.907335919439	406
1	5280	211459.122894318325	407
1	5292	212910.024390985369	406
1	5298	212992.612545509575	407
1	5311	214243.500549419974	408
1	5313	214292.087356840372	407
1	5323	214831.201428501843	408
1	5325	215198.755502347946	407
1	5331	215467.514302001529	408
1	5343	216216.635574056879	407
1	5349	216737.837284823815	408
1	5355	216890.265434149942	409
1	5357	216932.237717091218	408
1	5367	217263.271781155285	409
1	5376	218455.953201680556	408
1	5389	219004.646269030201	409
1	5397	219667.240416604206	408
1	5403	219997.342052773073	409
1	5406	220043.782203431426	410
1	5409	220134.038277667978	411
1	5418	220964.882032127232	410
1	5427	221154.972861352168	411
1	5437	221757.165148187109	412
1	5445	222133.85221043706	411
1	5457	222601.767550257505	412
1	5460	222687.031081586097	413
1	5467	223149.147575677276	414
1	5470	223336.934239430897	415
1	5476	223475.530328089682	416
1	5478	223531.532950914577	415
1	5494	224946.564819511672	416
1	5496	224961.446586112604	415
1	5502	225050.344961810205	416
1	5512	225581.162526799654	417
1	5520	225970.78349957347	416
1	5532	226371.310921632564	417
1	5535	226529.122636201409	418
1	5541	226653.825827009157	417
1	5547	226746.198385791735	418
1	5550	226816.69848666499	419
1	5553	226843.887273090919	420
1	5566	227874.668006547083	421
1	5568	228182.373466539309	420
1	5577	228374.220707194483	421
1	5580	228537.251934899034	422
1	5589	229766.495852406249	421
1	5598	230412.167155427039	420
1	5604	230716.85584565765	421
1	5622	231997.87007838592	420
1	5628	232408.982300913269	421
1	5634	232563.122645699404	422
1	5637	232687.515067982963	423
1	5647	232878.619207671054	424
1	5653	232977.29116239577	425
1	5659	233281.69057120094	426
1	5661	233631.107746782825	425
1	5667	233761.041841427603	426
1	5670	233951.17416033342	427
1	5691	234766.711120559946	426
1	5697	234873.577562519108	427
1	5700	235226.45907608503	428
1	5707	235363.815227659636	429
1	5712	235615.126796375141	428
1	5721	235877.875111524957	429
1	5724	235893.583133971822	430
1	5731	236430.588613238566	431
1	5737	236781.354072723767	432
1	5739	237007.891238835753	431
1	5745	237283.794983467016	432
1	5758	237831.073164403339	433
1	5760	238227.688725442738	432
1	5769	238593.215392026478	433
1	5785	239493.487584493701	434
1	5788	239539.962963596121	435
1	5793	239889.515264370591	434
1	5802	240461.738605431858	435
1	5815	240695.280559457332	436
1	5824	241126.318000780477	437
1	5828	241283.535422711746	436
1	5835	241448.597631841822	437
1	5838	241661.078579613997	438
1	5845	241869.860596259249	439
1	5848	241933.366965578601	440
1	5857	242303.236888554639	441
1	5863	242703.989235214813	442
1	5865	242718.830898312033	441
1	5871	242803.278111528335	442
1	5874	242863.854929482106	443
1	5888	243361.182089840175	442
1	5894	243503.382349319643	443
1	5908	243843.40246231596	444
1	5911	243849.013307453268	445
1	5914	243943.533618627443	446
1	5916	244320.378409243302	445
1	5922	244595.221445698322	446
1	5932	244744.58260075666	447
1	5941	245044.612292004764	448
1	5946	245328.903198764773	447
1	5955	245486.453428053881	448
1	5958	245619.242883911064	449
1	5965	245796.223846586297	450
1	5977	246265.124223194629	451
1	5985	246633.683804935889	450
1	5996	246913.017385536622	451
1	6000	247000.904458571408	452
1	6003	247201.832622598078	453
1	6006	247203.779659838944	454
1	6012	247295.812801914107	455
1	6015	247444.205917723382	456
1	6022	247790.319206338558	457
1	6033	248257.714117822351	456
1	6042	248631.327676450676	457
1	6045	248819.419951406601	458
1	6048	248992.459917436658	459
1	6051	249067.06746511132	460
1	6058	249216.386591424121	461
1	6066	249622.121907864811	460
1	6079	249997.147579649515	461
1	6082	250536.535754492166	462
1	6084	250601.605969519468	461
1	6097	251136.163200741134	462
1	6108	251754.637402557882	461
1	6114	251928.240442050507	462
1	6121	252248.21327485387	463
1	6127	252388.853327427774	464
1	6130	252577.776724471167	465
1	6135	252661.71980451897	464
1	6147	252949.755184694271	465
1	6154	253018.983856775675	466
1	6157	253091.488237199722	467
1	6160	253352.255937091304	468
1	6165	253946.109081442582	467
1	6177	254365.921270948803	468
1	6187	255108.031464222733	469
1	6189	255160.982194488051	468
1	6198	255351.974539228895	469
1	6208	255527.713105518531	470
1	6211	256179.888698867294	471
1	6216	256594.883750622275	470
1	6222	256796.862789591825	471
1	6238	257961.925308899307	472
1	6240	257972.260019407722	471
1	6246	258004.922829223801	472
1	6249	258067.461925831391	473
1	6271	259298.006812626524	474
1	6274	259333.327419856459	475
1	6277	259362.917323960456	476
1	6283	259466.539837053659	477
1	6285	259493.696798292103	476
1	6291	259566.649233770783	477
1	6298	260085.545335741742	478
1	6309	260757.529743091318	477
1	6315	260762.794793904956	478
1	6321	261035.477242398994	479
1	6324	261101.080246795976	480
1	6330	261209.675558358885	481
1	6340	261655.440154498817	482
1	6349	262238.422020525431	483
1	6352	262256.171108477219	484
1	6354	262321.228294103521	483
1	6360	262484.247520104992	484
1	6370	263358.055888412652	485
1	6373	263403.644375252528	486
1	6375	263408.75044255622	485
1	6388	264566.276542630692	486
1	6390	264610.442843549999	485
1	6406	265719.370958009968	486
1	6412	266036.741257963954	487
1	6414	266045.24851719022	486
1	6420	266139.831784687065	487
1	6438	267055.773186479809	486
1	6444	267149.853217148118	487
1	6453	267514.462808776503	488
1	6460	267844.830205559915	489
1	6465	267984.302878315674	488
1	6474	268230.50582789512	489
1	6477	268242.261681715549	490
1	6487	268587.661596254922	491
1	6490	268860.805230071091	492
1	6496	268932.437509423066	493
1	6502	269296.606246555484	494
1	6505	269505.237932163548	495
1	6507	269621.254662555756	494
1	6513	269931.659973949673	495
1	6519	270427.832752234416	494
1	6537	271126.620934466945	493
1	6543	271393.929576823691	494
1	6548	271801.315189601036	493
1	6557	271900.687474449986	494
1	6570	272256.877948549768	495
1	6573	272324.163883633601	496
1	6580	272676.882056724183	497
1	6582	272734.685891690778	496
1	6591	273505.58011370058	497
1	6594	273507.156636674736	498
1	6601	273775.337816797791	499
1	6606	274039.999458409029	498
1	6618	274655.922223221872	499
1	6624	275516.114381683174	498
1	6630	275591.080204190672	499
1	6633	275607.654941652022	500
1	6642	276750.236333190579	499
2	0	0	0
3	46	2836.359973439109	2177.4987082276
3	85	4467.944649393764	3916.5322746288
3	100	4952.585289693531	3878.7516774564
3	127	6008.720287262556	3902.2082476802
3	151	6659.587263251748	4328.0105773011
3	199	9046.162848091777	7074.8426812896
3	226	10106.298519662674	6802.9705978985
3	238	11112.656837665569	7903.1624606777
3	250	11712.449969696906	8336.6065255359
3	316	13861.60519660553	9937.9303609342
3	367	15113.980043056514	9717.7076687588
3	382	15827.736710199249	11014.676603454
3	406	17287.116323086527	11339.032439568
3	475	20019.950252260176	13973.421708986
3	510	21196.4312808319	14982.304273945
3	549	21966.603820641619	14075.155630604
3	588	23186.908797371295	15205.505940393
3	622	24006.699445304555	15758.577775087
3	715	26816.307782531809	18348.628405044
3	742	27560.051338841301	19188.785215253
3	807	29413.411696638075	19754.6584589
3	847	30717.793480289263	20756.095862894
3	873	31552.644377035183	20863.947682667
3	916	32921.850461644215	20311.168022554
3	949	34300.869797608909	22221.547694014
3	961	34913.833235559148	22327.193076749
3	982	35756.34121115422	22972.42204761
3	1034	37289.413510897292	24572.402907461
3	1063	38160.193631976007	25024.442862946
3	1156	41251.003033361493	28124.116666605
3	1207	43175.105146077558	29339.485205909
3	1249	44716.483731485068	30969.836136022
3	1276	45750.757087591201	31872.057394908
3	1306	47003.268117169946	32812.04562643
3	1330	48119.99384716256	34239.173019909
3	1360	48915.004768475056	35043.472748077
3	1372	49238.167391643957	32762.785734712
3	1393	50412.031578059406	33595.563216554
3	1444	53325.846418394806	36697.699695695
3	1483	54775.946359980018	37196.553831902
3	1504	55792.604363114671	38340.497831753
3	1519	56370.953869168745	38410.407830823
3	1540	57685.148946671845	39244.207216463
3	1558	58338.270698535354	38536.236095718
3	1605	60035.100470791669	41056.618192683
3	1618	60340.358656105684	40918.39689267
3	1663	62373.019732899132	42406.219473514
3	1692	63359.849898927945	43087.398073781
3	1699	63622.456571386296	43104.883708805
3	1744	65514.328281181964	44703.105687108
3	1771	67091.098570284533	45781.248758175
3	1810	69116.972309035349	47650.698439551
3	1869	70723.228773699243	49798.931705665
3	1873	70918.734940822337	49702.401658106
3	1903	71839.77367977715	50443.970483635
3	1924	72613.200170454671	50763.538081118
3	1966	74462.187173460712	51525.105877741
3	2002	75281.417265945216	52448.953589455
3	2020	75787.391045411219	53734.57910616
3	2041	76684.340408892473	54195.86459371
3	2071	77569.673459484344	53716.580418593
3	2086	78325.95065288349	55255.02264151
3	2113	79251.395837963661	55861.097713782
3	2140	80594.154224629616	56693.836399257
3	2181	82004.889964620685	57890.110873763
3	2194	82641.198123480296	57768.246363766
3	2230	83825.142388577676	59147.747968088
3	2283	85377.835734496927	60302.471835761
3	2299	85685.638584225541	59953.828091689
3	2329	86431.064426387763	60485.633096016
3	2401	89203.093394982731	63570.010011687
3	2488	93044.447470680913	67193.010516382
3	2506	94292.834258229575	67690.618608967
3	2536	95497.535649892977	68074.344624414
3	2557	96387.090982870302	68613.775276859
3	2644	99784.625192853725	72336.423497304
3	2704	102198.897017781726	73274.179569211
3	2719	103014.942293168149	73936.97581652
3	2755	104391.71941437862	75496.597543845
3	2794	106376.477998449572	76987.73108788
3	2836	108128.759481013857	79234.090615968
3	2863	109053.448792520084	79801.95246724
3	2899	110313.075244930677	79973.134343601
3	2935	111646.513667312555	81988.041827532
3	2950	111952.454000824236	80992.630742214
3	2989	113222.611273705133	82097.785512141
3	3016	114148.692630064779	83435.656625796
3	3058	116009.659430432239	85078.638213661
3	3142	119582.632070575945	87509.786954339
3	3169	120700.7093693792	88956.186021181
3	3235	123005.905466704734	90616.747449463
3	3283	125151.100831181848	91995.288356141
3	3322	127364.747325862864	91881.92275407
3	3337	127955.539742280835	92949.507836058
3	3376	129972.361583533803	95081.295894683
3	3415	132562.875942002156	96862.998942974
3	3439	134098.945206898371	97621.290315112
3	3484	135985.947950082938	99999.229382209
3	3504	137003.282547733854	100744.9457846
3	3511	137591.985355774979	100747.13940689
3	3523	138466.762973527532	101321.41889716
3	3535	139589.280463998314	101314.35122764
3	3562	141026.297855061587	104078.65390621
3	3586	142549.966344499137	104487.61794277
3	3619	143925.344587844905	105475.3275278
3	3646	145279.731301601153	106148.80051081
3	3679	146784.15342733368	107394.37496687
3	3730	148567.487254041356	109115.74432576
3	3796	150912.868722901789	110963.96539704
3	3814	151952.935521566419	111738.48521495
3	3844	152560.822866550756	112643.51451284
3	3930	155641.0551821544	113936.97730994
3	3937	156222.890201305149	114991.4034418
3	3961	157904.452861138729	115175.8885221
3	3982	159228.178526573924	115990.89274898
3	4045	161885.466881637571	119655.61562043
3	4069	163459.23025735758	121122.24247512
3	4099	164487.31284480646	120400.54197858
3	4152	166733.591201287803	122316.56943439
3	4168	167128.609702141133	123379.93468242
3	4237	170156.152039171305	125086.38484694
3	4261	171197.086908380609	126052.51657804
3	4285	172421.96392243832	126703.59772316
3	4315	173496.22124149568	127151.98621662
3	4378	175815.780981742886	128921.52541474
3	4399	176655.101873521802	129750.27130226
3	4432	177893.217567867708	130024.68505053
3	4494	180645.242917957825	132506.37638231
3	4504	181092.796261935604	132234.06141391
3	4564	183650.183129432721	135043.66897552
3	4599	185041.048573442844	136097.15921353
3	4648	186735.154320263413	135537.29558521
3	4663	187922.595678308157	135927.07311107
3	4684	189383.598961896374	136800.03035164
3	4714	190171.314068996458	137352.52557823
3	4738	191378.223888046219	139164.52193182
3	4756	192013.596309592127	139408.84467737
3	4789	193284.479048513919	139938.91909974
3	4810	194441.013277798072	140558.89361982
3	4882	196759.038271877095	142640.24273386
3	4927	197971.78276783891	143824.22601597
3	4948	199004.044952328428	142799.89625817
3	4966	199515.790691199824	143655.77838441
3	5005	200798.178062616959	144208.52977599
3	5029	201632.882108503133	144733.29674154
3	5090	203138.057288305014	145423.84793331
3	5152	205775.850408720895	147049.75975453
3	5220	208462.284710520058	149290.89274795
3	5236	209243.902053722291	150309.91242536
3	5263	210310.108890646248	150672.62830175
3	5287	211804.031726197451	151545.1383636
3	5305	213566.852382720559	153506.74958089
3	5320	214616.869791933447	153034.99294045
3	5335	215612.410391924083	154810.66058405
3	5364	216972.000798034594	155889.20904791
3	5371	217574.311418506429	155066.30472589
3	5386	218854.304872109667	156065.95369492
3	5413	220354.541984415725	157987.67372589
3	5434	221426.404364743382	158933.19742532
3	5488	224165.925490847901	160188.42037458
3	5509	225516.355097974763	161618.99398201
3	5539	226600.503800214381	161884.13044645
3	5560	227092.738094843105	162174.1798353
3	5584	228951.939184806422	163303.52142977
3	5596	230186.616681396142	164682.32243163
3	5608	231033.247500584573	164590.79177972
3	5644	232786.787949112356	164809.42531584
3	5677	234125.253807428405	166089.71023366
3	5755	237559.588977192641	168035.95130071
3	5809	240581.594176684619	170882.52873054
3	5842	241835.312019690053	172339.12490737
3	5901	243653.683180828691	173587.29104497
3	5905	243668.147158120872	173431.37160989
3	5929	244741.566342852192	174679.78028174
3	5962	245765.629478992077	175696.26948437
3	6019	247504.451003047751	177390.86270045
3	6055	249140.453509763928	178205.52887595
3	6076	249942.321043537112	178667.26937926
3	6091	250978.985404913427	179002.42039796
3	6151	252975.503092371973	180924.38849405
3	6181	254728.915267857837	182080.33737141
3	6205	255449.236778021904	182727.16906612
3	6229	257549.061571211668	184337.04752109
3	6337	261504.845742975476	186857.80601543
3	6367	262853.136941949952	188077.63125997
3	6397	265046.902480182352	190138.95996875
3	6433	266950.087441914829	192275.17968583
3	6484	268572.237323830949	192336.31625696
3	6517	270403.573042658271	193554.01719069
3	6535	271108.02232918434	194970.60761826
3	6561	271933.372046827452	194463.88405494
3	6577	272441.647505034806	195180.70129936
3	6598	273657.524111430275	196281.76584419
3	6637	276416.207978931371	198078.86555633
4	160	7435.192176868301	5312.9080685396
4	293	13397.825275483634	9451.4234439057
4	445	18717.517726124359	13061.713315738
4	640	24533.36798771387	16306.70862377
4	1096	39308.875289271681	25610.252533861
4	1135	40262.509145886733	27400.444369236
4	1180	42231.831639875754	29102.68955966
4	1420	52388.051695340411	36158.140693948
4	1642	61203.389697224932	41915.583771161
4	1780	67871.071476033989	47460.550087084
4	2367	87444.702396533555	61629.420073661
4	2374	87946.031019055387	62099.352734019
4	2440	90255.053333724951	63978.313848626
4	2458	91608.817370311459	64850.504166483
4	2593	97698.866772717899	70389.325618224
4	2617	98607.042825372061	70777.839040256
4	2659	100410.731520355782	72538.677043159
4	2773	105218.806715552799	76293.116636356
4	3037	114811.938117333793	84255.665813891
4	3076	117237.209193521284	86156.871861777
4	3094	118114.687533146806	86017.699995301
4	3202	121883.903304777212	89494.522124473
4	3259	124151.888427279063	91026.048027234
4	3400	131608.477954800347	95603.127142299
4	3466	135325.523951399246	99057.430887793
4	3550	140584.206572418209	103747.13807891
4	3763	149468.25376556359	110686.23789302
4	3887	154094.676422533689	113126.80691263
4	3997	159834.863471035955	117351.95942157
4	4126	165813.515910721493	122693.87720062
4	4201	168610.162439664003	124393.09935593
4	4362	175139.219946098622	128852.22047267
4	4470	179841.21415713906	132309.3673798
4	4531	182740.82817525707	133905.16907347
4	4612	185383.081799262313	134163.19605651
4	4845	195156.883561099991	140846.47480472
4	5131	204380.445411783754	145972.19663899
4	5185	207348.784793094843	148395.59234359
4	5464	223077.781602406055	159382.30508758
4	5704	235276.551484364197	167402.38568743
4	5728	235992.887962079719	167767.83464052
4	5773	238793.787647002489	169188.38892291
4	6118	252211.966064498874	180317.04101578
4	6259	258255.72535814822	184958.11287309
4	6295	259981.939881333264	186609.84699988
4	6385	263762.188901557702	188504.36539556
4	6457	267625.790020973536	192582.00562481
4	6622	274959.487182675975	196624.3933608

