version 2
run Iteration-0-20200521-09:50:53-70324
attr configname Iteration
attr datetime 20200521-09:50:53
attr experiment Iteration
attr inifile omnetpp.ini
attr iterationvars "$i=1, $j=1, $0=15-(1+1)"
attr iterationvarsf i=1,j=1,15-(1+1)-
attr measurement "$i=1, $j=1, $0=15-(1+1)"
attr network Network
attr processid 70324
attr repetition 0
attr replication #0
attr resultdir results
attr runnumber 0
attr seedset 0
itervar i 1
itervar j 1
param **.resourcePool.amount 1
param **.resourcePool1.amount 1
param **.resourcePool2.amount 15-(1+1)
param **.source.interArrivalTime exponential(6min)
param **.delay.delay uniform(4min,28min)
param **.delay1.delay uniform(10min,28min)
param **.delay2.delay uniform(4min,16min)
param **.allocate.resourceModuleName "\"Network.resourcePool\""
param **.allocate1.resourceModuleName "\"Network.resourcePool1\""
param **.allocate2.resourceModuleName "\"Network.resourcePool2\""
param **.deallocate.resourceModuleName "\"Network.resourcePool\""
param **.deallocate1.resourceModuleName "\"Network.resourcePool1\""
param **.deallocate2.resourceModuleName "\"Network.resourcePool2\""
param **.router.randomGateIndex "uniform(0, 1) > 0.2 ? 0 : 1"

vector 0 Network.allocate queueLength:vector ETV
attr interpolationmode sample-hold
attr title "queue length, vector"
vector 1 Network.allocate1 queueLength:vector ETV
attr interpolationmode sample-hold
attr title "queue length, vector"
vector 2 Network.allocate2 queueLength:vector ETV
attr interpolationmode sample-hold
attr title "queue length, vector"
vector 3 Network.sinkStat lifeTime:vector ETV
attr interpolationmode none
attr title "lifetime of arrived jobs, vector"
attr unit s
vector 4 Network.sink lifeTime:vector ETV
attr interpolationmode none
attr title "lifetime of arrived jobs, vector"
attr unit s
0	0	0	0
0	5	609.996561497898	1
0	7	1279.454077844779	2
0	9	1556.387507202773	1
0	14	1611.814405174266	2
0	16	2288.241464687252	3
0	18	2486.618919888564	4
0	24	2838.341233390173	5
0	26	3012.987372329966	6
0	28	3031.829199786036	5
0	33	3220.17428320784	6
0	35	3241.192764081349	7
0	41	3700.279031353741	6
0	45	4434.56118485553	7
0	47	4492.43482205525	6
0	56	4668.361870225841	7
0	58	4903.75959442544	8
0	60	5205.955421469529	9
0	66	5385.549344715252	10
0	68	5872.518870192319	9
0	72	6036.56227985423	10
0	79	6184.730358501571	11
0	81	6192.083570325235	12
0	83	6214.810794735998	11
0	87	6357.412899737112	12
0	102	7491.474074060444	13
0	104	7653.783368426115	12
0	113	8575.778946052045	11
0	117	8875.753946951509	12
0	123	9140.341138579838	13
0	125	9480.309228482396	12
0	129	9549.279157595521	13
0	136	9890.624398695976	12
0	140	10008.36113039603	13
0	142	10285.86160744426	14
0	148	10337.053129817099	13
0	157	11327.852979519606	14
0	159	11328.514722394497	13
0	167	11558.863072250814	14
0	174	11949.474802831859	13
0	178	12094.634809521417	14
0	184	12397.155303541809	15
0	186	12403.983988454204	16
0	188	12501.307316492052	15
0	192	12545.021480297823	16
0	194	12603.39061649837	17
0	196	12944.309420281354	18
0	198	13034.828515828284	19
0	205	13380.265787680851	20
0	207	13630.702437716277	19
0	220	14218.674602397961	20
0	222	14425.506268824804	21
0	228	14852.523666615339	20
0	237	15235.487372833045	19
0	241	15262.99265103477	20
0	243	15644.172938370301	21
0	254	16043.988018817697	22
0	256	16093.678346651941	23
0	262	16435.631437073203	22
0	271	16593.733714976703	23
0	273	16897.727720646666	24
0	275	16911.833656955374	25
0	281	17119.67040884572	26
0	288	17550.907597127112	25
0	296	18723.2892734691	26
0	298	18730.925656403156	25
0	302	19086.176201820349	26
0	309	19203.211352484973	25
0	313	19807.951258378776	24
0	326	20644.642025115641	23
0	334	21015.812327907903	24
0	336	21164.312770680003	25
0	338	21206.416718205286	26
0	345	21610.757306757279	27
0	347	21664.293723688035	28
0	349	21782.496577757152	27
0	357	22206.68244366614	28
0	359	22305.575171406122	27
0	363	22372.287468452644	28
0	370	22991.60686523061	29
0	376	23342.643561526882	30
0	383	23499.613861399444	29
0	387	23745.776733198303	30
0	398	24503.692401483506	31
0	400	24524.330094996057	32
0	406	24858.582353880559	33
0	408	25145.715491319748	32
0	417	25342.510651855397	33
0	419	25414.497739481481	32
0	423	25462.178338602331	33
0	425	25508.278774114368	34
0	427	25668.629780405488	35
0	429	25795.053172582761	36
0	440	26031.085834953671	37
0	446	26795.811225874274	38
0	448	27065.102631370278	37
0	457	27397.475032838734	36
0	461	27697.219467784945	37
0	463	27998.214579294238	38
0	474	28451.346999364646	37
0	478	28719.381167396825	38
0	484	28754.895278427396	39
0	486	29063.737709214116	40
0	488	29094.975082856365	41
0	499	30011.428056838663	40
0	503	30048.707217179855	41
0	510	30713.745171540521	42
0	521	31167.321343179747	43
0	523	31212.498998637052	42
0	527	31240.167501063953	43
0	533	31558.093956169292	44
0	535	31565.40644133572	45
0	537	31630.297252050243	46
0	544	32025.360881010743	45
0	552	32265.964038118949	46
0	554	32476.237020115109	45
0	558	32569.473929692376	46
0	565	33007.417044929548	47
0	567	33105.048494967373	46
0	575	33968.983306917103	45
0	579	34186.468588906864	46
0	586	34495.490057325291	47
0	597	35297.776942583474	46
0	601	35310.434144635198	47
0	607	36409.255541113551	48
0	614	36622.600190996346	49
0	616	36821.61532297239	48
0	629	38006.082560964074	49
0	631	38068.865482541475	48
0	644	38611.214554600615	49
0	646	38714.68232598582	50
0	648	38901.88648677871	49
0	652	39028.075223463341	50
0	658	39592.920885043893	49
0	662	39796.6141854573	50
0	669	40116.244293214524	51
0	671	40366.732099138686	52
0	677	40641.004496805213	53
0	679	40735.345103808367	54
0	681	40830.166376824234	53
0	685	41107.15202764071	54
0	692	41305.654584089036	55
0	694	41537.53227908518	56
0	696	41544.509000370467	57
0	698	41638.778157527302	56
0	702	41773.154977997566	57
0	708	42226.410644212557	58
0	710	42313.045892896806	57
0	714	42348.689947942205	58
0	716	42522.798795114395	59
0	723	42869.253815191961	60
0	725	42970.757651212369	59
0	733	43405.840309965168	58
0	737	43627.934952974096	59
0	739	43662.827144621765	60
0	746	43966.626994754473	61
0	748	44075.366862038826	60
0	752	44255.545709627556	61
0	754	44267.85894023646	62
0	760	44649.102318973695	63
0	767	45029.208178091202	64
0	769	45119.237516283175	65
0	771	45142.395230415021	64
0	779	45585.81525057063	63
0	788	45935.945753652471	64
0	790	45965.869544888591	63
0	794	46580.760482023215	62
0	798	46736.915030253597	63
0	809	47014.142699690254	64
0	811	47051.900160506388	65
0	817	47958.84172733636	66
0	819	47981.67983021096	65
0	828	48409.780436304567	66
0	830	48468.053667520994	67
0	836	48897.398637416518	66
0	840	49191.484151067889	65
0	844	49314.11749183125	66
0	846	49569.687945631879	67
0	848	49665.473972218788	66
0	857	49913.835858243935	67
0	859	50145.734398062086	66
0	872	50592.050257414914	67
0	874	50646.335021084695	68
0	876	50834.568231916524	69
0	878	50846.731474715208	70
0	880	50872.534613067848	71
0	886	51631.238339761949	70
0	895	52330.479475037519	71
0	897	52408.777023735202	70
0	905	52721.623906153	69
0	909	52791.399788409976	70
0	916	53487.938289711929	69
0	929	54060.207261624492	68
0	933	54126.985601495333	69
0	948	54598.333012543531	70
0	950	54840.418798603632	71
0	952	54860.532017643498	72
0	954	55009.564429805657	73
0	956	55089.89454472195	74
0	958	55161.113167407222	75
0	960	55167.843536758765	76
0	962	55235.350359191751	77
0	969	55659.745131502605	76
0	973	55803.578939149897	77
0	975	55956.095495638321	78
0	986	56994.531439464763	79
0	988	57159.130196864463	78
0	992	57321.398489301605	79
0	994	57444.978247317232	78
0	1002	57872.49773075785	79
0	1004	57922.137832673944	78
0	1013	58222.231307672031	79
0	1015	58234.670717264272	78
0	1019	58320.031812995262	79
0	1030	59299.717185123924	80
0	1032	59575.865860769961	81
0	1034	59903.721527005292	80
0	1042	60294.84776906636	81
0	1049	60766.370502756562	82
0	1055	60993.191894958473	81
0	1059	61057.243321980314	82
0	1061	61142.032168410977	83
0	1063	61232.607669131618	84
0	1065	61306.779206585512	85
0	1067	61395.64854335308	86
0	1069	61539.034217814661	85
0	1078	62435.715756436658	86
0	1080	62599.220103691078	85
0	1084	62678.443801505705	86
0	1090	62771.328396524093	87
0	1092	62876.991151216468	88
0	1094	62909.086695614753	89
0	1096	62930.607842264301	90
0	1098	62951.513892626049	91
0	1100	63156.677016136373	92
0	1102	63397.55795666474	93
0	1109	63532.079082646747	94
0	1111	64236.360929938711	93
0	1119	64880.889143623852	94
0	1121	64952.157528344081	95
0	1123	65020.32357558117	94
0	1132	65233.668787859299	95
0	1134	65295.860945018686	94
0	1142	65723.964208609318	95
0	1144	65941.613447210006	96
0	1146	66348.541443737817	97
0	1148	66514.186542103745	96
0	1157	66625.424572132534	97
0	1163	67628.331429878928	96
0	1172	68180.663082520224	95
0	1176	68295.699481627083	96
0	1178	68405.717246280231	97
0	1180	68458.851818121079	98
0	1182	68466.364016820737	99
0	1184	68560.090524977736	100
0	1190	69071.428568988395	101
0	1192	69210.276138844678	102
0	1199	69725.905130426146	101
0	1207	70055.499892959245	102
0	1214	70695.631494219492	103
0	1216	70695.651420901743	104
0	1218	70813.081779512323	103
0	1231	71437.547067618853	104
0	1233	71502.160497042097	103
0	1237	72009.476255248047	102
0	1241	72217.221992733718	103
0	1256	73228.502670298077	102
0	1260	73316.368473787333	103
0	1267	74376.38137365972	104
0	1273	74604.28743712113	103
0	1282	75140.57016907882	104
0	1284	75296.004489431835	103
0	1288	75403.452128564887	104
0	1290	75412.81131683441	105
0	1301	75860.417596895909	106
0	1307	76215.326758618213	105
0	1311	76332.367649433648	106
0	1318	76556.586200949004	107
0	1320	76630.875078646783	108
0	1326	76949.03791481863	109
0	1333	77385.947545054115	108
0	1341	77666.892027278348	109
0	1343	77783.603708133482	110
0	1345	77834.594840659757	111
0	1347	77903.808959362937	112
0	1349	78358.061521818351	113
0	1356	78597.727721999146	112
0	1360	78796.901286083622	113
0	1366	79457.596111141856	114
0	1368	79540.124068216366	115
0	1370	79596.455345554753	116
0	1377	79651.934405076064	115
0	1381	79661.354093402937	116
0	1387	80122.306860835311	117
0	1389	80133.440325797093	118
0	1391	80404.016743520953	117
0	1395	80655.280045311033	118
0	1402	81152.426759751092	119
0	1404	81240.698073102321	120
0	1406	81272.057163075366	121
0	1417	81719.688445734539	120
0	1421	81770.051090889781	121
0	1423	82025.373521628537	120
0	1431	82566.559641952374	119
0	1440	82946.709795186028	120
0	1442	82984.757177863705	121
0	1444	83008.197809186903	122
0	1446	83014.161603178672	123
0	1448	83219.717307421126	122
0	1452	83306.172371180732	123
0	1454	83309.514259956814	124
0	1465	83708.541771473852	125
0	1467	83827.669328697259	126
0	1469	84265.317899106323	127
0	1475	84583.154895290883	128
0	1477	84606.948019140507	129
0	1479	84798.239525514402	128
0	1483	84865.516751979422	129
0	1490	85178.200415307107	130
0	1492	85737.543260114946	129
0	1500	85931.160781451483	130
0	1502	86019.870477448081	131
0	1509	86850.867925691166	130
0	1517	87193.082029234563	131
0	1519	87437.090749974372	132
0	1526	88356.440349700608	131
0	1530	88458.281219589552	132
0	1536	88816.648131201555	133
0	1543	89296.510113808074	132
0	1551	89563.202257917576	133
0	1553	89640.996895891481	134
0	1555	89987.321189463905	135
0	1562	90521.648483217934	136
0	1564	90675.201375551074	137
0	1566	90752.662225845018	136
0	1579	91205.985064278105	135
0	1583	91388.990981208292	136
0	1589	91893.234232114058	137
0	1591	91894.694507789652	138
0	1593	92134.838305706838	137
0	1602	92261.961859453372	138
0	1604	92314.962872886081	139
0	1606	92516.205634082827	140
0	1608	92762.888694028119	139
0	1616	93137.793650790031	140
0	1623	93322.370922136718	141
0	1625	93413.815018342782	142
0	1627	93431.780917416076	141
0	1635	93812.676977435808	140
0	1644	94834.962994664027	141
0	1646	94986.520581961662	142
0	1648	95294.232757757168	141
0	1661	96152.907250045967	142
0	1663	96313.161012232263	143
0	1669	96459.026849875542	144
0	1671	96489.475466909822	145
0	1673	96618.82127275522	146
0	1680	96670.209552305501	145
0	1684	96807.089628071296	146
0	1686	96858.25481217266	147
0	1688	96999.915680176831	148
0	1690	97019.682334295222	149
0	1701	98119.431854737785	150
0	1703	98243.956175367098	149
0	1711	98393.904381055142	150
0	1713	98451.120325731357	151
0	1724	99223.099092956156	152
0	1731	99593.592453631323	151
0	1735	99630.395449293756	152
0	1737	99834.117484282303	153
0	1739	100030.554261598539	154
0	1741	100186.921239900153	153
0	1749	100532.707134453269	154
0	1756	101229.532292517584	153
0	1760	101241.927858066542	154
0	1762	101355.385468404236	155
0	1764	101461.910142773538	156
0	1770	101512.658581162962	157
0	1772	101533.166532851041	158
0	1774	101608.563737156552	157
0	1783	101766.149426306552	158
0	1785	101986.987498559736	159
0	1791	102206.250702476241	160
0	1793	102282.865769932729	159
0	1797	102620.157602066164	160
0	1804	103048.376252546744	161
0	1806	103159.367829817098	160
0	1810	103252.917626693986	161
0	1816	103884.254898902449	162
0	1818	103946.462639788848	161
0	1822	104140.577802527355	162
0	1824	104173.09921039676	163
0	1826	104194.1692540175	164
0	1833	104582.582941077356	165
0	1839	105125.540424463093	166
0	1841	105321.968180606824	165
0	1845	105666.409030198964	166
0	1852	105774.526059101812	167
0	1854	105800.596938743061	168
0	1856	106119.470771313817	169
0	1858	106122.975518676413	170
0	1860	106237.665703912875	171
0	1871	106543.125332775277	170
0	1879	107039.055940111947	171
0	1886	107905.161770763558	170
0	1895	107972.33743927397	171
0	1901	108200.553004810911	172
0	1907	108972.068896965629	173
0	1914	109213.352372532962	174
0	1916	109296.867842632097	173
0	1924	109787.589048924607	172
0	1933	110367.08355119319	173
0	1935	110569.700623847366	174
0	1937	110712.00584891693	173
0	1941	110862.344033874153	174
0	1948	110925.054291608879	175
0	1958	111336.82062809165	176
0	1960	111615.763884713073	177
0	1962	111665.427048207648	178
0	1964	111686.430117557508	177
0	1968	111807.287774108554	178
0	1970	111864.532100156366	179
0	1981	112491.883098589939	178
0	1990	112992.350716393129	179
0	1992	113027.197806424054	180
0	1994	113246.971630623223	181
0	2000	114033.619988816542	180
0	2009	114116.01754560609	181
0	2011	114393.09930119173	180
0	2015	114579.683856633421	181
0	2017	114762.996751905292	182
0	2019	114798.319780051685	183
0	2030	115642.112850739165	184
0	2036	115896.167895490987	183
0	2040	116075.089812917722	184
0	2047	116528.56063434227	185
0	2049	116608.085268060429	184
0	2057	116892.437533057974	185
0	2059	117416.799209225232	186
0	2061	117479.797426583779	187
0	2063	117483.330623687116	188
0	2065	117901.297440114183	187
0	2074	118056.290827892664	188
0	2076	118276.87918804364	189
0	2082	118528.888417045192	190
0	2084	118585.229515204889	189
0	2093	119635.195497247891	190
0	2095	119672.114178729153	191
0	2097	120060.350121888084	190
0	2105	120764.333504792268	191
0	2116	121195.567148434682	190
0	2120	121479.991708536101	191
0	2122	122088.476292249152	192
0	2124	122120.455950004786	193
0	2126	122182.972312759805	194
0	2128	122218.692062293987	195
0	2135	122575.552684367341	196
0	2141	122864.665659251375	195
0	2150	123648.993361004792	196
0	2152	123756.751578675421	197
0	2158	124225.053052560994	198
0	2160	124453.58058634655	197
0	2169	124713.111717547	198
0	2171	124741.539248297675	197
0	2175	124759.038204113978	198
0	2177	124970.27497451878	199
0	2179	125129.090706381452	200
0	2181	125308.086049464795	201
0	2183	125314.012831699302	202
0	2185	125493.270391705199	201
0	2198	125587.240150428807	202
0	2200	126000.004939022227	201
0	2208	126540.947924831665	202
0	2215	126879.168639742403	203
0	2221	127219.593963506385	202
0	2225	127612.234547160316	203
0	2227	127632.967997214457	204
0	2229	127775.371613356729	205
0	2231	127807.954302610113	206
0	2233	127903.330880159587	207
0	2235	128000.791660824992	208
0	2237	128113.587818140849	207
0	2246	128343.915774600774	208
0	2248	128349.578259159754	209
0	2250	128608.65042232762	210
0	2252	128810.2534367267	211
0	2263	129188.016616460413	212
0	2265	129199.898051080698	213
0	2271	129289.880345074612	214
0	2273	129394.980930896978	215
0	2275	129562.486496376559	214
0	2279	129925.772931819094	215
0	2281	129991.206034342512	214
0	2290	130095.681443416984	215
0	2292	130248.538195746704	214
0	2305	131379.149775537416	213
0	2309	131534.804295036192	214
0	2311	131551.628859660951	215
0	2317	131740.999946134602	216
0	2319	131805.035578962891	217
0	2321	132446.172061923823	218
0	2328	132812.730390294351	219
0	2330	133045.246584336027	218
0	2334	133180.548995361788	219
0	2336	133345.799049257261	220
0	2338	133370.111345733012	221
0	2344	133505.133645255773	222
0	2346	134087.851629166834	223
0	2348	134210.337028227687	224
0	2350	134236.635624803345	225
0	2357	134336.105494257255	226
0	2359	134508.622064271263	227
0	2361	134610.302880576266	228
0	2363	134709.996660011574	227
0	2367	134972.078871837745	228
0	2378	135908.833784381613	227
0	2382	135913.709607509724	228
0	2388	136204.942297757521	229
0	2390	136326.746900489042	230
0	2392	136865.490073556766	229
0	2396	136949.229970054809	230
0	2403	137431.729316367461	231
0	2405	137592.699681302526	232
0	2411	138122.957652392552	231
0	2424	138842.131910295285	232
0	2426	138885.909855435357	231
0	2430	139325.259017121021	232
0	2432	139460.892721968458	231
0	2436	139539.880898023875	232
0	2443	140202.760605322883	231
0	2451	140536.772911845544	232
0	2458	141787.000965970475	233
0	2460	141861.86826508002	232
0	2468	142528.909287820325	231
0	2472	142605.535545978029	232
0	2479	142705.065723933633	233
0	2481	142745.365758745421	234
0	2483	142987.423603479049	235
0	2498	144072.812181466027	236
0	2500	144197.405479433701	235
0	2504	144247.959071778994	236
0	2511	144521.438626530335	235
0	2519	145142.786262143913	236
0	2521	145257.285898412636	237
0	2523	145308.586958846823	238
0	2525	145480.132654396964	239
0	2527	145648.899103387042	240
0	2534	145817.695239413071	241
0	2536	146031.115734907553	240
0	2540	146228.021585812305	241
0	2546	146613.558163004682	240
0	2555	146799.470188501599	241
0	2557	146930.178570967898	242
0	2563	147579.222560631797	241
0	2567	147711.819888255417	242
0	2574	147809.549076170009	243
0	2576	148101.326609155587	244
0	2578	148325.916172521875	243
0	2586	148856.101678604946	242
0	2590	149129.999734369364	243
0	2597	149857.050155528298	244
0	2599	149885.969176660047	243
0	2603	150011.458416406072	244
0	2605	150020.432530868043	245
0	2616	150453.353174963293	246
0	2622	151207.070580865012	245
0	2631	152097.693802336918	244
0	2639	152319.99976725512	245
0	2641	152721.204730672902	246
0	2643	152780.710215108368	247
0	2645	152994.309219682194	248
0	2647	153188.85419081888	249
0	2649	153218.611523690389	248
0	2658	153617.607514041672	249
0	2660	153647.668159338401	248
0	2664	153655.550120810006	249
0	2675	154438.911763611005	248
0	2679	154706.704634050594	247
0	2683	154816.663910947975	248
0	2698	155734.218885297642	247
0	2707	156217.391543494717	248
0	2713	156529.616670273749	249
0	2724	157265.554950828419	248
0	2733	157868.603662197522	249
0	2739	157971.40847357864	250
0	2741	158225.190229273887	251
0	2743	158669.102171072055	252
0	2750	158802.883842810088	253
0	2752	158902.463059569464	252
0	2765	159613.781276035741	253
0	2767	159759.84275982783	254
0	2769	159898.420504177676	253
0	2773	159903.769057919702	254
0	2784	161133.142022795084	255
0	2790	161469.209125111566	254
0	2799	161967.451405318686	255
0	2801	162007.237120895409	256
0	2803	162184.316465961502	255
0	2807	162265.848821571459	256
0	2809	162523.117129027523	257
0	2820	162926.121890726254	256
0	2824	163008.198705556236	257
0	2830	164050.441047683812	258
0	2832	164062.355459066794	257
0	2841	164597.445561359391	256
0	2849	164854.551394079349	257
0	2851	165140.705615062975	258
0	2858	165757.644995148048	257
0	2862	165901.712068335786	258
0	2864	166021.325892824117	259
0	2870	166211.15183714287	258
0	2879	166719.743248380376	259
0	2881	166722.592773122587	260
0	2887	166944.566284990923	261
0	2889	166953.506239779644	262
0	2891	167225.726088984136	263
0	2893	167365.633622067735	262
0	2897	167519.699456969403	263
0	2899	167681.011125584551	264
0	2901	167714.763065124116	265
0	2908	167966.25222731258	266
0	2910	167975.11313917816	267
0	2916	168174.649789606908	268
0	2923	168933.474129508004	267
0	2927	169026.514284591968	268
0	2933	169575.331968250439	267
0	2942	170275.496066551529	268
0	2948	170585.353361256536	269
0	2950	170810.218935641215	268
0	2959	171013.151858960024	269
0	2965	171826.484844158159	268
0	2969	172070.377472745941	267
0	2973	172083.506861173385	268
0	2980	172458.570868508936	269
0	2982	172637.378391022549	268
0	2995	173725.163429151044	267
0	2999	173746.831489810344	268
0	3001	173989.458642038272	267
0	3009	174143.000160782317	268
0	3011	174747.901824811624	269
0	3018	175163.872727160431	270
0	3020	175232.393339196907	269
0	3024	175310.181359189517	270
0	3026	175514.297351161705	269
0	3034	175873.457717440622	270
0	3041	176154.936109758171	271
0	3043	176419.129297886277	272
0	3045	176593.02838662106	273
0	3051	177019.278371705989	274
0	3053	177053.580785540077	275
0	3055	177078.422620589601	274
0	3064	177276.079641310474	275
0	3066	177554.940586398691	276
0	3072	177646.396300303506	275
0	3076	177906.405714667369	276
0	3083	178670.021319131862	277
0	3085	178721.590852494588	278
0	3087	178908.152877811936	279
0	3093	179163.619824531245	278
0	3102	180327.078004277437	279
0	3108	180498.79719461741	280
0	3110	180658.991285632121	279
0	3114	180780.017959012913	280
0	3116	180826.414271587963	281
0	3123	181678.579628350901	280
0	3127	181750.870017920753	281
0	3133	182332.031357805001	280
0	3146	182993.23366449012	281
0	3148	183062.388071903626	282
0	3155	183199.372013385965	283
0	3161	183896.51860575633	282
0	3170	184293.603385834173	283
0	3176	184568.560244100856	282
0	3180	184605.995237292277	283
0	3182	184818.864240097284	284
0	3184	184916.735941984036	285
0	3186	185669.589131469595	284
0	3190	185775.197465547127	285
0	3197	185838.063472279914	286
0	3199	185985.273782808661	287
0	3201	186194.178034482613	288
0	3207	186547.783780869997	289
0	3214	186709.182331250243	290
0	3216	186746.066806870269	289
0	3220	186811.501438920449	290
0	3222	186826.053206875628	291
0	3224	187031.050207869076	292
0	3226	187053.304021382423	293
0	3228	187315.746441079611	294
0	3230	187338.434881012285	295
0	3236	187570.175811119078	296
0	3238	187643.538548714179	297
0	3245	188128.324372587232	298
0	3247	188203.09755562348	299
0	3249	188251.096193860041	298
0	3253	188605.044242104196	299
0	3259	188876.0413168382	300
0	3266	189006.738292420008	301
0	3268	189007.855860871121	302
0	3270	189169.75267333174	303
0	3272	189497.198127085975	304
0	3274	189520.995471509861	303
0	3278	189726.195370657813	304
0	3280	189897.270768620555	305
0	3282	189899.143896431207	306
0	3297	190695.668273116218	305
0	3301	191299.055996628334	306
0	3303	191357.79621514933	305
0	3312	191709.644807615225	306
0	3314	191886.320839742886	305
0	3318	192046.093757500842	306
0	3325	192279.881619146822	307
0	3331	192571.64269439386	306
0	3335	192640.804086145	307
0	3341	192900.940891657686	308
0	3343	193066.091360610401	309
0	3354	194014.378663149916	310
0	3356	194094.182741115557	309
0	3360	194217.870564422003	310
0	3367	194541.295416339254	311
0	3369	194577.949047450983	312
0	3375	194963.178743717057	313
0	3382	195343.497501622239	314
0	3384	195730.998067012594	315
0	3386	195731.69366325693	314
0	3390	195916.559185015243	315
0	3392	195930.343152213318	316
0	3403	196543.743388834165	315
0	3416	197822.568981642591	314
0	3424	198534.391795220831	315
0	3431	199233.366542192864	314
0	3444	199880.485247315106	315
0	3446	199994.882210212545	316
0	3448	200142.020565736819	317
0	3450	200172.844051616766	318
0	3452	200230.371972573089	319
0	3463	200752.127845584335	320
0	3469	200805.275323547598	321
0	3471	200851.350019792783	320
0	3475	200913.979124803692	321
0	3486	201651.469061178675	322
0	3488	201843.024648162293	321
0	3492	201855.908630701662	322
0	3494	201997.466854018334	323
0	3496	202038.209253679493	324
0	3498	202251.966143804359	323
0	3502	202353.439220992164	324
0	3509	203341.126535231936	323
0	3513	203345.67592888415	324
0	3515	203365.093233194647	325
0	3526	204353.743906475465	326
0	3528	204537.522165048452	327
0	3530	204802.463087732661	326
0	3538	205084.135058471409	327
0	3540	205141.714975278601	328
0	3542	205590.145756783653	327
0	3546	205663.047579900465	328
0	3553	205738.490794761746	329
0	3555	206451.634701366193	330
0	3557	206454.864400806439	331
0	3559	206491.699053452555	332
0	3561	206525.743078592888	333
0	3567	206773.678982417084	334
0	3569	206816.451349812318	333
0	3578	207086.907750149209	334
0	3580	207153.563929404015	335
0	3586	207607.165092411209	334
0	3604	208663.860632647917	335
0	3610	208899.103806149558	336
0	3612	209138.242105501462	335
0	3616	209154.729130585602	336
0	3627	210385.618271552667	337
0	3629	210400.183135590481	338
0	3631	210445.106643639675	339
0	3633	210683.095371938376	340
0	3640	210789.387846062649	339
0	3644	210797.009232765964	340
0	3646	210980.793760102783	341
0	3648	211002.636508165734	342
0	3654	211368.166343788374	341
0	3658	211403.267480345946	342
0	3665	212102.819680623517	343
0	3667	212104.560439693499	342
0	3675	212469.801948328035	343
0	3677	212477.800663054787	344
0	3679	212681.276851599724	345
0	3681	212850.335743165997	346
0	3683	212893.772337692547	345
0	3692	213193.518678406154	346
0	3694	213815.692052674492	347
0	3705	214086.486832494605	346
0	3713	214698.882155615642	347
0	3715	214793.165912884045	346
0	3719	214835.725006897486	347
0	3726	215192.252952153552	346
0	3730	215480.720567816685	347
0	3732	215599.558977675984	348
0	3734	215738.950065882753	349
0	3740	216015.990914809275	348
0	3744	216189.493290384986	349
0	3755	216670.657920621177	350
0	3757	217006.245147224809	351
0	3759	217038.316091921514	352
0	3761	217064.662200095821	351
0	3770	217475.628147005954	352
0	3776	218263.238130951989	351
0	3785	218626.785299671939	352
0	3787	218651.987474332321	351
0	3791	218934.021420883704	350
0	3795	219175.760324815977	349
0	3803	219425.731687510371	350
0	3805	219612.184127735817	351
0	3812	220186.040595578719	350
0	3820	220756.059151463537	351
0	3822	220832.17077445562	352
0	3824	220951.784416618515	351
0	3828	220990.158278190759	352
0	3835	221219.321389230658	351
0	3839	221669.159716653418	352
0	3845	222128.10623957136	353
0	3852	222489.375019214918	354
0	3854	222519.600633626913	355
0	3860	222672.920070136656	354
0	3864	222797.027815515162	355
0	3866	222887.118996460257	356
0	3868	222890.261039130726	357
0	3870	222928.196449757695	358
0	3872	222937.290453605965	359
0	3879	223048.148420014995	360
0	3881	223307.727285606061	361
0	3887	223308.308142120709	360
0	3891	223332.15540170331	361
0	3893	223498.196681641705	362
0	3895	223561.87373584557	363
0	3897	223582.279933062403	364
0	3904	223877.573170401825	365
0	3910	224656.038949782844	366
0	3912	224781.345845865776	365
0	3916	225242.197034465839	364
0	3925	225475.29814368927	365
0	3927	225679.550666768989	366
0	3929	225879.988158887381	367
0	3931	225960.551913524737	366
0	3939	226150.446213408665	367
0	3946	226176.730729191876	368
0	3948	226634.989067273905	367
0	3952	226677.270886993496	368
0	3958	227434.169294493964	367
0	3967	227620.543454670479	368
0	3969	227656.72544321441	369
0	3971	227715.86097005265	368
0	3975	227836.191322703354	369
0	3981	228594.636488020143	370
0	3988	229017.174870054943	371
0	3990	229210.248612644842	370
0	4007	229917.95174376925	371
0	4009	230288.105658352523	372
0	4011	230458.10800786438	373
0	4013	230543.615337568095	372
0	4017	230563.610867067967	373
0	4024	230851.937992897827	374
0	4030	231098.581220955378	375
0	4032	231309.088379549554	374
0	4036	231510.740342764245	375
0	4043	231627.674392436906	376
0	4054	232289.326822045019	375
0	4058	232315.114199098304	376
0	4060	232332.371590947881	377
0	4066	232649.358228739279	378
0	4068	232864.958899165264	377
0	4072	233110.517807188204	376
0	4076	233143.897164026642	377
0	4078	233214.716611933212	378
0	4085	233526.170273145948	379
0	4087	233556.723981120284	380
0	4093	233974.149728882431	381
0	4095	234227.461413773468	380
0	4104	235329.074814553592	381
0	4110	235472.376776349151	382
0	4112	235503.714435542694	381
0	4121	236056.653182494307	382
0	4123	236176.295734005741	381
0	4127	236249.837132364257	382
0	4133	236443.223277715348	383
0	4140	237436.305353964667	384
0	4142	237756.674690837733	383
0	4150	238044.052616650931	382
0	4159	238191.879988251341	383
0	4161	238294.336054487834	384
0	4172	238897.414786289207	383
0	4180	239677.425923735141	384
0	4182	239840.608333228172	385
0	4189	240052.304105431946	386
0	4191	240064.311229618959	385
0	4195	240357.68015697413	386
0	4201	240894.169828178531	387
0	4208	241572.487723524444	386
0	4212	241723.468303765267	387
0	4218	242354.995148065262	386
0	4222	242536.019674752367	387
0	4224	242688.713918882184	386
0	4233	243101.089482411334	387
0	4235	243202.210298390298	388
0	4241	243480.876233755803	389
0	4243	243915.801349687152	388
0	4247	244014.741604931957	389
0	4254	244394.910212005251	388
0	4258	244508.922247031099	389
0	4260	244746.343255054939	390
0	4262	244963.59562032948	391
0	4264	245041.247563188798	392
0	4266	245058.380605685287	391
0	4274	245286.456263304413	392
0	4276	245562.477400870365	393
0	4278	245594.396103950911	392
0	4287	246231.863766941087	393
0	4289	246432.276726015557	394
0	4291	246464.848628150993	393
0	4295	246561.103688053531	394
0	4297	246590.718211623201	395
0	4312	247204.13358921377	396
0	4314	247752.654890136259	397
0	4316	247883.223699170442	398
0	4318	247918.559672827595	397
0	4322	247985.37373608486	398
0	4324	247998.782329313991	399
0	4331	248197.790089375544	400
0	4333	248267.076734262281	399
0	4341	248954.399779644146	400
0	4343	249056.316438080718	401
0	4350	249176.62678746666	402
0	4352	249221.635985050019	403
0	4354	249325.310065853172	402
0	4358	249754.283035929232	403
0	4364	250094.173886673144	404
0	4366	250095.138923674157	405
0	4368	250274.147652817446	406
0	4375	250970.582838873142	405
0	4388	251239.30588512645	406
0	4390	251253.999105252738	407
0	4392	251256.697789254218	408
0	4398	251571.15626967954	407
0	4402	251624.197460113177	408
0	4404	252049.503403606052	409
0	4406	252220.093572044219	410
0	4413	252399.112457292848	409
0	4417	252659.754435730224	410
0	4419	252937.147871205898	411
0	4425	253660.123517545634	410
0	4434	254048.250841205842	411
0	4436	254406.911700437539	410
0	4440	254430.410035072522	411
0	4442	254598.484018959013	412
0	4448	254757.701647001719	413
0	4455	255107.613148509728	414
0	4457	255139.618669472335	415
0	4463	255755.664449999803	414
0	4467	255886.493527135599	415
0	4469	255917.048067707623	416
0	4471	256003.019149109587	417
0	4478	256142.927232952816	418
0	4480	256157.559793288582	417
0	4484	256328.644653062253	418
0	4490	256820.910711903282	419
0	4497	256926.941484021717	418
0	4501	257090.35783647575	419
0	4503	257090.554439661024	420
0	4505	257156.78505936798	421
0	4507	257356.255351513126	422
0	4509	257375.296734231287	421
0	4513	257380.233200919885	422
0	4515	257490.745058635109	423
0	4521	257574.809992808881	424
0	4523	257706.814177217656	423
0	4527	258073.891642573052	422
0	4536	258544.670759402469	423
0	4538	258624.065059418553	422
0	4542	258995.778873242047	423
0	4544	259057.357528096691	424
0	4550	259119.759035738655	425
0	4552	259454.801516122948	426
0	4559	259922.513275798687	427
0	4561	260020.231516803378	426
0	4574	260391.06843484094	427
0	4576	260400.462262227518	428
0	4578	260635.449965622808	429
0	4580	260656.700424651002	430
0	4591	261490.653954776699	429
0	4595	261543.558491154349	430
0	4601	262050.053487453791	431
0	4603	262061.863487154248	432
0	4610	262152.413488696093	431
0	4614	262256.793584873135	432
0	4616	262297.619284862359	433
0	4622	262695.220134657038	434
0	4624	262979.431708798736	435
0	4631	263210.12909453789	436
0	4633	263580.122188995356	435
0	4637	264026.605635238812	436
0	4643	264334.711354958352	437
0	4650	264531.94408478948	438
0	4652	264792.916521860397	439
0	4654	264876.05854194122	438
0	4658	264952.012469854499	439
0	4673	266251.128275949247	440
0	4675	266396.304866107876	439
0	4679	266677.615290185034	440
0	4686	267584.667747409187	441
0	4693	267621.445915060813	440
0	4701	268363.933530652802	441
0	4708	268418.3620841726	442
0	4714	268557.712022806282	441
0	4718	268768.090547457371	442
0	4729	269142.357307928379	441
0	4733	269692.542726572509	442
0	4735	269732.983211607191	443
0	4741	269871.426017763789	442
0	4750	270063.039505033853	443
0	4752	270168.349611286259	444
0	4754	270275.250552447491	445
0	4756	270356.037145718621	446
0	4762	271100.503579175319	447
0	4769	271344.24579562318	448
0	4771	271498.4301236968	447
0	4775	271504.409244457953	448
0	4777	271948.678054084108	449
0	4779	272005.575888524528	448
0	4787	272222.536030744563	449
0	4794	272819.629650030579	450
0	4796	273032.8125794626	451
0	4802	273091.396337630923	450
0	4806	273605.782140170815	451
0	4813	273715.023721712406	450
0	4817	273764.956202065113	451
0	4819	274238.649325507955	452
0	4821	274255.607427003791	453
0	4832	274723.71151813544	454
0	4834	275034.053703962341	455
0	4840	275203.828163324463	456
0	4842	275303.621401190672	457
0	4844	275363.591650868531	456
0	4853	275875.167944716451	457
0	4859	276405.619944311676	458
0	4866	276589.347591544267	457
0	4874	276884.925510472068	458
0	4876	277047.217042298502	459
1	0	0	0
1	43	3700.279031353741	1
1	49	4492.43482205525	2
1	51	4594.944041683077	1
1	70	5872.518870192319	2
1	74	6072.086266264989	1
1	85	6214.810794735998	2
1	89	6766.18590699017	1
1	106	7653.783368426115	2
1	108	8206.595204430371	1
1	115	8575.778946052045	2
1	127	9480.309228482396	3
1	131	9669.686453374773	2
1	138	9890.624398695976	3
1	150	10337.053129817099	4
1	152	10960.801151725203	3
1	161	11328.514722394497	4
1	169	11675.18136666596	3
1	176	11949.474802831859	4
1	190	12501.307316492052	5
1	200	13071.052998820991	4
1	209	13630.702437716277	5
1	215	14088.461095117704	4
1	230	14852.523666615339	5
1	232	15076.729629342184	4
1	239	15235.487372833045	5
1	245	15741.773133161218	4
1	264	16435.631437073203	5
1	266	16526.355486181305	4
1	283	17519.163121464403	3
1	290	17550.907597127112	4
1	300	18730.925656403156	5
1	304	19154.828332266511	4
1	311	19203.211352484973	5
1	315	19807.951258378776	6
1	321	20460.185320093037	5
1	328	20644.642025115641	6
1	340	21572.858625626863	5
1	351	21782.496577757152	6
1	361	22305.575171406122	7
1	365	22881.694584977553	6
1	378	23496.351958201007	5
1	385	23499.613861399444	6
1	389	24200.138231408523	5
1	410	25145.715491319748	6
1	412	25306.281525590198	5
1	421	25414.497739481481	6
1	435	25948.604337670581	5
1	450	27065.102631370278	6
1	452	27292.358418828549	5
1	459	27397.475032838734	6
1	469	28126.526322648602	5
1	476	28451.346999364646	6
1	490	29276.212800484824	5
1	501	30011.428056838663	6
1	505	30176.14884963699	5
1	516	30918.49054060385	4
1	525	31212.498998637052	5
1	539	31831.049118856642	4
1	546	32025.360881010743	5
1	556	32476.237020115109	6
1	560	32830.441862256009	5
1	569	33105.048494967373	6
1	577	33968.983306917103	7
1	581	34224.451404330064	6
1	592	35252.237544818525	5
1	599	35297.776942583474	6
1	609	36542.272311388259	5
1	618	36821.61532297239	6
1	624	37627.405861853366	5
1	633	38068.865482541475	6
1	639	38548.637769645755	5
1	650	38901.88648677871	6
1	660	39592.920885043893	7
1	664	39878.111973018129	6
1	683	40830.166376824234	7
1	687	41261.386596956034	6
1	700	41638.778157527302	7
1	712	42313.045892896806	8
1	718	42529.699842841108	7
1	727	42970.757651212369	8
1	735	43405.840309965168	9
1	741	43938.803265779023	8
1	750	44075.366862038826	9
1	762	44921.173663367261	8
1	773	45142.395230415021	9
1	781	45585.81525057063	10
1	783	45867.850686614145	9
1	792	45965.869544888591	10
1	796	46580.760482023215	11
1	804	46938.584799491544	10
1	821	47981.67983021096	11
1	823	48022.345067071472	10
1	838	48897.398637416518	11
1	842	49191.484151067889	12
1	850	49665.473972218788	13
1	852	49701.099830162455	12
1	861	50145.734398062086	13
1	863	50434.825411154632	12
1	888	51631.238339761949	13
1	890	51906.72988829643	12
1	899	52408.777023735202	13
1	907	52721.623906153	14
1	911	52996.555982962926	13
1	918	53487.938289711929	14
1	920	53614.514189972286	13
1	931	54060.207261624492	14
1	935	54227.165398006071	13
1	964	55637.164585548197	12
1	971	55659.745131502605	13
1	981	56737.691639824514	12
1	990	57159.130196864463	13
1	996	57444.978247317232	14
1	1006	57922.137832673944	15
1	1008	57994.604736822401	14
1	1017	58234.670717264272	15
1	1025	59218.011608901177	14
1	1036	59903.721527005292	15
1	1044	60481.094837640156	14
1	1057	60993.191894958473	15
1	1071	61539.034217814661	16
1	1073	62122.743784594094	15
1	1082	62599.220103691078	16
1	1104	63521.458644889971	15
1	1113	64236.360929938711	16
1	1125	65020.32357558117	17
1	1127	65072.943568224763	16
1	1136	65295.860945018686	17
1	1150	66514.186542103745	18
1	1152	66595.926237939601	17
1	1165	67628.331429878928	18
1	1167	68164.331231438299	17
1	1174	68180.663082520224	18
1	1194	69256.827024710109	17
1	1201	69725.905130426146	18
1	1209	70270.968027231028	17
1	1220	70813.081779512323	18
1	1226	71432.256114841183	17
1	1235	71502.160497042097	18
1	1239	72009.476255248047	19
1	1247	72491.743775191461	18
1	1258	73228.502670298077	19
1	1262	73834.231109800493	18
1	1275	74604.28743712113	19
1	1277	74682.028285148298	18
1	1286	75296.004489431835	19
1	1292	75512.405218030071	18
1	1309	76215.326758618213	19
1	1313	76336.472903047433	18
1	1328	77168.54409851574	17
1	1335	77385.947545054115	18
1	1351	78575.389927080578	17
1	1358	78597.727721999146	18
1	1372	79603.134407163343	17
1	1379	79651.934405076064	18
1	1393	80404.016743520953	19
1	1397	80730.235194540328	18
1	1408	81430.239045847884	17
1	1419	81719.688445734539	18
1	1425	82025.373521628537	19
1	1433	82566.559641952374	20
1	1435	82626.606915020129	19
1	1450	83219.717307421126	20
1	1460	83486.701994393697	19
1	1481	84798.239525514402	20
1	1485	84934.667137493124	19
1	1494	85737.543260114946	20
1	1504	86590.361883588811	19
1	1511	86850.867925691166	20
1	1521	87681.944206156512	19
1	1528	88356.440349700608	20
1	1538	89054.750250787218	19
1	1545	89296.510113808074	20
1	1557	90192.741697509517	19
1	1568	90752.662225845018	20
1	1570	90807.037502838974	19
1	1581	91205.985064278105	20
1	1595	92134.838305706838	21
1	1597	92249.898283914407	20
1	1610	92762.888694028119	21
1	1618	93247.969655231317	20
1	1629	93431.780917416076	21
1	1637	93812.676977435808	22
1	1639	94400.194156164979	21
1	1650	95294.232757757168	22
1	1656	95614.941773260688	21
1	1675	96659.223981736904	20
1	1682	96670.209552305501	21
1	1696	98096.461346572941	20
1	1705	98243.956175367098	21
1	1715	98711.525616603648	20
1	1726	99397.409470318561	19
1	1733	99593.592453631323	20
1	1743	100186.921239900153	21
1	1751	100723.221097499808	20
1	1758	101229.532292517584	21
1	1776	101608.563737156552	22
1	1778	101732.577571808105	21
1	1795	102282.865769932729	22
1	1799	102859.546908982774	21
1	1808	103159.367829817098	22
1	1820	103946.462639788848	23
1	1828	104380.392626397988	22
1	1843	105321.968180606824	23
1	1847	105733.149647558784	22
1	1866	106525.786389349705	21
1	1873	106543.125332775277	22
1	1881	107269.928816877982	21
1	1888	107905.161770763558	22
1	1890	107918.110097986391	21
1	1909	109048.194204023784	20
1	1918	109296.867842632097	21
1	1926	109787.589048924607	22
1	1928	110271.940588946199	21
1	1939	110712.00584891693	22
1	1943	110910.132020045748	21
1	1966	111686.430117557508	22
1	1972	112089.203719454562	21
1	1983	112491.883098589939	22
1	1985	112861.863391468977	21
1	2002	114033.619988816542	22
1	2004	114087.09956990995	21
1	2013	114393.09930119173	22
1	2025	115182.391842934047	21
1	2038	115896.167895490987	22
1	2042	116527.618864704599	21
1	2051	116608.085268060429	22
1	2067	117901.297440114183	23
1	2069	117944.939802665939	22
1	2086	118585.229515204889	23
1	2088	119580.839733830398	22
1	2099	120060.350121888084	23
1	2107	120783.275937367907	22
1	2118	121195.567148434682	23
1	2130	122269.704426708376	22
1	2143	122864.665659251375	23
1	2145	123554.000945384359	22
1	2162	124453.58058634655	23
1	2164	124611.955777345901	22
1	2173	124741.539248297675	23
1	2187	125493.270391705199	24
1	2193	125543.50071409226	23
1	2202	126000.004939022227	24
1	2210	126576.860970896413	23
1	2223	127219.593963506385	24
1	2239	128113.587818140849	25
1	2241	128197.786627015775	24
1	2258	128833.507183114743	23
1	2277	129562.486496376559	24
1	2283	129991.206034342512	25
1	2285	130021.665329918942	24
1	2294	130248.538195746704	25
1	2300	131151.97204991684	24
1	2307	131379.149775537416	25
1	2323	132804.168764292008	24
1	2332	133045.246584336027	25
1	2352	134275.753428996286	24
1	2365	134709.996660011574	25
1	2373	135614.012228403917	24
1	2380	135908.833784381613	25
1	2394	136865.490073556766	26
1	2398	137136.267552687532	25
1	2413	138122.957652392552	26
1	2415	138184.312972496009	25
1	2428	138885.909855435357	26
1	2434	139460.892721968458	27
1	2438	139783.277242001823	26
1	2445	140202.760605322883	27
1	2453	141263.441041926599	26
1	2462	141861.86826508002	27
1	2470	142528.909287820325	28
1	2474	142616.353981070898	27
1	2489	143485.727627598427	26
1	2502	144197.405479433701	27
1	2506	144337.821503639899	26
1	2513	144521.438626530335	27
1	2529	145726.987334559418	26
1	2538	146031.115734907553	27
1	2548	146613.558163004682	28
1	2550	146677.344584776766	27
1	2565	147579.222560631797	28
1	2569	147762.579564735971	27
1	2580	148325.916172521875	28
1	2588	148856.101678604946	29
1	2592	149160.041129425846	28
1	2601	149885.969176660047	29
1	2611	150321.25538118624	28
1	2624	151207.070580865012	29
1	2626	151966.658197841354	28
1	2633	152097.693802336918	29
1	2651	153218.611523690389	30
1	2653	153332.456086962231	29
1	2662	153647.668159338401	30
1	2670	154341.048321551391	29
1	2677	154438.911763611005	30
1	2681	154706.704634050594	31
1	2685	155019.277523564854	30
1	2700	155734.218885297642	31
1	2702	155916.086979838767	30
1	2715	156748.858099593529	29
1	2726	157265.554950828419	30
1	2728	157642.243090937594	29
1	2745	158676.093716486106	28
1	2754	158902.463059569464	29
1	2760	159576.089283521036	28
1	2771	159898.420504177676	29
1	2779	160986.731904004449	28
1	2792	161469.209125111566	29
1	2794	161768.79442156733	28
1	2805	162184.316465961502	29
1	2815	162850.620769592682	28
1	2822	162926.121890726254	29
1	2834	164062.355459066794	30
1	2836	164185.576410493562	29
1	2843	164597.445561359391	30
1	2853	165516.859962581406	29
1	2860	165757.644995148048	30
1	2872	166211.15183714287	31
1	2874	166411.357726757164	30
1	2895	167365.633622067735	31
1	2903	167778.521501146938	30
1	2918	168816.939209899615	29
1	2925	168933.474129508004	30
1	2935	169575.331968250439	31
1	2937	170088.948756144132	30
1	2952	170810.218935641215	31
1	2954	170813.908251109283	30
1	2967	171826.484844158159	31
1	2971	172070.377472745941	32
1	2975	172139.621960394766	31
1	2984	172637.378391022549	32
1	2990	173230.870626554575	31
1	2997	173725.163429151044	32
1	3003	173989.458642038272	33
1	3013	174870.662565878343	32
1	3022	175232.393339196907	33
1	3028	175514.297351161705	34
1	3036	176021.254333010625	33
1	3057	177078.422620589601	34
1	3059	177098.652813783597	33
1	3074	177646.396300303506	34
1	3078	178591.622969009664	33
1	3095	179163.619824531245	34
1	3097	179859.955232846301	33
1	3112	180658.991285632121	34
1	3118	181131.383560406726	33
1	3125	181678.579628350901	34
1	3135	182332.031357805001	35
1	3137	182466.536575513643	34
1	3150	183191.922787134287	33
1	3163	183896.51860575633	34
1	3165	184212.188240694565	33
1	3178	184568.560244100856	34
1	3188	185669.589131469595	35
1	3192	185791.050812504006	34
1	3209	186548.590579353956	33
1	3218	186746.066806870269	34
1	3240	187900.770775791941	33
1	3251	188251.096193860041	34
1	3261	188970.312264882712	33
1	3276	189520.995471509861	34
1	3284	189916.522812335505	33
1	3299	190695.668273116218	34
1	3305	191357.79621514933	35
1	3307	191564.36236039245	34
1	3316	191886.320839742886	35
1	3320	192232.626584772705	34
1	3333	192571.64269439386	35
1	3345	193268.102065720349	34
1	3358	194094.182741115557	35
1	3362	194361.143549051821	34
1	3377	195105.258134496152	33
1	3388	195731.69366325693	34
1	3398	196343.567183338791	33
1	3405	196543.743388834165	34
1	3411	197323.611621656209	33
1	3418	197822.568981642591	34
1	3426	198612.200933634058	33
1	3433	199233.366542192864	34
1	3439	199821.390435634867	33
1	3454	200543.955226228327	32
1	3473	200851.350019792783	33
1	3477	201211.602113130257	32
1	3490	201843.024648162293	33
1	3500	202251.966143804359	34
1	3504	202646.532351323158	33
1	3511	203341.126535231936	34
1	3521	204051.562269399629	33
1	3532	204802.463087732661	34
1	3544	205590.145756783653	35
1	3548	205713.662603865133	34
1	3571	206816.451349812318	35
1	3573	207022.965513257997	34
1	3588	207607.165092411209	35
1	3590	207883.847116478475	34
1	3599	208547.064832574444	33
1	3614	209138.242105501462	34
1	3618	209658.110087443831	33
1	3635	210715.712951137441	32
1	3642	210789.387846062649	33
1	3656	211368.166343788374	34
1	3660	211810.632681171167	33
1	3669	212104.560439693499	34
1	3685	212893.772337692547	35
1	3687	213181.500900867152	34
1	3696	213857.146464711743	33
1	3707	214086.486832494605	34
1	3717	214793.165912884045	35
1	3721	215162.84131356025	34
1	3728	215192.252952153552	35
1	3742	216015.990914809275	36
1	3746	216200.279772947299	35
1	3763	217064.662200095821	36
1	3765	217231.912594190555	35
1	3778	218263.238130951989	36
1	3780	218517.481826240885	35
1	3789	218651.987474332321	36
1	3793	218934.021420883704	37
1	3797	219175.760324815977	38
1	3807	219854.170296457353	37
1	3814	220186.040595578719	38
1	3826	220951.784416618515	39
1	3830	221020.288860029298	38
1	3837	221219.321389230658	39
1	3847	222179.890653728265	38
1	3862	222672.920070136656	39
1	3874	223020.583576219845	38
1	3889	223308.308142120709	39
1	3899	223776.412562769595	38
1	3914	224781.345845865776	39
1	3918	225242.197034465839	40
1	3920	225360.505495466981	39
1	3933	225960.551913524737	40
1	3941	226176.069325231705	39
1	3950	226634.989067273905	40
1	3960	227434.169294493964	41
1	3962	227620.06729386257	40
1	3973	227715.86097005265	41
1	3983	228598.291133776996	40
1	3992	229210.248612644842	41
1	3994	229406.426543514002	40
1	4015	230543.615337568095	41
1	4019	230632.481904797945	40
1	4034	231309.088379549554	41
1	4038	231514.25876507977	40
1	4049	232219.551621596087	39
1	4056	232289.326822045019	40
1	4070	232864.958899165264	41
1	4074	233110.517807188204	42
1	4080	233246.738956491221	41
1	4097	234227.461413773468	42
1	4099	234508.635053517986	41
1	4114	235503.714435542694	42
1	4116	235765.915821525026	41
1	4125	236176.295734005741	42
1	4135	237269.188973572794	41
1	4144	237756.674690837733	42
1	4152	238044.052616650931	43
1	4154	238157.772569213751	42
1	4167	238759.266592492107	41
1	4174	238897.414786289207	42
1	4184	239980.496056847963	41
1	4193	240064.311229618959	42
1	4203	241301.628139405269	41
1	4210	241572.487723524444	42
1	4220	242354.995148065262	43
1	4226	242688.713918882184	44
1	4228	242972.869694907907	43
1	4245	243915.801349687152	44
1	4249	244302.613972755838	43
1	4256	244394.910212005251	44
1	4268	245058.380605685287	45
1	4280	245594.396103950911	46
1	4282	245899.191110017467	45
1	4293	246464.848628150993	46
1	4299	246649.389619915504	45
1	4320	247918.559672827595	46
1	4326	248034.417822151203	45
1	4335	248267.076734262281	46
1	4345	249073.893511234541	45
1	4356	249325.310065853172	46
1	4370	250318.041221829821	45
1	4377	250970.582838873142	46
1	4383	251179.594099824075	45
1	4400	251571.15626967954	46
1	4408	252301.659123426993	45
1	4415	252399.112457292848	46
1	4427	253660.123517545634	47
1	4429	253775.773291862328	46
1	4438	254406.911700437539	47
1	4450	255023.981957849805	46
1	4465	255755.664449999803	47
1	4473	256117.417375375275	46
1	4482	256157.559793288582	47
1	4492	256915.093332691808	46
1	4499	256926.941484021717	47
1	4511	257375.296734231287	48
1	4525	257706.814177217656	49
1	4529	258073.891642573052	50
1	4531	258247.397497831602	49
1	4540	258624.065059418553	50
1	4554	259497.805007756446	49
1	4563	260020.231516803378	50
1	4569	260222.719826088045	49
1	4586	261421.691482937653	48
1	4593	261490.653954776699	49
1	4605	262074.988344828357	48
1	4612	262152.413488696093	49
1	4626	263168.210946419035	48
1	4635	263580.122188995356	49
1	4645	264404.127586441805	48
1	4656	264876.05854194122	49
1	4664	265407.51947632501	48
1	4677	266396.304866107876	49
1	4681	266949.606187962686	48
1	4688	267586.402613552978	47
1	4695	267621.445915060813	48
1	4703	268377.568851602023	47
1	4716	268557.712022806282	48
1	4724	269115.472587612217	47
1	4731	269142.357307928379	48
1	4743	269871.426017763789	49
1	4745	270020.936387660673	48
1	4764	271253.37723985756	47
1	4773	271498.4301236968	48
1	4781	272005.575888524528	49
1	4789	272674.980288971907	48
1	4804	273091.396337630923	49
1	4808	273616.846258803031	48
1	4815	273715.023721712406	49
1	4827	274538.971833544544	48
1	4846	275363.591650868531	49
1	4848	275452.078357930056	48
1	4861	276424.171257703326	47
1	4868	276589.347591544267	48
2	0	0	0
3	39	3449.905101642682	3163.390279999
3	64	5215.748385186046	4605.7518236881
3	96	6778.770017386152	5499.3159395414
3	100	7107.238466734737	5495.4240615605
3	121	9023.250946229994	6735.0094815427
3	146	10328.740703067481	7842.1217831789
3	213	13990.551613024176	10770.377329816
3	226	14769.866787646637	11528.674023565
3	252	16014.992158733979	11580.430973878
3	260	16133.248577560038	11464.886707334
3	279	17000.389490020202	12096.629895595
3	294	17832.635382371695	12626.679960902
3	319	19813.760571456255	14428.211226741
3	355	22041.243881857694	15856.513523356
3	374	23191.60750020735	16999.523929882
3	396	24436.152357444839	18078.739457708
3	404	24807.067779083477	17315.593705023
3	444	26417.552222446279	17277.211083866
3	467	28030.938344760539	18481.659187165
3	482	28743.264920753168	18734.903790357
3	514	30882.114229411561	19554.261249892
3	531	31349.096258911047	19790.23318666
3	550	32074.429865958843	19979.795056437
3	573	33278.144893613387	20880.989590072
3	590	34890.721591380168	22486.737602926
3	605	35652.856318889861	23107.834838592
3	637	38419.662927738135	25475.353507457
3	656	39423.032074249093	26388.203558421
3	675	40593.073231209744	27212.807443529
3	706	41937.989713106979	27719.315110709
3	758	44604.231655108486	29341.239004074
3	777	45471.794936195691	29827.621997825
3	802	46816.361096114595	30772.373077297
3	815	47250.748157822271	31157.06981117
3	834	48867.965960553591	32274.232245577
3	870	50502.01656325229	33604.288842606
3	884	50971.031052726064	34059.197395771
3	903	52449.184153019195	35329.513744173
3	927	53852.734389924188	35129.445116455
3	942	54405.250612492417	35319.074410672
3	946	54590.738765825261	33574.926437917
3	979	56038.390357098286	34874.077586418
3	1000	57484.870007349853	36278.453289145
3	1023	58737.955352696334	37127.198045939
3	1040	59946.956853973423	38282.663130285
3	1053	60945.695234429766	38739.012790764
3	1088	62688.262292048638	40315.974823596
3	1117	64262.825954616746	41271.219089386
3	1140	65361.363302408462	42018.719740882
3	1161	67350.508029567753	43604.731296369
3	1188	68881.747538004746	44378.055136521
3	1205	69961.791936498811	45437.461841503
3	1224	70963.834958472034	46105.252604591
3	1245	72246.849832688202	46904.339180833
3	1254	73079.797979830508	47617.619641228
3	1271	74600.447287629103	49092.168513515
3	1299	75611.392901460385	49942.763121055
3	1305	75863.065116530961	50068.011943948
3	1324	76776.365573093971	50745.27973814
3	1339	77493.167035882106	50697.355810008
3	1385	79933.014211007139	51934.799631713
3	1415	81620.913406996733	52901.5322396
3	1429	82197.058551893315	53442.163273466
3	1458	83354.23649583452	54290.49878662
3	1498	85741.697487928649	55692.990270749
3	1515	86997.187053956767	56283.441882416
3	1534	88497.370067112823	57330.048723933
3	1549	89505.724855293264	58265.557354229
3	1577	91134.207938485523	59576.113982316
3	1587	91753.954661409115	60188.548220073
3	1633	93574.842692711135	61308.878654592
3	1654	95340.696189100598	62771.222259408
3	1667	96412.255855402654	63404.838810473
3	1694	97066.432563657617	62879.963974751
3	1709	98344.689114256507	63849.199056931
3	1747	100220.914818732744	63811.659277619
3	1768	101486.692967475137	64864.092776479
3	1789	102161.302638309752	64155.220077346
3	1837	104769.140742500058	66054.458416514
3	1864	106242.295108004218	67214.219884541
3	1877	106907.665469250387	67111.051283793
3	1899	108024.857516032389	67908.613222818
3	1905	108213.518737633458	67846.786638495
3	1922	109586.682788184589	68945.678291379
3	1952	111076.167125715619	70340.822021907
3	1956	111253.689164542338	70146.537136902
3	1998	113493.403678047215	71955.871398962
3	2023	114903.372060251166	73358.863059881
3	2034	115763.11072475717	73989.95574676
3	2055	116787.108535193582	74560.697890981
3	2080	118352.602944415738	76003.912996474
3	2103	120150.040620728141	77627.241825614
3	2114	121136.771172531625	78267.51735734
3	2156	124116.113320975309	80453.286176354
3	2191	125542.423336780375	81575.796342026
3	2269	129254.904696657067	84225.696518566
3	2298	130344.81402077221	85225.576504489
3	2315	131661.484750373966	85725.538996721
3	2342	133397.188611211932	86660.273580958
3	2371	134992.756719798526	87978.614020108
3	2386	136159.356299084357	89107.456138578
3	2409	137698.211116748607	89739.369389412
3	2449	140208.485350110314	91740.431682589
3	2487	143020.703782983802	93451.015837352
3	2496	143983.565009669147	94069.729151425
3	2517	144659.769483846359	94067.719226431
3	2561	147130.639103273607	96296.070871357
3	2584	148364.299973328344	97517.568498613
3	2620	150656.188846681946	98325.709371644
3	2637	152257.684439210899	99466.284650801
3	2668	154007.420906829395	99880.435305334
3	2692	155277.860485813328	100679.52747327
3	2696	155366.1817437175	100525.76294511
3	2711	156448.934985897251	101588.40296825
3	2722	157185.424510105261	102175.8600803
3	2737	157900.601185555318	102810.70664083
3	2777	160266.547648231248	105098.70411147
3	2788	161261.788913276726	106026.43855408
3	2813	162649.042415837506	106845.46347669
3	2828	163472.284800144592	107516.18930451
3	2847	164671.59905228273	107677.06761282
3	2885	166867.101043578918	108994.60331282
3	2914	168129.133331109519	109906.90202344
3	2931	169063.067553410988	110743.03574042
3	2946	170400.528558999981	111100.81137388
3	2963	171575.294701899152	111999.42884113
3	2988	172811.904368572619	112517.05659951
3	3007	174129.519904372033	113363.14940162
3	3049	176974.876323784452	115832.84415537
3	3070	177634.069936698984	116401.46226757
3	3091	179068.00135227361	117761.22214569
3	3106	180461.914182691585	119066.26563934
3	3159	183609.427837379959	120838.09944086
3	3174	184567.724943696273	121690.73379248
3	3234	187444.506252840844	124513.89841058
3	3257	188787.375675667761	125835.86178304
3	3291	189928.845086493282	126772.16807036
3	3295	190282.27685095252	126884.71889429
3	3329	192470.867907372056	128938.78882473
3	3339	192677.106569842189	127796.21742622
3	3352	193934.400145732551	128982.24261739
3	3373	194856.38791192764	129622.71912407
3	3396	195936.895501767039	130212.93129316
3	3409	196906.230021142155	130964.61657393
3	3422	198047.481183134705	131698.9397394
3	3437	199492.852364997134	132867.42779286
3	3461	200564.129342562274	132268.42986094
3	3467	200799.57110695982	132393.85386068
3	3484	201580.777361984119	133121.92554386
3	3519	203563.895145789475	135097.53112897
3	3536	204933.658962989912	136373.56843801
3	3565	206600.769503297971	137529.34093431
3	3584	207332.49078893544	138122.21465009
3	3597	208319.048759867193	138263.54886691
3	3608	208870.465314960795	138174.83382074
3	3625	209970.080216252002	139274.42879535
3	3673	212338.393189175743	140121.17119644
3	3703	213871.758803813475	140555.39033003
3	3711	214580.838361526596	140204.45698787
3	3753	216519.324584766048	141115.8724562
3	3774	217493.249658602046	142080.43834177
3	3801	219381.842179200369	143521.4245823
3	3818	220667.520273984167	144335.15262455
3	3843	221815.174495945442	145258.588295
3	3885	223308.211187696773	146359.17327288
3	3908	224573.300553546045	146906.40852627
3	3937	226113.812830284927	148330.20912215
3	3979	228504.965025367904	150601.156066
3	4001	229549.182238303814	151191.12071649
3	4005	229908.898676815201	151111.99739073
3	4028	230967.452243291531	151509.85613215
3	4064	232574.640227718968	152978.18488216
3	4091	233609.210697649736	153947.85660425
3	4108	235444.435831191707	155322.12897036
3	4131	236401.556234727371	156268.11590893
3	4148	238029.161467202697	157373.88142189
3	4165	238465.376587291005	157312.94982754
3	4178	239617.58636951888	158376.88829642
3	4199	240462.489690114501	159190.43252704
3	4216	241832.72884135576	160062.67775047
3	4239	243379.240133114848	160432.53033793
3	4272	245062.043650815952	162077.28647295
3	4306	246841.18377390759	163832.98596472
3	4339	248351.90257034706	165045.73019917
3	4362	249987.310872296561	166677.79661234
3	4381	251043.204110800047	167334.66233933
3	4396	251437.416316573266	167609.74698788
3	4423	252970.825915331711	168705.50801623
3	4446	254662.004079404045	170078.84918411
3	4461	255471.75232790852	170864.80430877
3	4488	256797.573118940685	171932.05636696
3	4519	257506.220289724638	172328.01987442
3	4548	259105.400595827718	173174.23981438
3	4567	260215.393909276221	174195.52343183
3	4599	262034.030322334487	174596.93957236
3	4620	262439.513316149582	173981.23209656
3	4641	264043.455188073908	175226.80705687
3	4662	265150.252818125059	175587.05056021
3	4699	267701.134331063127	177713.8131416
3	4712	268434.697193498483	177913.04871028
3	4722	268876.045451522564	178200.84407597
3	4739	269854.969501965439	178465.97852076
3	4760	270367.35334850358	178474.11911639
3	4785	272140.629227352088	180245.93471956
3	4800	273061.912171211785	180799.95031176
3	4838	275154.001685804448	182637.79605172
3	4857	276173.92897240328	183036.13532161
3	4872	276766.055924179725	183443.68500204
4	165	11499.357749330551	8661.0165159404
4	182	12243.609608555884	9230.6222362259
4	332	20876.171743492336	14839.609463638
4	433	25864.313389048653	16988.559442097
4	497	29745.582448043603	19459.720840599
4	622	37391.68655098856	24788.29593449
4	731	43078.41330582716	28652.907037002
4	1364	79148.858068543232	51451.638600758
4	1473	84435.419186786493	55340.44410393
4	1614	92785.452625793149	61155.155373743
4	1722	99131.973974830216	63821.539830195
4	1814	103303.680479884824	64692.465925284
4	1979	112463.937962329691	71158.283378241
4	2139	122796.577093018895	79168.642140045
4	2206	126169.618381052023	81914.072671424
4	2219	126887.765133348038	82619.906193112
4	2256	128813.893410502678	84164.791091529
4	2422	138710.537091227925	90300.756654923
4	2466	142155.00384825722	92840.886356426
4	2544	146506.11487633989	95859.779855255
4	2609	150076.992108751766	99204.457495684
4	2758	159184.678818206052	104023.5656508
4	2868	166148.308161548088	108826.90967225
4	3032	175577.653348794889	114520.41002681
4	3131	181968.909666943114	119533.19391051
4	3144	182732.480927514595	120054.03712601
4	3205	186507.055423515601	123597.9687279
4	3652	211246.443726676273	139808.89665906
4	3738	215961.419629943314	140820.84946086
4	3858	222641.201459462512	146010.32638082
4	3956	226719.797374536041	148885.20253388
4	4047	232131.812225156221	152591.68815694
4	4310	246963.127522445042	163948.96591927
4	4584	261047.315591205601	173854.23356197
4	4671	265651.229610261266	176010.23271437
4	4825	274515.625209356418	182200.66233647

