version 2
run Iteration-30-20200521-09:52:29-67028
attr configname Iteration
attr datetime 20200521-09:52:29
attr experiment Iteration
attr inifile omnetpp.ini
attr iterationvars "$i=3, $j=6, $0=15-(3+6)"
attr iterationvarsf i=3,j=6,15-(3+6)-
attr measurement "$i=3, $j=6, $0=15-(3+6)"
attr network Network
attr processid 67028
attr repetition 0
attr replication #0
attr resultdir results
attr runnumber 30
attr seedset 30
itervar i 3
itervar j 6
param **.resourcePool.amount 3
param **.resourcePool1.amount 6
param **.resourcePool2.amount 15-(3+6)
param **.source.interArrivalTime exponential(6min)
param **.delay.delay uniform(4min,28min)
param **.delay1.delay uniform(10min,28min)
param **.delay2.delay uniform(4min,16min)
param **.allocate.resourceModuleName "\"Network.resourcePool\""
param **.allocate1.resourceModuleName "\"Network.resourcePool1\""
param **.allocate2.resourceModuleName "\"Network.resourcePool2\""
param **.deallocate.resourceModuleName "\"Network.resourcePool\""
param **.deallocate1.resourceModuleName "\"Network.resourcePool1\""
param **.deallocate2.resourceModuleName "\"Network.resourcePool2\""
param **.router.randomGateIndex "uniform(0, 1) > 0.2 ? 0 : 1"

vector 0 Network.allocate queueLength:vector ETV
attr interpolationmode sample-hold
attr title "queue length, vector"
vector 1 Network.allocate1 queueLength:vector ETV
attr interpolationmode sample-hold
attr title "queue length, vector"
vector 2 Network.allocate2 queueLength:vector ETV
attr interpolationmode sample-hold
attr title "queue length, vector"
vector 3 Network.sinkStat lifeTime:vector ETV
attr interpolationmode none
attr title "lifetime of arrived jobs, vector"
attr unit s
vector 4 Network.sink lifeTime:vector ETV
attr interpolationmode none
attr title "lifetime of arrived jobs, vector"
attr unit s
0	0	0	0
0	47	3220.82958811685	1
0	49	3290.964630685694	2
0	55	3448.128607420616	1
0	60	3573.766733123675	2
0	66	3828.987502887132	1
0	71	4097.96099323524	2
0	73	4131.795515695376	3
0	75	4150.067280316744	2
0	84	4226.561414453318	3
0	90	4434.302543102198	2
0	95	4474.902001276341	3
0	97	4671.97789129803	2
0	102	4760.791346094005	1
0	127	5196.076617980638	2
0	145	5413.731705605271	1
0	150	5467.399854341317	2
0	152	5477.114530923182	3
0	162	5817.881643222664	2
0	167	5975.160489377011	3
0	169	6059.12306390553	2
0	174	6139.775830449735	3
0	176	6195.776848740163	2
0	181	6201.180924511047	3
0	191	6376.863832166545	4
0	193	6397.878276844881	5
0	195	6544.877919365649	6
0	197	6654.637099902578	7
0	203	6980.419458178739	8
0	213	7116.002787335994	7
0	218	7117.216717408765	8
0	220	7144.598894528207	9
0	230	7218.940824045234	8
0	235	7259.871381865834	7
0	244	7575.57767211171	8
0	250	7670.89119570631	7
0	259	7882.00195651828	8
0	261	7950.998531615727	7
0	274	8144.671622311845	8
0	288	8425.979012919955	7
0	297	8598.157876925563	6
0	310	8697.454325648229	7
0	312	8961.019589773439	8
0	318	9154.667581653588	7
0	327	9231.886836162987	6
0	340	9508.984494144117	5
0	345	9632.904848279343	6
0	351	9920.54115623086	5
0	364	10182.936461772647	6
0	366	10216.872847462093	5
0	371	10353.601944728973	4
0	376	10374.808722938649	5
0	378	10684.386678235645	6
0	380	10687.639761223787	7
0	402	11048.158220924654	8
0	408	11060.21065367687	7
0	417	11394.599667512343	8
0	419	11432.944975221735	9
0	421	11442.539928229546	8
0	426	11444.215451547593	9
0	428	11451.931680402134	10
0	430	11475.490921883278	9
0	443	11558.794383392035	10
0	445	11563.843576789001	11
0	455	11722.877547393528	12
0	461	11996.183333629763	11
0	466	12010.798364489558	10
0	471	12058.818966248501	11
0	477	12179.665545827523	12
0	479	12249.752816081953	13
0	485	12586.797366662316	12
0	494	12887.576728112283	11
0	499	12970.796156150667	12
0	505	13059.671621544652	11
0	510	13075.899356314933	10
0	519	13156.201619395562	11
0	521	13174.915125000129	12
0	527	13248.685213328158	13
0	529	13344.28244005739	12
0	538	13462.361381492354	13
0	544	13621.499011813097	12
0	553	13783.312889570391	11
0	562	13904.605412011453	12
0	564	13950.033462225978	13
0	578	14191.91890356133	12
0	599	14376.900876744869	11
0	612	14768.574762678139	10
0	617	14826.548183096794	11
0	619	14832.155811583419	12
0	621	14858.016063296471	13
0	623	14886.444103317356	12
0	632	15029.536449873711	13
0	634	15202.039155548804	12
0	643	15239.679530069323	13
0	649	15354.099317289176	12
0	654	15355.472550923026	11
0	679	15822.280326856666	10
0	684	15871.083334627813	11
0	686	15983.451588125921	10
0	703	16271.586898693141	11
0	709	16345.935110773763	12
0	715	16469.534944565988	11
0	724	16572.99076760489	10
0	733	16693.950367516436	11
0	739	16826.833754705883	12
0	741	16883.366903927289	13
0	743	17032.074833596147	12
0	748	17036.653706997392	13
0	766	17409.534367433184	12
0	771	17419.401733400141	13
0	785	17664.436164743486	12
0	802	18152.277425749933	13
0	804	18201.772613398018	12
0	829	18569.49977678249	11
0	838	18719.611019152837	12
0	840	18830.467319934064	11
0	845	19161.933081420161	10
0	850	19181.200066687885	11
0	852	19184.061933819553	12
0	854	19195.423365695119	13
0	856	19205.538725702459	12
0	861	19252.677887218631	13
0	875	19559.281040066876	12
0	884	19738.141525968197	11
0	889	19785.423096936582	12
0	899	20151.702684471407	11
0	916	20449.192062763864	10
0	921	20593.956503680542	11
0	935	20746.096068715822	12
0	937	20844.340377301505	13
0	947	21347.633516065064	12
0	956	21513.740430707135	11
0	973	21799.254615699643	12
0	975	21981.684773600096	11
0	980	22138.237563306489	10
0	993	22404.222503814053	11
0	999	22614.643162436071	10
0	1008	22682.063656231124	11
0	1010	22697.179870043053	12
0	1016	23101.476296798699	13
0	1018	23180.50839075314	14
0	1024	23293.139371819082	13
0	1033	23358.152274934942	12
0	1038	23380.007104510465	11
0	1043	23540.447968403666	12
0	1049	23989.665942649794	13
0	1067	24391.70830122977	12
0	1076	24410.009205872217	11
0	1081	24549.251871503178	10
0	1086	24661.712400552161	11
0	1092	24779.017903433491	12
0	1094	24912.386048997198	13
0	1104	25042.645844207319	14
0	1110	25065.06382270137	15
0	1120	25781.22037080119	14
0	1125	25783.530833943183	13
0	1138	26021.19611507583	12
0	1147	26365.046774545492	13
0	1153	26534.53002778429	14
0	1155	26547.830775212614	15
0	1157	26568.14251323233	14
0	1166	26671.960031857361	15
0	1176	26759.168281614069	14
0	1181	27091.553360855574	13
0	1198	27563.243833238045	14
0	1204	27679.342010263763	15
0	1218	28049.289869228402	14
0	1223	28096.261486778273	15
0	1225	28163.820671565651	16
0	1227	28328.756253121788	15
0	1232	28372.902111088437	16
0	1234	28435.440070762519	15
0	1239	28715.456424824182	14
0	1252	29181.295711556474	13
0	1269	29551.957441316737	14
0	1271	29599.684339313204	13
0	1280	29901.211761990587	12
0	1285	29978.96956249922	11
0	1290	30005.873246587102	10
0	1307	30286.267981684251	11
0	1313	30458.085709387189	12
0	1315	30749.87825066785	11
0	1328	30873.89110169401	12
0	1334	31036.965397692506	11
0	1343	31076.336128782116	12
0	1345	31104.510965173387	13
0	1351	31316.259799970681	12
0	1364	31708.594577516548	13
0	1370	31826.310933164595	14
0	1380	31935.612217633421	13
0	1385	31981.199233913819	12
0	1390	32067.036197379689	13
0	1400	32251.321929021175	12
0	1405	32259.919829400175	13
0	1419	32661.347267127816	12
0	1428	32695.214614419634	11
0	1437	33060.303599955539	10
0	1442	33111.446181832249	9
0	1455	33322.342552976014	10
0	1465	33661.029242481531	11
0	1467	33674.935734765629	10
0	1472	33738.368596119703	11
0	1486	34170.631528108601	10
0	1499	34436.437282686843	11
0	1509	34616.265190968926	12
0	1515	34736.205607725675	11
0	1524	34776.202604103054	12
0	1534	35048.63889305029	13
0	1536	35161.77281514744	12
0	1545	35479.742133993959	13
0	1547	35490.626877493445	12
0	1552	35539.866229070718	11
0	1565	35850.913947879562	12
0	1571	35949.232532406712	13
0	1573	35962.425913745563	12
0	1578	36052.621318719289	13
0	1584	36197.735872447174	14
0	1590	36479.257585739363	15
0	1592	36512.710537916286	16
0	1594	36660.40352571541	17
0	1596	36882.784046291594	16
0	1609	37013.744497223193	15
0	1614	37065.739053938864	16
0	1616	37224.513614628662	17
0	1630	37618.13878470103	16
0	1635	37636.491916502899	17
0	1637	37745.281057081406	16
0	1646	37854.631338653479	17
0	1648	37871.388734018555	18
0	1650	37919.617116497855	17
0	1659	38425.254186560837	18
0	1669	38689.922239071125	17
0	1682	39240.324581356673	18
0	1684	39315.622760279976	19
0	1686	39333.932636178319	18
0	1691	39339.759626360636	17
0	1708	39474.143810677025	18
0	1710	39522.382448137927	19
0	1720	39927.305355331296	18
0	1729	39977.325686937632	19
0	1731	39984.325135807298	20
0	1733	39990.80629819233	21
0	1735	40227.278601311701	22
0	1737	40374.266321883918	23
0	1743	40510.449323775273	22
0	1748	40511.107380778141	23
0	1758	40760.359110106372	24
0	1760	40780.211060068791	23
0	1765	40855.019755287463	22
0	1774	41010.101816030245	21
0	1783	41209.133604041522	20
0	1792	41386.56831171214	19
0	1809	41632.514988816679	20
0	1815	41824.12455739755	19
0	1820	41957.692693883686	20
0	1822	42039.73546981053	21
0	1824	42059.460882530832	22
0	1826	42069.366822264379	21
0	1835	42131.964461850028	20
0	1852	42348.845523097972	21
0	1858	42486.545380538696	20
0	1867	42530.763685316518	21
0	1873	42800.526943581999	22
0	1875	42801.412035770005	21
0	1880	42827.06312540769	20
0	1885	42856.662349028346	21
0	1899	43215.070220081502	20
0	1908	43369.244892420273	19
0	1917	43590.392060475244	20
0	1923	43694.42841149717	19
0	1928	43698.869290813191	20
0	1950	44129.339287060372	21
0	1956	44200.667619093543	20
0	1961	44210.125640703732	19
0	1982	44667.670672422642	18
0	1987	44803.30248576781	19
0	1989	44807.936380328636	18
0	1994	44827.634067680782	19
0	1996	44860.137681316597	20
0	1998	44967.908026514637	21
0	2004	45054.449672985428	22
0	2006	45073.529893566726	23
0	2008	45123.618633410329	22
0	2037	45832.926260999626	21
0	2050	46170.291069604667	22
0	2052	46173.98638337701	21
0	2073	46419.54360873441	20
0	2078	46625.561292730598	21
0	2080	46733.43397252652	22
0	2090	47175.030573988359	21
0	2095	47187.029125868227	22
0	2101	47341.202536768502	21
0	2106	47369.82094676749	22
0	2112	47417.171069456631	21
0	2121	47630.701542419485	22
0	2123	47661.732155912382	23
0	2125	47687.024199599426	22
0	2130	48078.586554594132	23
0	2136	48194.639604134084	24
0	2146	48480.634937755054	23
0	2151	48582.785542047367	24
0	2157	48866.277702710027	23
0	2170	48883.837440023225	22
0	2175	49148.610753922945	21
0	2196	49334.995237896245	20
0	2201	49457.795479969341	21
0	2211	49949.044505826419	20
0	2216	49992.132199115818	21
0	2230	50163.178568629915	20
0	2247	50582.776703508597	19
0	2252	50630.13057165424	20
0	2258	50813.946925041568	21
0	2264	50870.758051162953	20
0	2273	50929.72275080913	21
0	2275	51144.112004474516	22
0	2277	51193.051344713387	23
0	2279	51239.416338289183	22
0	2288	51367.833281665331	21
0	2293	51619.668908788259	20
0	2298	51641.26321198666	21
0	2308	51750.331240412749	22
0	2310	51820.092882732495	23
0	2324	52300.908852841224	24
0	2342	52575.998289519948	23
0	2355	52825.530755467004	22
0	2360	53221.383364908951	23
0	2362	53274.214756636317	22
0	2371	53585.076805388923	21
0	2376	53681.046096414885	22
0	2386	53713.233928739316	21
0	2391	53823.8854202348	22
0	2393	53886.583623560173	21
0	2402	53944.253661792348	22
0	2408	53987.778758036246	23
0	2410	54220.930716590983	22
0	2419	54407.455423734003	23
0	2421	54490.002948342259	22
0	2430	54637.911160162873	21
0	2443	54874.362976446374	22
0	2445	55010.677122163545	23
0	2447	55124.636290919883	24
0	2449	55152.963078441126	23
0	2454	55220.568212683905	24
0	2456	55232.833258917923	23
0	2469	55319.287705993603	24
0	2475	55512.626694230573	25
0	2489	55885.578612571222	26
0	2507	56180.251372068412	25
0	2512	56187.716526797409	24
0	2521	56502.522024931414	23
0	2530	56876.346903949268	22
0	2535	56920.608921917183	21
0	2552	57306.536269942326	20
0	2557	57350.467582567031	19
0	2562	57522.301546377035	20
0	2568	57701.334366969056	19
0	2581	57870.317960726125	18
0	2594	58015.666039495952	17
0	2599	58017.901440182895	18
0	2609	58421.35181722605	19
0	2615	58477.055124504026	20
0	2621	58633.0377855882	19
0	2634	59073.506962517304	18
0	2643	59196.834369909977	19
0	2645	59258.972470652267	20
0	2659	59467.613239887923	21
0	2661	59479.269938378818	20
0	2674	59595.511055161846	21
0	2688	59925.171526915617	20
0	2697	60100.01515474021	19
0	2702	60105.96011710356	18
0	2711	60434.372520440551	19
0	2713	60465.099553812859	20
0	2715	60501.325201925855	21
0	2721	60690.384625026506	22
0	2735	60925.56817188346	23
0	2741	60948.901521163089	22
0	2750	61384.863883724649	23
0	2760	61548.137292920835	22
0	2769	61650.546877904232	21
0	2778	61878.889245859571	20
0	2783	61957.725902133032	21
0	2785	62081.444045373085	22
0	2787	62181.747960426982	23
0	2793	62303.852293527122	22
0	2798	62420.260342587103	23
0	2800	62451.444807111509	22
0	2805	62544.176430860562	21
0	2814	62578.156567887618	22
0	2816	62882.253132844372	21
0	2825	62943.330976811273	22
0	2827	62960.460506786759	23
0	2833	63045.088097563382	22
0	2838	63103.481072908031	23
0	2848	63241.604170585079	22
0	2853	63282.181196569689	21
0	2857	63345.953420055858	22
0	2859	63375.898785515126	21
0	2872	63479.014948456875	22
0	2883	63695.68612613718	21
0	2888	63869.571783303507	20
0	2905	64102.013383096453	19
0	2922	64424.055628723689	18
0	2931	64470.662703606573	19
0	2941	64565.13780999522	20
0	2963	65056.641165827947	21
0	2969	65224.766924975809	20
0	2974	65236.349117760624	21
0	2980	65318.699492635233	20
0	2993	65394.300156406351	19
0	3002	65546.632421986664	20
0	3004	65664.681145063039	19
0	3013	65789.467181710737	20
0	3015	65879.226474597343	19
0	3020	65882.304429532988	18
0	3029	66412.545124999471	19
0	3043	66674.542973394692	20
0	3045	66677.016188426312	19
0	3050	66723.857329025158	18
0	3063	66881.591606762927	19
0	3085	67236.475983186062	18
0	3090	67248.533564671768	19
0	3092	67313.328088208326	18
0	3101	67478.271005162997	17
0	3114	67854.706799186059	16
0	3119	67917.201839050941	17
0	3121	67942.669237153632	16
0	3138	68229.576670004423	15
0	3143	68324.417313286594	16
0	3145	68364.130724392124	15
0	3149	68440.980116160402	16
0	3156	68611.40902325368	17
0	3162	68668.088064352078	16
0	3179	69039.046368671949	15
0	3196	69201.437221886618	14
0	3205	69316.085622488273	15
0	3211	69330.94482315033	16
0	3229	69802.839167549499	15
0	3242	70112.26860957522	14
0	3247	70171.227868756393	15
0	3249	70297.177535071565	16
0	3255	70349.802026441329	17
0	3261	70502.254135776068	18
0	3267	70648.258048340706	19
0	3273	70711.028982399399	18
0	3282	70752.567532630665	17
0	3287	70827.153210400828	16
0	3296	70997.914584619872	17
0	3310	71577.177285527389	18
0	3324	72119.980828448423	17
0	3329	72122.217138296361	16
0	3334	72188.27438420192	17
0	3344	72359.656942719621	16
0	3349	72416.928925943719	17
0	3351	72544.46404738514	18
0	3353	72609.651687085283	19
0	3355	72964.972175319506	20
0	3357	72999.341827044291	19
0	3362	73013.30942718614	18
0	3367	73224.145163155955	19
0	3369	73330.829347755977	20
0	3371	73343.394786900277	19
0	3392	73865.695471203322	18
0	3401	73916.736900604555	17
0	3406	74148.244132590433	18
0	3412	74171.080299364431	17
0	3421	74286.745924517327	18
0	3423	74353.033329991991	17
0	3436	74531.571100509061	18
0	3438	74556.352089069077	17
0	3447	74923.806719907789	18
0	3457	75017.031720539922	17
0	3462	75047.824655641587	18
0	3464	75120.781603721703	19
0	3474	75328.887596112191	20
0	3476	75396.73004769723	19
0	3485	75639.921499153966	18
0	3502	75810.365691132137	17
0	3507	75823.251538823893	18
0	3509	75980.116375842992	19
0	3515	76134.823262904533	20
0	3525	76396.116861752652	21
0	3527	76424.642931530281	20
0	3532	76483.39133292287	19
0	3541	76687.233946643063	18
0	3546	76768.774292204405	19
0	3552	76855.761177735432	18
0	3577	77212.304802335092	17
0	3606	77996.390703840548	16
0	3627	78329.926701366373	17
0	3629	78369.967147083982	16
0	3638	78550.111155907912	17
0	3644	78860.594578034469	16
0	3653	79468.314883531446	17
0	3655	79483.770928865666	16
0	3668	79718.023085230991	15
0	3673	79852.016616940581	16
0	3683	80427.136156357118	15
0	3688	80501.411667938716	16
0	3698	80729.675544291052	17
0	3700	80747.395814671123	18
0	3706	80943.010611846391	19
0	3708	81023.168422876293	18
0	3713	81141.487035201892	17
0	3722	81487.494246087262	16
0	3735	81801.735579445508	17
0	3737	81993.298621820316	16
0	3742	82184.867919272179	15
0	3763	82755.055631905088	14
0	3768	82798.660961707016	15
0	3782	83011.177864634631	16
0	3784	83014.180987533552	17
0	3794	83309.429408917234	16
0	3803	83375.344106651137	15
0	3808	83461.703681124742	14
0	3813	83519.566304801581	15
0	3819	83762.403494411179	16
0	3829	84258.300009416447	15
0	3842	84583.788693494389	14
0	3859	84787.087211905415	13
0	3864	85089.687227106879	12
0	3869	85104.840954542566	13
0	3871	85318.997689271377	12
0	3884	85755.844206558572	11
0	3893	85922.183705633378	12
0	3899	86046.822611491522	13
0	3901	86079.009577082437	14
0	3907	86308.750531001384	13
0	3920	86483.794845662306	12
0	3929	86663.778526717829	11
0	3946	87234.33060830761	10
0	3959	87474.915479134275	11
0	3969	87731.192176927711	12
0	3971	87779.86127449931	13
0	3973	87794.297316966946	12
0	3978	87900.148570621418	11
0	3991	88233.677340930695	10
0	4004	88483.353999390493	9
0	4009	88502.043717278535	8
0	4030	89205.879559973287	7
0	4035	89233.645550180628	8
0	4041	89461.72287344783	7
0	4054	89573.711270264576	6
0	4079	90318.866596727858	5
0	4096	90545.789303788948	4
0	4101	90780.75528364479	3
0	4106	90909.149080524295	4
0	4108	90951.20239449631	5
0	4114	91044.956516511923	6
0	4116	91075.20155607937	7
0	4130	91867.314012146781	6
0	4135	91917.87867390554	5
0	4152	92145.045942625398	4
0	4173	92962.66960957304	5
0	4179	93101.689182920683	6
0	4189	93407.354027315269	5
0	4194	93513.20555276083	6
0	4196	93582.616378562558	5
0	4205	93789.405690020318	4
0	4210	94101.924779362271	3
0	4215	94452.538400036698	4
0	4225	94551.079468848217	3
0	4230	94766.006745866726	2
0	4235	94799.893001607117	3
0	4237	94813.379632659778	4
0	4243	94969.179675403551	5
0	4249	95185.219780886579	4
0	4258	95387.849945163722	3
0	4267	95424.795817621528	4
0	4273	95666.436270802948	5
0	4283	95870.25010593086	4
0	4292	95935.762532698024	3
0	4305	96186.753575525473	2
0	4310	96314.560307002063	1
0	4315	96329.985967013111	2
0	4317	96486.421210843264	3
0	4331	96946.570512828465	4
0	4337	97057.848329925943	3
0	4342	97216.530698559473	2
0	4363	97600.052640620514	3
0	4365	97622.503112809759	4
0	4367	97657.047672456498	3
0	4376	97792.586347842622	2
0	4393	98049.104575332312	3
0	4395	98166.03942914276	4
0	4397	98409.056195503468	3
0	4410	98653.165632209967	2
0	4419	98827.277954629058	1
0	4432	99076.969920964945	0
0	4437	99200.764842317973	1
0	4443	99260.710045191655	2
0	4445	99309.775679906702	3
0	4455	99542.688552620777	4
0	4457	99578.100880741368	3
0	4462	99670.959471436251	2
0	4467	99780.7342392461	3
0	4469	99784.259274732498	4
0	4479	100128.237495979661	3
0	4492	100173.267387143014	4
0	4506	100580.837793262911	5
0	4512	100825.838910660933	4
0	4525	100946.649032505263	3
0	4530	101099.161649575881	4
0	4532	101133.737322031086	5
0	4546	101338.65273598432	4
0	4555	101769.15469781499	3
0	4560	101781.016031637083	2
0	4577	102156.280419444379	3
0	4583	102614.72597692872	4
0	4585	102643.910511581594	3
0	4590	102748.604225971176	4
0	4604	103149.549936897348	3
0	4617	103376.003114441444	2
0	4626	103470.909321232134	1
0	4647	104427.617275873233	0
0	4758	109762.910771981561	1
0	4764	109966.13316077533	2
0	4766	110133.808446245598	3
0	4772	110231.787742640063	2
0	4777	110261.121112681766	1
0	4782	110359.133897586879	2
0	4784	110425.785289964499	3
0	4786	110528.324103240259	4
0	4788	110561.090670727034	3
0	4793	110744.336490777791	2
0	4798	110770.555315693449	3
0	4800	110947.406823213945	4
0	4802	111106.538246612236	3
0	4811	111342.437372801364	2
0	4816	111580.180962319635	3
0	4830	111747.77577445817	4
0	4836	111910.92551393046	3
0	4845	111978.334986670809	4
0	4855	112293.398931943027	5
0	4865	112437.252767957588	4
0	4870	112528.236147833591	5
0	4872	112686.251512694344	4
0	4881	112764.940220897556	3
0	4886	113112.413761451951	4
0	4892	113124.068291500052	3
0	4897	113256.41450990895	4
0	4899	113260.382049980745	3
0	4904	113334.737292773614	4
0	4910	113687.000326772691	3
0	4919	113837.016169095363	4
0	4925	114185.149275116464	3
0	4930	114287.307647879407	2
0	4955	114405.559350100817	1
0	4972	114821.991039158899	2
0	4974	114838.372605220007	3
0	4984	114908.239807426771	2
0	4993	115043.723007180851	3
0	4995	115232.605837784549	2
0	5008	115475.067472982392	1
0	5017	115842.6926448918	0
0	5026	115879.028706759387	1
0	5032	116002.598302590832	0
0	5052	116292.901704109834	1
0	5054	116314.526819919707	0
0	5067	116729.735448700704	1
0	5077	116807.35514557887	2
0	5079	116980.593825563701	3
0	5081	117030.777814093217	2
0	5090	117117.699493720687	1
0	5107	117331.848081124486	0
0	5127	117844.040772943201	1
0	5129	117876.221561821009	2
0	5139	118049.07621954722	3
0	5157	118516.030362650837	4
0	5159	118572.272090747182	3
0	5164	118582.050916592762	2
0	5177	119009.503595416905	1
0	5194	119392.328924726122	2
0	5196	119489.545015876652	1
0	5209	119848.393804494813	2
0	5219	119999.770564868276	1
0	5228	120147.013734284029	0
0	5358	123957.026148427078	1
0	5360	123987.592606158649	0
0	5661	134759.1175803801	1
0	5663	134808.599898111011	0
0	5679	135084.392655750541	1
0	5681	135192.112445207922	0
0	5690	135719.859831832798	1
0	5704	135949.482842426683	0
0	5721	136524.484684627745	1
0	5723	136559.801650949017	0
0	5728	136740.643799633536	1
0	5734	136856.516533019631	0
0	5849	140437.129268128913	1
0	5851	140449.740885091451	0
0	5882	141518.854392951246	1
0	5888	141578.705459924649	2
0	5890	141700.875355329304	3
0	5896	141914.590691601835	4
0	5898	142039.853092958656	3
0	5903	142247.638586004114	2
0	5908	142366.454064590362	1
0	5913	142616.491890651023	0
0	5949	143388.448107130913	1
0	5951	143429.573069404742	2
0	5957	143498.144596604059	3
0	5967	143720.170599245738	4
0	5969	143824.738092911867	3
0	5986	144082.481865981424	4
0	5988	144181.793139752781	3
0	5993	144229.879213579549	4
0	5995	144239.242535886384	5
0	6001	144787.112197601764	4
0	6010	144991.004016963271	3
0	6015	145033.235904076664	2
0	6020	145086.691385296187	3
0	6026	145320.122957234708	2
0	6035	145474.047124316039	3
0	6037	145521.537887009895	4
0	6039	145530.742985129711	5
0	6049	145716.809051579236	6
0	6051	145724.069491949713	5
0	6064	146172.102082585517	6
0	6066	146199.692990486947	5
0	6071	146207.290418618886	4
0	6092	146572.924140045015	3
0	6101	146720.818142259706	4
0	6107	146840.033907523077	5
0	6117	147121.247805309331	4
0	6130	147388.450641171602	3
0	6135	147721.9459291971	2
0	6144	147910.883407860342	3
0	6154	148283.625920372758	4
0	6160	148633.119234243003	3
0	6165	148699.860021573341	2
0	6170	148708.489542347816	1
0	6191	149217.639001739291	2
0	6193	149245.011141615694	3
0	6195	149255.808352955478	4
0	6197	149312.778066594729	5
0	6207	149435.651209620265	4
0	6212	149702.08720988181	3
0	6217	149802.065380398033	4
0	6235	150287.732143689728	3
0	6240	150303.76216291037	2
0	6249	150683.554681454635	1
0	6258	150753.258417123524	0
0	6263	150915.808944385778	1
0	6273	150981.431371015934	0
0	6320	152131.790189432342	1
0	6334	152234.619822851611	2
0	6336	152280.608809505927	3
0	6338	152309.626106624929	2
0	6359	152946.470235484144	1
0	6364	152995.685594835399	0
0	6425	154373.012214827852	1
0	6443	154895.852830858677	0
0	6554	157503.586532297617	1
0	6560	157601.925719520178	2
0	6562	157787.656692844598	1
0	6571	157893.572259462642	0
0	6704	161478.918750752076	1
0	6706	161593.315726548814	2
0	6708	161795.730099473638	1
0	6713	161850.73348563834	2
0	6715	161866.757383657054	3
0	6721	162042.002025798881	4
0	6723	162049.426137262608	5
0	6725	162060.350242049879	4
0	6734	162324.560270356264	3
0	6739	162343.366986457748	2
0	6752	162993.16349521478	3
0	6758	163128.10366484298	4
0	6760	163260.18880393933	5
0	6766	163296.976584165149	6
0	6768	163325.508268007523	5
0	6773	163357.528071012838	4
0	6790	163644.435751484957	3
0	6799	163789.402264414494	4
0	6801	163866.092412832939	5
0	6807	163912.923432309671	4
0	6812	164365.116492789729	3
0	6825	164494.883792168176	4
0	6827	164585.821036265678	3
0	6832	164801.406216677769	2
0	6857	165178.68756630483	1
0	6866	165310.187737810206	2
0	6868	165541.187924118963	1
0	6881	165670.478230609723	2
0	6883	165771.78211124663	1
0	6888	165803.252689438191	0
0	6897	165931.500737617302	1
0	6907	166217.385714591927	0
0	6920	166296.867205343202	1
0	6926	166500.538998861357	0
0	6931	166501.212794280493	1
0	6933	166598.142183422374	2
0	6935	166625.978974983935	3
0	6949	166964.831017377105	2
0	6954	167010.292313480798	3
0	6956	167061.595670075602	2
0	6969	167463.384425576916	3
0	6971	167737.892228148777	4
0	6981	167846.14876058909	3
0	6994	168044.076836538061	2
0	7015	168442.077138927325	1
0	7020	168577.246661090738	0
0	7117	171910.21473563168	1
0	7119	171968.39769336065	2
0	7121	171970.24470191069	3
0	7123	172078.836411176138	2
0	7132	172201.339529512306	1
0	7137	172406.546941598766	0
0	7338	181445.999022385626	1
0	7340	181459.674931775022	2
0	7342	181472.256708788159	3
0	7344	181491.117345865092	4
0	7346	181539.792990487397	3
0	7355	181905.357182591337	4
0	7357	181999.737330144084	3
0	7366	182294.241972839189	2
0	7371	182588.168824794727	3
0	7373	182612.531740282059	2
0	7378	182734.267512736655	1
0	7387	183186.767409768284	0
0	7566	189691.342209749221	1
0	7572	189777.445445973234	2
0	7578	189949.992411106856	1
0	7591	190270.502271843836	2
0	7593	190476.779231316761	1
0	7598	190664.052061218704	0
0	7632	191983.610096300907	1
0	7638	192095.719690118443	0
0	7674	192568.866776551092	1
0	7676	192589.59621917514	2
0	7678	192785.386421121898	3
0	7696	193180.871693802076	2
0	7701	193206.53523987661	3
0	7715	193701.426537062003	4
0	7717	193724.419476267129	3
0	7722	193732.382190321099	2
0	7731	194010.95971090232	3
0	7733	194052.820054118531	2
0	7738	194101.100354599831	3
0	7740	194160.935259667662	4
0	7746	194398.508347620266	3
0	7751	194652.534373600977	2
0	7764	195038.025489652255	3
0	7774	195242.318980533808	2
0	7779	195364.046689738046	1
0	7784	195373.762670320469	0
0	7793	195550.622685154861	1
0	7803	195693.949186157614	0
0	7888	197286.396011636883	1
0	7898	197669.071796238534	0
0	7918	197920.649009950274	1
0	7920	198064.497078173338	0
0	7925	198071.157060456479	1
0	7927	198201.323852837197	0
0	7932	198201.984097350738	1
0	7938	198269.553191895273	2
0	7940	198318.286264971718	3
0	7950	198668.100165383775	2
0	7967	198922.140128501235	1
0	7976	199088.750647269301	0
0	7985	199241.856085836114	1
0	7987	199372.684779986851	0
0	7992	199478.718406173375	1
0	7994	199541.740917445977	0
0	7999	199655.375176316471	1
0	8017	200009.498568102829	0
0	8022	200183.640127303283	1
0	8032	200371.326184310495	0
0	8037	200467.250382658562	1
0	8063	200956.333518660655	2
0	8065	201003.560307467242	1
0	8074	201237.966640852503	0
0	8083	201283.080168982417	1
0	8085	201427.383436039566	0
0	8090	201512.157808786588	1
0	8096	201766.315896809577	0
0	8146	202703.407329319285	1
0	8160	202999.81724406663	2
0	8170	203201.562967035993	3
0	8172	203287.091728598355	2
0	8177	203340.163031048483	1
0	8190	203436.515824656554	2
0	8192	203443.187373409085	1
0	8197	203445.042554196885	2
0	8207	203708.568006381868	1
0	8212	203870.687232990963	2
0	8218	203986.963222946239	3
0	8224	204469.735655913167	2
0	8229	204476.197667657739	1
0	8238	204769.26432266879	0
0	8247	204866.518432215677	1
0	8249	204870.924070972214	2
0	8259	205216.839261178714	3
0	8261	205310.11430969254	4
0	8267	205324.537732503718	3
0	8280	205607.874088921129	2
0	8293	205784.204721318596	1
0	8298	205827.901175714615	2
0	8316	206288.400664108928	3
0	8318	206518.594864020664	4
0	8324	206544.989355206966	3
0	8329	206545.855017991775	2
0	8334	206688.64220661611	1
0	8343	206837.241897786075	0
0	8417	208957.618850842351	1
0	8423	209062.563839673465	2
0	8425	209064.931920303365	1
0	8430	209210.39710109911	0
0	8435	209219.770211628652	1
0	8437	209230.722520533481	2
0	8447	209634.662544301098	3
0	8453	209812.287796634281	2
0	8462	209949.563190436324	1
0	8471	210182.105138707796	2
0	8473	210251.59689976122	1
0	8478	210339.317319893838	2
0	8480	210387.986200037409	3
0	8482	210469.318922700799	2
0	8487	210485.380717255166	3
0	8497	210732.056596299966	2
0	8506	210819.103092561508	1
0	8511	211058.788480098035	2
0	8525	211379.886806883971	3
0	8527	211382.784421825839	4
0	8529	211461.639789099312	3
0	8546	211540.237565284928	2
0	8555	211663.767534111129	3
0	8561	211890.539314384604	2
0	8574	211962.084746977647	1
0	8579	211979.091283047666	2
0	8593	212268.232592629998	3
0	8599	212363.946724800094	4
0	8601	212375.341952374472	5
0	8603	212411.509252082492	6
0	8605	212559.519565942204	5
0	8610	212610.72304257288	4
0	8615	212622.966396358894	5
0	8617	212623.81564990648	6
0	8643	213376.924100870705	5
0	8648	213447.01231649365	4
0	8653	213560.240484179641	5
0	8659	213644.502177530886	6
0	8673	213767.416597375944	7
0	8675	214064.223645488763	6
0	8680	214211.08581366237	5
0	8685	214356.367791753475	6
0	8691	214400.158420661499	7
0	8697	214610.990395604034	6
0	8706	214758.246067484172	7
0	8708	214780.596741000677	8
0	8710	214855.398053127372	7
0	8715	214884.529308549031	8
0	8717	214999.15415840081	7
0	8726	215083.389552009118	8
0	8728	215151.617095713148	9
0	8730	215442.202684043308	8
0	8751	215731.003385159218	7
0	8756	215765.278074315039	8
0	8758	215820.469301453192	9
0	8764	215918.697366508162	8
0	8773	216192.812767771867	9
0	8775	216207.687470181517	10
0	8781	216272.42716973505	9
0	8790	216416.527974802975	10
0	8804	216631.909920518118	11
0	8814	216802.25478702321	10
0	8819	217019.883748313745	9
0	8824	217296.661895337545	8
0	8833	217361.165998432818	9
0	8855	217806.42240574912	10
0	8857	217907.288268523729	9
0	8862	218056.537981389086	10
0	8868	218434.988646134713	11
0	8878	218634.824904857536	10
0	8883	218704.216888482713	9
0	8892	219015.332102237602	8
0	8905	219441.443088295377	7
0	8922	220104.793210382081	6
0	8931	220183.619897572657	5
0	8940	220205.173765878224	4
0	8949	220503.72981653645	3
0	8954	220766.578745107197	2
0	8971	221093.608199416062	1
0	8976	221130.056092476019	2
0	8978	221143.567350835108	3
0	8984	221276.239285326422	4
0	9006	221652.059876824237	3
0	9011	221802.394886294246	4
0	9021	221867.101079602163	5
0	9023	221880.382056592366	4
0	9032	221970.048060876869	5
0	9034	221970.403935218669	4
0	9039	222100.663598972403	3
0	9056	222523.896822902404	2
0	9061	222585.490944500813	3
0	9067	222717.8512678738	4
0	9069	222782.011013312599	3
0	9074	222793.964694448866	4
0	9084	223031.741134815997	5
0	9102	223230.372050042294	4
0	9107	223326.622301472685	3
0	9112	223366.902153695441	2
0	9133	223805.385070274092	1
0	9138	223838.314839734099	0
0	9162	224403.858099696174	1
0	9168	224635.649569454633	0
0	9173	224705.729663196055	1
0	9195	225179.376604674926	2
0	9197	225226.252579221941	1
0	9214	225509.073393764684	0
0	9269	227075.880298776526	1
0	9271	227108.863728913257	0
0	9276	227268.809104049012	1
0	9282	227426.988681388689	2
0	9288	227771.933691194293	1
0	9293	227820.326057682524	0
0	9298	228089.337366914211	1
0	9300	228125.128809465107	0
0	9324	228905.889268215025	1
0	9330	229020.699661178526	0
0	9418	231043.369399466082	1
0	9420	231097.975479145386	0
0	9486	233014.486311339181	1
0	9488	233111.524436906362	2
0	9498	233545.783367836035	1
0	9507	233618.293466284178	2
0	9509	233981.485338461553	3
0	9519	234280.609555998004	2
0	9524	234290.056325505052	1
0	9529	234362.760468394706	2
0	9535	234596.436227557065	1
0	9540	234773.678985502679	2
0	9542	234791.600977189318	3
0	9548	235067.556492483769	4
0	9554	235603.391361320887	3
0	9559	235691.610475600815	2
0	9572	235887.490200360121	1
0	9581	236078.652126519441	2
0	9587	236334.043524312351	1
0	9600	236646.284857736087	0
0	9605	236649.662556961956	1
0	9611	236824.180978658173	0
0	9631	237266.584186724359	1
0	9633	237620.276957641916	2
0	9635	237684.707326898847	1
0	9652	237912.185480081594	0
0	9683	238294.817867196518	1
0	9685	238350.917368460411	0
0	9717	239169.347580090227	1
0	9723	239187.650070113913	0
0	9732	239293.107438770419	1
0	9734	239346.097958027407	2
0	9748	239445.496388714725	1
0	9757	239566.01773499959	2
0	9759	239575.155210910927	3
0	9761	239612.413460088746	2
0	9770	239891.101246623175	1
0	9783	240030.845658951744	2
0	9801	240354.78216900863	1
0	9810	240560.835167291896	2
0	9812	240586.709397290338	3
0	9818	240766.266187731141	2
0	9823	240879.936481488721	1
0	9832	241000.567964719611	0
0	9882	242429.781047089888	1
0	9896	242685.899391556626	2
0	9906	242870.384413276516	1
0	9919	243012.362704591561	2
0	9921	243021.582345121024	1
0	9930	243216.794895387756	0
0	9947	243691.372261430009	1
0	9949	243798.110802706979	0
0	9962	244140.496008764253	1
0	9964	244142.063657690488	0
0	9969	244321.418384115212	1
0	9975	244479.647586581014	0
0	10106	248989.953418719579	1
0	10108	249272.17006036671	0
0	10113	249535.623935442071	1
0	10115	249674.765737632378	2
0	10117	249706.638277378723	3
0	10119	249824.056354677687	2
0	10124	250008.228362641988	1
0	10129	250113.100136154371	2
0	10131	250342.766487911662	1
0	10144	250517.891812751485	2
0	10150	250936.507566673848	3
0	10156	251115.281786002537	2
0	10161	251202.963390825699	1
0	10166	251444.757234095499	2
0	10176	251645.77746938145	1
0	10181	251776.91842009904	0
0	10201	252184.347294946563	1
0	10203	252204.108254104737	2
0	10213	252454.949629446874	1
0	10222	252533.02803966379	0
0	10246	253414.950980370116	1
0	10248	253430.304227607407	2
0	10262	253736.651495277642	1
0	10271	254054.615231817971	0
0	10284	254198.080008635742	1
0	10290	254275.298765964566	0
0	10295	254301.419337333601	1
0	10297	254520.250212713771	0
0	10318	255074.039817323607	1
0	10320	255095.080562188981	0
0	10392	256356.271602952621	1
0	10402	256846.265659086928	2
0	10404	256849.207390975198	1
0	10409	256875.678365027976	0
0	10438	257299.313523877414	1
0	10440	257344.918418743416	2
0	10446	257371.433794158336	3
0	10448	257510.821846369032	2
0	10461	257940.212207810851	3
0	10463	257952.007621774993	4
0	10465	257978.903296969814	5
0	10467	258098.532324531811	6
0	10477	258296.723431032142	5
0	10482	258332.631884238196	4
0	10491	258890.901931393883	3
0	10500	259016.229164213655	4
0	10502	259089.583916024032	5
0	10504	259162.252876404051	4
0	10513	259358.327841518892	3
0	10518	259390.84780316173	4
0	10528	259592.832074682555	5
0	10534	259619.002509729144	6
0	10536	259758.929863183273	5
0	10541	259863.067592102412	4
0	10546	259945.36754621192	3
0	10555	260018.298926074179	4
0	10561	260195.198416885431	5
0	10563	260244.831873457257	4
0	10572	260329.564010399664	5
0	10578	260487.380117310656	4
0	10591	260703.724054376904	3
0	10612	261066.166683347868	4
0	10618	261179.081468991806	5
0	10624	261323.593706954263	4
0	10629	261363.235531805528	3
0	10634	261438.316737162005	4
0	10636	261473.250918527479	5
0	10642	261620.698277558509	4
0	10651	261663.453714197946	3
0	10664	261808.675998162775	4
0	10670	262288.731918142105	5
0	10676	262370.070902016006	4
0	10681	262386.117761860911	3
0	10698	262667.659419237149	2
0	10703	262670.022140163306	1
0	10708	262768.292500060044	0
0	10721	263086.583703886795	1
0	10723	263160.327854959739	0
0	10744	263360.512215721902	1
0	10746	263364.40996160684	2
0	10748	263387.218982685415	3
0	10750	263514.105030691696	2
0	10755	263617.382873910788	1
0	10759	263624.489764248796	2
0	10794	264183.8576013036	1
0	10799	264187.10054638095	0
0	10838	265024.121781826424	1
0	10844	265080.145160983625	0
0	10895	265941.6740882156	1
0	10905	266055.580888625639	2
0	10919	266436.007998288228	3
0	10921	266504.556104163437	2
0	10926	266527.459979499298	1
0	10931	266570.770902590251	0
0	10952	267413.035602725738	1
0	10954	267674.36583628722	2
0	10956	267707.828964548915	1
0	10961	267891.049592191893	0
0	10978	268039.516437881048	1
0	10980	268047.415741266108	0
0	11008	268755.428563534131	1
0	11010	268820.353434638477	0
0	11023	269066.131946309471	1
0	11025	269165.688309605758	2
0	11031	269229.562608705105	1
0	11040	269358.211796055156	0
1	0	0	0
1	656	15355.472550923026	1
1	662	15526.335315341151	0
1	2570	57701.334366969056	1
1	2572	57776.645440355311	0
1	2855	63282.181196569689	1
1	2861	63375.898785515126	2
1	2867	63466.497358538579	1
1	2874	63516.769194950573	0
1	2890	63869.571783303507	1
1	2892	63883.532733647181	0
1	3147	68364.130724392124	1
1	3151	68597.342125012764	0
1	3554	76855.761177735432	1
1	3556	76881.88367974016	0
1	10710	262768.292500060044	1
1	10716	262990.204865876578	0
1	10725	263160.327854959739	1
1	10727	263244.012940956724	0
1	10757	263617.382873910788	1
1	10761	263841.715787769605	0
1	10850	265188.51664870565	1
1	10852	265224.115265076359	0
2	0	0	0
3	28	2485.553814842366	2113.591805147
3	109	4836.413061335841	3176.9240383152
3	125	5169.430251012645	3445.6060016435
3	135	5327.168992897514	2420.2790805884
3	139	5367.303284521433	2363.9495276101
3	156	5573.336539993428	2561.3853553869
3	160	5738.641251789772	2517.8116636729
3	185	6320.426419152312	2222.4654259171
3	211	7104.872869420816	3531.1061362971
3	224	7212.671767771263	3080.8762520759
3	242	7517.779343829709	4226.814713144
3	248	7608.433948008709	3381.8725335554
3	295	8585.421793990203	3118.0219396489
3	304	8672.184273994746	4197.2822727184
3	308	8694.374302392845	3498.2976844122
3	316	9072.343037038328	3097.1825476613
3	338	9500.974810839065	3361.1989803893
3	349	9772.353559200086	3374.4752823552
3	392	10937.626288021003	4736.44536351
3	437	11527.260355092605	4872.62325519
3	441	11530.507664196213	4385.908769668
3	453	11704.671757322171	4724.2522991434
3	459	11962.103957853499	4844.8872404447
3	492	12777.30855919722	4632.6369368854
3	517	13089.934733983495	5514.3570618718
3	572	14030.302630316831	4397.3977820375
3	576	14138.913280647269	5177.8936908738
3	585	14198.170529355514	3823.3618064169
3	593	14268.389266900006	5570.9349412518
3	610	14585.360745404281	3900.9740671686
3	641	15231.855313116705	5048.9188513441
3	660	15507.137447902953	4112.5377803906
3	677	15711.254430150979	4278.3094549292
3	701	16216.201238809175	4657.4068554171
3	737	16813.806115005531	5090.928567612
3	764	17390.103110981392	5826.2595341924
3	792	17839.049394194403	5659.3838483669
3	815	18260.847538982736	6011.0947229008
3	819	18302.601837087444	5127.6867120873
3	823	18446.583322742976	5197.8981094148
3	836	18686.624601323524	5530.422981928
3	897	19999.961608395347	6049.9281461694
3	910	20175.808084405246	5349.2599013085
3	914	20275.983915189303	6371.3785031778
3	967	21637.706627001274	6805.5508154179
3	971	21714.13197978402	5442.5450810909
3	997	22453.370666809747	6582.2873321819
3	1006	22614.839187546852	6268.9040767731
3	1014	23038.275351747894	6344.3249842315
3	1047	23736.33067870363	6909.4969239977
3	1053	23999.047998851188	6962.3942918538
3	1090	24751.942132832506	6599.6647070826
3	1098	24933.855828864867	7514.4540954647
3	1102	24958.181710851598	6238.5706916988
3	1118	25665.056547018136	6480.9946131986
3	1145	26353.007450805265	7171.8073841174
3	1170	26704.063736496861	7451.3858492782
3	1196	27522.662668768341	7737.2395718318
3	1208	27748.402136918181	7002.3060682024
3	1212	27937.953464689884	7343.9969610093
3	1216	27953.93228054348	6154.6776648438
3	1250	29086.021699140215	8241.6813218387
3	1267	29480.750778325269	6783.5709082822
3	1301	30065.947121356834	7383.8834651257
3	1305	30255.478448523232	7851.2559447092
3	1341	31066.367600196997	7964.8913033983
3	1368	31788.686662943323	7799.0207202935
3	1398	32112.565723898257	7333.5478204648
3	1409	32460.837403324654	7395.7735806233
3	1413	32464.34302983808	7551.9569808409
3	1453	33290.595016468684	8247.9491722614
3	1459	33442.403309036415	6770.4432771791
3	1463	33517.724402565535	7152.67762802
3	1480	33984.235326804588	7436.404551592
3	1503	34529.885019416357	6850.5430091526
3	1522	34745.823407126616	7182.5795738886
3	1543	35248.196157123919	6875.2940460355
3	1559	35663.682951222394	7567.4214644441
3	1582	36123.607820811118	6571.6503794944
3	1588	36322.865552585597	6036.5975709013
3	1620	37250.213149667938	6792.1274402807
3	1628	37532.584599813814	6658.6934981198
3	1657	38137.679862752583	7061.3437339705
3	1667	38623.407191036637	6914.8126135201
3	1680	39227.624127858539	8123.1131626852
3	1706	39438.277014866497	7611.9660817019
3	1714	39771.239209559967	7704.2030121803
3	1718	39881.479798890676	6559.1372459147
3	1756	40702.857366314525	8442.9375369143
3	1781	41203.135727010693	7464.767130891
3	1790	41298.138794878865	6861.701512192
3	1799	41490.931565680762	7829.9023231992
3	1846	42238.963719562849	7622.6985285939
3	1850	42255.556927081224	7479.3543229782
3	1865	42507.568784328203	7027.8266503342
3	1871	42743.58955492116	6794.3570225144
3	1889	42966.429318332334	7115.5153704528
3	1906	43341.516974520305	8292.87808147
3	1932	43781.114647647732	7301.8570619084
3	1940	43841.62623509135	7643.8903626442
3	1944	43916.488640427956	6691.9750257993
3	1954	44171.530352489313	7658.819814573
3	2002	44971.147429783264	7116.5160911298
3	2023	45542.819900959756	8477.0808470209
3	2059	46237.922852671141	8366.5341186526
3	2063	46336.700173104207	7911.4459865434
3	2071	46352.848247851467	8716.3563313486
3	2088	47170.927870625997	7648.5454224881
3	2119	47536.274457386131	7551.9493215788
3	2134	48104.005485608465	8788.3827253285
3	2140	48334.883424798053	8357.5577378604
3	2168	48881.885740775641	8507.6194188917
3	2182	49200.881789301745	9210.0754911094
3	2209	49904.298263586348	9143.93915348
3	2220	50043.322649998616	9532.2152692205
3	2228	50160.837414449448	8528.3224256328
3	2241	50491.462838426259	8533.7701445426
3	2286	51338.271894336899	8807.5082090204
3	2314	51822.856630113343	9763.3957475825
3	2328	52354.935322916162	9554.4083793342
3	2336	52402.235139336804	8811.8430788616
3	2340	52575.106556583222	8876.23726577
3	2349	52668.582296602796	8539.2430095424
3	2400	53943.568321339077	9115.9342536583
3	2406	53963.079245463041	9159.7767596952
3	2467	55290.683346660836	10322.775320146
3	2479	55550.037487585465	10689.899806269
3	2493	56003.221929230164	10929.692035663
3	2497	56114.945918051553	9381.511945525
3	2501	56143.830006609894	9518.2687138793
3	2505	56176.844296491141	10006.553226886
3	2542	56935.321860423679	9565.5009136562
3	2550	57182.667593034012	9995.6384671658
3	2566	57611.799343156852	9981.0978007374
3	2603	58247.428487393298	10052.788883259
3	2607	58389.631373573462	10311.044818979
3	2613	58470.789233204006	10809.057077292
3	2653	59338.318179640947	8708.1876079867
3	2695	60003.105290814526	8858.99328634
3	2709	60111.978745413972	8918.9274007006
3	2725	60705.533111466463	9775.8103606573
3	2739	60928.300369627066	9287.0371576404
3	2754	61400.343469794131	9099.4346169529
3	2791	62303.407743647722	8479.5223234129
3	2831	62961.815458166636	9740.4320932577
3	2865	63399.569726046203	9455.3160642539
3	2912	64127.926133841645	9720.4707101076
3	2916	64302.56593864414	9081.9977259602
3	2929	64463.525810794197	9589.1628343478
3	2935	64472.841258433871	10485.062500398
3	2953	64796.616496861349	9785.9393746978
3	2961	64974.451492450424	9461.8247982199
3	2978	65269.074188452241	9383.495575881
3	2991	65351.137268890851	6874.0821443868
3	3000	65527.122849299009	10402.486558379
3	3027	66001.940015897524	7984.0385757146
3	3067	67018.98352762687	8597.6317104008
3	3075	67194.881954815608	7998.0475849056
3	3112	67781.914419455823	8314.3011795679
3	3128	67994.232424072215	7492.9072221464
3	3132	68025.577096900341	7560.4775430875
3	3136	68156.760854944615	8561.2497997828
3	3177	68998.649840708849	6816.9018802819
3	3194	69185.764834827968	7800.9009511033
3	3209	69328.699396218398	7247.2553508453
3	3215	69400.573878799002	7442.847976666
3	3223	69647.064500236911	7068.9079323493
3	3227	69685.016803322388	8994.6321782959
3	3271	70670.852637643363	7727.5216608321
3	3300	71321.347789106184	6850.6850854996
3	3308	71563.151392334365	8602.6908855476
3	3322	71957.724869539989	8478.7099210831
3	3338	72224.137675709315	7658.9998657141
3	3342	72282.566098876665	8936.6126788208
3	3399	73879.714018655969	8643.3649008953
3	3419	74244.874563201555	8698.2421412149
3	3445	74692.445633513881	8017.9026601192
3	3472	75180.99841030165	7263.7965712507
3	3483	75403.491799587752	8990.9466745883
3	3492	75653.51594669115	8404.9823820194
3	3519	76168.350860346137	9286.7592535832
3	3539	76533.331641348446	8208.9143280619
3	3550	76806.900921699816	8365.9208055394
3	3588	77571.998801128968	7274.8212660574
3	3592	77585.394156620273	7414.1662878639
3	3600	77731.212014053046	9119.8029907994
3	3604	77990.732407653733	7342.474359313
3	3617	78008.430833470443	7658.6288070291
3	3636	78525.362551355028	6948.1852658276
3	3642	78581.126258674302	8078.8721228982
3	3681	80377.741838962206	9379.8272543423
3	3696	80688.604638449141	8271.6757125054
3	3733	81527.65288349244	8918.0011964072
3	3749	82215.003355316111	9250.0311799966
3	3772	82824.396192347661	9493.5668445917
3	3788	83238.347065246889	9090.1029326565
3	3792	83306.132106090331	10081.986942934
3	3801	83354.395765688638	9067.6498411713
3	3817	83580.708167292208	9049.1370667831
3	3840	84537.335336276555	9613.5286163688
3	3849	84584.019905643905	9463.2383019222
3	3857	84648.724723327936	9600.9000676863
3	3878	85392.557498675997	10063.669902564
3	3897	85963.900153422759	10140.648614599
3	3905	86204.24009412829	10224.123718285
3	3927	86657.119575984071	9888.3452837797
3	3944	86864.223499585311	10729.400236681
3	3953	87348.353375708715	10952.236513956
3	3967	87683.877301774951	8215.5624182435
3	3998	88290.427849628063	8438.4112326875
3	4002	88353.812416860129	9803.7012609522
3	4016	88562.245956480871	10232.319255114
3	4020	88777.426549590419	8047.7510052994
3	4048	89501.982967611434	8754.5871529403
3	4065	90019.770375549088	9076.7597637027
3	4073	90090.888634303952	9589.4769663652
3	4086	90408.223286112803	7609.5623244058
3	4094	90545.343822816754	7534.1659581821
3	4120	91424.039966075908	8409.8589785424
3	4146	92086.104768489714	6163.9210628563
3	4163	92728.517892731721	7623.6769381892
3	4177	92986.759682158041	6907.7501050756
3	4256	95198.053123652968	7418.1918491537
3	4265	95392.590545661043	7661.3983687333
3	4271	95654.752853953505	4745.6037734292
3	4281	95851.646568065877	6618.0010178852
3	4329	96882.245766034717	5837.2892495228
3	4357	97496.800118768621	3983.5945660078
3	4374	97751.987806338113	4650.2986234174
3	4383	97981.777780697118	3529.2393806604
3	4417	98755.313572314005	3955.4205707069
3	4426	98868.130740065496	3443.334922444
3	4453	99501.821096169988	4532.6414207664
3	4477	99973.88151969764	4307.4452488947
3	4486	100133.74041255414	3647.3192017109
3	4510	100793.708321511041	4463.7223544979
3	4519	100876.739534828845	3930.1690220004
3	4536	101181.191118535021	3132.0865432027
3	4540	101274.617557537969	3652.1144447282
3	4571	101938.451680469553	2737.6868381516
3	4581	102159.778829552267	3993.7394004095
3	4611	103190.491277566213	3409.7570383201
3	4624	103396.863907294715	4087.088227388
3	4654	104532.63701802123	4359.3696308782
3	4662	104777.060166591074	4196.2223733282
3	4686	105620.799835006142	4521.6381854303
3	4694	105740.222957724001	4606.4856356929
3	4698	106007.014533112193	3392.2885561835
3	4720	107176.362011060152	4427.757785089
3	4732	107918.535556698775	1813.8849672675
3	4756	109354.088618338305	2294.824519828
3	4770	110163.651091962426	2111.5756543446
3	4843	111930.785031055571	2622.2492720559
3	4859	112312.757022935738	3162.1789450385
3	4890	113121.555556716239	3155.4223959409
3	4937	114301.035915898	4167.2274696524
3	4953	114380.322547355508	3609.7672316621
3	4962	114560.074244929319	3612.6674217154
3	4970	114811.084449145183	4385.2991591807
3	4978	114857.563588374765	4329.2394851345
3	4982	114859.348784859762	3111.5730104016
3	5006	115409.521882155151	3116.1229502121
3	5030	115978.099930088507	3449.8637822549
3	5050	116264.814509130856	4286.47952246
3	5075	116790.008145036018	3677.5943835841
3	5101	117220.148667968652	3383.1324988733
3	5105	117244.348198010757	2405.9755927907
3	5114	117491.816938401371	4235.4024284924
3	5147	118192.043355345568	3370.0523161867
3	5151	118228.40162856272	1935.4999244529
3	5171	118608.191307737983	2442.6491109654
3	5175	118725.22437477252	3681.5013675917
3	5188	119039.792543587446	3160.7638368281
3	5207	119659.123937712542	2851.7687921337
3	5213	119868.725355549876	2126.8317268789
3	5217	119972.861668321475	3243.1262196208
3	5253	120779.604510318028	3799.0106847543
3	5280	121451.683235869915	3575.4616740489
3	5307	122194.623720140667	3678.5933574898
3	5315	122470.742239135478	3078.4133144094
3	5319	122519.909454652281	2671.5156501575
3	5348	123323.492623770972	2945.3501371387
3	5352	123503.706129748178	2788.8210413139
3	5356	123660.494284957304	2496.9496310782
3	5383	124843.005184967935	2908.881508084
3	5403	125676.286607874279	3102.3003024794
3	5421	126366.785238830886	3222.1498307772
3	5451	128374.380481872777	2315.3556805104
3	5479	129000.362177190788	2831.9009384047
3	5509	130040.509256591168	2926.8193935882
3	5521	130110.740450232811	3279.0772059001
3	5528	130587.979766607757	2175.1718696114
3	5540	130720.163686416164	2168.7716640998
3	5551	130942.276431725836	2079.6793998219
3	5555	130961.042463985827	2393.5147709213
3	5584	132202.586812762232	1763.7366780359
3	5588	132219.772415593091	2863.0722230114
3	5615	133347.098428886501	3307.0919531956
3	5626	133769.171135027567	2879.7213427071
3	5630	134013.635515292463	2323.618739862
3	5659	134676.578262454803	2654.6172606759
3	5674	134960.694936135162	3082.7284959611
3	5702	135915.877826927828	2215.6777051929
3	5719	136435.193692007758	3393.1111915782
3	5745	137107.303541632306	2668.100101864
3	5783	137769.817726205971	3010.7001458259
3	5787	138011.672742944821	2927.2800871943
3	5791	138030.458745090901	1289.8149454574
3	5803	138464.08141627741	3479.5179336425
3	5843	140066.113855622904	3541.6291709952
3	5847	140405.362469934524	2681.4366257004
3	5862	140719.035250045766	3509.8831162043
3	5866	140919.519976031445	1979.4256805442
3	5894	141818.055854510022	2918.1857081037
3	5940	143088.576375520528	3129.9681244791
3	5955	143471.154677865137	3971.9803811889
3	5980	143885.916160853085	2367.0617679018
3	5999	144752.062399116194	3173.3569391915
3	6078	146266.58484035681	4565.7094850275
3	6082	146280.245709359242	2782.1011127552
3	6111	147054.249259294448	3334.0786600487
3	6115	147065.230498058318	3698.6897045933
3	6124	147222.853784373811	3793.2807149691
3	6142	147780.56967819619	3550.6904646166
3	6152	148275.561149628429	4193.079283647
3	6181	149013.623976759209	3539.5768524432
3	6185	149165.113169130718	4925.8706332443
3	6225	149909.807919064132	4192.9988674849
3	6247	150308.835533772445	4778.0925486427
3	6256	150688.849123423425	4516.7470408379
3	6284	151271.631349684177	3360.7479418238
3	6303	151732.226614075563	4892.1927065525
3	6324	152139.749534883386	2894.7383932677
3	6328	152152.312609409509	5431.4944671498
3	6332	152227.311239415375	3009.6722376761
3	6349	152485.570503431899	3229.7621504764
3	6357	152523.595193136079	2721.529812738
3	6379	153420.025100464782	4107.2470338701
3	6383	153424.312844709931	5140.6869243372
3	6408	153890.377846225602	2974.5689018398
3	6441	154886.444285260936	3455.1207613572
3	6465	155160.370920122681	2879.7621106168
3	6473	155276.845131288572	1820.0110578071
3	6495	155829.946270590154	3698.1560811578
3	6525	156479.477209499719	2790.3649159614
3	6541	156963.327847264483	3443.3209345769
3	6545	157084.641689116581	2082.7312203404
3	6569	157819.943289414817	2255.7032536995
3	6578	158122.555243018255	2757.2590670642
3	6634	159706.967170335299	2223.2947111689
3	6650	159823.895561584475	2221.9698420643
3	6669	160596.306215674399	3092.7196833768
3	6677	161001.629716485751	2430.4781618435
3	6698	161410.076658603097	3077.4984675832
3	6702	161446.027322729334	1949.3510613497
3	6732	162105.840056070491	3415.1119292993
3	6746	162352.536526717339	2408.4453327488
3	6780	163468.132744748395	2285.293987887
3	6805	163885.249075359223	2406.3303246071
3	6843	164884.58717396248	3291.2714474137
3	6855	165100.041098157434	3050.6149608948
3	6879	165648.955256734533	3782.1978730775
3	6901	166031.682253871604	2903.5785890286
3	6905	166213.860260444012	3220.6967652292
3	6918	166259.234822045526	4217.2327962466
3	6939	166689.923878554745	3429.7350746154
3	6947	166956.296637999145	3090.2042251662
3	6963	167125.665868167085	2630.7820759989
3	6975	167752.52610593152	3963.123841517
3	7005	168162.841333439824	2492.3631028301
3	7009	168394.740224676698	3084.5524868665
3	7013	168437.804068510867	5140.8274843457
3	7027	168863.546596455834	2932.0458588385
3	7051	169687.340986645099	3186.1281923646
3	7059	169723.796531490496	3125.6543480681
3	7067	169838.477558447539	3541.6103531043
3	7074	170225.154234031707	3214.8619205509
3	7089	170878.470120402304	4252.4911454184
3	7107	171499.672841802731	4036.2884162258
3	7178	173935.882761015443	2484.0647132043
3	7190	174343.704343644758	3220.6038003042
3	7206	174757.162881104131	2788.7651877435
3	7239	176684.039289252329	2963.9729782753
3	7285	178844.75529874783	2424.0533349942
3	7311	180189.191375124312	2427.6830125507
3	7332	181077.582519481142	2562.8739973158
3	7353	181633.662538532437	2048.952095909
3	7364	182134.478853329091	2491.816687854
3	7406	183451.167125318527	2664.1246688738
3	7418	183970.767531208507	2946.4313741494
3	7425	184124.034370648072	2678.0353482624
3	7433	184341.877495059557	2882.2025632845
3	7441	184429.216667212275	3605.2730697859
3	7461	185246.681911962435	3755.5645660973
3	7472	185564.422799799321	4092.1660910112
3	7480	185852.530782118768	3264.361957324
3	7484	185950.262126615084	4044.9049440237
3	7495	186428.475914537108	2352.4885749724
3	7543	188822.511156236165	2264.8306712508
3	7585	190133.954865683414	2681.9161444902
3	7589	190213.226757732219	2483.37621429
3	7605	190695.864985656087	3555.5411228444
3	7636	191987.771748963775	2815.658299271
3	7665	192347.782475994319	2570.3370300211
3	7672	192525.898347193311	3277.2785655688
3	7686	192864.493789969043	3173.1515802198
3	7705	193380.172197244998	3109.6699254012
3	7709	193466.368100410786	1811.9557496253
3	7729	193876.273612756707	2602.9867062159
3	7768	195108.258520563143	3169.2329698429
3	7791	195545.619083699297	3562.0089873984
3	7830	196301.312850828292	3732.4460742772
3	7850	196654.235606224286	2643.275895322
3	7857	196829.926556905911	2728.8262023061
3	7864	196891.059590531971	4105.6731694101
3	7905	197752.666656272944	3591.7313966053
3	7936	198204.023082184616	3165.9975925324
3	7944	198432.622991007001	2882.0003058521
3	7957	198693.185739059961	2033.6031354591
3	7974	199063.207424085337	1829.6273282357
3	7983	199199.685232220693	2316.1626062449
3	8003	199672.996450327449	2549.0012451634
3	8041	200553.372928848375	2706.7908229865
3	8049	200657.237895988039	3370.8418843512
3	8053	200671.041575978054	2750.3925660278
3	8057	200815.597521806021	2613.6134244553
3	8061	200936.56823477719	2865.4111743207
3	8081	201267.447834881134	2949.1615699094
3	8103	201995.360746067129	2753.504660231
3	8158	202958.205552268885	3302.8303759524
3	8168	203144.680769723385	1861.600600741
3	8184	203427.396269999921	3243.7561426966
3	8205	203666.483859507254	3199.2334768487
3	8216	203908.353026555239	1785.0613419246
3	8236	204739.263401613913	2109.5987989102
3	8274	205502.062584823473	3989.9047760369
3	8287	205643.685254760124	3257.0526416134
3	8302	205872.806038472839	2671.2430714368
3	8306	206117.68100527615	3117.8637612095
3	8350	206963.181619002029	2976.2183960558
3	8354	207101.79103141219	3231.1037984212
3	8373	207650.277563527265	4205.2350093304
3	8381	207752.816071822649	2886.297639607
3	8495	210701.450691351706	4182.855827331
3	8504	210790.402103217652	2126.9119847752
3	8519	211173.180887176163	3579.8989622109
3	8568	211896.541700827396	2833.9778611539
3	8572	211899.074165887231	2679.3039542586
3	8583	212130.225793050936	3172.6069422086
3	8587	212199.121633341869	2564.4590890408
3	8591	212254.352997189721	3023.6304766562
3	8625	212699.643909305772	2517.538770598
3	8637	213303.569725130086	2244.7812450321
3	8663	213654.145113640497	3266.1589136031
3	8667	213668.285668577099	2288.3988616931
3	8671	213690.425552131941	3351.1082322381
3	8689	214397.243207077003	3911.8624898218
3	8724	215080.502492377867	3697.718070552
3	8749	215593.89002917192	3930.1224950608
3	8771	215996.537586526045	4017.4463034784
3	8779	216235.755999127736	3871.8092743276
3	8788	216390.38844198208	3978.8791898996
3	8798	216495.512277438337	4120.1703250639
3	8812	216789.375719001849	4166.409322643
3	8831	217317.422518523849	5049.1899258939
3	8845	217485.460247079348	3925.2197628997
3	8849	217658.35454692229	5034.5388970158
3	8853	217738.564174276283	3382.1963825228
3	8876	218556.086040121534	4788.6694427456
3	8903	219344.849448057225	5700.3472705263
3	8912	219749.667818239921	4991.4217507557
3	8916	219765.869977724246	5365.7115570627
3	8961	220797.527865973332	5912.9985574243
3	8988	221385.95682282097	5620.6787485059
3	9015	221804.595793158255	6721.2062411491
3	9019	221817.556803041169	4456.3908046084
3	9030	221911.828089088535	6091.3587876353
3	9046	222314.223261315815	6121.4104935439
3	9054	222436.766300425896	5804.8563799078
3	9078	222840.159251874752	6632.4717816932
3	9088	223095.717101518399	6679.1891267154
3	9096	223153.268442515723	4718.279796381
3	9123	223624.369276539453	5817.9468707903
3	9131	223802.859572965986	2672.80348049
3	9145	223955.793813253783	2679.5545279274
3	9153	224059.394720040596	6002.8567386515
3	9166	224485.736012060529	2618.6349324584
3	9193	225162.315170804373	2576.8242263036
3	9212	225502.10119171857	4358.5338408835
3	9225	225936.139447231285	3218.2881793575
3	9229	225991.273508232421	2959.5323734164
3	9252	226594.385555843853	2190.5274561477
3	9267	226902.237799242848	2653.8945224416
3	9307	228139.517204415492	3433.7875412194
3	9353	229562.933077757025	2487.0527789805
3	9357	229623.823285046977	3432.3407413345
3	9375	230102.878832127518	3367.8966854978
3	9379	230160.462101362657	2891.6529973136
3	9408	230776.333604156983	2686.9962372428
3	9427	231322.014973034764	2655.4403630644
3	9431	231601.471173651528	2695.5819054365
3	9435	231637.535252189974	4210.5465708013
3	9463	232300.830821110023	2465.3541191574
3	9467	232423.186994804853	1727.5875443313
3	9471	232656.132718019436	2622.9766460694
3	9505	233589.64406505983	2846.0886351205
3	9513	234025.314715991617	3371.5269376338
3	9517	234212.1504915737	3168.7810921076
3	9546	234900.651636318422	1888.9681327343
3	9579	236055.55409915664	3041.0677878175
3	9585	236114.337728648011	3422.0283442922
3	9598	236527.405228444191	3542.7294384129
3	9609	236817.320358558122	3199.0268922739
3	9646	237780.934125342525	4669.4096884362
3	9659	237996.833813429626	4015.3484749681
3	9696	238501.743592682111	3710.1426154928
3	9700	238613.625537911925	4250.8650695172
3	9704	238722.652689591545	3655.0961971078
3	9708	238753.698749997772	3980.0197644951
3	9746	239402.751679209957	1354.611405367
3	9768	239707.93643253905	3058.2738755771
3	9787	240055.810146192585	2789.2259594682
3	9791	240063.266393839499	3984.6142673201
3	9799	240326.402547096685	2247.3745532334
3	9816	240656.452955719048	2361.6350885225
3	9858	241756.656345629917	2410.5583876025
3	9900	242804.114531816767	3238.0967968172
3	9913	242884.865569516869	2324.030402225
3	9928	243043.36183180474	3468.2066208938
3	9941	243605.815705660734	3019.1063083704
3	9990	244733.421400345432	2669.2638742179
3	10001	245091.378359610863	3490.721810041
3	10043	246048.403715549685	3618.6226684598
3	10051	246179.93534568017	2488.5630842502
3	10055	246593.545662479046	3581.1829578875
3	10079	247043.354588897383	2040.5109621864
3	10083	247238.02763316314	1858.0166503787
3	10087	247466.799698083378	3145.3813139682
3	10148	250764.740512358343	2881.8727043364
3	10154	250951.837436147417	2229.4833052251
3	10192	252020.274543205036	3467.4231945444
3	10207	252240.878111012663	2705.2541755706
3	10252	253437.63804975128	3762.8723121189
3	10256	253599.629083840495	3486.5289476861
3	10282	254117.220296437239	2672.4630623417
3	10312	255001.0737693593	4483.1819566078
3	10346	255337.784770392264	3153.4374754457
3	10368	256131.592563867329	2716.6415834972
3	10420	256959.800110088421	2761.7201014527
3	10424	256986.691717859741	3556.3874902523
3	10432	257080.677673980289	2779.2583366467
3	10436	257247.677608787342	1929.6143822931
3	10444	257352.310800062717	1916.4583392721
3	10471	258145.295295912532	3071.2554785889
3	10475	258172.723314259192	1867.2268109769
3	10511	259356.123894008321	3185.1916207932
3	10526	259536.860366798316	3551.7974050529
3	10553	259976.705223985461	3130.4395648985
3	10598	260848.375646595357	3476.941852437
3	10602	260900.031118206672	3555.1126994633
3	10610	260993.776595902143	3014.8732989323
3	10622	261190.998028450955	3891.6845045735
3	10658	261709.251862512279	3757.2442407373
3	10662	261775.244370244888	3676.7120457131
3	10688	262440.086309229947	4499.8741014191
3	10714	262826.304569457967	3810.0754052443
3	10768	263923.318717032664	4833.7348010086
3	10784	264147.24317277081	3952.0447558854
3	10788	264150.478393062941	4132.1794669888
3	10810	264430.512499699813	2957.2615811723
3	10829	264853.064613307339	3786.8979299595
3	10833	264859.011030848447	3420.6942936864
3	10899	265961.184301627793	3672.4523834857
3	10909	266250.131503622356	2885.7215420155
3	10913	266396.93613650508	3036.4239207832
3	10942	266731.06961715266	3106.5798529039
3	10946	267260.43861525071	2236.3168334243
3	10950	267386.577854006862	2920.9227701684
3	10991	268374.531221645493	2854.6832145005
3	11003	268613.825993197768	3699.2910818383
3	11017	268878.58613955172	3355.5947749224
3	11021	269033.129658582229	2977.5487699566
3	11029	269170.955439586922	3229.2813513713
3	11055	269543.335213740155	2130.2996110144
3	11074	270109.379194465823	2069.8627565848
3	11082	270373.102678380332	3937.0946800921
3	11097	270899.390780157017	3225.0249438698
3	11109	270985.871030310708	1820.182720705
3	11116	271097.248918743075	2477.3525038362
3	11143	272170.61103036954	1729.4318374526
3	11161	272743.606736420857	3677.4747901114
3	11165	272764.984879218593	2670.7589715533
3	11202	273712.411721657255	2466.336547276
3	11209	274009.864595175641	1784.3471686542
3	11213	274027.166229704949	2997.9608866945
3	11255	275208.341973296484	2743.6527769547
3	11266	275600.068760077953	2825.5001987983
3	11295	276675.167772972628	2721.9957388379
4	64	3764.75101713082	2496.8752198108
4	278	8237.812582127037	2760.6980512039
4	396	10947.339398230645	4570.4755660641
4	415	11386.781788951152	4841.9038695855
4	542	13542.249654121717	5660.2476976034
4	606	14511.517255006723	3463.3590340821
4	707	16311.097201992191	4866.8817504446
4	713	16463.494539512343	5011.5628591102
4	722	16516.131704909015	5828.4919436852
4	775	17421.707331258825	5362.8883650103
4	796	17914.230984747431	4943.4348285968
4	865	19321.297032696414	5858.9356512041
4	929	20668.022575452946	5810.0065121565
4	933	20681.311427576834	5651.7749777031
4	945	21249.857771126576	6010.1782410573
4	1108	25048.668280358645	8165.3013764314
4	1164	26568.975257743175	7373.5518920481
4	1311	30391.190795314718	6850.7428269111
4	1362	31707.416399147729	8526.9080083946
4	1394	32069.926801919962	7408.2144013678
4	1507	34548.826164690067	8014.2961369058
4	1513	34723.058054454993	6559.2373828893
4	1972	44439.049046132739	8386.4277274134
4	1980	44640.381322934515	7979.9777972191
4	2044	45882.634291721876	6408.4904810449
4	2048	46099.126602530847	6858.8020211742
4	2186	49250.807608606661	9023.529007295
4	2262	50838.831361364599	8489.9858382666
4	2302	51715.433734323121	9675.6982645126
4	2380	53684.409941801092	10827.747592773
4	2437	54761.451657063551	9707.0019840781
4	2628	58711.035949746174	9253.2404697768
4	2668	59483.90937252752	9491.7771734117
4	2672	59560.775568455825	10977.990026408
4	2678	59636.463239183678	8822.5163141421
4	2758	61449.629613038521	9699.2983726258
4	2767	61579.657210893957	9759.5643281615
4	2846	63169.302090553935	9488.2559941391
4	2949	64794.284025216503	9474.9963192229
4	2987	65330.460592815681	7808.1590464386
4	3071	67090.784052334019	7831.8115816818
4	3083	67227.738677424603	6793.3661569841
4	3219	69543.452019224312	8617.8838473409
4	3259	70407.984772504533	7987.7244299174
4	3265	70514.795589288724	7411.3145163807
4	3390	73747.55329014584	8690.9121243179
4	3455	74953.763675776535	9164.2964940658
4	3567	77080.481440265098	7764.3958177768
4	3613	77999.221210985669	8668.2763878353
4	3666	79630.022585270955	7441.748201069
4	3720	81214.79873552769	8670.3346881425
4	4052	89536.929348696391	7735.1937692509
4	4128	91689.964729490126	8170.3984246885
4	4159	92550.098149618167	8787.694655207
4	4183	93204.58840919509	5729.6729300608
4	4203	93629.766142678674	7582.9435311872
4	4303	96184.630234821926	5109.4286787426
4	4321	96532.222107518497	5581.0197130222
4	4361	97533.149422658641	4570.4798130856
4	4430	98875.426032673601	4062.0464000138
4	4504	100530.997229654709	2930.9445890342
4	4575	102105.05158898424	2844.3415437926
4	4615	103225.530835262726	3682.8422826419
4	4645	104311.885595972086	4527.6263212396
4	4705	106148.211890365962	3991.9314709216
4	4824	111676.793080971748	2625.9741582256
4	4863	112393.889508632183	2630.9787366506
4	4879	112720.956857211427	2361.8229596245
4	5002	115322.715580410496	3742.5346180909
4	5097	117164.664508204447	3829.9272154308
4	5272	121292.139343682216	3243.063124135
4	5296	121762.455408464347	3918.4146355211
4	5410	126143.572242535693	2856.0595378373
4	5425	126443.090780904238	2486.0646324772
4	5715	136312.081078614071	1729.7420564666
4	5760	137494.896612680195	3477.0861600526
4	5807	138475.729815684196	2755.8699838514
4	5961	143539.108854108926	3101.97958598
4	5965	143571.897787292337	2110.8472360298
4	6008	144833.539936047601	3513.4542774316
4	6058	145999.521542413941	4084.9308508121
4	6090	146418.623288195086	3030.1751810642
4	6201	149339.730257266728	3818.1923702568
4	6229	149930.644517424953	4843.9531321288
4	6437	154780.466676288365	2692.677282393
4	6461	155023.400380956433	2788.7805581048
4	6533	156890.428481364399	2517.4162665365
4	6537	156960.433322502995	3001.919819992
4	6627	159394.50480039345	2925.3006441146
4	6654	159889.513345584987	3649.4007229619
4	6788	163643.100771448133	2233.4737060312
4	6797	163755.252456001452	2468.0855611246
4	6864	165231.552950172004	3380.8194645337
4	7111	171610.70323686812	3872.8110087193
4	7130	172195.307868725574	2161.7110240459
4	7155	173456.8278022426	2773.2264027558
4	7194	174511.284357899689	2601.069622268
4	7221	175270.629585737865	2048.9764953777
4	7225	175768.459991276153	3798.2152893655
4	7270	178457.039627579071	3242.1946160216
4	7277	178567.493807080161	2693.075829735
4	7517	187300.998054672562	2036.5719748009
4	7557	189283.077548180581	3057.8282534983
4	7682	192795.720490877867	3409.0062762704
4	7772	195161.495281987071	2746.0279691778
4	7822	196160.462899210873	2953.9276593343
4	7846	196654.180858762013	2952.7543217
4	7879	197179.749884110122	4590.153664935
4	8133	202395.614451291516	4126.0612593962
4	8141	202559.039994863679	3080.3215886903
4	8201	203513.652903745063	2557.3193850844
4	8278	205571.886074338585	2868.4787450193
4	8341	206691.708036950335	3255.1922122938
4	8393	208110.500573134526	3239.5765021623
4	8405	208507.23939244453	3290.4001312658
4	8412	208744.433812879065	2916.5326371645
4	8445	209594.118063841493	4284.003754149
4	8451	209768.393153264529	3479.9924891556
4	8553	211565.090356525997	2769.9061165843
4	8929	220124.018530968909	5343.4217899682
4	8992	221393.111265266647	6241.4941695535
4	9204	225340.374114411913	3537.9792281177
4	9256	226651.818388170593	4681.7703272937
4	9286	227437.511032194339	4643.5463377455
4	9322	228740.823861463705	3561.4472567888
4	9755	239550.838554884356	2360.9841516707
4	9808	240465.755633692375	2845.4786760505
4	9851	241549.122597228588	2379.7750171384
4	9886	242443.149252491075	3306.0915730521
4	9904	242812.308067357133	3519.2006285867
4	9960	244027.691382992977	3996.8457240412
4	9986	244516.330882763905	2095.0175092276
4	10016	245420.904017255125	2735.0046256985
4	10063	246649.468504388534	2508.9724956243
4	10104	248930.770649966771	3040.3428106382
4	10220	252461.525663804581	3471.572245085
4	10233	252756.87894701617	3050.2406696374
4	10304	254856.307406268774	3919.7998395949
4	10316	255071.88822160351	2934.7320085857
4	10361	255976.734762565924	3772.6265084612
4	10396	256471.455200366371	3168.352640681
4	10570	260251.829833602524	3895.5582306499
4	10674	262289.480933546398	2898.6331303847
4	10738	263334.181766453508	3715.1792567244
4	10742	263345.346097063718	3752.5140223812
4	10780	264118.355158874143	3788.7911484745
4	10842	265041.013705329963	3861.9322363382
4	10863	265351.374643242432	2264.7909393556
4	10885	265784.757212214165	2397.5382295287
4	10903	266039.357306537529	4230.6813083748
4	11139	271921.628647878191	3166.2000843441
4	11233	274557.696527013829	1670.6370027177
4	11259	275394.414028762816	1853.3057938144

