version 2
run Iteration-61-20200521-09:54:27-54592
attr configname Iteration
attr datetime 20200521-09:54:27
attr experiment Iteration
attr inifile omnetpp.ini
attr iterationvars "$i=6, $j=7, $0=15-(6+7)"
attr iterationvarsf i=6,j=7,15-(6+7)-
attr measurement "$i=6, $j=7, $0=15-(6+7)"
attr network Network
attr processid 54592
attr repetition 0
attr replication #0
attr resultdir results
attr runnumber 61
attr seedset 61
itervar i 6
itervar j 7
param **.resourcePool.amount 6
param **.resourcePool1.amount 7
param **.resourcePool2.amount 15-(6+7)
param **.source.interArrivalTime exponential(6min)
param **.delay.delay uniform(4min,28min)
param **.delay1.delay uniform(10min,28min)
param **.delay2.delay uniform(4min,16min)
param **.allocate.resourceModuleName "\"Network.resourcePool\""
param **.allocate1.resourceModuleName "\"Network.resourcePool1\""
param **.allocate2.resourceModuleName "\"Network.resourcePool2\""
param **.deallocate.resourceModuleName "\"Network.resourcePool\""
param **.deallocate1.resourceModuleName "\"Network.resourcePool1\""
param **.deallocate2.resourceModuleName "\"Network.resourcePool2\""
param **.router.randomGateIndex "uniform(0, 1) > 0.2 ? 0 : 1"

vector 0 Network.allocate queueLength:vector ETV
attr interpolationmode sample-hold
attr title "queue length, vector"
vector 1 Network.allocate1 queueLength:vector ETV
attr interpolationmode sample-hold
attr title "queue length, vector"
vector 2 Network.allocate2 queueLength:vector ETV
attr interpolationmode sample-hold
attr title "queue length, vector"
vector 3 Network.sinkStat lifeTime:vector ETV
attr interpolationmode none
attr title "lifetime of arrived jobs, vector"
attr unit s
vector 4 Network.sink lifeTime:vector ETV
attr interpolationmode none
attr title "lifetime of arrived jobs, vector"
attr unit s
0	0	0	0
0	1073	30981.974308870253	1
0	1075	31020.437888646048	0
0	1627	43318.123115793141	1
0	1629	43477.07270051038	0
0	1634	43531.847718320122	1
0	1640	43767.477297731167	0
0	2143	54963.038325067467	1
0	2145	54977.418542111026	0
0	2971	72353.001553873214	1
0	2973	72378.487643645639	0
0	2978	72425.155034630662	1
0	2986	72519.381787979798	0
0	3585	87391.945257808706	1
0	3587	87418.683981747001	0
0	3658	88518.365044907624	1
0	3660	88538.353073507003	0
0	3665	88548.978779578722	1
0	3667	88577.925415547233	0
0	3672	88586.740519102755	1
0	3690	89118.051127769714	0
0	4286	105285.270661421509	1
0	4288	105360.495587460668	0
0	4908	118440.346446570551	1
0	4913	118583.555432213314	2
0	4915	118596.718614968847	1
0	4920	118604.816544660308	2
0	4922	118614.142059182905	1
0	4935	118704.300403977722	2
0	4937	118907.513604525725	1
0	4942	119010.52732814754	0
0	5079	121924.215875055772	1
0	5086	121941.883518623977	0
0	5091	122185.480878900406	1
0	5093	122261.798741300633	0
0	5390	129712.640861478939	1
0	5392	129716.459511033453	0
0	5963	145125.84429243869	1
0	5975	145214.847960516123	2
0	5977	145224.852866018881	1
0	5982	145347.232290676758	0
0	7761	191053.394040156563	1
0	7767	191147.908228422044	2
0	7777	191330.803122172392	1
0	7782	191361.273395407122	2
0	7784	191396.307543100093	3
0	7786	191525.140726362418	2
0	7807	191807.10665499466	3
0	7809	191822.71917670045	4
0	7811	191876.906998923782	3
0	7816	191906.267180355526	2
0	7821	191917.107778870935	3
0	7823	191932.99966511554	2
0	7828	191978.237064551611	1
0	7833	192001.962698783172	0
0	8708	210492.302764878718	1
0	8710	210645.208571311999	0
0	9028	218458.323163238885	1
0	9038	218633.342156984359	0
0	9077	219221.54035142822	1
0	9079	219310.672235499889	0
0	9084	219324.200023183022	1
0	9089	219361.911935878432	0
0	9094	219420.901573104394	1
0	9101	219556.8075108707	2
0	9111	219738.272699052197	3
0	9113	219775.525088034241	4
0	9115	219828.668561929706	3
0	9120	219831.643295526952	2
0	9136	219985.058170609474	3
0	9138	220135.146819686032	2
0	9143	220310.38480171747	1
0	9159	220481.487678561181	0
0	9526	228465.951654585889	1
0	9528	228569.597865901907	0
0	10657	260427.336429862046	1
0	10663	260677.029008108986	0
0	10796	263076.531153779276	1
0	10811	263392.036355256786	2
0	10813	263446.838646447557	1
0	10818	263516.281782484265	2
0	10823	263787.505660617576	1
0	10828	263873.192629927895	2
0	10830	263915.994906639988	1
0	10835	263972.68032763735	0
0	10900	265092.124090613765	1
0	10905	265169.659112659288	2
0	10915	265312.680373193548	1
0	10920	265413.34817870653	0
0	10933	265522.949534287919	1
0	10935	265532.138235202288	0
1	0	0	0
1	427	12805.236968131261	1
1	434	12908.955235341185	0
1	3708	89422.828879500774	1
1	3715	89557.889111494314	0
1	3720	89586.345981195025	1
1	3734	89938.730355028485	0
1	7835	192001.962698783172	1
1	7841	192172.684396528765	0
1	7889	192939.975315567617	1
1	7891	192972.620599374909	0
1	7899	193185.511360714472	1
1	7901	193193.464022516399	0
1	7909	193269.486106022064	1
1	7916	193314.007892893676	0
1	7921	193424.274411812038	1
1	7928	193470.633452801294	0
1	7946	193755.658690133489	1
1	7951	194071.965915999439	0
1	8763	212073.331129570897	1
1	8765	212096.815410611201	0
1	8798	212724.57481810693	1
1	8805	212882.007303070863	2
1	8807	212887.309739492073	1
1	8812	212929.159054199001	0
1	9203	221260.434244658619	1
1	9213	221503.424743226919	0
1	10713	261604.049798350827	1
1	10715	261604.864881208918	0
1	10720	261652.221093459833	1
1	10732	262012.244482915729	0
2	0	0	0
2	111	5272.84641664384	1
2	114	5332.087453939833	2
2	116	5401.328825375018	1
2	122	5477.519471455003	2
2	125	5541.473219046764	3
2	127	5567.090719544265	2
2	146	6235.144394470332	1
2	152	6294.707632350156	2
2	158	6428.173835367832	1
2	163	6532.09328493285	0
2	169	6613.370375031921	1
2	178	6872.526945231436	0
2	213	7978.742331727966	1
2	216	8031.926928086437	2
2	218	8147.285134160052	1
2	226	8291.852034422488	0
2	294	10001.212284455448	1
2	308	10420.948998848044	0
2	314	10421.802010616115	1
2	323	10613.75293440825	2
2	325	10723.594782500505	1
2	340	10866.086469206274	2
2	346	10960.337879745524	3
2	348	11009.924673376673	2
2	360	11034.293460248947	1
2	366	11125.36937722035	2
2	369	11504.587053068094	3
2	376	11723.645714868623	4
2	379	11743.612486159554	5
2	385	11875.39150593707	4
2	393	11947.135443905437	3
2	421	12594.783567743445	2
2	429	12831.021416316718	1
2	436	12908.955235341185	2
2	438	13081.557570541347	1
2	447	13163.365119708902	2
2	450	13254.911713127298	3
2	453	13289.63152327186	4
2	456	13609.132610233368	5
2	459	13647.085407752864	6
2	461	13662.840100078821	5
2	467	13715.617782625028	6
2	469	13761.768498210306	5
2	488	14366.309847477445	6
2	494	14484.280960260868	5
2	505	14530.414545008982	4
2	517	14737.251220493555	3
2	530	14824.439223817703	4
2	536	14998.062384532834	3
2	541	15234.86922267729	2
2	557	15681.377255836571	1
2	563	15920.483256633672	2
2	577	16014.450772563348	3
2	580	16089.122153477817	4
2	582	16129.061356260419	3
2	588	16310.872684182233	4
2	590	16571.641120309079	3
2	596	16639.991623249801	4
2	602	16758.34258519116	5
2	607	16860.269331367755	4
2	612	17020.184668562353	3
2	618	17045.863565038495	4
2	629	17152.223037905049	5
2	631	17264.60218037858	4
2	636	17632.467434200436	3
2	642	17872.236610985366	4
2	648	18003.005276484483	3
2	653	18191.017381082267	2
2	659	18405.587781129057	3
2	661	18443.580079655141	2
2	670	18762.027808584104	3
2	672	18771.728954793953	2
2	677	18901.863370629937	1
2	682	19077.161625934832	0
2	750	21850.517583308247	1
2	752	22078.9068723728	0
2	854	24819.095445125466	1
2	856	24853.408046390388	0
2	870	25156.937243469785	1
2	878	25398.546521894161	0
2	887	25496.084453827442	1
2	892	25658.025830506806	0
2	955	27672.320608055405	1
2	957	27809.11490662042	0
2	963	27894.865278561194	1
2	973	28123.423019796796	0
2	979	28125.504136611845	1
2	981	28163.670464214821	0
2	1020	29307.341815175184	1
2	1023	29466.057398307891	2
2	1032	29805.239655757595	1
2	1037	30067.710674387222	0
2	1125	32341.802992218655	1
2	1136	32570.726497379271	2
2	1139	32590.102316029557	3
2	1142	32683.035588755075	4
2	1151	32862.608956435571	3
2	1156	32907.218420551899	2
2	1162	33141.089621863583	3
2	1164	33180.038950471017	2
2	1170	33284.351567480263	3
2	1172	33413.550973852972	2
2	1190	33730.759263375429	3
2	1192	33824.627517377767	2
2	1198	33862.815884922921	3
2	1203	34249.682434128473	2
2	1215	34674.089647291054	3
2	1217	34747.907992193351	2
2	1222	34749.299763077679	1
2	1227	35029.162845035891	0
2	1246	35191.328163724532	1
2	1249	35234.45396581777	2
2	1262	35553.42243425722	1
2	1267	35609.813401168021	0
2	1281	36054.668490956201	1
2	1287	36301.564026122789	0
2	1293	36337.283343189903	1
2	1295	36524.23870067093	0
2	1301	36578.06614712472	1
2	1304	36621.701524364217	2
2	1313	36998.232211472343	1
2	1319	37073.822651554659	2
2	1321	37115.920066283824	1
2	1338	37431.087374092887	0
2	1352	37691.836757546052	1
2	1358	37857.283193098257	0
2	1399	38531.228885847897	1
2	1409	38773.862364107619	0
2	1415	38835.759765440596	1
2	1420	39057.532242132898	0
2	1426	39168.60420654777	1
2	1429	39175.130010525361	2
2	1432	39233.159087302646	3
2	1437	39337.732014699455	2
2	1443	39397.1134413143	3
2	1446	39467.251965979608	4
2	1453	39590.927680509081	5
2	1459	39695.979756099979	4
2	1471	39888.214094123419	3
2	1476	40001.235769411425	2
2	1485	40300.109983541785	3
2	1491	40318.003329953055	2
2	1500	40482.644897664013	3
2	1503	40515.31909272353	4
2	1505	40561.525919033762	3
2	1522	41078.256688701536	2
2	1527	41089.840918147813	1
2	1532	41405.764566885184	0
2	1566	42050.759185946741	1
2	1569	42112.981987486336	2
2	1575	42415.708868471889	1
2	1583	42484.502968824991	0
2	1601	42954.095817436017	1
2	1603	42964.478800842522	0
2	1662	44158.570596464193	1
2	1665	44380.459605517444	2
2	1671	44442.661671953538	1
2	1676	44461.859414092162	0
2	1685	44660.453337360597	1
2	1691	44803.385722598323	0
2	1705	44981.180110561309	1
2	1712	45117.174940814768	2
2	1714	45173.266862350413	1
2	1719	45279.060817079881	0
2	1750	45918.839034862058	1
2	1755	46402.351964131703	0
2	1761	46432.307798136135	1
2	1764	46462.812140420503	2
2	1769	46679.849030695659	1
2	1794	47013.35777297314	0
2	1855	48512.597891570244	1
2	1857	48650.23589345229	0
2	1888	49385.265217033532	1
2	1894	49590.073265438649	0
2	1903	49879.872370361831	1
2	1905	49955.783128030475	0
2	1949	50771.722328935545	1
2	1951	51158.434690615077	0
2	1957	51298.888475029849	1
2	1959	51329.351528755233	0
2	1978	51464.029608610279	1
2	1981	51475.703978635937	2
2	1983	51521.635919535447	1
2	1999	52064.176412416536	0
2	2042	53115.859792104681	1
2	2056	53421.831008541788	2
2	2063	53536.707672292492	3
2	2065	53574.921122518408	2
2	2070	53672.587269892652	1
2	2087	53994.840418872463	0
2	2093	54049.742567927468	1
2	2099	54253.560736266632	0
2	2112	54426.034462727711	1
2	2115	54452.642356125809	2
2	2117	54531.350354602296	1
2	2126	54568.055901596141	2
2	2131	54730.29863857575	1
2	2158	55126.18949645545	0
2	2164	55214.788624327168	1
2	2177	55435.807513584423	0
2	2199	55934.262321255562	1
2	2206	56026.339091349733	2
2	2211	56153.517314169249	1
2	2220	56549.714813414573	0
2	2226	56570.459651730688	1
2	2229	56765.732739263129	2
2	2239	56998.044071716609	3
2	2242	57039.997239812365	4
2	2244	57105.881202399424	3
2	2249	57135.741201821327	2
2	2270	57771.334668486923	1
2	2276	57834.983310698465	2
2	2278	57965.805095482311	1
2	2287	58030.112617160738	0
2	2296	58125.000398361789	1
2	2301	58357.879725090853	0
2	2356	59363.565361245737	1
2	2358	59386.803606743688	0
2	2380	59744.065858354067	1
2	2383	59806.693560298573	2
2	2385	60046.707743160171	1
2	2395	60138.37084866284	2
2	2397	60176.668415772492	1
2	2403	60223.267105865362	2
2	2406	60269.402045286022	3
2	2408	60663.678571950389	2
2	2413	60754.351623221064	1
2	2425	61133.875644158757	2
2	2427	61219.60393808384	1
2	2452	61641.953093833054	0
2	2458	61785.758138532271	1
2	2460	62056.935214824719	0
2	2485	62417.140380544541	1
2	2487	62421.319659328784	0
2	2535	63645.523484733615	1
2	2541	63707.210034806997	2
2	2543	63727.136584009275	1
2	2548	63874.696619599898	0
2	2562	63957.366211617943	1
2	2565	63963.554633500957	2
2	2568	64041.375417291281	3
2	2570	64153.44874869217	2
2	2587	64469.683117993016	1
2	2595	64648.550708565161	0
2	2605	64916.193962157252	1
2	2608	64929.599320357924	2
2	2614	65190.93705439125	1
2	2620	65205.832094902091	2
2	2622	65311.142494451095	1
2	2628	65508.731233318462	2
2	2631	65537.349326556406	3
2	2636	65813.308597701833	2
2	2642	65819.203077846761	3
2	2647	66025.157026737769	2
2	2658	66370.331646870662	1
2	2664	66451.257645983678	2
2	2680	66719.50573708047	1
2	2688	66847.191608022739	0
2	2743	67971.601613755144	1
2	2748	68128.701210100947	0
2	2802	68905.99418518054	1
2	2805	68994.358536338456	2
2	2826	69121.187503545865	3
2	2828	69222.528545373242	2
2	2833	69398.388738247872	1
2	2839	69605.902778406561	2
2	2845	69812.3014032665	1
2	2861	70116.375605489433	0
2	2867	70331.526432985803	1
2	2869	70384.322562466681	0
2	2878	70453.000270466352	1
2	2885	70496.820207150403	2
2	2888	70543.921937362755	3
2	2891	70562.387491157735	4
2	2893	70595.515188054304	3
2	2899	70631.022854695238	4
2	2905	70997.743406311014	5
2	2914	71207.544527520548	4
2	2920	71260.082850504959	5
2	2925	71333.608200109869	4
2	2941	71645.870815261572	3
2	2952	71973.776068707119	2
2	2960	72137.511829815179	1
2	2969	72285.974221695581	2
2	2981	72449.40851710033	3
2	2984	72509.989939170022	4
2	2991	72646.600351334672	3
2	2996	72686.366274233282	2
2	3006	72991.051077814335	3
2	3016	73205.352090632366	4
2	3021	73432.503348707527	3
2	3030	73516.620322895359	2
2	3050	74089.837915848315	1
2	3056	74142.145131861952	2
2	3059	74326.302867789949	3
2	3065	74363.206375931512	2
2	3078	74560.355268390412	3
2	3080	74698.4290898287	2
2	3086	74907.759939709021	3
2	3089	75113.030128020092	4
2	3091	75222.13145444275	3
2	3097	75228.475317242999	4
2	3100	75240.163032787046	5
2	3103	75327.91328618099	6
2	3105	75553.652405075103	5
2	3124	76155.610388108651	4
2	3132	76344.756730447829	3
2	3140	76592.227441911708	2
2	3149	76691.042196562664	3
2	3160	77042.522098849637	4
2	3168	77176.824846237272	3
2	3177	77481.037064959418	2
2	3183	77558.71343299991	3
2	3188	77725.176100365192	2
2	3202	78118.831600314099	3
2	3205	78124.536900390464	4
2	3207	78275.152284783434	3
2	3215	78350.51550912422	2
2	3231	78652.11176289928	1
2	3247	78911.813988630783	0
2	3253	78997.471315951826	1
2	3256	79053.348329583961	2
2	3259	79106.794675125187	3
2	3266	79304.814429795908	4
2	3269	79484.093854912609	5
2	3275	79597.129180047036	4
2	3281	79664.085993994592	5
2	3283	79807.150787600439	4
2	3289	79917.341757338363	5
2	3300	80167.273482333244	4
2	3308	80597.185516848535	3
2	3317	80640.77440021665	2
2	3323	80676.675228761465	3
2	3342	81246.406808645587	2
2	3347	81391.602147898943	1
2	3353	81475.784053457584	2
2	3359	81654.764671965808	1
2	3364	81727.536155880551	0
2	3370	81882.328182409939	1
2	3377	82154.910857426559	2
2	3379	82187.672120134652	1
2	3394	82506.000200622837	0
2	3498	84789.371399422389	1
2	3500	84911.835901670437	0
2	3517	85285.463948612069	1
2	3519	85291.924847138151	0
2	3656	88510.436072569539	1
2	3675	88965.433002943739	2
2	3677	88996.636002914948	1
2	3682	89009.609960904911	0
2	3688	89086.710379201756	1
2	3710	89429.360336096925	0
2	3717	89557.889111494314	1
2	3725	89898.455648767397	0
2	3743	89989.223453639383	1
2	3746	90034.746727425533	2
2	3752	90142.87896123309	3
2	3755	90152.777419587053	4
2	3761	90290.875892892902	3
2	3767	90340.040505273929	4
2	3780	90779.390944680766	3
2	3785	90807.511997681533	2
2	3791	90885.134151992988	3
2	3794	90961.882788647627	4
2	3804	91324.530702198792	5
2	3806	91346.796084635382	4
2	3811	91387.224735757903	3
2	3820	91451.439655350943	4
2	3836	92009.631733985971	5
2	3842	92067.890829306518	4
2	3847	92180.823540995465	3
2	3853	92392.414013020595	4
2	3859	92592.876065869307	3
2	3865	92674.691377407415	4
2	3868	92750.687190803807	5
2	3873	92850.09317600225	4
2	3883	93065.283935503677	5
2	3893	93185.142008711075	4
2	3898	93358.39614386727	3
2	3903	93579.452551391398	2
2	3909	93819.176144671917	3
2	3912	94103.967981852426	4
2	3924	94271.29251935576	3
2	3929	94454.78538322491	2
2	3935	94492.892495144493	3
2	3937	94790.879763840334	2
2	3953	95387.768795371478	1
2	3964	95539.456656771348	0
2	3974	95686.821314318533	1
2	3979	95951.353340568588	0
2	3993	96263.207890278447	1
2	3996	96301.584909198886	2
2	4002	96615.381141035453	1
2	4018	97005.540266549782	0
2	4068	97993.92078888876	1
2	4070	98190.708126727652	0
2	4113	99009.542593403913	1
2	4118	99192.730930555062	0
2	4124	99513.026500328826	1
2	4138	99750.449138502972	0
2	4177	100968.576916090661	1
2	4179	101124.959865990293	0
2	4185	101289.744109878236	1
2	4191	101657.160267601919	0
2	4321	106154.091914660509	1
2	4327	106219.774187018238	0
2	4333	106235.054200108529	1
2	4341	106271.136695545052	0
2	4351	106399.46489128268	1
2	4358	106604.430558791799	2
2	4364	106758.889373758779	3
2	4367	106814.47316428473	4
2	4370	106855.399695044666	5
2	4372	106930.932712030672	4
2	4380	107043.036131791656	3
2	4395	107210.317061373108	2
2	4400	107453.81939894322	1
2	4417	107719.608926006668	0
2	4423	107815.255319253574	1
2	4425	107894.828777879362	0
2	4431	107929.602137584211	1
2	4450	108453.477132038289	0
2	4456	108615.023019041407	1
2	4462	108699.244651573643	2
2	4465	108794.887333760205	3
2	4467	108795.007859811072	2
2	4472	108998.198172335589	1
2	4484	109090.954304476134	2
2	4490	109276.120873063688	1
2	4504	109377.604336954429	2
2	4514	109873.829288610333	1
2	4520	109982.094344294338	2
2	4525	110094.100410740708	1
2	4531	110094.310865125536	2
2	4534	110167.848809181836	3
2	4536	110214.958018564695	2
2	4545	110379.735933223382	3
2	4555	110698.416875539038	4
2	4558	110701.880843028821	5
2	4560	110839.884752032423	4
2	4565	110958.656542997693	3
2	4578	111228.547398702566	4
2	4590	111587.733155150974	3
2	4599	111769.652945481127	2
2	4609	111966.695577316844	3
2	4616	111983.952886727396	4
2	4628	112462.884525653982	3
2	4634	112513.81891437987	4
2	4639	112578.780493017172	3
2	4648	113143.857987451783	4
2	4650	113267.863512576634	3
2	4662	113348.507220349455	4
2	4665	113469.85526886105	5
2	4667	113478.401259396111	4
2	4680	113590.264646128828	3
2	4696	114083.88913615409	2
2	4709	114202.513478397252	3
2	4711	114233.463720974589	2
2	4727	114620.007850585999	3
2	4730	114636.285376817696	4
2	4732	114728.577840809787	3
2	4737	114778.691494434957	2
2	4743	114957.246907339417	3
2	4748	115055.659168248142	2
2	4754	115151.637136360855	3
2	4769	115459.189044897942	4
2	4771	115489.430493458991	3
2	4787	115780.33629541945	2
2	4792	116036.078458909954	1
2	4798	116111.661196791494	2
2	4801	116162.927538815869	3
2	4803	116214.540595885252	2
2	4809	116399.671803260516	3
2	4815	116446.483511791642	2
2	4824	116766.856359385639	3
2	4827	116847.774463351468	4
2	4829	116927.840288288777	3
2	4843	117193.994053255652	2
2	4848	117230.458455027159	1
2	4864	117631.777315593626	2
2	4870	117737.001474637424	1
2	4895	118178.006243181493	0
2	4911	118464.450613178302	1
2	4928	118633.055782957856	2
2	4930	118686.490972113874	1
2	4948	119052.902370800102	2
2	4954	119162.318968267258	1
2	4960	119236.415868970941	2
2	4966	119271.926506070313	1
2	4978	119612.910030965771	0
2	4988	119705.318670337163	1
2	4991	119764.012534877534	2
2	4993	119768.220489585665	1
2	4999	119870.016600659274	2
2	5001	120255.680299198148	1
2	5007	120260.95678248162	2
2	5009	120275.352962573137	1
2	5015	120336.16300249603	2
2	5029	120758.615290747849	1
2	5035	120914.155577749171	2
2	5037	121084.168116913255	1
2	5045	121304.308441208569	0
2	5051	121305.987778282499	1
2	5054	121398.514508797775	2
2	5057	121508.880740076552	3
2	5065	121747.16531561416	2
2	5081	121927.866518182574	1
2	5099	122299.851815862766	2
2	5109	122696.428154145446	1
2	5114	122765.005052054195	0
2	5150	123379.086525410261	1
2	5153	123431.428024689619	2
2	5156	123478.315017272576	3
2	5162	123561.279560231682	2
2	5183	123819.026210741182	3
2	5192	124120.468836664265	2
2	5197	124205.307843011882	1
2	5207	124261.36701407499	2
2	5210	124289.792929415449	3
2	5217	124419.44925989859	4
2	5219	124472.240034877365	3
2	5229	124495.196148766819	4
2	5235	124777.782031239089	3
2	5247	125078.586204438513	2
2	5252	125239.647036844012	1
2	5262	125273.888042848098	2
2	5267	125391.4218777372	1
2	5273	125392.45800058631	2
2	5276	125427.004516971614	3
2	5279	125726.852234795933	4
2	5282	125835.256390234731	5
2	5288	125973.124240168449	4
2	5298	126065.526342313377	5
2	5301	126134.782048056182	6
2	5303	126304.002117342359	5
2	5309	126442.069251015989	6
2	5311	126680.281795633104	5
2	5316	126777.762658572799	4
2	5321	126920.516865101721	3
2	5329	127280.52044311077	2
2	5334	127408.235102367666	1
2	5340	127464.392391663993	2
2	5342	127615.332642416513	1
2	5351	127894.778804496941	0
2	5448	131110.027472136643	1
2	5451	131210.474776802198	2
2	5454	131256.923016215407	3
2	5459	131418.37128848434	2
2	5472	131831.70207459342	1
2	5481	131948.344266497724	2
2	5483	132050.462442120915	1
2	5499	132560.15267624961	2
2	5501	132658.681424147005	1
2	5506	132695.977184182411	0
2	5516	132824.570834942803	1
2	5525	133104.359570889735	2
2	5535	133435.48561021313	3
2	5540	133572.641902776813	2
2	5545	133586.217759958024	1
2	5555	133844.573848978431	2
2	5574	134180.529434176649	1
2	5580	134346.656664909483	2
2	5585	134451.083158372348	1
2	5603	134916.465010828848	2
2	5605	134938.541684801246	1
2	5615	135157.650331412032	2
2	5617	135164.162557596719	1
2	5627	135439.535515622312	2
2	5629	135480.582859496142	1
2	5635	135705.30959898183	2
2	5638	135789.071514509486	3
2	5640	135859.526446702446	2
2	5645	136101.244824665046	1
2	5651	136180.307011000669	2
2	5657	136194.664320741117	3
2	5660	136223.970837588681	4
2	5672	136750.206635108705	3
2	5684	136937.585130786902	2
2	5692	137408.068853808946	1
2	5698	137654.909016058805	2
2	5700	137674.989070313539	1
2	5718	137808.929809344698	2
2	5723	138107.822065173096	1
2	5737	138492.635679467138	0
2	5743	138597.111290050257	1
2	5746	138619.001928434865	2
2	5756	138928.550290750719	1
2	5769	139202.861343918856	0
2	5778	139393.323270489454	1
2	5780	139612.540924808498	0
2	5794	139920.825901360584	1
2	5797	139972.517094872258	2
2	5800	140076.030950658886	3
2	5802	140248.403786429748	2
2	5807	140250.49940463018	1
2	5812	140501.249745300527	0
2	5884	143079.199030976022	1
2	5889	143195.341732873826	0
2	5939	144506.817773296494	1
2	5949	144626.273558251485	2
2	5965	145128.641044576148	1
2	5970	145165.395067959937	0
2	5995	145558.981929174617	1
2	5998	145678.388965713259	2
2	6001	145696.594453863701	3
2	6003	145734.982036300431	2
2	6019	146102.310390651139	1
2	6033	146280.189443542648	2
2	6036	146281.323372647856	3
2	6038	146469.900624718945	2
2	6046	146505.56328089154	1
2	6066	146586.296379481761	2
2	6073	146790.016506838575	3
2	6079	147039.83442782602	2
2	6085	147211.550344571083	3
2	6087	147401.741925947796	2
2	6096	147470.697143097167	3
2	6110	147741.441157334657	4
2	6112	147768.419165398839	3
2	6118	147770.059513803781	4
2	6121	147831.879447943494	5
2	6126	148041.219548072579	4
2	6132	148132.052153620928	5
2	6141	148297.860503517519	4
2	6147	148337.169250171241	5
2	6162	148786.336746542632	6
2	6165	148885.037569469544	7
2	6173	148930.04423407084	6
2	6178	149073.938159406613	5
2	6188	149189.467259321997	6
2	6191	149226.700028960594	7
2	6197	149413.381065767629	8
2	6200	149674.961780476363	9
2	6206	149702.601709928791	8
2	6214	149747.963127002033	7
2	6223	150312.519096700821	8
2	6232	150453.514908332805	7
2	6237	150454.800401396962	6
2	6247	150570.716944682771	7
2	6255	151048.482292771252	6
2	6264	151191.481515322308	5
2	6284	151705.77673763232	6
2	6287	151776.722564034069	7
2	6294	151805.457609184523	8
2	6299	151980.171795554372	7
2	6308	152081.136831663976	6
2	6318	152339.700958703268	7
2	6323	152511.395763311962	6
2	6329	152593.580255103682	7
2	6331	152618.929295048031	6
2	6337	152646.422742182671	7
2	6349	152946.785932101223	6
2	6365	153359.674374055544	5
2	6371	153368.660925614438	6
2	6381	153645.95366328269	7
2	6384	153748.012347988878	8
2	6386	153880.99849385387	7
2	6392	154030.144232455549	8
2	6394	154030.999282230118	7
2	6400	154091.52232199276	8
2	6405	154481.444636438468	7
2	6417	154793.317230150017	6
2	6426	154925.113256172892	7
2	6432	155063.789506863716	6
2	6437	155112.944431886503	5
2	6450	155645.766059304091	6
2	6456	155760.38533429099	5
2	6461	155903.295277610335	4
2	6470	156070.940613266507	3
2	6476	156337.919778129892	4
2	6478	156746.319591097448	3
2	6484	156782.519122471864	4
2	6486	156826.470725875774	3
2	6496	156975.282970065034	4
2	6509	157647.511268222665	5
2	6511	157698.527750439856	4
2	6516	157709.327985983768	3
2	6522	158122.170951607095	4
2	6524	158283.407804541716	3
2	6532	158443.30419627196	2
2	6538	158535.657856139043	3
2	6540	158548.384852730164	2
2	6552	159249.349530902186	1
2	6557	159382.410923793827	0
2	6574	159761.526685762301	1
2	6576	160134.032530788758	0
2	6652	162691.769664714672	1
2	6654	162850.505049482168	0
2	6740	165039.874590836707	1
2	6746	165362.901161476081	0
2	6794	166536.888488756688	1
2	6797	166626.219075329061	2
2	6799	166664.682286556843	1
2	6805	166678.991255824505	2
2	6820	167007.977386616459	1
2	6826	167095.118988394106	2
2	6843	167404.707965392652	1
2	6856	167698.836581312409	0
2	6888	168363.947831380196	1
2	6893	168441.692983358424	0
2	6899	168557.456832176175	1
2	6902	168792.201891957964	2
2	6905	168810.178897488812	3
2	6910	169092.000040672045	2
2	6915	169125.176907526498	1
2	6921	169552.809729297224	2
2	6930	169706.584727707576	1
2	6939	169974.07981511138	0
2	7033	172430.709075156777	1
2	7045	172799.278820053851	0
2	7065	173142.51823903699	1
2	7067	173243.222009166347	0
2	7111	174080.915139333067	1
2	7113	174089.876247476058	0
2	7119	174150.363787181641	1
2	7125	174280.502091302034	2
2	7128	174300.689885882242	3
2	7138	174414.175756799128	2
2	7143	174423.809018339233	1
2	7149	174502.760561009143	2
2	7158	174843.321515151533	3
2	7168	175195.397052633779	2
2	7173	175346.487829295989	1
2	7179	175451.653428973603	2
2	7182	175491.118610062682	3
2	7188	175684.650748781131	2
2	7193	175712.668587083068	1
2	7202	175913.770675472239	2
2	7205	176147.886371912879	3
2	7207	176359.69942841606	2
2	7216	176560.985504632887	1
2	7227	177087.879515962747	0
2	7236	177229.658846615157	1
2	7238	177242.294778692739	0
2	7344	179738.966541816614	1
2	7354	179969.938456654643	0
2	7371	180410.786783922127	1
2	7373	180437.339264057671	0
2	7382	180540.256084636526	1
2	7389	180569.841029514364	2
2	7392	180666.119772930151	3
2	7394	180874.591896883688	2
2	7400	180902.241516261982	3
2	7409	181287.768124822622	2
2	7418	181467.901937864266	1
2	7424	181474.240501206559	2
2	7427	181618.185563845594	3
2	7429	181655.235391087925	2
2	7434	182044.348361879682	1
2	7440	182058.810690568669	2
2	7442	182145.320229302637	1
2	7454	182568.747380967729	0
2	7593	186770.129084321364	1
2	7598	186969.562786145428	0
2	7604	186973.479564385471	1
2	7607	187026.758952331216	2
2	7610	187028.207657588648	3
2	7613	187037.600873485192	4
2	7622	187254.722837374094	3
2	7630	187336.316072175572	2
2	7643	187914.351148359957	1
2	7649	188157.835539107339	2
2	7658	188203.520947860847	1
2	7663	188337.683319148156	0
2	7669	188561.641878331924	1
2	7671	188784.898834692607	0
2	7677	189115.680428356923	1
2	7679	189145.855821740362	0
2	7694	189469.500098853852	1
2	7696	189532.924869450102	0
2	7770	191189.798346719375	1
2	7772	191214.440136883314	0
2	7800	191714.799673973383	1
2	7802	191725.714598565491	0
2	7847	192365.651761387538	1
2	7853	192447.013020801487	0
2	7859	192652.493223479278	1
2	7864	192707.086739358618	0
2	7893	192972.620599374909	1
2	7903	193193.464022516399	2
2	7911	193274.38988107494	1
2	7918	193314.007892893676	2
2	7923	193443.169402801558	1
2	7930	193470.633452801294	2
2	7936	193482.117388980512	3
2	7953	194071.965915999439	4
2	7955	194090.149179832205	3
2	7960	194102.119678848003	2
2	7966	194111.534942510915	3
2	7973	194212.131031719163	4
2	7976	194252.62482741176	5
2	7978	194369.172881033783	4
2	7988	194600.767150927384	5
2	8001	194776.871144530161	6
2	8004	194804.096311165359	7
2	8006	194820.910574779972	6
2	8012	194925.85196724261	7
2	8019	195037.43113581676	8
2	8021	195181.221198612019	7
2	8026	195207.316231757914	6
2	8039	195593.506018387776	7
2	8042	195606.515926665422	8
2	8044	195811.909001884177	7
2	8052	195891.66441100887	6
2	8063	196159.191078064158	5
2	8084	196583.162776601542	6
2	8086	196643.752841469958	5
2	8092	196831.430647035012	6
2	8098	196837.570556823676	5
2	8104	196983.177011759743	6
2	8110	197177.339252580469	5
2	8118	197561.974620246455	4
2	8130	197641.991152644669	3
2	8139	197791.316864498464	4
2	8142	197887.20696573175	5
2	8144	197945.82747422637	4
2	8149	197989.903318279003	3
2	8165	198273.971968939005	4
2	8177	198686.697277096226	3
2	8182	198733.850982647901	2
2	8188	198791.047294902682	3
2	8195	198876.062453547678	4
2	8200	198932.391843707427	3
2	8206	198941.199985336282	4
2	8209	198996.036446281256	5
2	8211	199130.210802920675	4
2	8224	199373.551383935973	3
2	8248	199840.718695239339	4
2	8253	199975.468197737402	3
2	8265	200160.166929592505	2
2	8274	200307.549682122237	1
2	8283	200530.521535569595	2
2	8289	200572.272090187821	3
2	8291	200669.905376837171	2
2	8297	200705.760063385051	3
2	8303	200854.571069018111	2
2	8309	200966.457792093571	3
2	8312	201205.069436550272	4
2	8314	201278.120686658785	3
2	8320	201303.181085721687	4
2	8323	201337.204139362464	5
2	8333	201516.686995599932	4
2	8338	201542.289536320731	3
2	8348	201689.354042058286	4
2	8362	202053.439235494054	3
2	8367	202143.247268167451	2
2	8373	202397.723243585864	3
2	8376	202613.44067600277	4
2	8378	202624.664812677122	3
2	8393	203018.087838203773	2
2	8402	203045.207553145058	1
2	8408	203143.28749249033	2
2	8417	203459.972541809596	1
2	8427	203844.810179691563	2
2	8429	203849.417255693242	1
2	8443	204099.906353828585	2
2	8445	204116.143167198218	1
2	8451	204419.5963506769	2
2	8454	204436.955837077867	3
2	8460	204617.18638033072	4
2	8462	204725.219756574497	3
2	8471	204854.105294060476	2
2	8477	205027.883693509606	3
2	8479	205186.151712522969	2
2	8491	205491.462939187761	3
2	8493	205493.03417714791	2
2	8505	205684.133508924909	1
2	8514	205828.151459121272	0
2	8579	207247.086010320612	1
2	8585	207444.530235644203	0
2	8595	207603.243857990273	1
2	8606	207908.998538910173	0
2	8612	208002.077389469717	1
2	8615	208080.435051460008	2
2	8621	208244.959937412065	1
2	8630	208475.073644130252	0
2	8648	208716.948807907794	1
2	8650	208950.191703989876	0
2	8656	208970.961358744054	1
2	8658	209026.335206351004	0
2	8670	209379.379209578189	1
2	8673	209604.585167987243	2
2	8675	209750.001076015405	1
2	8684	209798.03754081182	0
2	8771	212189.470311193135	1
2	8773	212268.215281640694	0
2	8786	212519.868807481598	1
2	8792	212697.241284617737	0
2	8814	212929.159054199001	1
2	8817	213206.356119855539	2
2	8824	213444.437488039005	3
2	8826	213560.604766936556	2
2	8832	213563.972849278692	3
2	8835	213648.373223808981	4
2	8837	213648.940093773588	3
2	8843	213762.160554165571	4
2	8845	213806.284161800102	3
2	8851	213817.699714186772	4
2	8859	214249.976414344444	3
2	8865	214340.571990862256	4
2	8874	214719.851552055732	3
2	8879	214737.334462455644	2
2	8885	214837.605767687672	3
2	8890	215229.270567478195	2
2	8906	215620.431665941312	1
2	8918	215656.013540451209	2
2	8924	215875.722471525476	1
2	8929	215940.355774942025	0
2	8969	216990.874767743932	1
2	8976	217397.218691334954	2
2	8979	217516.085410515273	3
2	8984	217638.164603235077	2
2	8989	217672.865902951033	1
2	9010	217985.587016111117	0
2	9026	218264.608948697403	1
2	9031	218494.33961721583	2
2	9033	218570.592880399944	1
2	9047	218825.799283033283	0
2	9087	219350.534208879945	1
2	9096	219460.849355197958	0
2	9104	219608.081570538665	1
2	9106	219652.592175977351	0
2	9126	219837.761707657989	1
2	9128	219883.301324899755	0
2	9134	219951.454664539993	1
2	9149	220330.159862619405	2
2	9151	220377.091452239128	1
2	9157	220391.563775932238	2
2	9165	220497.422891629374	3
2	9176	220559.658813445345	4
2	9183	220599.925078207496	5
2	9189	220789.906082935147	4
2	9194	221016.886768976273	3
2	9205	221367.978632545145	2
2	9215	221503.424743226919	3
2	9218	221512.369544745869	4
2	9221	221515.290227101985	5
2	9224	221607.066860820613	6
2	9226	221607.092783767246	5
2	9232	221692.680339079172	6
2	9239	221804.051631901408	7
2	9245	222021.222581906692	8
2	9250	222193.965810185345	7
2	9262	222277.724538892024	6
2	9268	222301.023848214376	7
2	9281	222545.82194507313	6
2	9296	222734.843979271124	7
2	9298	222803.932068328821	6
2	9311	222937.842675020965	5
2	9316	223056.849814764672	4
2	9326	223281.946247301014	5
2	9329	223315.332171147195	6
2	9335	223681.048961563083	5
2	9352	223830.519271434227	6
2	9354	223959.127628355735	5
2	9360	224073.730701730161	6
2	9366	224335.824314761861	7
2	9368	224363.751042654785	6
2	9374	224387.922345179439	7
2	9380	224683.976925818297	6
2	9385	224709.381948485487	5
2	9391	224910.518404676419	6
2	9401	225043.226395262651	7
2	9404	225268.835138045694	8
2	9409	225393.264780363115	7
2	9414	225472.098327353113	6
2	9424	225680.812846696852	7
2	9426	225832.815414277884	6
2	9431	226079.713732636981	5
2	9436	226224.112278373959	4
2	9442	226245.971736554594	5
2	9454	226791.298771462851	4
2	9459	226951.059549136134	3
2	9465	226951.881361612055	4
2	9468	226959.698150361511	5
2	9473	227040.78619971823	4
2	9485	227763.941248207801	3
2	9493	227770.484961086931	2
2	9513	228329.702761628871	3
2	9515	228430.93462804284	2
2	9533	228578.79068615106	1
2	9546	228824.412001298788	0
2	9575	229344.562418796142	1
2	9580	229436.868978753552	0
2	9622	230282.856839106519	1
2	9624	230384.332576143382	0
2	9633	230644.66536708941	1
2	9635	230953.411491094915	0
2	9641	230970.132816620191	1
2	9643	231002.237071436312	0
2	9649	231076.523207439609	1
2	9655	231241.793074568817	2
2	9660	231443.562260199752	1
2	9666	231594.432612773838	2
2	9672	231737.857258236794	1
2	9677	231866.625300649967	0
2	9794	235139.130442918783	1
2	9796	235139.70125075056	0
2	9809	235394.822476406254	1
2	9815	235596.432696903793	0
2	9861	236641.044342502651	1
2	9864	236678.665919314161	2
2	9869	236816.627806116707	1
2	9878	237152.343569052286	0
2	9936	238610.423492653371	1
2	9943	238910.381242739677	2
2	9945	239267.371136519277	1
2	9951	239308.247334282887	2
2	9954	239415.687148671839	3
2	9956	239485.568751693256	2
2	9965	239744.827616275	3
2	9974	239962.718386725075	2
2	9984	240113.054226695845	3
2	9986	240113.848839375341	2
2	9991	240747.70413736921	1
2	10003	240898.091150224693	0
2	10009	240981.468207372498	1
2	10014	241279.751511077548	0
2	10020	241304.726282163907	1
2	10026	241534.928261375739	2
2	10034	241840.523087867089	1
2	10039	241931.125842659886	0
2	10093	243179.452584018014	1
2	10106	243464.711150722624	0
2	10150	244408.693874392033	1
2	10160	244685.101562369315	2
2	10163	244739.611675962785	3
2	10165	244776.023659711269	2
2	10171	244809.813432944041	3
2	10174	244860.645583181173	4
2	10176	244895.603296208374	3
2	10184	245170.612167875461	2
2	10189	245240.303651043711	1
2	10201	245419.75811756327	0
2	10214	245640.439514743322	1
2	10216	245763.077408625923	0
2	10222	245838.461008254648	1
2	10227	245938.068799698291	0
2	10283	247658.93975385132	1
2	10285	247765.588003169917	0
2	10308	248242.421863468526	1
2	10314	248473.130788887533	2
2	10320	248652.966804165565	1
2	10332	248937.650298536921	0
2	10383	250338.337065535039	1
2	10393	250662.050830839839	2
2	10395	250733.410958785382	1
2	10404	250850.804807429326	0
2	10427	251460.502060674321	1
2	10432	251627.966552076456	0
2	10481	253073.472780371807	1
2	10483	253310.23406765812	0
2	10501	253773.061384264398	1
2	10503	253885.577823067242	0
2	10509	254210.516444240316	1
2	10511	254240.912265213364	0
2	10706	261437.332490509955	1
2	10717	261604.864881208918	2
2	10722	261719.196411082245	1
2	10727	261920.127018990227	0
2	10734	262012.244482915729	1
2	10737	262058.822486892206	2
2	10743	262163.714810246326	1
2	10748	262180.642001090803	0
2	10757	262336.52383677907	1
2	10766	262444.634795498145	2
2	10768	262597.642296561696	1
2	10776	262614.603785483398	0
2	10782	262704.929659878716	1
2	10785	262754.340466881666	2
2	10791	262878.741511551527	3
2	10799	263147.520142116404	4
2	10801	263284.02866817052	3
2	10806	263354.848345985868	2
2	10821	263745.954794338971	3
2	10840	264011.574653668561	2
2	10849	264093.564918646314	1
2	10869	264525.753495479274	2
2	10872	264529.781818345041	3
2	10874	264630.458950837799	2
2	10886	264863.094903102377	1
2	10892	264909.722468779344	2
2	10898	265036.179938176955	3
2	10903	265131.666087968647	4
2	10908	265177.023494528836	5
2	10910	265241.271522110053	4
2	10926	265448.22007271492	5
2	10928	265449.197327273199	4
2	10944	265742.375851189443	3
2	10954	265972.11663694148	4
2	10965	266055.094169081587	5
2	10968	266112.445633450375	6
2	10970	266323.425308095524	5
2	10976	266359.465178089445	6
2	10991	266581.712480662116	5
2	10997	266685.006243122594	6
2	11000	266718.41102267491	7
2	11005	266878.54079929153	6
2	11018	266902.108278091992	7
2	11032	267059.292957114289	6
2	11037	267208.374263280728	5
2	11043	267453.446759750534	6
2	11046	267594.414520472568	7
2	11048	267597.832170820097	6
2	11057	267637.593428557464	5
2	11065	267850.483573565493	4
2	11074	267911.219689359106	5
2	11084	268149.831019490401	6
2	11089	268318.70309123979	5
2	11095	268346.12423518323	6
2	11105	268501.17214030941	7
2	11107	268540.320970816263	6
2	11126	268654.646424690495	5
2	11131	268818.425923725315	4
2	11137	268961.947780839527	5
2	11143	269049.528156616294	6
2	11146	269139.068318479341	7
2	11148	269164.528254074701	6
2	11157	269412.971197927604	5
2	11179	269771.228951220441	6
2	11181	269856.287429975071	5
2	11187	269881.812632579899	6
2	11192	270250.574054224142	5
2	11197	270255.580219293247	4
2	11203	270383.715163371862	5
2	11206	270395.379390879816	6
2	11220	270492.190315155038	5
2	11234	270848.300890469501	6
2	11236	270856.531201610067	5
2	11242	270860.233743436744	6
2	11248	271034.921525253217	5
2	11254	271298.78725809283	6
2	11256	271385.950511218705	5
2	11266	271510.039952383543	6
2	11275	271777.662518603961	5
2	11281	272104.102656783354	6
2	11283	272236.3800398537	5
2	11289	272260.851481782277	6
2	11292	272511.818396840505	7
2	11297	272611.49803324575	6
2	11303	272611.500201335364	7
2	11309	272709.490112236003	6
2	11317	273336.756341634043	5
2	11322	273590.197021069239	4
2	11327	273634.922835463383	3
2	11341	274261.459580650312	4
2	11343	274409.96370438696	3
2	11348	274415.96765142838	2
2	11353	274886.13520587767	1
2	11362	275010.697114385027	2
2	11364	275088.14336147369	1
2	11369	275202.169145205715	0
2	11375	275345.560497647776	1
2	11377	275661.444106017896	0
3	28	2401.916255536353	1775.5370303616
3	85	4507.132175735274	2167.8206605744
3	119	5401.328825375018	2413.7146031857
3	130	5567.090719544265	3471.2405390572
3	149	6235.144394470332	2966.8197045503
3	161	6428.173835367832	3309.9396488313
3	166	6532.09328493285	2121.8468777429
3	181	6872.526945231436	3521.5660894528
3	185	6878.012867008272	4247.7888079365
3	221	8147.285134160052	3388.3624345623
3	229	8291.852034422488	2412.1851203497
3	244	8693.985568602662	2485.1526257074
3	258	9086.029841079296	2439.7074535216
3	311	10420.948998848044	2241.1239890009
3	328	10723.594782500505	2904.2257908639
3	363	11034.293460248947	1710.057810492
3	388	11875.39150593707	2810.2728002348
3	396	11947.135443905437	3480.6741551004
3	424	12594.783567743445	3606.8932236393
3	441	13081.557570541347	3907.7572201434
3	472	13761.768498210306	3338.469013242
3	508	14530.414545008982	3707.6709147821
3	520	14737.251220493555	3860.8522621884
3	539	14998.062384532834	2964.16057851
3	544	15234.86922267729	4501.1382304869
3	560	15681.377255836571	4655.0585241054
3	585	16129.061356260419	5563.3310469485
3	593	16571.641120309079	4695.1028812682
3	610	16860.269331367755	2754.0084940146
3	615	17020.184668562353	3915.4464792086
3	634	17264.60218037858	3370.5784419586
3	639	17632.467434200436	3137.3564122104
3	651	18003.005276484483	4204.614907213
3	656	18191.017381082267	3449.371145187
3	664	18443.580079655141	2899.2534688016
3	675	18771.728954793953	4265.7929654085
3	680	18901.863370629937	4355.4530381076
3	685	19077.161625934832	3063.5356174084
3	689	19350.666760298402	2611.6496790362
3	700	19470.207370774888	2681.2890178862
3	736	21453.23199468391	2790.7081146631
3	762	22385.577583155395	2792.1560674813
3	769	22712.202655531192	2927.1753949413
3	801	23274.472312009175	3218.607956171
3	821	24203.468196133	2878.5653451551
3	841	24514.702047526212	2315.9634932131
3	859	24853.408046390388	3096.9714226294
3	881	25398.546521894161	2148.384357205
3	895	25658.025830506806	2520.0206303044
3	907	26093.163705785459	3276.9141329918
3	923	26545.32278858823	3816.8895325873
3	935	27233.324613345527	2501.7985286191
3	960	27809.11490662042	2232.4741966836
3	976	28123.423019796796	2823.6608719304
3	984	28163.670464214821	2753.0347599462
3	998	28455.176253933646	3658.641631588
3	1035	29805.239655757595	1541.1923957057
3	1040	30067.710674387222	2810.8610540349
3	1047	30186.927217049796	2604.1067584628
3	1068	30867.267232128238	3210.7786551611
3	1086	31465.06673050541	3025.1814156398
3	1154	32862.608956435571	3835.4142899718
3	1167	33180.038950471017	2810.2428890938
3	1175	33413.550973852972	3814.8477365713
3	1195	33824.627517377767	3498.1193236444
3	1206	34249.682434128473	3666.1850880041
3	1220	34747.907992193351	3765.9336833231
3	1225	34749.299763077679	3226.276091265
3	1230	35029.162845035891	2939.6252904928
3	1265	35553.42243425722	3549.4264507667
3	1290	36301.564026122789	4026.0134373435
3	1298	36524.23870067093	3780.9522029279
3	1316	36998.232211472343	2728.1021563497
3	1324	37115.920066283824	2810.2052422783
3	1341	37431.087374092887	3315.4081489942
3	1423	39057.532242132898	3588.0357222911
3	1462	39695.979756099979	2539.180767024
3	1474	39888.214094123419	2678.3982870392
3	1479	40001.235769411425	3258.7319948368
3	1494	40318.003329953055	2190.6945920737
3	1508	40561.525919033762	3224.3742054646
3	1525	41078.256688701536	2587.8467416807
3	1530	41089.840918147813	3216.7941041787
3	1535	41405.764566885184	2513.6165380197
3	1539	41508.889339907642	3210.7500826268
3	1578	42415.708868471889	1991.6760884318
3	1586	42484.502968824991	3170.4714843817
3	1606	42964.478800842522	3161.3700913571
3	1610	42986.072144340315	2719.8559197009
3	1638	43575.151046818106	1884.5249592154
3	1679	44461.859414092162	2455.682221977
3	1694	44803.385722598323	2876.5830687136
3	1722	45279.060817079881	2112.4860303792
3	1729	45418.277566078016	2100.1544502849
3	1758	46402.351964131703	3109.1929725464
3	1772	46679.849030695659	2106.9044305198
3	1797	47013.35777297314	3774.3695996251
3	1801	47066.102897267592	3778.2397505955
3	1818	47450.745727342327	3918.8980090222
3	1830	48016.393512923814	2160.9617957287
3	1845	48391.562988069119	2982.5068791211
3	1860	48650.23589345229	2068.3164132759
3	1897	49590.073265438649	3245.7676479523
3	1908	49955.783128030475	2702.622347055
3	1923	50209.93989979836	2987.6573610216
3	1954	51158.434690615077	2811.2588184234
3	1962	51329.351528755233	2252.0747030899
3	1986	51521.635919535447	3077.5815970666
3	2013	52249.252289070592	3204.2820628655
3	2035	52998.679407281715	3252.2277295322
3	2068	53574.921122518408	1534.1480292007
3	2073	53672.587269892652	3409.2504373379
3	2090	53994.840418872463	3892.6658977068
3	2102	54253.560736266632	2879.471231757
3	2120	54531.350354602296	3161.3693316344
3	2134	54730.29863857575	3359.7811144562
3	2161	55126.18949645545	2727.9257044546
3	2180	55435.807513584423	2629.6404116069
3	2184	55525.248624155034	3380.1346444617
3	2188	55759.758289204019	2073.4990894976
3	2214	56153.517314169249	2221.3126593735
3	2223	56549.714813414573	3185.3240109421
3	2247	57105.881202399424	2571.1295286866
3	2252	57135.741201821327	2504.2407079015
3	2273	57771.334668486923	4031.7720539893
3	2281	57965.805095482311	4201.632600123
3	2290	58030.112617160738	3729.9699097017
3	2304	58357.879725090853	3485.3310570219
3	2320	58504.903009138614	3119.8708478796
3	2339	58991.072513770006	4028.0341887025
3	2361	59386.803606743688	3307.7540761884
3	2369	59513.647513197644	2106.5976793505
3	2411	60663.678571950389	3755.3370952145
3	2416	60754.351623221064	2687.6723882656
3	2430	61219.60393808384	2629.2964817994
3	2455	61641.953093833054	4365.7437514082
3	2463	62056.935214824719	3847.2936275238
3	2490	62421.319659328784	3273.314359874
3	2503	62955.94482646857	3841.2602118917
3	2511	63093.783793034728	1809.6198424648
3	2546	63727.136584009275	2949.9369759858
3	2551	63874.696619599898	2619.2226674873
3	2590	64469.683117993016	3468.5527156303
3	2639	65813.308597701833	3049.0614007383
3	2650	66025.157026737769	2632.2661978989
3	2661	66370.331646870662	2683.467893793
3	2683	66719.50573708047	3603.819193601
3	2695	67131.798616844461	3565.5318430882
3	2710	67333.88163555025	2764.9223586669
3	2751	68128.701210100947	1383.1183657609
3	2763	68260.595251803906	2474.3874269631
3	2771	68384.000820503382	2119.4564126898
3	2795	68874.034258519198	2973.6388006713
3	2831	69222.528545373242	2594.0837978572
3	2836	69398.388738247872	2870.7655079104
3	2848	69812.3014032665	2679.2796780467
3	2864	70116.375605489433	2512.5903456372
3	2872	70384.322562466681	3018.420583228
3	2896	70595.515188054304	4530.5941935887
3	2928	71333.608200109869	2821.6359750265
3	2944	71645.870815261572	2910.0003000906
3	2955	71973.776068707119	3932.7151961489
3	2963	72137.511829815179	3463.3231862139
3	2994	72646.600351334672	3561.3816095469
3	2999	72686.366274233282	3966.3102763621
3	3024	73432.503348707527	3011.9865499408
3	3033	73516.620322895359	3427.8653585807
3	3053	74089.837915848315	2759.6095172641
3	3068	74363.206375931512	3439.0312453593
3	3094	75222.13145444275	4063.3828400851
3	3108	75553.652405075103	3886.9714777909
3	3127	76155.610388108651	4043.9793004318
3	3143	76592.227441911708	4770.6172567083
3	3171	77176.824846237272	3944.710857086
3	3180	77481.037064959418	4487.223226871
3	3191	77725.176100365192	5565.5128334511
3	3218	78350.51550912422	4359.438479663
3	3234	78652.11176289928	2808.0520397655
3	3250	78911.813988630783	4377.985445654
3	3278	79597.129180047036	3692.3743005444
3	3286	79807.150787600439	3306.2508400349
3	3303	80167.273482333244	3964.0529873311
3	3320	80640.77440021665	3563.1325182098
3	3345	81246.406808645587	4185.9010585957
3	3350	81391.602147898943	3102.0688626885
3	3362	81654.764671965808	3147.4402391552
3	3367	81727.536155880551	4161.3690640745
3	3382	82187.672120134652	3426.4114468558
3	3397	82506.000200622837	2551.834273526
3	3408	82780.625374578993	2756.9797307072
3	3418	82948.460492126018	2619.8624736442
3	3434	83422.952701597071	3488.0151015613
3	3442	83568.886016754887	2428.5901441891
3	3466	84123.342855728135	3233.3798078354
3	3503	84911.835901670437	2625.0614977162
3	3510	85152.359734744113	2333.1513758647
3	3522	85291.924847138151	2579.5885308087
3	3529	85554.399225336536	1206.368399419
3	3533	85711.213349635338	3227.7382561751
3	3553	86122.18251245236	3208.9911643881
3	3563	86513.151887715996	2357.96893836
3	3594	87443.480164820108	2952.2742338944
3	3631	88165.94644761675	2796.5396547318
3	3680	88996.636002914948	2672.0913876314
3	3685	89009.609960904911	1944.163637599
3	3713	89429.360336096925	2194.5935697833
3	3764	90290.875892892902	2412.9446402192
3	3783	90779.390944680766	3421.7011433514
3	3788	90807.511997681533	2434.3511602265
3	3809	91346.796084635382	2797.8173050567
3	3814	91387.224735757903	3012.2561554394
3	3845	92067.890829306518	4732.7896211939
3	3862	92592.876065869307	4505.8711657835
3	3876	92850.09317600225	4263.3526568995
3	3901	93358.39614386727	4840.0310989596
3	3906	93579.452551391398	3946.9627236985
3	3927	94271.29251935576	4167.7500810444
3	3932	94454.78538322491	3322.1438195351
3	3940	94790.879763840334	4335.6998989019
3	3956	95387.768795371478	3902.0645965886
3	3967	95539.456656771348	3654.0340869998
3	3986	96096.900463544255	4697.069910579
3	4005	96615.381141035453	3788.9151928873
3	4021	97005.540266549782	2735.4344329907
3	4025	97114.882779189017	2851.6986846551
3	4035	97486.987463599638	2449.7729905569
3	4073	98190.708126727652	2240.4542255681
3	4084	98483.553181207026	3075.5452987365
3	4106	98884.139745174323	1542.885408802
3	4148	99796.481058452081	2796.4806618914
3	4163	100437.899266160475	2523.3750025947
3	4182	101124.959865990293	2592.2172275651
3	4194	101657.160267601919	3174.4845382196
3	4202	101800.753061316428	2650.0098169316
3	4213	102532.86471899153	3984.9742085685
3	4235	103444.218274689834	2673.5566718783
3	4330	106219.774187018238	3012.0232119318
3	4344	106271.136695545052	3644.6229653992
3	4375	106930.932712030672	1980.7653988114
3	4383	107043.036131791656	2845.1945817233
3	4398	107210.317061373108	2092.1220314477
3	4403	107453.81939894322	2685.8318968019
3	4420	107719.608926006668	2663.4763361822
3	4428	107894.828777879362	2511.1141237335
3	4453	108453.477132038289	4296.802752056
3	4470	108795.007859811072	3769.7359766037
3	4475	108998.198172335589	3712.9275109141
3	4493	109276.120873063688	2157.3925314381
3	4528	110094.100410740708	3857.0653644034
3	4593	111587.733155150974	4473.0040661843
3	4631	112462.884525653982	4025.314949769
3	4642	112578.780493017172	3891.4449060375
3	4653	113267.863512576634	5254.4071621379
3	4670	113478.401259396111	4406.1063278229
3	4714	114233.463720974589	3208.6513720128
3	4735	114728.577840809787	3231.4518923703
3	4751	115055.659168248142	3791.5388421195
3	4795	116036.078458909954	2767.4665826579
3	4818	116446.483511791642	3110.5919329495
3	4832	116927.840288288777	3908.2695705987
3	4846	117193.994053255652	3585.0468701216
3	4851	117230.458455027159	2724.9516792355
3	4873	117737.001474637424	2685.8272109866
3	4898	118178.006243181493	3842.304419488
3	4902	118272.146022084986	4169.8361409998
3	4957	119162.318968267258	2405.1463769051
3	4969	119271.926506070313	2308.9626908954
3	4981	119612.910030965771	2489.4604487253
3	4996	119768.220489585665	2726.9467566861
3	5004	120255.680299198148	2477.4293387987
3	5012	120275.352962573137	2199.9286057294
3	5032	120758.615290747849	3511.9423420109
3	5040	121084.168116913255	2996.6938067925
3	5048	121304.308441208569	3847.7124865306
3	5068	121747.16531561416	3306.8188690436
3	5112	122696.428154145446	4634.7921720076
3	5117	122765.005052054195	4060.7046480765
3	5139	123267.761864459036	3740.6891648636
3	5165	123561.279560231682	4956.4630155714
3	5195	124120.468836664265	2892.3146670777
3	5222	124472.240034877365	2709.9803562277
3	5250	125078.586204438513	2893.1053255381
3	5255	125239.647036844012	3469.3030351966
3	5270	125391.4218777372	3467.2060026814
3	5291	125973.124240168449	4226.9713927415
3	5306	126304.002117342359	3082.1142659619
3	5324	126920.516865101721	3976.3684615006
3	5332	127280.52044311077	3547.0099866267
3	5337	127408.235102367666	3801.7804402474
3	5354	127894.778804496941	4294.9949003242
3	5361	128318.605501202014	3021.7415025645
3	5365	128432.093759323514	3355.2203570631
3	5388	129543.57064913089	2351.4836367499
3	5430	130910.200022085764	1660.429889001
3	5462	131418.37128848434	3213.1108483393
3	5475	131831.70207459342	3311.8806444481
3	5486	132050.462442120915	2922.2559152584
3	5504	132658.681424147005	3583.8519064607
3	5509	132695.977184182411	4016.3244638757
3	5543	133572.641902776813	2875.9327066985
3	5548	133586.217759958024	3873.5768984791
3	5577	134180.529434176649	3246.428973665
3	5588	134451.083158372348	3041.99801659
3	5620	135164.162557596719	2683.6309761569
3	5632	135480.582859496142	2461.8467857753
3	5648	136101.244824665046	4038.7181053281
3	5675	136750.206635108705	2827.6218922822
3	5687	136937.585130786902	2890.6216395562
3	5695	137408.068853808946	2958.1648403635
3	5703	137674.989070313539	4657.357374367
3	5740	138492.635679467138	4320.2033710976
3	5783	139612.540924808498	2758.0902720442
3	5787	139655.409166297323	2270.6321481772
3	5805	140248.403786429748	2219.7671406157
3	5810	140250.49940463018	3661.9951311047
3	5815	140501.249745300527	2166.4578627694
3	5822	140749.204535549119	2343.0445327854
3	5836	141147.03369095784	2683.6032648548
3	5873	142904.042909067705	3619.2745226249
3	5911	143626.834557279258	3054.7942686174
3	5968	145128.641044576148	3199.1515226942
3	6006	145734.982036300431	4204.3226127508
3	6022	146102.310390651139	3753.9303765651
3	6049	146505.56328089154	2673.9160205382
3	6090	147401.741925947796	3642.7548338329
3	6115	147768.419165398839	3599.0779043
3	6181	149073.938159406613	3948.0938669679
3	6209	149702.601709928791	4881.8701600695
3	6217	149747.963127002033	4752.1050286262
3	6235	150453.514908332805	5238.6669478167
3	6240	150454.800401396962	4660.7617841939
3	6258	151048.482292771252	4548.3700978113
3	6267	151191.481515322308	4673.5845788372
3	6302	151980.171795554372	5435.7767080433
3	6311	152081.136831663976	3835.7984809873
3	6334	152618.929295048031	4956.0262958844
3	6389	153880.99849385387	4970.6548206234
3	6397	154030.999282230118	4123.879656114
3	6408	154481.444636438468	5241.67447762
3	6420	154793.317230150017	4022.920395419
3	6435	155063.789506863716	3650.145751067
3	6440	155112.944431886503	4742.629522031
3	6459	155760.38533429099	5159.8325185456
3	6464	155903.295277610335	6172.9294399783
3	6473	156070.940613266507	4156.3285252283
3	6481	156746.319591097448	5312.9469908474
3	6489	156826.470725875774	4334.8082520762
3	6535	158443.30419627196	5216.3381636305
3	6543	158548.384852730164	3629.7711581519
3	6555	159249.349530902186	4557.8992653568
3	6560	159382.410923793827	5046.3316527271
3	6579	160134.032530788758	4507.3325384651
3	6619	161127.666744481149	2721.187239904
3	6626	161740.415837744927	2959.73609671
3	6657	162850.505049482168	2543.5600186419
3	6679	163520.912754155876	2696.5015752833
3	6702	164406.811901890763	3698.9723078348
3	6712	164545.970796763593	3828.8942913059
3	6749	165362.901161476081	3788.209480634
3	6753	165689.175764835172	2509.0727913659
3	6772	166115.505145852543	3475.2289354987
3	6780	166211.328035010999	3244.6196273237
3	6802	166664.682286556843	1989.7906641383
3	6823	167007.977386616459	3018.8367046975
3	6846	167404.707965392652	2583.3744614532
3	6859	167698.836581312409	3253.9274629288
3	6866	167886.201492741737	3363.7919626375
3	6877	168203.438763913056	3238.3088216009
3	6918	169125.176907526498	3427.9198649246
3	6933	169706.584727707576	2738.0995545882
3	6942	169974.07981511138	2876.9961291862
3	7011	171771.02657150625	2719.3017830886
3	7015	172024.126552993478	3627.2372584697
3	7070	173243.222009166347	3597.4220272433
3	7082	173425.76954641304	3371.0111813685
3	7097	173705.318032129059	2544.7236591484
3	7116	174089.876247476058	3586.7510994732
3	7141	174414.175756799128	2885.5088373832
3	7146	174423.809018339233	1961.1550400616
3	7171	175195.397052633779	3668.5739290703
3	7176	175346.487829295989	3765.0576021616
3	7191	175684.650748781131	3274.8955144488
3	7196	175712.668587083068	2167.6239902888
3	7210	176359.69942841606	3684.2301408685
3	7230	177087.879515962747	3277.3689951401
3	7241	177242.294778692739	4409.2228597032
3	7249	177388.922128772435	3122.137299487
3	7256	177590.670114382373	2998.1154973311
3	7271	177972.280291437996	3152.8977234196
3	7304	178739.429076436274	2953.9749559946
3	7318	179223.833460009508	2466.3805526868
3	7357	179969.938456654643	2864.7647506278
3	7361	180062.167757532356	3183.8160831761
3	7397	180874.591896883688	2405.6269357447
3	7412	181287.768124822622	3046.1048468132
3	7432	181655.235391087925	3678.8982193501
3	7437	182044.348361879682	2666.8602283918
3	7445	182145.320229302637	3218.0376594207
3	7457	182568.747380967729	2301.9413014701
3	7461	182638.836447499787	3742.8540024682
3	7487	183967.201641257292	2796.5181647055
3	7518	184847.848773805889	1831.9013805594
3	7526	184926.939984789664	2112.2960987035
3	7560	185946.776693012574	1485.0136415474
3	7571	186119.010337019776	3559.3049100135
3	7601	186969.562786145428	2724.8280495498
3	7625	187254.722837374094	2697.946329955
3	7633	187336.316072175572	2531.1471222654
3	7646	187914.351148359957	3235.074976726
3	7661	188203.520947860847	3094.1894202995
3	7674	188784.898834692607	2990.4801797944
3	7682	189145.855821740362	2030.267604546
3	7699	189532.924869450102	2758.9626460834
3	7703	189616.399558015648	3073.5859206519
3	7714	190072.236573266158	2794.9384514213
3	7775	191214.440136883314	3042.677675765
3	7839	192010.361357916733	1941.0931263585
3	7856	192447.013020801487	3213.7451626643
3	7867	192707.086739358618	3377.2661113925
3	7875	192755.381475488784	1770.4364882466
3	7914	193274.38988107494	2407.8506175242
3	7926	193443.169402801558	2833.7770996605
3	7958	194090.149179832205	3494.9181701371
3	7981	194369.172881033783	3315.7788408772
3	8009	194820.910574779972	4322.7809432792
3	8024	195181.221198612019	4033.31297019
3	8029	195207.316231757914	3384.5970550575
3	8055	195891.66441100887	4495.3568679088
3	8066	196159.191078064158	4352.0844230695
3	8089	196643.752841469958	3416.3230552565
3	8101	196837.570556823676	5476.2971614166
3	8133	197641.991152644669	4943.142314122
3	8147	197945.82747422637	4399.1506892037
3	8152	197989.903318279003	4164.4344350321
3	8185	198733.850982647901	4124.9251764879
3	8203	198932.391843707427	3070.850881453
3	8214	199130.210802920675	4451.54099489
3	8227	199373.551383935973	4119.6259308744
3	8268	200160.166929592505	4052.4140193184
3	8277	200307.549682122237	2605.7139483675
3	8294	200669.905376837171	4447.2117921729
3	8317	201278.120686658785	2813.2492659906
3	8336	201516.686995599932	3966.5962264364
3	8341	201542.289536320731	3439.4375819551
3	8365	202053.439235494054	3461.8788300521
3	8370	202143.247268167451	2578.7051767889
3	8381	202624.664812677122	4416.9438027166
3	8405	203045.207553145058	3618.8866368897
3	8420	203459.972541809596	2888.4184775385
3	8432	203849.417255693242	3959.4252334011
3	8448	204116.143167198218	4015.2273010142
3	8465	204725.219756574497	4323.89747143
3	8496	205493.03417714791	3495.5748849303
3	8508	205684.133508924909	3788.124459696
3	8517	205828.151459121272	3055.2046107043
3	8543	206346.005332015969	3612.4252949969
3	8609	207908.998538910173	2543.2454775833
3	8661	209026.335206351004	2513.9157599253
3	8678	209750.001076015405	1958.108284335
3	8687	209798.03754081182	3173.688806737
3	8697	210127.002228081001	2325.9961876774
3	8717	210650.597946031712	2992.213692267
3	8776	212268.215281640694	2916.5062185377
3	8795	212697.241284617737	2353.5611896954
3	8802	212840.380737484414	3812.0009822957
3	8829	213560.604766936556	3704.9400892179
3	8840	213648.940093773588	3272.6013808697
3	8848	213806.284161800102	3413.9683485979
3	8882	214737.334462455644	3350.90488057
3	8893	215229.270567478195	3525.971206695
3	8909	215620.431665941312	4099.9425440231
3	8932	215940.355774942025	4026.6607388617
3	8936	216235.622620483444	3730.683170933
3	8951	216497.993640001103	2432.0454653747
3	8987	217638.164603235077	2984.8327611946
3	8992	217672.865902951033	2609.0445319377
3	9013	217985.587016111117	3970.1478716982
3	9036	218570.592880399944	2951.6147427272
3	9050	218825.799283033283	3187.2018027035
3	9054	218916.718439375859	3295.9283456704
3	9099	219460.849355197958	2888.6294765957
3	9131	219883.301324899755	2182.1968632958
3	9154	220377.091452239128	2485.7830142892
3	9192	220789.906082935147	2730.9235708243
3	9197	221016.886768976273	3421.3885661453
3	9253	222193.965810185345	3956.6929289927
3	9265	222277.724538892024	3819.4013756531
3	9301	222803.932068328821	3862.0464938882
3	9314	222937.842675020965	3613.6426518379
3	9319	223056.849814764672	3635.9482416603
3	9338	223681.048961563083	3942.7762625109
3	9357	223959.127628355735	4737.5872769275
3	9371	224363.751042654785	5345.8634507321
3	9383	224683.976925818297	4698.9187552088
3	9388	224709.381948485487	5152.5744376148
3	9412	225393.264780363115	5617.7396923289
3	9417	225472.098327353113	4287.6944078901
3	9429	225832.815414277884	4014.1034981409
3	9439	226224.112278373959	3631.492524642
3	9457	226791.298771462851	4269.6205929513
3	9462	226951.059549136134	4763.3367468032
3	9488	227763.941248207801	5498.2510344302
3	9496	227770.484961086931	5203.6207268739
3	9518	228430.93462804284	4684.4468021342
3	9536	228578.79068615106	4311.0312671228
3	9549	228824.412001298788	3873.0458480152
3	9568	229079.81202673358	2344.5066802882
3	9583	229436.868978753552	2457.2678958345
3	9591	229594.480359671521	2968.5311115347
3	9611	230087.900319672987	2740.7708923294
3	9627	230384.332576143382	2618.283859631
3	9638	230953.411491094915	2946.6706974131
3	9646	231002.237071436312	2538.31646665
3	9663	231443.562260199752	2977.6106056139
3	9675	231737.857258236794	3507.011925208
3	9680	231866.625300649967	2883.3710744324
3	9688	232016.77833794692	3573.9712877224
3	9692	232396.588262007054	2964.5967208124
3	9734	233977.197798854617	2753.3696733043
3	9775	234612.412331254527	3207.8459979314
3	9799	235139.70125075056	2027.6009340584
3	9826	235722.865838646877	3265.551255804
3	9837	236099.550224511621	2249.3250044194
3	9848	236390.045777535082	2533.0723673198
3	9872	236816.627806116707	2557.9856796004
3	9881	237152.343569052286	2671.122042197
3	9959	239485.568751693256	2722.8900282271
3	9977	239962.718386725075	3645.6023988182
3	9994	240747.70413736921	3382.0351758813
3	10006	240898.091150224693	4338.0937121757
3	10017	241279.751511077548	4103.0199578837
3	10037	241840.523087867089	4058.7250779916
3	10042	241931.125842659886	3396.2902845712
3	10056	242174.957339279838	2649.4914157308
3	10064	242216.800545296784	2306.3231010199
3	10109	243464.711150722624	2225.1348797232
3	10113	243554.193505705001	2023.3446164522
3	10136	244089.089220399083	2152.1362191951
3	10168	244776.023659711269	2675.9882618207
3	10179	244895.603296208374	4011.8353433814
3	10187	245170.612167875461	2869.7818017355
3	10192	245240.303651043711	3633.1551826915
3	10219	245763.077408625923	2090.2224353223
3	10230	245938.068799698291	3331.4285883182
3	10238	246227.212289600812	2995.8411660968
3	10249	246504.775642757801	2247.5521842663
3	10260	246713.549085920565	2029.6715264954
3	10288	247765.588003169917	2653.899202561
3	10292	247808.877390456494	2420.537872687
3	10323	248652.966804165565	2364.2700367512
3	10335	248937.650298536921	3320.9076207317
3	10339	249122.353988677435	3274.3227798101
3	10351	249426.880065423506	1379.727719212
3	10359	249546.581617524082	3029.090663739
3	10398	250733.410958785382	2725.9367546439
3	10407	250850.804807429326	2708.785717953
3	10435	251627.966552076456	1949.7289583646
3	10439	251642.906389177901	3275.8499779463
3	10451	251982.889163827118	2275.1364519572
3	10486	253310.23406765812	2921.4141551033
3	10490	253328.392391267811	3213.6129509937
3	10514	254240.912265213364	2971.9830572513
3	10521	254586.543738234234	3544.4088818785
3	10543	255120.752782313311	3620.6832961213
3	10547	255263.14081441357	3227.2663248517
3	10577	256533.853790801099	1925.6695818901
3	10588	257274.700687389134	2530.9113072418
3	10604	258139.468901823916	2305.1473537646
3	10618	259411.297732270884	3309.4782577269
3	10725	261719.196411082245	3158.1798536237
3	10730	261920.127018990227	3615.6458088197
3	10751	262180.642001090803	1791.6648745997
3	10771	262597.642296561696	2495.1496726087
3	10779	262614.603785483398	2783.3525836043
3	10877	264630.458950837799	3761.6723831386
3	10913	265241.271522110053	4112.3667035574
3	10931	265449.197327273199	2537.8597035743
3	10947	265742.375851189443	3458.5481391734
3	10973	266323.425308095524	3715.3420772043
3	10994	266581.712480662116	4224.9321898067
3	11008	266878.54079929153	4475.6270123678
3	11035	267059.292957114289	4285.1367737799
3	11051	267597.832170820097	4521.3010170408
3	11060	267637.593428557464	3399.6708392336
3	11068	267850.483573565493	4458.4472183087
3	11110	268540.320970816263	4667.1283408884
3	11129	268654.646424690495	3813.9614828337
3	11134	268818.425923725315	4640.8506274928
3	11151	269164.528254074701	2707.7854568748
3	11160	269412.971197927604	4243.3120852683
3	11195	270250.574054224142	4727.6245199362
3	11200	270255.580219293247	3742.3527851727
3	11223	270492.190315155038	3940.8199930991
3	11239	270856.531201610067	3998.6276940304
3	11286	272236.3800398537	4533.4748583912
3	11300	272611.49803324575	3647.0799529873
3	11312	272709.490112236003	4351.307557064
3	11325	273590.197021069239	4961.2598906254
3	11330	273634.922835463383	5043.5232390809
3	11346	274409.96370438696	3977.902451723
3	11351	274415.96765142838	4201.4965100325
3	11367	275088.14336147369	4677.0432696587
3	11372	275202.169145205715	4784.5593646648
3	11380	275661.444106017896	2567.6903634224
3	11387	275978.001486176859	4427.5377403502
3	11404	276566.88251602436	3967.3052857193
4	55	3559.081488764064	2218.5945065785
4	197	7721.596999244718	3584.3216276053
4	351	11009.924673376673	3043.920223761
4	432	12831.021416316718	5060.3671721879
4	464	13662.840100078821	3766.2907856574
4	497	14484.280960260868	3736.2551263807
4	755	22078.9068723728	2639.8964416422
4	863	25022.691094297457	2610.3355031088
4	1006	28625.189792421599	3273.3963542299
4	1159	32907.218420551899	2803.3464686293
4	1270	35609.813401168021	4634.085396674
4	1361	37857.283193098257	2703.1107250778
4	1368	37957.401492846938	2813.8235273169
4	1412	38773.862364107619	3716.9640618135
4	1440	39337.732014699455	1963.4920044025
4	1546	41691.369084996979	3607.5940425497
4	1674	44442.661671953538	1997.8617199883
4	1717	45173.266862350413	3363.4561919721
4	1740	45814.946047662088	2627.5509787823
4	1868	48883.017230829523	3331.3398918975
4	1930	50265.260848128918	3051.2223098189
4	2002	52064.176412416536	2914.8943401377
4	2388	60046.707743160171	2909.3800140638
4	2400	60176.668415772492	2473.410716129
4	2573	64153.44874869217	2784.2070729179
4	2598	64648.550708565161	2291.026585207
4	2617	65190.93705439125	2396.4861340543
4	2625	65311.142494451095	3768.0958672677
4	2691	66847.191608022739	4050.6374618821
4	2917	71207.544527520548	2204.5593309198
4	3083	74698.4290898287	3210.4277063513
4	3135	76344.756730447829	3991.7551765746
4	3210	78275.152284783434	5849.9972501528
4	3311	80597.185516848535	3926.456489046
4	3454	83915.687018036511	2968.5331583116
4	3617	87984.595457071659	2890.7147201803
4	3728	89898.455648767397	2506.5103909587
4	3732	89921.729643152994	3560.699600028
4	3850	92180.823540995465	4038.0210108626
4	3896	93185.142008711075	3212.0082486044
4	3982	95951.353340568588	4083.766652344
4	4098	98624.173539843571	3232.4527751014
4	4121	99192.730930555062	1676.086964272
4	4141	99750.449138502972	2571.2199256832
4	4220	102637.631282457496	2845.3612905275
4	4243	103755.311286572451	3924.2838578951
4	4265	104645.011385685558	2172.9387156107
4	4517	109873.829288610333	3616.5657268596
4	4539	110214.958018564695	3259.5587008616
4	4563	110839.884752032423	2529.9171067722
4	4568	110958.656542997693	4352.0344666542
4	4602	111769.652945481127	2709.7861226189
4	4683	113590.264646128828	3243.9909607881
4	4699	114083.88913615409	4009.157781101
4	4740	114778.691494434957	4217.9396170605
4	4774	115489.430493458991	3286.9219137067
4	4790	115780.33629541945	3265.4152454292
4	4806	116214.540595885252	3860.1639680184
4	4933	118686.490972113874	3100.8977839162
4	5084	121927.866518182574	3344.3110859693
4	5200	124205.307843011882	2294.9621910409
4	5238	124777.782031239089	3172.5607168062
4	5314	126680.281795633104	2990.0609095838
4	5319	126777.762658572799	3068.7459771355
4	5345	127615.332642416513	3563.871638644
4	5608	134938.541684801246	3089.4262240851
4	5643	135859.526446702446	2307.5234851278
4	5726	138107.822065173096	4831.8769612034
4	5759	138928.550290750719	2492.6708009926
4	5772	139202.861343918856	3017.6911989644
4	5892	143195.341732873826	2267.813663939
4	5896	143379.420237657231	2615.0204719976
4	5973	145165.395067959937	2005.2565834858
4	6041	146469.900624718945	2949.1363170831
4	6082	147039.83442782602	1915.8276248042
4	6129	148041.219548072579	3074.5530908824
4	6144	148297.860503517519	3768.7699635095
4	6176	148930.04423407084	3436.2880138348
4	6326	152511.395763311962	4599.172796663
4	6352	152946.785932101223	4019.731863258
4	6368	153359.674374055544	5941.4644052884
4	6514	157698.527750439856	4817.588356611
4	6519	157709.327985983768	4954.8608201694
4	6527	158283.407804541716	4644.5752614081
4	6583	160181.813638742928	2970.0964126468
4	6590	160451.912260413596	3080.7559904637
4	6664	163051.329406266353	3401.6813465115
4	6896	168441.692983358424	1956.5670069214
4	6913	169092.000040672045	2295.0143938346
4	6949	170024.739830224012	3171.583542482
4	6967	170846.868288553577	3134.2297004431
4	6975	170940.343594346313	2851.4010900445
4	7048	172799.278820053851	2815.6331701577
4	7219	176560.985504632887	3721.753582284
4	7376	180437.339264057671	2946.2224885923
4	7421	181467.901937864266	3670.9065173201
4	7468	182916.581863458745	2459.2540632874
4	7666	188337.683319148156	2314.076307599
4	7793	191538.57791343322	2253.2679297004
4	7805	191725.714598565491	1637.5707619172
4	7963	194102.119678848003	3639.2967944311
4	8047	195811.909001884177	3894.8012230132
4	8113	197177.339252580469	4331.4974329129
4	8121	197561.974620246455	4385.9082998361
4	8180	198686.697277096226	5212.884317672
4	8256	199975.468197737402	3877.9642625331
4	8306	200854.571069018111	3216.9227288956
4	8396	203018.087838203773	4123.1236464624
4	8474	204854.105294060476	2834.1617487806
4	8482	205186.151712522969	3442.5118653253
4	8532	206188.19991378592	2856.3797660761
4	8564	206988.203843449939	1720.7665858045
4	8588	207444.530235644203	2881.6421086248
4	8624	208244.959937412065	2580.5312861756
4	8633	208475.073644130252	2464.932622246
4	8641	208637.494091953856	2301.4183278711
4	8653	208950.191703989876	2336.3074378856
4	8862	214249.976414344444	4226.2867139261
4	8877	214719.851552055732	4227.548787177
4	8927	215875.722471525476	3932.9738863883
4	9109	219652.592175977351	3185.6019864672
4	9208	221367.978632545145	3384.1340724102
4	9229	221607.092783767246	3685.1003789985
4	9284	222545.82194507313	3434.2345978172
4	9434	226079.713732636981	4688.9169224934
4	9476	227040.78619971823	4474.4581014166
4	9553	228908.112093172484	3637.8343032678
4	9724	233676.882301677324	3115.657891212
4	9783	234858.768185984821	2279.177818168
4	9818	235596.432696903793	3106.8569352105
4	9892	237335.4331815102	2121.4616913814
4	9914	237937.833901875533	3397.4996755066
4	9948	239267.371136519277	3437.2140885517
4	9989	240113.848839375341	3689.0697104364
4	10204	245419.75811756327	3656.2478059728
4	10411	250991.870428331015	2165.1938905319
4	10506	253885.577823067242	2509.5057344282
4	10559	255788.360759954199	1440.2302916162
4	10661	260435.079636573646	3685.5339421146
4	10746	262163.714810246326	2363.425196712
4	10804	263284.02866817052	3447.6443118388
4	10809	263354.848345985868	3772.2179520877
4	10843	264011.574653668561	3663.5313989648
4	10852	264093.564918646314	2848.9851565537
4	10889	264863.094903102377	4435.7584732403
4	11040	267208.374263280728	3692.0924807965
4	11092	268318.70309123979	3226.579000626
4	11184	269856.287429975071	4900.5748659582
4	11251	271034.921525253217	4138.6725847431
4	11259	271385.950511218705	3476.3445652882
4	11278	271777.662518603961	3730.6736951109
4	11320	273336.756341634043	5024.9079021869
4	11356	274886.13520587767	4447.7593360743

