version 2
run Iteration-1-20200521-09:50:57-68996
attr configname Iteration
attr datetime 20200521-09:50:57
attr experiment Iteration
attr inifile omnetpp.ini
attr iterationvars "$i=1, $j=2, $0=15-(1+2)"
attr iterationvarsf i=1,j=2,15-(1+2)-
attr measurement "$i=1, $j=2, $0=15-(1+2)"
attr network Network
attr processid 68996
attr repetition 0
attr replication #0
attr resultdir results
attr runnumber 1
attr seedset 1
itervar i 1
itervar j 2
param **.resourcePool.amount 1
param **.resourcePool1.amount 2
param **.resourcePool2.amount 15-(1+2)
param **.source.interArrivalTime exponential(6min)
param **.delay.delay uniform(4min,28min)
param **.delay1.delay uniform(10min,28min)
param **.delay2.delay uniform(4min,16min)
param **.allocate.resourceModuleName "\"Network.resourcePool\""
param **.allocate1.resourceModuleName "\"Network.resourcePool1\""
param **.allocate2.resourceModuleName "\"Network.resourcePool2\""
param **.deallocate.resourceModuleName "\"Network.resourcePool\""
param **.deallocate1.resourceModuleName "\"Network.resourcePool1\""
param **.deallocate2.resourceModuleName "\"Network.resourcePool2\""
param **.router.randomGateIndex "uniform(0, 1) > 0.2 ? 0 : 1"

vector 0 Network.allocate queueLength:vector ETV
attr interpolationmode sample-hold
attr title "queue length, vector"
vector 1 Network.allocate1 queueLength:vector ETV
attr interpolationmode sample-hold
attr title "queue length, vector"
vector 2 Network.allocate2 queueLength:vector ETV
attr interpolationmode sample-hold
attr title "queue length, vector"
vector 3 Network.sinkStat lifeTime:vector ETV
attr interpolationmode none
attr title "lifetime of arrived jobs, vector"
attr unit s
vector 4 Network.sink lifeTime:vector ETV
attr interpolationmode none
attr title "lifetime of arrived jobs, vector"
attr unit s
0	0	0	0
0	12	2308.480227041676	1
0	14	2438.084816269798	2
0	16	2732.938252289655	1
0	25	3184.26673756248	0
0	65	5613.982479784496	1
0	67	5783.406067148944	0
0	72	5881.638768428625	1
0	74	6317.817305692633	0
0	79	6639.329795088276	1
0	85	6888.408502557476	0
0	90	6914.534765970647	1
0	96	7134.503121933607	2
0	98	7337.307405216632	3
0	100	7391.765655578495	4
0	114	8399.397955640551	5
0	116	8444.513814815481	4
0	125	8852.521751663641	5
0	127	8887.583317748573	6
0	129	9311.916578664402	7
0	131	9574.762552513059	8
0	137	10078.810478256245	7
0	142	10327.384644778443	8
0	144	10359.381275071251	9
0	150	10996.44678289513	10
0	152	11111.249900348572	11
0	154	11178.255004373564	12
0	156	11200.240426912305	13
0	162	11607.044074193736	12
0	167	11958.005501379199	13
0	169	11988.663518608709	12
0	174	12154.795430530521	13
0	180	12345.83578311258	14
0	182	12425.067047210333	15
0	188	12848.879419941199	16
0	190	12985.351630727124	17
0	192	13040.536464295625	18
0	194	13195.8454106312	17
0	203	13458.121656891364	18
0	205	13464.766384971152	19
0	207	13477.283152993468	20
0	213	13976.556992841914	21
0	219	14563.818251074454	20
0	236	15595.588833449173	21
0	238	15686.016821440658	22
0	240	15725.23933015363	23
0	242	15752.669401654718	24
0	244	15881.17679152002	23
0	249	15966.514571609081	24
0	251	16002.916507537539	25
0	253	16128.050222082407	26
0	259	16796.880267218849	25
0	264	16969.322630052771	26
0	266	17208.946549439034	25
0	270	17237.169186574493	26
0	272	17268.607062354697	27
0	279	17476.834969551465	26
0	288	17677.495753959495	27
0	294	17921.011975432998	28
0	296	17940.754049173789	29
0	302	18241.176953009379	30
0	308	18583.809878087802	31
0	314	19027.880636484525	30
0	327	19643.690369681618	29
0	332	19712.703069132439	30
0	338	20651.856199422083	29
0	347	20790.721524822204	30
0	349	20809.1694745801	31
0	359	21331.25450095378	32
0	361	21601.862014041445	31
0	370	21723.666431900227	32
0	372	22043.413227194152	31
0	377	22326.327185736201	30
0	390	22765.175620312657	31
0	392	22979.077300151414	32
0	394	23033.070741815126	33
0	408	23834.748580762	34
0	410	23838.027864911757	33
0	419	24113.068203521745	34
0	421	24274.441585882638	35
0	423	24316.137904108666	34
0	428	24428.288187042831	35
0	430	24793.925590020098	36
0	440	25259.988727919173	37
0	442	25378.390233547591	36
0	447	25681.852267649524	37
0	457	26182.277911664603	38
0	463	26516.478210457765	37
0	472	26700.92234643655	38
0	474	26902.081607038761	39
0	476	27269.883882769548	38
0	485	27669.424642472295	39
0	491	27917.598725429142	40
0	493	27945.195050819677	41
0	495	27989.072079593639	42
0	501	28545.716793793059	43
0	503	28569.55301860751	44
0	509	28784.716830633022	45
0	511	28899.253553555512	44
0	520	29095.639338011866	45
0	522	29193.031075250881	46
0	524	29711.199928404452	47
0	530	30495.498758399093	46
0	535	30552.507153855209	47
0	537	30553.541956592506	48
0	543	31086.938394872619	49
0	545	31146.688218936366	50
0	547	31289.06190244462	51
0	553	31561.597221338355	50
0	558	31600.193091438192	51
0	560	31814.568734833204	50
0	569	32044.641224512541	51
0	571	32565.35873294379	52
0	573	32569.03718988707	51
0	577	32916.886408509982	52
0	579	32922.627592252639	53
0	586	33035.431164122912	54
0	592	33458.100130799247	55
0	594	33482.082656801843	54
0	607	33823.000009239816	53
0	624	35132.581360259258	52
0	633	35467.621610195541	51
0	637	35590.381234390748	52
0	648	36095.072646773539	53
0	654	36439.49806425085	52
0	659	36542.605210031273	53
0	661	36549.834154234245	54
0	667	36731.526119950428	55
0	669	36772.414150154456	56
0	675	36782.751493368484	57
0	677	36858.448249989354	56
0	682	36884.502931491837	57
0	688	37007.149915993588	58
0	690	37102.064310026671	59
0	696	37245.522984669709	58
0	701	37391.791767766319	59
0	703	37439.523108717151	60
0	705	37535.312069606074	61
0	707	37653.165605250911	62
0	709	37687.733711670149	63
0	711	38005.004590111472	64
0	721	38308.889626314436	65
0	727	38605.286520485941	66
0	729	38612.062923901459	67
0	731	38698.047471040094	66
0	744	39215.646042129483	67
0	750	39808.065739770545	68
0	752	39984.752054619318	69
0	754	40090.958520279432	68
0	759	40185.168446206782	69
0	765	40680.113256264474	70
0	767	40972.603153953233	71
0	769	41173.945775288138	72
0	771	41226.761206920234	73
0	773	41388.497413759843	74
0	775	41410.741039371909	75
0	777	41470.66458417555	76
0	783	41517.234611491106	77
0	785	41533.641542174759	78
0	787	41574.458788142706	77
0	792	41969.250325665976	76
0	801	42427.100293932878	77
0	803	42440.299117571755	78
0	805	42534.271773354317	77
0	809	42735.620628347042	78
0	811	42740.169399142848	79
0	813	42790.208423369761	80
0	815	42817.098923748808	81
0	817	42942.612685475518	82
0	836	43716.498004452492	81
0	845	44173.68906101876	82
0	847	44237.150605062468	83
0	849	44315.431402544238	84
0	851	44319.847079695369	83
0	864	45320.611265198569	84
0	870	45397.0039383631	83
0	879	45982.384717718864	82
0	884	45996.042914339426	83
0	894	46516.66041652968	82
0	899	46982.44002471974	81
0	907	47249.189750545825	80
0	916	47437.466292154273	81
0	918	47590.021639087404	80
0	936	48042.750169844488	81
0	946	48703.13606071582	80
0	959	49153.423211530949	79
0	968	49653.951811332186	80
0	970	49703.959608034398	79
0	983	50052.234483598425	80
0	993	50572.415684480519	81
0	995	50609.459229403343	80
0	1004	50930.071751223547	81
0	1014	50956.391374536958	80
0	1019	51433.127755416129	81
0	1025	51469.185541350465	82
0	1027	51524.850289321371	83
0	1029	51602.239452539863	84
0	1031	51709.699076482263	83
0	1048	52564.820470608277	84
0	1050	52870.522746139374	83
0	1055	52916.283153994106	84
0	1061	52940.848539066406	85
0	1063	53419.027327054946	86
0	1065	53489.67010154685	85
0	1070	53685.314571900048	86
0	1080	54543.542751004015	87
0	1086	54841.606463895347	86
0	1095	54961.768562077263	87
0	1097	55307.059591587948	88
0	1107	55696.21407906821	87
0	1112	55815.366109415277	88
0	1114	56108.191170600375	89
0	1116	56190.105967873755	90
0	1122	57080.120713636083	91
0	1128	57304.467690245416	90
0	1133	57449.484786311717	91
0	1135	57689.069776641183	92
0	1137	57754.828646114228	93
0	1139	58088.593804385301	94
0	1141	58097.376660365502	95
0	1143	58106.078804166224	94
0	1156	58384.477947994757	95
0	1158	58549.8843941617	96
0	1160	58730.720042485473	97
0	1162	58996.961117641237	96
0	1167	59068.967849197007	97
0	1173	59137.766309212612	98
0	1175	59186.385029264656	99
0	1177	59215.823731447879	100
0	1179	59268.065954199227	101
0	1185	59693.409901466707	102
0	1187	59698.015800390589	103
0	1189	59705.849344842093	104
0	1195	59927.37333645484	105
0	1201	60624.059166939166	104
0	1210	61098.223549303776	105
0	1212	61167.999814008148	106
0	1214	61208.092584663083	107
0	1220	61345.2858845081	106
0	1225	61353.375004997968	107
0	1227	61773.921339915302	106
0	1236	61950.274523451289	107
0	1242	62783.424704813566	106
0	1251	62963.747879903568	107
0	1253	63063.251216698292	108
0	1259	63733.793830377407	109
0	1265	63861.525123038497	108
0	1274	64582.679783879711	109
0	1276	64735.711886387033	110
0	1278	64763.752702207472	109
0	1295	65312.604727926835	110
0	1297	65641.669558080935	111
0	1303	65777.141341467253	112
0	1305	65834.730093621816	111
0	1318	66876.588908524826	112
0	1320	66929.343319752421	111
0	1329	67469.485451284886	112
0	1335	68273.684713930121	113
0	1337	68413.217911006119	112
0	1342	68584.152916356164	113
0	1344	68660.573043858321	114
0	1354	69218.873736943652	115
0	1356	69236.633957924195	116
0	1358	69256.584009600631	117
0	1360	69262.344119278445	118
0	1362	69436.429932185616	117
0	1367	69458.566138035112	118
0	1369	69642.11270825006	119
0	1371	69748.013793894257	118
0	1384	70545.137374332824	119
0	1390	70818.755501949396	118
0	1395	71100.450934816367	119
0	1397	71131.351752539577	120
0	1407	71425.527458110061	119
0	1412	71465.486126909443	120
0	1414	71659.967091236716	121
0	1416	71967.197206535545	120
0	1420	72016.030955785496	121
0	1422	72137.091411386362	122
0	1429	72570.382484158077	123
0	1435	72707.870830291119	122
0	1444	73069.479795796736	123
0	1454	73630.285609115667	124
0	1464	74183.842757039872	123
0	1473	74349.793080971121	124
0	1475	74565.586886309397	125
0	1477	74726.146867250584	126
0	1479	74804.295515076426	125
0	1484	74899.462782756782	126
0	1486	74907.901666714761	127
0	1488	75092.687738997194	128
0	1490	75365.775840738223	129
0	1492	75390.208906040696	128
0	1496	75503.232023996802	129
0	1503	75817.689299986867	128
0	1512	75853.385230412164	129
0	1518	76261.11603403717	130
0	1520	76299.365650222806	129
0	1524	76340.804736755768	130
0	1530	76541.089982195723	131
0	1532	76692.505406275983	132
0	1539	76781.889792360465	133
0	1541	76933.782118142752	132
0	1554	77545.179526288767	133
0	1556	77807.608427301697	134
0	1558	77921.007016207153	135
0	1560	77926.982937599683	136
0	1562	78031.686297426486	137
0	1564	78159.472777751935	138
0	1574	78519.998082810251	137
0	1583	78854.387241419519	138
0	1589	79160.305931438872	139
0	1595	79635.880543433447	140
0	1597	79899.368930212438	141
0	1603	79998.230422766117	140
0	1608	80110.559938823039	141
0	1610	80135.538334034865	142
0	1612	80266.04942496231	141
0	1617	80361.192196209744	142
0	1619	80725.296239097909	143
0	1621	80750.729197928281	144
0	1635	81284.301967929784	145
0	1637	81382.252767048755	146
0	1643	81675.000404634682	145
0	1652	82176.522917592136	144
0	1661	82845.235723341879	145
0	1667	83265.023616759835	146
0	1669	83568.429807195208	147
0	1671	83643.126183921184	148
0	1673	83662.251993858425	147
0	1678	83706.309973809169	148
0	1688	84549.484045066566	149
0	1690	84641.263814502369	150
0	1692	84654.344651878981	149
0	1705	85317.150496836795	150
0	1707	85747.561735578982	149
0	1716	86210.160244749238	150
0	1718	86317.158891530366	151
0	1720	86405.997602768142	152
0	1722	86448.3104842495	153
0	1724	86657.578029439898	154
0	1726	86734.756785143417	155
0	1732	86765.600304299204	154
0	1737	86970.362953178442	155
0	1739	86973.585901954336	156
0	1741	87057.624093579372	157
0	1743	87311.112761902734	158
0	1749	87413.735651639014	159
0	1751	87485.529704087584	158
0	1756	87805.391127013772	157
0	1764	88100.733882968781	158
0	1771	88272.305791744202	157
0	1775	88435.221008985295	158
0	1786	88659.138644480317	157
0	1795	89212.337519669145	156
0	1799	89231.536355714369	157
0	1809	89642.228113594455	158
0	1820	90024.444988145133	159
0	1826	90347.738487416118	158
0	1831	90525.7177687422	159
0	1837	90789.46086487939	160
0	1843	90907.489248209804	159
0	1852	91179.645062194377	158
0	1857	91343.319095069695	159
0	1859	91373.643281816999	160
0	1873	91985.479047329336	159
0	1878	92044.128315582117	160
0	1888	93121.197769159121	161
0	1894	93473.39495777449	160
0	1899	93474.403442272342	161
0	1901	93491.854209884416	162
0	1907	93871.134280441211	163
0	1913	94176.285595962018	162
0	1922	94308.809809734632	163
0	1924	94747.480003673092	164
0	1926	94760.145864443378	165
0	1932	95077.069239140901	166
0	1938	95295.032371872276	165
0	1943	95972.617307783276	164
0	1956	96334.241731323171	165
0	1958	96664.425056980163	164
0	1963	96735.91611958265	165
0	1973	97309.2251661444	166
0	1975	97401.653402366847	165
0	1984	97653.09728115278	166
0	1986	97865.774560796191	167
0	1988	97994.305279674055	168
0	2006	98768.812562183649	167
0	2011	99233.574635397405	168
0	2013	99788.658065044493	167
0	2026	100557.851773134592	168
0	2032	101419.765116603286	167
0	2041	102335.305335906276	168
0	2043	102387.692744671056	169
0	2049	102608.289112916937	170
0	2051	102609.013066471727	169
0	2056	102886.767803684981	168
0	2065	103357.736865722747	167
0	2069	103394.204146478189	168
0	2071	103405.317831305718	169
0	2073	103541.070687798238	170
0	2075	103705.433480055266	171
0	2086	104171.681196095989	172
0	2088	104407.138291604996	173
0	2094	104829.859930386799	174
0	2100	104905.114142613533	175
0	2102	104918.934413486333	174
0	2107	105115.075065911483	175
0	2109	105228.312397543758	176
0	2119	105958.894066953273	175
0	2132	106596.112162538977	174
0	2141	106877.344333451149	175
0	2143	107097.1605247563	176
0	2145	107177.705909184877	177
0	2147	107198.807009559552	178
0	2153	107767.437798970552	177
0	2158	107961.661466220066	178
0	2164	108426.389749032749	179
0	2166	108556.272445044596	180
0	2172	108678.200891756626	179
0	2177	108683.305603527924	180
0	2183	108957.953552820893	179
0	2188	109007.307475919157	180
0	2190	109179.990856185345	181
0	2196	109431.687835547877	182
0	2206	109989.397882111212	183
0	2212	110269.693911612067	184
0	2214	110413.083774403842	183
0	2223	111423.433727113228	184
0	2225	111435.262245700441	185
0	2227	111715.992368416103	184
0	2232	111734.275338271718	185
0	2238	111959.45220724865	186
0	2252	112977.51001245639	185
0	2257	113020.687155403372	186
0	2259	113051.281767323465	187
0	2261	113271.099665808315	188
0	2263	113472.591213853151	189
0	2265	113602.09371502808	188
0	2270	113633.972311455041	189
0	2272	113995.606533293744	190
0	2274	113999.080733836803	189
0	2278	114012.488394047641	190
0	2280	114189.155386406203	191
0	2287	114618.766520082167	192
0	2293	115097.85163450143	193
0	2299	115395.347794846806	192
0	2312	115963.262767828461	193
0	2314	116034.811665483925	192
0	2323	116347.754373998054	193
0	2337	116826.324349332748	194
0	2339	117176.96613411716	193
0	2344	117236.542231509233	194
0	2350	117457.426352997507	195
0	2352	117500.732861061794	196
0	2354	117513.050124452625	195
0	2359	117661.969000709614	196
0	2361	117793.058137179528	195
0	2365	118168.104461696633	196
0	2367	118348.92515662655	197
0	2374	118525.185222156603	198
0	2376	118741.984057488905	199
0	2386	119454.255788953219	198
0	2403	120191.100675734155	199
0	2405	120382.680198134099	198
0	2414	121202.125421048318	197
0	2431	121905.381268531531	198
0	2433	121953.716547340312	199
0	2439	122410.815267851082	200
0	2445	122830.260008391864	201
0	2447	122874.010726914917	200
0	2452	123168.145136245768	201
0	2454	123169.233245153072	202
0	2456	123287.837267945172	203
0	2462	123889.634016708647	202
0	2467	124375.000407331097	203
0	2473	124947.21077312146	204
0	2475	125433.412945413207	203
0	2488	125835.811917741056	204
0	2490	126179.720806848612	205
0	2496	126254.529322696245	206
0	2498	126605.231907069494	207
0	2500	126704.032370031988	206
0	2509	127033.900222665883	207
0	2511	127744.772999827903	208
0	2517	128191.803862030251	209
0	2519	128248.398047381258	208
0	2524	128665.572449185967	209
0	2530	128869.349057258284	208
0	2543	129935.523001582539	207
0	2560	130880.690439039087	206
0	2565	131332.071451016879	205
0	2574	131680.070049421245	206
0	2576	131952.659819529569	205
0	2580	131997.184001983561	206
0	2582	132116.23773198718	207
0	2593	132639.905463786042	206
0	2606	133570.943023250699	207
0	2608	133648.366284885621	206
0	2621	134067.329543040311	205
0	2626	134371.894231059766	204
0	2630	134440.90813496707	205
0	2645	134941.085156568504	204
0	2654	135447.116101490236	205
0	2656	135457.076018239328	206
0	2658	135513.026547427041	207
0	2668	135778.797185158139	208
0	2670	135878.50819594524	207
0	2683	136563.476157595012	208
0	2689	136985.366755407435	209
0	2691	137202.460682847892	210
0	2697	137356.172815852977	209
0	2710	137966.787443417401	210
0	2716	138313.268778429545	209
0	2721	138777.114918793211	210
0	2723	138847.724365287639	209
0	2736	139393.652535126773	210
0	2738	139593.795752402833	211
0	2740	139657.394459598657	212
0	2742	139759.712267443549	213
0	2744	139832.589706846692	212
0	2761	140607.252728150405	211
0	2766	140830.884736026324	212
0	2768	141002.308700272887	213
0	2778	141674.308408455171	212
0	2783	141912.501531814193	213
0	2785	142098.350492746748	212
0	2789	142100.443113605992	213
0	2796	142259.092787540773	214
0	2798	142328.244520199907	215
0	2808	142665.676510513939	214
0	2813	143027.088238042403	215
0	2827	143501.240944930531	214
0	2832	143637.191662052618	215
0	2834	143736.157416811295	216
0	2844	144497.274195574246	217
0	2846	144651.795765197541	218
0	2848	144751.943149746575	217
0	2853	144835.185386514652	218
0	2863	144928.722481997754	219
0	2865	144982.481058020364	220
0	2867	145073.971889757731	219
0	2872	145230.039531837074	220
0	2874	145300.628258301879	221
0	2876	145369.760042555881	222
0	2882	145685.019690288915	223
0	2892	146435.211194002249	222
0	2897	146632.831428362853	223
0	2899	146957.666753176252	224
0	2901	147018.720554936203	225
0	2911	147851.453755864122	224
0	2916	148361.249146648641	225
0	2922	148716.197492919988	226
0	2928	149163.194542140546	227
0	2930	149191.79223637394	226
0	2935	149240.595439882106	227
0	2941	149456.952975728079	228
0	2943	149525.927508988598	227
0	2948	149626.404833029706	228
0	2954	149960.324251004523	229
0	2956	150226.509940692404	228
0	2965	151078.402968790494	229
0	2967	151156.890581437068	230
0	2981	151782.795066472272	231
0	2983	151867.324070961395	230
0	2992	152180.533826911675	231
0	2994	152185.294250836849	232
0	2996	152188.386954547086	231
0	3001	152936.715715483942	230
0	3010	153601.112925229888	231
0	3024	153885.299116105952	230
0	3029	153917.969449748557	231
0	3031	154056.792821869839	232
0	3033	154060.734264311022	233
0	3035	154103.455701097294	234
0	3045	154614.644203987029	235
0	3051	155008.817125776031	234
0	3056	155487.531939068058	233
0	3069	156394.136862897494	232
0	3074	156452.694853391991	233
0	3084	156557.835491719056	234
0	3086	156605.83379073686	235
0	3088	156659.975705681555	236
0	3090	156687.543536939838	235
0	3095	156794.866071677625	236
0	3097	156953.565714911738	235
0	3105	157216.159907619303	236
0	3107	157745.478047114495	237
0	3118	157903.623635844139	238
0	3124	158163.908277110377	237
0	3137	158618.99050609901	238
0	3147	159746.358607740322	237
0	3152	159946.861990851933	238
0	3154	160161.590614492445	239
0	3160	160471.988159915036	240
0	3162	160524.033561764191	241
0	3164	160896.21572372771	242
0	3166	160975.362450064341	241
0	3175	161222.907817171136	240
0	3180	161489.745419481977	241
0	3190	161788.887143856652	242
0	3192	161946.044074774901	241
0	3197	162165.954185973583	242
0	3207	162769.268420017089	243
0	3209	162845.709445283929	242
0	3214	162884.601713174611	243
0	3224	163474.244140498751	244
0	3226	163630.674151962954	245
0	3228	163694.492097080866	244
0	3233	163733.054395036089	245
0	3235	163811.15984221974	246
0	3241	163913.250247759178	247
0	3243	164016.753237757778	248
0	3249	164139.848380637623	249
0	3255	164674.928103276006	250
0	3265	164875.86468817675	251
0	3267	165048.105823894554	252
0	3269	165166.884953187028	251
0	3274	165205.15078993288	252
0	3276	165458.8541077014	251
0	3281	165873.087571044872	252
0	3287	166005.962642650072	253
0	3289	166481.675611583041	254
0	3291	166502.97442872631	255
0	3297	166803.743805394688	254
0	3310	166994.168436237556	255
0	3312	167074.026992465633	256
0	3314	167188.656275405083	257
0	3316	167244.008249457225	258
0	3318	167362.555052743473	257
0	3323	167488.726724633673	258
0	3325	167498.442704087933	259
0	3327	167571.978865071073	260
0	3333	167614.303515327037	261
0	3335	168018.435747995661	262
0	3337	168145.553995103755	261
0	3342	168406.873907010789	262
0	3344	168437.098552754124	263
0	3346	168503.348131134455	264
0	3352	168598.236212173089	265
0	3354	168682.015896835907	266
0	3360	169013.508158086202	267
0	3362	169396.583525612868	268
0	3368	169537.232208543637	267
0	3377	169843.853821127867	268
0	3379	170075.025814110662	269
0	3389	170574.826053747156	268
0	3394	170723.359040369203	269
0	3396	170761.577444486535	270
0	3402	171202.344070741798	271
0	3404	171436.397234426559	272
0	3406	171461.737209285942	273
0	3408	171510.306726570535	274
0	3410	171680.017124123906	275
0	3412	171704.599816383043	274
0	3433	173023.363511004889	275
0	3435	173057.481398911396	274
0	3440	173297.228184728341	275
0	3442	173354.361778069876	276
0	3444	173497.899833077044	277
0	3446	173879.532141120354	276
0	3451	173968.352867593427	277
0	3453	173985.858705976573	278
0	3459	174357.570029047252	279
0	3461	174614.98601447157	278
0	3474	174862.890580277358	279
0	3480	175466.398198263334	280
0	3486	176155.638813481847	279
0	3495	176627.247912202332	280
0	3497	176753.334963752546	281
0	3499	176769.883571795925	282
0	3501	176837.071710148076	281
0	3506	177243.391925780615	282
0	3508	177271.85433029065	283
0	3514	177471.424664133165	284
0	3516	177595.662736886362	283
0	3521	178020.098711824735	284
0	3531	178322.416406640033	283
0	3540	178583.616111422373	284
0	3542	178614.544855107437	285
0	3544	178742.989517453531	286
0	3546	178823.305447701829	287
0	3548	178839.256436259667	286
0	3553	178853.363387714543	287
0	3563	179188.940115452925	286
0	3572	179656.137549446936	287
0	3574	179965.406525330771	288
0	3576	180016.436247615216	289
0	3582	180097.428532503993	290
0	3584	180193.144423396508	289
0	3597	180542.856309705595	288
0	3602	180556.362686086194	289
0	3604	180715.376978825398	290
0	3614	181159.487658509234	289
0	3618	181545.291586937874	290
0	3625	181875.498262750646	291
0	3635	182533.562301167468	290
0	3652	183404.818938302209	291
0	3658	183961.742268800422	292
0	3660	184037.426747736031	293
0	3666	184185.854932175199	292
0	3671	184310.353627352584	293
0	3673	184486.318411778766	294
0	3675	184544.796211548458	295
0	3677	184653.807719330037	296
0	3679	184942.141282122982	297
0	3681	185156.914907754663	298
0	3683	185244.803084090261	299
0	3685	185266.958679848532	298
0	3690	185530.344152517798	299
0	3696	185992.379548589854	300
0	3698	186062.310006697795	301
0	3700	186171.323385476087	302
0	3706	186600.200987489144	301
0	3715	186868.677130223433	300
0	3720	186884.216727480619	301
0	3722	187323.1636312762	302
0	3724	187508.998341652956	303
0	3726	187592.045369737963	302
0	3734	187886.045133983113	303
0	3745	188340.385848849219	304
0	3747	188457.691106977925	305
0	3749	188651.07469083017	306
0	3751	188652.443010866379	307
0	3753	188687.011836966101	308
0	3755	188924.640954205017	307
0	3772	189540.910308056693	306
0	3777	189664.997215559076	307
0	3779	190106.873220356989	308
0	3781	190118.841810715716	309
0	3791	190524.94215383492	308
0	3796	190664.795380435686	309
0	3802	190734.927148714134	310
0	3808	191169.847093158066	311
0	3810	191374.600073800604	310
0	3819	191497.55635321526	311
0	3821	191520.536900497257	312
0	3823	191521.659277579187	313
0	3829	191960.998891017843	314
0	3831	192120.647894816524	315
0	3833	192193.287007727842	314
0	3850	192936.904058619323	315
0	3852	193026.481242971459	316
0	3858	193185.155402500589	317
0	3860	193474.748618894439	316
0	3869	194051.949879436928	317
0	3871	194128.889983029321	318
0	3873	194250.523010479586	319
0	3879	194331.443415269057	320
0	3881	194378.345721396503	321
0	3883	194501.715487769936	322
0	3889	194859.326744709263	323
0	3891	194986.309672326963	322
0	3900	195693.069161989908	321
0	3905	195937.466769056621	322
0	3907	195963.47721544102	323
0	3913	196597.454530869633	324
0	3915	196601.564700857918	323
0	3924	196797.518267818789	324
0	3926	197202.101651269874	325
0	3932	197311.469863932465	326
0	3934	197446.791039704598	327
0	3940	197673.48129830759	328
0	3942	197703.520566367726	327
0	3947	197809.559295355191	328
0	3949	198250.712827697506	329
0	3955	198526.703143113475	328
0	3964	199006.174951913812	329
0	3966	199230.005149560263	330
0	3968	199411.375305199247	329
0	3973	199449.814957072957	330
0	3983	199800.126768865805	329
0	3992	200528.506997533778	330
0	3998	200591.457429121347	331
0	4000	200663.620144532245	330
0	4017	201326.163284443856	331
0	4019	201499.440053980585	332
0	4021	202007.775545598191	331
0	4026	202165.753866884353	332
0	4032	202564.750253674431	333
0	4038	202942.211815149707	332
0	4047	203167.953836316234	333
0	4049	203245.803703878556	334
0	4051	203295.323436034172	335
0	4057	203973.374823143834	336
0	4059	204077.728018157151	337
0	4065	204504.188075245542	336
0	4074	205263.33795978559	337
0	4076	205560.857227699084	336
0	4085	206333.518837660341	337
0	4095	206988.727099534607	338
0	4097	207034.827953272683	337
0	4106	207336.427127768638	338
0	4108	207359.664502651756	339
0	4110	207499.632152672947	340
0	4112	207707.801191454267	341
0	4118	208699.477637888116	340
0	4123	208759.576212316402	341
0	4125	208952.349949882549	340
0	4138	209314.980171540004	339
0	4143	209382.40549407972	340
0	4149	210089.055373679862	341
0	4155	210400.92938344292	340
0	4160	210432.299063182656	341
0	4170	211084.125299289219	342
0	4180	211407.61224932335	341
0	4189	211898.832538339157	342
0	4191	211999.969054342431	341
0	4196	212094.052794735129	342
0	4198	212119.431058282517	343
0	4200	212302.124679586637	344
0	4202	212478.069565437653	345
0	4204	212731.760727456799	346
0	4210	213008.492343434754	347
0	4212	213116.616265432161	346
0	4229	213812.732573674893	347
0	4231	214109.787532445963	348
0	4233	214165.894768014487	349
0	4235	214217.751927989372	350
0	4237	214222.861239536894	351
0	4239	214667.03081399473	352
0	4245	214746.200312108916	351
0	4254	215120.123168057203	352
0	4256	215125.200080273947	353
0	4262	215379.867045640032	354
0	4268	215799.077893228453	353
0	4273	215944.835630445687	354
0	4279	216486.418048791467	355
0	4281	216674.226164148615	356
0	4283	216730.632572996802	357
0	4289	217040.978369818252	356
0	4294	217106.282742191002	357
0	4296	217246.086037989444	358
0	4298	217380.174187880675	359
0	4300	217448.384326917103	360
0	4302	217539.88216131292	359
0	4315	218368.319757499916	358
0	4320	218563.035081954363	359
0	4326	219194.287433468921	358
0	4339	219894.247806459996	359
0	4341	219895.547268794103	358
0	4354	220258.367205193307	359
0	4356	220367.845890733427	360
0	4362	220715.784844255641	361
0	4364	220820.327593589602	362
0	4366	220891.363192678614	361
0	4375	221001.834698783767	362
0	4377	221004.003931920093	363
0	4379	221163.270034033899	364
0	4385	221505.699132250037	365
0	4387	221517.108816362827	366
0	4389	221947.39544241326	367
0	4391	221970.710030138467	368
0	4393	222083.340822260378	369
0	4395	222190.578906226332	370
0	4397	222273.075367503984	369
0	4410	222785.194127093105	370
0	4416	223365.395518497748	369
0	4421	223495.68716522673	370
0	4423	223639.204763114464	371
0	4425	223709.744958200676	370
0	4434	224428.581318495283	371
0	4440	224745.495356679034	372
0	4450	225116.965416514499	371
0	4459	225568.021469684142	372
0	4461	225685.778733502548	373
0	4463	225900.889791912629	374
0	4465	226164.055907719953	373
0	4470	226238.791558528412	374
0	4472	226416.781543609223	375
0	4474	226510.034957574525	376
0	4476	226527.318580758569	377
0	4478	226532.309321372026	378
0	4480	226638.625295862845	379
0	4486	226832.699396227163	380
0	4496	227751.699341007693	379
0	4501	227836.531925792913	380
0	4507	228351.247919580329	381
0	4509	228771.56249582134	380
0	4518	229205.49929395979	381
0	4520	229503.974578523262	380
0	4525	229505.057074862138	381
0	4531	229937.657392209755	382
0	4541	230357.542429645499	383
0	4543	230369.608277292131	384
0	4549	230776.124551401659	383
0	4554	230793.985426926909	384
0	4560	230992.984495416185	385
0	4562	231160.417295296443	386
0	4564	231224.548480185331	387
0	4566	231343.433010758086	386
0	4571	231382.58216364025	387
0	4573	231479.583624060587	388
0	4575	231839.120141964257	389
0	4577	231900.522890607418	390
0	4587	232342.84185929403	391
0	4593	232502.264770412072	390
0	4598	232594.29276637923	391
0	4604	232887.348882405881	392
0	4606	232980.775693238899	391
0	4615	233486.059960306114	392
0	4621	233961.187756800279	391
0	4626	234023.619298416683	392
0	4636	235052.05014027727	393
0	4642	235299.636610827494	394
0	4644	235363.051884097865	395
0	4646	235615.626256273314	394
0	4651	235753.719827143958	395
0	4657	235863.033615976243	396
0	4659	236348.740776994452	395
0	4664	236533.095429777255	396
0	4666	236935.772860214932	397
0	4672	237136.019269190603	398
0	4674	237388.006527566537	397
0	4679	237472.253875969411	398
0	4681	237639.494687275216	397
0	4694	237920.461920437608	398
0	4704	238613.337835886702	397
0	4709	238627.366115665862	398
0	4723	239087.211791895745	399
0	4725	239091.076623563758	400
0	4731	240025.115146034584	399
0	4736	240642.846130191623	400
0	4742	241015.762483815851	401
0	4744	241075.000575452813	402
0	4750	241304.23971409881	403
0	4752	241582.996892838332	404
0	4754	241630.665957884119	403
0	4759	241883.212593196499	404
0	4765	242678.975759850071	403
0	4774	242802.097755871954	404
0	4780	243484.988698635666	405
0	4782	243856.272615821288	404
0	4791	243985.672598454049	405
0	4797	244804.346131191776	404
0	4802	244916.751656600349	405
0	4808	245137.571703114734	404
0	4817	245453.88384837024	403
0	4834	246626.677065013374	404
0	4844	246978.501448399364	405
0	4846	247060.208960318194	404
0	4855	247710.067345083879	403
0	4860	247835.628454308692	404
0	4862	247927.391393165749	405
0	4864	248324.829690134347	406
0	4870	248355.413933120666	407
0	4872	248389.75683666436	408
0	4874	248464.814751409432	409
0	4876	248466.20119174148	410
0	4882	248907.008905069159	409
0	4887	248960.97974610918	410
0	4893	249532.017316752265	411
0	4899	249637.155089446531	410
0	4904	249772.942705384107	411
0	4906	249783.348358686408	412
0	4908	249816.331533439729	413
0	4914	250188.383081307253	414
0	4920	250343.82871914978	415
0	4922	250437.548553105494	416
0	4924	250440.919145183386	417
0	4926	250634.119088308142	416
0	4931	250645.743007414455	417
0	4933	250703.758714508976	418
0	4939	250932.171624694606	419
0	4953	252273.948431790994	418
0	4958	252331.318428440302	419
0	4960	252621.002107927987	420
0	4962	253534.552313261165	421
0	4968	253629.09901998304	420
0	4977	254326.338741362271	421
0	4979	254380.231128216909	420
0	4988	254532.633466955897	421
0	5002	255816.249927324877	422
0	5004	255840.383169386856	423
0	5006	255932.098829516398	422
0	5011	256010.370544547352	423
0	5013	257057.672450439707	424
0	5015	257079.321069726514	425
0	5017	257391.076936752724	424
0	5022	257602.202113487461	425
0	5028	257613.574820018994	426
0	5030	257918.389736799814	427
0	5032	257919.217547831859	428
0	5034	257990.865632955337	429
0	5036	258095.812379212093	430
0	5038	258375.134098225462	429
0	5047	258454.677686224033	430
0	5053	259090.720893659818	429
0	5058	259202.99609963909	430
0	5064	259646.725279425044	431
0	5066	259981.365085647631	430
0	5075	260187.692865066096	431
0	5077	260458.37946345509	432
0	5079	260533.021487475562	431
0	5083	260549.464561154274	432
0	5094	260714.293382501968	433
0	5096	260936.615704816227	434
0	5098	260990.151027583706	433
0	5107	261332.822463915872	432
0	5115	261403.857686504567	433
0	5126	262185.611730288108	434
0	5132	262219.207982563602	433
0	5141	262375.005201457169	434
0	5147	262846.412500062214	433
0	5151	262872.838669572891	434
0	5153	262882.231397003822	435
0	5168	263699.472450198182	436
0	5182	264329.587627531217	435
0	5187	264916.066539132556	436
0	5193	265165.550834939657	437
0	5199	265538.766751730071	436
0	5204	265705.919507669573	437
0	5206	265737.192277671845	438
0	5208	265985.560823188351	437
0	5213	266366.793065170856	438
0	5219	266800.435620614515	437
0	5224	266940.763875254439	438
0	5230	267316.448686638103	437
0	5235	267466.384756932451	438
0	5237	267554.39899725731	439
0	5251	267974.477805935965	438
0	5256	267975.787264686319	439
0	5266	268602.41025149189	438
0	5271	268944.53275195621	437
0	5280	269015.121224770308	438
0	5286	269166.104461837341	439
0	5292	269360.379292434612	440
0	5294	269404.282493435964	439
0	5303	269875.402260530401	440
0	5309	270136.458699716539	441
0	5311	270224.108360366151	440
0	5316	270260.439470088866	441
0	5326	270907.972394534792	442
0	5336	271894.6914329689	441
0	5349	272191.900764250383	440
0	5354	273111.205087925124	441
0	5356	273114.469824315235	440
0	5365	273265.826106700034	441
0	5371	273507.923189312173	442
0	5377	273787.199049056896	443
0	5383	274591.050657437369	442
0	5388	274599.459019979777	443
0	5402	275353.965234855083	444
0	5404	275469.14477950842	445
0	5406	275474.205132120475	444
0	5411	275650.920362822941	445
0	5417	275936.439805553442	446
0	5419	276025.94528653797	447
0	5421	276187.045532272383	446
0	5426	276272.291326262126	447
0	5428	276327.75874806506	448
1	0	0	0
1	268	17208.946549439034	1
1	274	17462.459936349815	0
1	281	17476.834969551465	1
1	283	17537.311121889552	0
1	379	22326.327185736201	1
1	385	22757.942250196985	0
1	575	32569.03718988707	1
1	581	32922.860804324203	0
1	609	33823.000009239816	1
1	611	34268.210408299395	0
1	635	35467.621610195541	1
1	639	35875.413510355332	0
1	807	42534.271773354317	1
1	819	43018.973927826787	0
1	901	46982.44002471974	1
1	909	47249.189750545825	2
1	911	47251.936886676753	1
1	920	47590.021639087404	2
1	926	47894.795068766156	1
1	931	47936.757119710723	0
1	948	48703.13606071582	1
1	950	48879.508517499248	0
1	972	49703.959608034398	1
1	978	49890.060987382362	0
1	1418	71967.197206535545	1
1	1424	72470.441727995109	0
1	1494	75390.208906040696	1
1	1498	75508.294651352969	0
1	1505	75817.689299986867	1
1	1507	75847.971776326356	0
1	1522	76299.365650222806	1
1	1534	76714.670326833782	0
1	1543	76933.782118142752	1
1	1549	77499.678024140356	0
1	1758	87805.391127013772	1
1	1766	88152.472829663365	0
1	1773	88272.305791744202	1
1	1777	88534.646324583499	0
1	1788	88659.138644480317	1
1	1790	89004.832258478909	0
1	1797	89212.337519669145	1
1	1811	89691.771897052585	0
1	2067	103357.736865722747	1
1	2077	103785.662146502347	0
1	2276	113999.080733836803	1
1	2282	114327.469413004058	0
1	2363	117793.058137179528	1
1	2369	118407.64270549937	0
1	2578	131952.659819529569	1
1	2584	132396.303617947912	0
1	2610	133648.366284885621	1
1	2612	133781.672591597951	0
1	2628	134371.894231059766	1
1	2640	134777.553765832624	0
1	2647	134941.085156568504	1
1	2649	135220.605656405157	0
1	2787	142098.350492746748	1
1	2791	142119.129075587906	0
1	3003	152936.715715483942	1
1	3005	152982.356995058426	0
1	3099	156953.565714911738	1
1	3109	157809.419639514008	0
1	3565	179188.940115452925	1
1	3567	179425.513290318842	0
1	3586	180193.144423396508	1
1	3588	180416.257918284456	0
1	3616	181159.487658509234	1
1	3620	181797.813425057749	0
1	3728	187592.045369737963	1
1	3736	188072.293241110812	0
1	4683	237639.494687275216	1
1	4689	237813.099599530176	0
1	4819	245453.88384837024	1
1	4821	245859.932051797585	0
1	5068	259981.365085647631	1
1	5070	260034.531672255325	0
1	5081	260533.021487475562	1
1	5085	260582.056313486028	0
1	5100	260990.151027583706	1
1	5102	261168.962202615294	0
1	5109	261332.822463915872	1
1	5117	261581.00823298395	0
1	5134	262219.207982563602	1
1	5136	262284.136238147694	0
1	5149	262846.412500062214	1
1	5155	262939.62504005358	0
1	5273	268944.53275195621	1
1	5275	268986.045809186251	0
1	5296	269404.282493435964	1
1	5298	269833.702116006241	0
1	5358	273114.469824315235	1
1	5360	273115.79907832034	0
2	0	0	0
3	32	3385.171101003844	3190.9130034596
3	48	4076.718068712267	1768.2790212147
3	52	4707.644914810422	2399.1646877687
3	63	5489.408778709236	3051.3239624394
3	108	7589.652585017657	1975.6701052332
3	123	8755.633779003446	2873.9950105748
3	178	12297.069331466382	5382.5345654957
3	201	13296.088175851082	6161.5850539175
3	217	14312.485801114862	6975.1783958982
3	230	15139.16081239765	7747.3951568192
3	257	16294.47429258672	7895.0763369462
3	292	17854.832176326936	9002.3104246633
3	300	17992.540801719924	9104.9574839714
3	312	18769.74608409514	9194.9835315821
3	353	21123.587780737481	10796.203135959
3	383	22509.700383956708	11513.253601062
3	398	23096.924036120228	11985.674135772
3	406	23788.753397635347	12610.498393262
3	455	26018.491039167322	14060.485537788
3	461	26221.851120975964	14067.055690445
3	483	27459.967193178066	15114.131410065
3	507	28570.107530963772	15721.228111023
3	518	29007.667590168469	16582.600542958
3	541	30735.589698695743	17750.238067969
3	567	32040.449935210103	18999.913470914
3	601	33755.368639978745	20297.246983087
3	622	34646.418783071616	20669.86179023
3	631	35268.362094502129	21791.078941509
3	652	36256.87224566301	20570.855424222
3	673	36779.991179707625	21184.402346258
3	686	36959.539194100702	21234.299863947
3	719	38162.279596238562	22409.610194584
3	738	38892.125569678076	22925.610998069
3	742	39084.216271604576	23081.299764067
3	763	40292.310897897163	24164.260675815
3	799	42417.75836182123	25448.435731768
3	830	43668.006260947491	26430.837074373
3	877	45419.220526687036	27498.208551254
3	888	46094.159687872211	28153.405638698
3	905	47202.553873083721	28961.376920074
3	924	47842.105363358909	29258.295485271
3	944	48559.67216104565	28846.969091913
3	966	49485.836409314702	28154.581908361
3	976	49745.837338709438	28936.667864129
3	987	50177.822066920976	28454.155635021
3	1042	52255.870449750852	29222.799707936
3	1046	52455.294305508193	28620.545724746
3	1101	55649.987806466576	31221.699619424
3	1150	58202.402707704511	32942.413979785
3	1171	59124.028234279882	33442.17596663
3	1199	60238.673422069457	33537.751075633
3	1208	60628.893297075462	34446.615385411
3	1234	61842.494320164603	34940.412713126
3	1263	63774.589966799301	36105.165324327
3	1289	64984.777081043627	37039.582030224
3	1293	65256.989285287615	37267.917205694
3	1312	65923.513021974992	37377.796228182
3	1327	67089.658931338395	38520.105912731
3	1348	68696.679751726966	39911.962921094
3	1378	69892.611382988449	40796.972044977
3	1405	71291.71456241345	41580.514634009
3	1442	72940.017089474184	42386.475132882
3	1448	73212.648564952594	42660.141411097
3	1462	73947.579317775723	42860.640922903
3	1471	74235.638662533072	43088.950443597
3	1516	76058.072690640745	44769.010788196
3	1547	76977.678804596124	44933.037580084
3	1572	78216.836290800182	45651.477557856
3	1625	80781.368472029625	47745.937307907
3	1650	81960.688201341016	48502.588070542
3	1665	82871.363431637344	46776.290784864
3	1686	84210.005377059041	47667.400167028
3	1730	86736.52784020005	50005.00172025
3	1762	88054.634144728241	51282.219994574
3	1784	88622.313959946095	51839.562466578
3	1803	89343.715260320513	52459.212328829
3	1835	90721.124207715675	53329.332439949
3	1863	91473.443473310381	53938.131403704
3	1867	91597.999068920671	54158.475960204
3	1882	92083.372874961406	54430.20726971
3	1905	93557.414267103359	55869.680555433
3	1911	94115.043085993439	56110.038495882
3	1930	94995.760821898639	56686.871195584
3	1950	95981.938832777724	57376.652312292
3	1971	96870.765023159966	58258.702099259
3	1982	97459.36857572122	58243.722533592
3	2000	98393.931662350134	58409.179607731
3	2004	98604.544497153893	58796.478757383
3	2024	100199.276969948024	60014.108523741
3	2039	101709.361800079406	61029.248543815
3	2063	103084.412844100208	62111.809690147
3	2092	104605.431950737895	63431.48617545
3	2098	104848.957564787181	63622.196357867
3	2117	105907.450852667154	64518.953438907
3	2130	106549.31915870233	65138.57811933
3	2151	107729.661777422936	66258.997193247
3	2194	109188.44003089069	67654.798488716
3	2210	110106.191027921798	67679.090733989
3	2221	110627.491708428772	68187.192590857
3	2250	112858.447942811238	70118.278543668
3	2297	115119.141606449323	72328.93318308
3	2310	115569.948784283536	72752.849860535
3	2348	117321.510554340843	73084.359949278
3	2384	119249.692309594889	74934.260907051
3	2393	119712.508477227007	74391.897212028
3	2401	120116.440991482873	74120.398077143
3	2421	121670.236393858855	74232.770101705
3	2437	122109.099464587112	72455.147653255
3	2471	124387.593445911248	74335.358962313
3	2507	127033.834621406336	76103.762870183
3	2528	128680.127959114677	77247.000203699
3	2550	130195.304425361743	78726.118884011
3	2554	130439.310250881306	78914.45996156
3	2572	131534.184005002668	79931.944552463
3	2600	132828.283483230686	80263.463012622
3	2604	133447.369273140272	80531.086119146
3	2634	134619.476419978952	81678.627880913
3	2662	135533.706403228632	81848.391831329
3	2677	135928.644239411867	81385.101488408
3	2681	136182.283770081765	81220.515208004
3	2695	137215.2091597516	81908.149568164
3	2730	138924.741694641478	82816.550524041
3	2751	139866.041671934716	83675.935704061
3	2772	141231.948873059072	84151.828159423
3	2776	141411.339941595861	83961.855155284
3	2825	143431.949712217964	85343.355907833
3	2861	144927.92838758155	86543.450439587
3	2905	147192.171622480445	88461.451579995
3	2939	149402.085833934316	90264.319524722
3	2963	150226.645749987283	91040.260720723
3	2979	151538.846048361802	92323.022316914
3	2990	151971.048814769084	92702.98286057
3	3018	153748.022664406517	94054.61276294
3	3039	154199.124529923492	94501.108729533
3	3043	154377.767566519969	94671.918221678
3	3063	155582.730961947882	95655.357625493
3	3082	156463.875310824433	95365.651761521
3	3103	157027.31420649513	95859.314392487
3	3122	158088.92312953546	96735.548124537
3	3131	158335.114998792478	97127.022414129
3	3141	158799.25699508115	96848.98247163
3	3158	160381.210811578849	97417.462931675
3	3188	161749.046408918867	98685.795192221
3	3201	162526.292238080124	98792.498407703
3	3218	163169.719132970268	98587.039349091
3	3239	163908.286961804326	99172.575075417
3	3259	164734.431446728478	99421.826718802
3	3263	164734.717757090175	99093.048199009
3	3304	166902.242189332092	100025.65328081
3	3308	166940.739951779315	101163.59861031
3	3350	168503.847725105652	101034.36227382
3	3375	169655.693646989011	101382.00893306
3	3383	170103.575101236993	101519.42218488
3	3427	172705.29283235147	103486.41909541
3	3431	172863.093683219696	103626.4597253
3	3472	174702.601993422205	105446.01798382
3	3484	175558.005337112764	106295.66121783
3	3493	176221.805421638483	106763.2392836
3	3529	178306.843141208584	108664.73043296
3	3557	178982.474575678999	108437.33720135
3	3561	179097.69061427861	107997.23967946
3	3580	180021.277000683541	108889.92524814
3	3612	181158.374530005451	109498.40743877
3	3642	182602.311296773325	110465.21988539
3	3650	182880.480045101786	110310.09756094
3	3664	184041.724916038284	110972.24512024
3	3704	186412.5112644799	112782.22565536
3	3732	187639.926288978378	113290.13320801
3	3762	189023.168083236735	114297.02121599
3	3766	189146.46009180061	114580.87320549
3	3785	190314.959817075352	115415.49703432
3	3806	190961.08050502203	116053.17883831
3	3817	191490.319039861853	116397.63130086
3	3867	193509.257620399068	117655.87238999
3	3887	194607.323684285578	118346.20765025
3	3911	196198.912000035118	119858.10726328
3	3930	197265.042673119526	120723.95269092
3	3953	198466.454697105284	121773.94929083
3	3990	199947.777622345086	122402.59809606
3	4011	201217.782672879468	123296.77565667
3	4015	201323.487414385375	123515.87898708
3	4055	203599.796083460745	125568.10978603
3	4072	204846.023417825995	126686.55064007
3	4132	209096.727266919983	129460.84672349
3	4147	209867.634000930188	129968.26507072
3	4168	210775.245621980351	130639.70728795
3	4178	211390.509793165324	131279.94985434
3	4187	211622.079552787539	131260.88735658
3	4219	213309.328165569526	132584.03192647
3	4252	215081.407713706788	133797.10574578
3	4266	215745.630559970808	134363.37779292
3	4287	216917.866435212266	134072.63071187
3	4313	218210.003074978661	134944.97945822
3	4333	219440.464705865083	135872.03489867
3	4352	220074.487774440271	136431.36159052
3	4360	220395.384794411433	136689.0748206
3	4383	221452.361300273984	136902.87725521
3	4408	222583.226113871856	137941.96229937
3	4432	223783.290744408218	138466.14024757
3	4448	224926.715365800259	138609.55647427
3	4457	225528.460485221071	139318.30024047
3	4490	227264.020860756932	140858.02325799
3	4529	229537.933537441491	142880.355508
3	4547	230711.571520150824	143741.20856697
3	4558	230984.389477971195	144249.63269283
3	4591	232459.392235989868	145485.80633404
3	4630	234100.474888098613	146686.73923646
3	4634	234156.040305069834	146844.92754317
3	4655	235800.076703758165	147699.34282079
3	4687	237708.821596357226	149273.60058737
3	4702	238190.287985366956	148958.75162965
3	4721	239063.623390144856	149039.178402
3	4763	241982.260870256648	151192.80000538
3	4778	243022.570945614205	151679.25185054
3	4795	244462.500997514651	153088.8577157
3	4838	246641.289768566565	153166.88632629
3	4880	248867.544654564188	154996.41037412
3	4943	251448.729251030089	156688.58338659
3	4951	252149.536157057808	157072.46691792
3	4975	254286.815708198773	157952.57397688
3	4992	254747.1348487895	158011.21872921
3	5000	255774.003184375542	158464.77801823
3	5062	259398.822395655516	161533.04783486
3	5113	261354.135643144328	162120.56100775
3	5124	261650.269120133671	161092.417347
3	5145	262575.984902636337	160188.29215797
3	5166	263467.044691930715	160858.75557901
3	5172	263809.266502217579	160415.06235574
3	5180	264172.826998450983	160767.50916715
3	5197	265330.944832016901	161789.87414422
3	5249	267681.673266387733	163976.23978633
3	5260	268124.20895541385	163717.07066381
3	5290	269237.980446390064	164332.86630378
3	5320	270304.841062457488	165189.76599655
3	5324	270686.262034413592	165457.94963687
3	5347	272001.104619887845	165123.76028644
3	5375	273602.179664422945	166403.37265486
3	5381	274113.049286765233	166935.34337758
3	5396	275044.159949452804	167082.49848323
3	5415	275723.639106213301	167297.24935718
4	104	7585.07179784884	2645.3058381379
4	148	10774.306494931851	4134.9766998436
4	325	19459.001280891871	10147.084702227
4	357	21320.10320075152	10960.72192568
4	434	24849.799673746504	13649.559246834
4	605	33761.679468725973	20296.913083755
4	834	43672.630094218235	26404.023031864
4	862	44784.208480318243	27106.712726359
4	940	48462.598447150716	27671.876922329
4	1008	50941.611499966289	27962.534199815
4	1012	50951.552656845356	28186.377036533
4	1074	53696.578412729484	29583.510209208
4	1084	54732.021535004657	30457.579949122
4	1120	56220.997636479493	31427.072046459
4	1257	63241.537901324388	35323.939175895
4	1401	71280.962104586121	42087.931029335
4	1528	76391.145601117221	44790.952509679
4	1581	78805.43830639979	45888.55189789
4	1593	79244.490775059147	46321.863182807
4	1641	81533.484224903567	45943.102990513
4	1703	85231.316700943915	48681.48254671
4	1807	89388.982735064983	52381.832819071
4	1824	90035.844685168176	52933.780375142
4	2181	108821.293422629298	67304.058811138
4	2242	112389.264667288574	69653.644038942
4	2321	116251.467685506853	73308.855000031
4	2335	116754.856639311823	72581.167578293
4	2443	122621.729928984483	74578.97975914
4	2486	125747.014414196079	75174.598729716
4	2638	134684.80545201636	81265.778124961
4	2708	137916.373744526125	82101.007635111
4	2806	142467.961422980942	84778.89164634
4	2817	143045.896998134621	85291.06835202
4	2857	144879.531443149962	86782.154782784
4	2890	146300.366361973055	87750.481967811
4	2920	148413.192118949437	89344.224269752
4	3400	170765.695781105378	102105.12273725
4	3608	181021.961540368567	109556.47541346
4	3646	182738.991820973525	110722.96086519
4	3844	192754.816071282323	117389.04023054
4	3848	192891.652375918995	117388.42035192
4	3981	199785.333958028997	123003.44416567
4	4045	202982.445956872028	125055.46301927
4	4089	206434.189397732911	127579.80215631
4	4104	207080.852539737893	127920.5466083
4	4227	213735.143282053244	132984.41408412
4	4505	227988.086150403319	141539.77566615
4	4602	232687.484063974767	145629.8599704
4	4717	239005.095390782877	149362.86727719
4	4740	240845.102905568854	150319.38513683
4	4815	245367.137217226625	153323.00890164
4	4832	246249.097431053594	153127.89966189
4	4853	247191.059570371361	153699.20536049
4	4912	249860.620023508745	155551.81021377
4	4918	250209.928183213996	155462.44817954
4	5045	258433.618837327884	160780.52155618
4	5092	260616.889106177914	162622.5838265
4	5130	262200.893744717542	159865.58840881
4	5241	267575.158712084593	163403.47751599
4	5284	269032.932611967625	164203.07268158
4	5343	271957.551415947452	164860.39089119
4	5436	277181.673649114743	168625.40120407

