version 2
run Iteration-33-20200521-09:52:41-50756
attr configname Iteration
attr datetime 20200521-09:52:41
attr experiment Iteration
attr inifile omnetpp.ini
attr iterationvars "$i=3, $j=9, $0=15-(3+9)"
attr iterationvarsf i=3,j=9,15-(3+9)-
attr measurement "$i=3, $j=9, $0=15-(3+9)"
attr network Network
attr processid 50756
attr repetition 0
attr replication #0
attr resultdir results
attr runnumber 33
attr seedset 33
itervar i 3
itervar j 9
param **.resourcePool.amount 3
param **.resourcePool1.amount 9
param **.resourcePool2.amount 15-(3+9)
param **.source.interArrivalTime exponential(6min)
param **.delay.delay uniform(4min,28min)
param **.delay1.delay uniform(10min,28min)
param **.delay2.delay uniform(4min,16min)
param **.allocate.resourceModuleName "\"Network.resourcePool\""
param **.allocate1.resourceModuleName "\"Network.resourcePool1\""
param **.allocate2.resourceModuleName "\"Network.resourcePool2\""
param **.deallocate.resourceModuleName "\"Network.resourcePool\""
param **.deallocate1.resourceModuleName "\"Network.resourcePool1\""
param **.deallocate2.resourceModuleName "\"Network.resourcePool2\""
param **.router.randomGateIndex "uniform(0, 1) > 0.2 ? 0 : 1"

vector 0 Network.allocate queueLength:vector ETV
attr interpolationmode sample-hold
attr title "queue length, vector"
vector 1 Network.allocate1 queueLength:vector ETV
attr interpolationmode sample-hold
attr title "queue length, vector"
vector 2 Network.allocate2 queueLength:vector ETV
attr interpolationmode sample-hold
attr title "queue length, vector"
vector 3 Network.sinkStat lifeTime:vector ETV
attr interpolationmode none
attr title "lifetime of arrived jobs, vector"
attr unit s
vector 4 Network.sink lifeTime:vector ETV
attr interpolationmode none
attr title "lifetime of arrived jobs, vector"
attr unit s
0	0	0	0
0	59	3359.243934987715	1
0	61	3389.088232194447	2
0	63	3396.398010473521	1
0	68	3613.138750034614	2
0	70	3677.467275226616	3
0	84	4142.424705844195	2
0	89	4170.487988006173	3
0	91	4240.937087430869	4
0	93	4356.321364901573	3
0	98	4425.410316852026	4
0	100	4523.739347379477	3
0	109	4805.963141974451	2
0	118	5065.081508363937	3
0	120	5119.799333884925	2
0	125	5120.404295575442	3
0	131	5344.838715922477	2
0	136	5416.667053812227	3
0	142	5462.779975841147	4
0	152	5757.526464965584	3
0	157	5801.802004273803	2
0	170	5967.116764969737	1
0	179	6346.10523879038	2
0	185	6613.514310216247	3
0	187	6629.957708505545	4
0	189	6659.595838920865	5
0	199	6893.618551190729	6
0	205	6958.877717759438	7
0	207	6966.790304220826	6
0	216	7038.643055539968	5
0	221	7084.839873540238	6
0	231	7234.869693656583	7
0	233	7263.317470313029	8
0	235	7274.917149075067	9
0	245	7439.019200388164	8
0	250	7441.351179830422	9
0	252	7800.73235405648	8
0	269	7975.503436659003	9
0	271	8028.399924421119	10
0	281	8505.607371218116	9
0	294	8725.355452802422	8
0	299	8732.489543776781	7
0	308	8979.706538319201	6
0	313	9058.161379430265	5
0	322	9410.426349751265	4
0	335	9685.537823234143	3
0	340	9725.349837765275	4
0	350	9905.248957749889	5
0	360	10266.585748903067	4
0	373	10377.100346829564	3
0	378	10531.601458787532	2
0	387	10771.356100290047	3
0	397	10980.525654200854	2
0	402	11004.254210479171	1
0	407	11024.638620581273	2
0	437	11858.266522805603	3
0	439	11903.381090085775	2
0	448	12000.443821731416	3
0	454	12205.67807605281	4
0	456	12327.500498835387	3
0	469	12445.217987745614	2
0	474	12462.626882767431	3
0	476	12535.670484671806	4
0	490	13135.252556782605	3
0	495	13332.141962643534	2
0	500	13358.148205801398	3
0	506	13498.214037008197	2
0	515	13660.240859639141	3
0	517	13750.762737672878	4
0	523	13787.049362603964	3
0	544	14178.185389037997	2
0	549	14273.275998626293	1
0	570	15049.247415725824	2
0	580	15131.603516339869	1
0	588	15199.831911247993	2
0	590	15358.958903882474	1
0	608	15669.03813596661	2
0	610	15901.250618305446	1
0	623	16221.432696265821	2
0	625	16431.632800141029	3
0	627	16558.585994127959	2
0	632	16625.610563195855	1
0	641	16833.735637152504	2
0	647	16909.722470379979	1
0	652	17397.692514490725	0
0	657	17424.340059104397	1
0	659	17487.092126972693	2
0	661	17534.236334263892	1
0	674	17749.469327606863	2
0	692	18096.334269401075	1
0	700	18214.029222611159	0
0	708	18378.842898921092	1
0	720	18680.768365072566	2
0	726	18937.707552345914	3
0	728	18949.383636861653	2
0	737	19297.544389684142	1
0	750	19445.034375003302	2
0	752	19491.89228368493	3
0	758	19648.169607665211	2
0	763	19867.963966194685	3
0	769	19901.514915215052	4
0	771	19990.044789226929	5
0	773	20037.391156403806	6
0	775	20080.201297811777	5
0	784	20231.048622757427	6
0	790	20373.564076084263	7
0	792	20548.366919402422	6
0	801	20599.896285679013	5
0	814	21078.24394295031	4
0	819	21229.832769759634	5
0	825	21360.858744158954	4
0	830	21374.778118036033	5
0	832	21413.929227609577	4
0	849	21814.844575594932	3
0	854	21839.462817997982	4
0	864	22132.926578381792	5
0	873	22206.86071897083	6
0	875	22217.614508165583	7
0	877	22274.038261542485	8
0	879	22289.092358760149	7
0	895	22662.227685261339	6
0	900	22688.986051883938	5
0	905	22736.800762912825	6
0	937	23776.686140931756	5
0	942	23894.758644174606	4
0	955	24005.671523350978	5
0	957	24019.69461010808	4
0	966	24435.685225926114	5
0	972	24681.602224961205	6
0	978	24912.305112365455	5
0	995	25227.397301457436	4
0	1004	25608.700512703898	3
0	1013	25780.356147102625	2
0	1022	26066.817602557298	3
0	1024	26089.803231913418	2
0	1029	26161.585527863743	1
0	1034	26323.952509527629	2
0	1044	26547.838714494915	1
0	1057	26813.197512324721	0
0	1081	27199.526463304606	1
0	1087	27233.179686989719	2
0	1093	27504.416806991965	1
0	1102	27538.157039003784	2
0	1104	27595.567771762062	3
0	1114	27999.336602463932	2
0	1123	28116.397815404326	3
0	1133	28310.676214843602	2
0	1138	28328.33332157701	1
0	1143	28407.625385583225	2
0	1145	28481.331538889379	1
0	1150	28603.125874621256	2
0	1159	28870.685061428027	3
0	1170	29035.334277484388	2
0	1175	29048.938841549752	1
0	1184	29111.91507693696	2
0	1189	29386.463141392354	3
0	1191	29418.036795238491	4
0	1198	29481.153062209101	3
0	1211	29690.05397031232	4
0	1213	29718.695348454712	3
0	1218	29825.032032601371	4
0	1224	30229.177602413864	3
0	1233	30454.807594865175	2
0	1238	30502.295868387519	1
0	1254	30824.736996787027	2
0	1265	31053.93389988823	3
0	1267	31183.750573470803	2
0	1276	31328.584392029614	1
0	1293	31605.567716660752	2
0	1311	32021.240898301601	3
0	1317	32080.692023662924	2
0	1322	32147.940470613154	1
0	1339	32638.141052805143	2
0	1341	32738.141151740762	1
0	1350	33004.169856529505	0
0	1359	33090.860823294853	1
0	1365	33456.448035193681	0
0	1394	34042.2586680961	1
0	1396	34242.246964667889	2
0	1398	34260.049271133172	3
0	1400	34303.666974711985	2
0	1405	34383.588911406311	1
0	1414	34440.548670339997	2
0	1420	34500.917033842135	3
0	1422	35019.712217962443	2
0	1431	35347.191971986004	3
0	1437	35558.880845307919	2
0	1450	35753.166786279351	1
0	1455	35890.371429399553	2
0	1457	36077.098907425015	3
0	1459	36200.469922525882	2
0	1464	36339.882706030818	1
0	1469	36409.218879541262	2
0	1471	36461.838599967779	3
0	1481	36581.421293117789	4
0	1491	36984.932320830597	5
0	1497	37305.393871065051	4
0	1506	37549.430121509432	3
0	1511	37671.918957717332	2
0	1516	37754.245728585691	1
0	1541	38241.309379093286	2
0	1543	38248.935299614991	3
0	1545	38451.190243437502	2
0	1550	38518.406132254795	3
0	1552	38528.126256217972	4
0	1558	38753.803789582305	5
0	1564	38970.719608655273	4
0	1569	39254.374631862909	3
0	1582	39355.146896996355	4
0	1592	39576.815807222936	3
0	1605	39902.125438026969	4
0	1607	40089.23842836133	3
0	1620	40335.725326454341	2
0	1625	40472.683320646219	3
0	1627	40538.521515529305	4
0	1637	40770.521539668972	5
0	1639	40871.537725289079	6
0	1645	40908.631913918824	5
0	1658	41161.358165219042	4
0	1667	41432.524479171335	3
0	1688	42213.273193007364	4
0	1694	42232.653199872076	3
0	1702	42371.592507496048	4
0	1704	42476.392454314799	3
0	1709	42660.495822280261	2
0	1727	42788.823966827066	1
0	1732	42961.778046789196	2
0	1734	42973.183241419177	3
0	1736	43002.56941496402	2
0	1745	43120.919082201633	1
0	1750	43160.754661217644	2
0	1756	43574.867227129634	3
0	1762	43734.429847113404	2
0	1767	43759.075869243415	1
0	1776	43913.190316323473	2
0	1786	44110.880455216467	1
0	1795	44266.721511804682	2
0	1797	44272.788117490325	1
0	1822	44778.241157159122	2
0	1824	44786.645703237327	1
0	1841	45036.815629404589	2
0	1859	45426.89444820404	1
0	1864	45493.170211501036	0
0	1873	45575.690210422966	1
0	1875	45968.086274411353	0
0	1928	47120.23261526688	1
0	1930	47192.028015107461	2
0	1935	47322.090441889274	1
0	1940	47382.538674391421	2
0	1942	47448.344306449661	3
0	1944	47493.224947328183	4
0	1960	47742.984040715595	3
0	1969	48058.604773172041	2
0	1982	48146.710768719719	3
0	1984	48423.147406839629	2
0	1989	48555.887626964653	1
0	1998	48568.401918063906	2
0	2000	48678.59140709122	1
0	2009	48810.126215561438	0
0	2022	49118.30784561925	1
0	2024	49126.387359831536	0
0	2101	50512.564572589465	1
0	2108	50562.608432022907	2
0	2113	50615.740296877901	1
0	2127	50803.708859688296	2
0	2137	51623.573684328984	3
0	2139	51662.745154334864	2
0	2144	51752.043403956659	3
0	2146	51847.392303547176	4
0	2148	51924.439888372289	3
0	2153	52015.562432147543	2
0	2170	52532.690405755004	1
0	2175	52623.747261948155	0
0	2213	53786.098321620846	1
0	2220	53943.980637878036	2
0	2234	54129.557645171152	1
0	2247	54278.991493445171	0
0	2259	54929.700609764605	1
0	2269	55230.404894262915	0
0	2342	57282.136341021114	1
0	2344	57296.026532896453	0
0	2353	57578.464566888702	1
0	2355	57663.43929920792	0
0	2452	60554.944592362602	1
0	2454	60582.775364018696	0
0	2459	60628.411448182813	1
0	2465	60933.82379623177	2
0	2467	61010.669233280275	1
0	2472	61283.454741339438	2
0	2474	61563.015587165671	1
0	2479	61623.751675512095	2
0	2485	61696.02830740437	3
0	2487	61780.659234211015	4
0	2489	61864.037011098144	3
0	2498	61945.611232311108	4
0	2508	62540.856978747103	3
0	2513	62904.535998500603	2
0	2522	63158.2683219789	1
0	2531	63338.192009124932	0
0	2536	63571.610702855364	1
0	2538	63771.971720444445	2
0	2544	63837.55830893026	3
0	2550	63921.610666976593	4
0	2560	64056.027325562852	3
0	2565	64170.085713806357	4
0	2567	64176.730904904862	5
0	2573	64480.223602059338	4
0	2578	64599.81297183178	5
0	2584	64840.103717756277	6
0	2590	64867.547978106913	5
0	2595	64897.48377107161	6
0	2597	64908.551893609438	7
0	2611	65227.962019912618	6
0	2632	66075.638095590327	5
0	2641	66245.500763341504	4
0	2646	66314.834422078011	3
0	2651	66334.585662533799	4
0	2653	66390.986307345015	5
0	2663	66859.454931937275	6
0	2669	67031.763833093498	5
0	2678	67177.379871215699	4
0	2683	67186.996939949411	3
0	2688	67414.244776869123	4
0	2710	68158.160236887224	5
0	2712	68239.995803575073	4
0	2721	68343.247406112878	5
0	2723	68549.037093981995	6
0	2725	68562.809561919449	5
0	2734	68660.803253925209	6
0	2736	68662.095193437952	5
0	2749	68864.009110595141	4
0	2754	68896.256211520896	5
0	2760	69162.454899999354	4
0	2769	69272.633157906001	5
0	2779	69501.093206163524	4
0	2784	69537.051221739471	5
0	2786	69547.165069714228	6
0	2792	69978.90872037041	5
0	2797	70036.473201524729	6
0	2803	70067.225629727397	5
0	2808	70114.887183889467	4
0	2813	70116.287448311729	5
0	2827	70615.418860104303	6
0	2840	70820.501724439192	7
0	2842	70869.1425210092	8
0	2857	71191.356051664086	9
0	2859	71304.409702107031	8
0	2868	71528.797490862241	9
0	2870	71610.357752780471	8
0	2875	71638.744260910927	7
0	2888	71955.456101103677	8
0	2890	71995.790633354496	9
0	2896	72184.967327903066	8
0	2901	72427.028234762846	9
0	2903	72434.887937512277	8
0	2912	72646.825386777929	9
0	2918	72829.810058533866	8
0	2927	72984.163411133109	9
0	2933	73021.468560898717	10
0	2938	73196.483007374261	9
0	2943	73352.797729310136	10
0	2954	73567.390908505796	9
0	2971	73913.228183634459	10
0	2981	74200.464538357873	9
0	2990	74390.219171714529	10
0	2996	74427.087444181596	9
0	3013	74967.823226624363	10
0	3015	75191.115081786459	11
0	3017	75199.965579718073	10
0	3022	75239.252891581626	11
0	3024	75241.343913208722	10
0	3029	75252.058069030713	11
0	3035	75343.042847481298	12
0	3045	75725.546697343742	11
0	3054	75891.954158082326	10
0	3059	75975.305996927101	11
0	3065	76079.026547035548	12
0	3071	76289.126021882214	13
0	3077	76485.081862996375	12
0	3086	76688.937699064561	13
0	3088	76690.959528144478	12
0	3105	77302.664922684153	11
0	3122	77599.778724366822	12
0	3124	77785.969619285344	11
0	3129	77835.816194715952	10
0	3142	78195.568075422226	9
0	3147	78235.142512034148	10
0	3149	78270.173568673154	9
0	3154	78513.54807494553	8
0	3159	78710.160999068669	9
0	3161	78723.85969718921	8
0	3178	79125.880448821043	7
0	3191	79737.19059916216	6
0	3204	79768.964810177004	7
0	3214	79920.585350526175	8
0	3224	80069.88786830605	9
0	3226	80099.242943063101	8
0	3231	80117.81178437457	7
0	3248	80345.005749892472	6
0	3257	80562.907793226694	5
0	3270	80934.122024181341	4
0	3279	81105.113495573124	3
0	3284	81243.443387756946	4
0	3293	81412.384366457459	5
0	3295	81464.998560458144	4
0	3300	81517.152335832869	3
0	3322	81811.698724757909	2
0	3327	82081.547002571677	1
0	3355	82683.986574656984	0
0	3490	86850.51936166385	1
0	3492	86902.611398199173	2
0	3494	86906.242056191346	1
0	3503	86945.602114805993	0
0	3508	87083.06727374663	1
0	3514	87684.9756170068	0
0	3523	87749.035596174329	1
0	3529	88170.68165598852	0
0	3560	88702.933105982432	1
0	3562	88716.846999734271	2
0	3564	88752.165355428558	3
0	3566	88956.914129486241	4
0	3580	89288.641566917792	5
0	3586	89527.176918695669	6
0	3592	89727.201060854518	7
0	3594	89755.126422951211	6
0	3599	89822.183084013197	5
0	3604	89824.814082111663	6
0	3606	89848.215370499021	5
0	3623	90290.703947869048	6
0	3625	90395.538967529256	7
0	3627	90407.578663761009	6
0	3636	90615.521774823103	5
0	3649	91010.995514067103	4
0	3654	91116.800880715674	3
0	3659	91253.18493700182	4
0	3661	91362.091352249917	5
0	3671	91376.581128211949	4
0	3684	91784.807328293313	3
0	3693	91967.19244749311	2
0	3704	92074.031265762232	3
0	3711	92141.276778229004	2
0	3716	92147.816353998476	3
0	3721	92240.556793743958	2
0	3731	92287.915313398556	3
0	3742	92585.206687994724	2
0	3767	93442.052133912478	1
0	3772	93501.092534037521	0
0	3789	93658.161793338291	1
0	3795	93866.391870395551	2
0	3801	93952.13560474859	3
0	3803	93987.350416318005	2
0	3812	94141.667507412126	1
0	3821	94551.0404427285	2
0	3823	94575.242392406291	1
0	3828	94601.482974263293	2
0	3834	94762.442417601794	3
0	3836	94770.760071517921	4
0	3842	95062.167254882191	3
0	3863	95441.286593375008	4
0	3865	95464.931746730795	3
0	3882	96138.966122739441	2
0	3891	96174.493022900999	3
0	3901	96740.299968021248	2
0	3906	96884.263509297958	1
0	3911	96989.256945562151	2
0	3917	97278.002167726193	1
0	3922	97412.07048325283	0
0	3927	97497.815248680057	1
0	3929	97634.175005564681	0
0	4049	101075.339650280301	1
0	4051	101102.781320307725	0
0	4199	106662.485223911862	1
0	4201	106735.22169976394	2
0	4207	106824.520314796393	1
0	4212	106933.05389591834	2
0	4218	107150.782224616602	3
0	4220	107171.499860227705	2
0	4225	107235.878327118974	1
0	4234	107752.78752137454	2
0	4240	107952.776357172554	1
0	4249	108227.85074779451	0
0	4254	108285.576787753267	1
0	4264	108651.294080282371	0
0	4288	109280.750457233821	1
0	4290	109294.942516054259	2
0	4300	109553.717612451439	1
0	4305	109766.185286060573	0
0	4310	109909.012661239788	1
0	4316	110017.171373496804	0
0	4329	110310.684962633842	1
0	4335	110512.310402529368	2
0	4341	110796.673677116812	3
0	4351	110947.860399312445	4
0	4357	111082.619854713831	3
0	4362	111214.229491912019	4
0	4364	111216.709208615722	3
0	4369	111223.876839032893	2
0	4386	111737.286361608316	3
0	4388	111895.684297750418	4
0	4390	111906.907435189042	3
0	4395	112079.583943929965	4
0	4397	112229.99817022741	3
0	4402	112349.51232254042	4
0	4419	112776.099565903697	3
0	4424	112804.278081359826	4
0	4426	112819.363196990018	3
0	4431	113063.133816923056	2
0	4436	113179.406969096127	3
0	4438	113221.38421518219	2
0	4472	113604.415481886392	1
0	4477	113767.414202136647	2
0	4479	113802.633174294709	3
0	4481	113878.47488851905	2
0	4490	114057.242258143373	3
0	4496	114125.896117515022	4
0	4514	114629.239563773427	3
0	4519	114816.673846914373	4
0	4525	114908.529766401773	3
0	4530	115034.577949417109	4
0	4536	115276.860061824919	3
0	4545	115325.66844883441	4
0	4551	115511.386847297694	5
0	4553	115538.086342154568	4
0	4558	115541.754862475927	5
0	4564	115611.728125394809	6
0	4574	116001.03185409591	5
0	4583	116020.415458595996	6
0	4589	116237.785963988429	5
0	4594	116438.543464966716	4
0	4607	117039.743693972979	3
0	4616	117094.785236427146	4
0	4618	117401.79378433064	3
0	4639	117640.384540645903	2
0	4648	117913.13001247077	3
0	4650	117946.76045210943	2
0	4659	118082.964201771321	1
0	4668	118266.926090846811	0
0	4828	123314.067427751108	1
0	4834	123470.91624009368	2
0	4840	123594.3884214778	1
0	4857	123903.77290365296	2
0	4863	124040.396562470278	1
0	4868	124166.091666540771	2
0	4870	124187.958515716107	3
0	4872	124236.653608544746	2
0	4877	124385.112585714242	1
0	4886	124737.88650193719	0
0	5001	128111.388869510857	1
0	5007	128290.371763686804	2
0	5021	128711.071680496687	1
0	5026	128777.211485375199	2
0	5028	128912.655762106713	3
0	5030	128914.720659176758	2
0	5035	128935.704281988612	3
0	5041	129425.40300422823	4
0	5047	129558.852689299986	3
0	5052	129637.999908210474	4
0	5058	129813.688229407424	3
0	5063	129817.533407721448	4
0	5065	129824.506809632233	3
0	5074	130419.154294836028	4
0	5080	130625.360908951542	5
0	5082	130806.625378387919	4
0	5087	130838.575622375363	3
0	5096	131038.283764822397	4
0	5106	131205.501321550712	3
0	5111	131210.899077984443	2
0	5124	131628.196526739055	1
0	5133	131736.550304338672	2
0	5135	131841.940073810816	3
0	5149	132171.784926239654	2
0	5162	132294.397703367224	1
0	5170	132492.678156098269	2
0	5185	133108.808514312878	3
0	5191	133173.683877076262	2
0	5208	133624.368943863818	3
0	5210	133631.150781470785	4
0	5212	133686.144871536916	5
0	5214	133722.735891142417	6
0	5216	133756.8542281131	5
0	5221	133802.931639533562	6
0	5223	133833.843954104239	5
0	5228	133936.626776675632	4
0	5233	134013.27231734612	5
0	5243	134346.306013356406	6
0	5249	134503.043540205115	5
0	5254	134660.968084010551	6
0	5260	134898.5972830991	5
0	5269	135279.445867347469	4
0	5274	135354.921009664532	5
0	5288	135718.638384248683	6
0	5298	136080.005088245864	7
0	5300	136142.197993207976	6
0	5305	136146.748844023103	5
0	5310	136185.180799583842	4
0	5319	136385.960022073627	5
0	5333	136832.624341282	4
0	5342	136981.36178753995	5
0	5352	137275.570461932823	4
0	5361	137309.896933788167	5
0	5367	137554.255445445826	4
0	5372	137752.778125080521	3
0	5377	137892.236249230722	4
0	5387	138121.990599442923	5
0	5389	138131.390972689035	6
0	5403	138563.538750741884	5
0	5408	138589.947841162732	4
0	5413	138742.103025825092	5
0	5427	139099.65775435085	6
0	5437	139290.037247064765	5
0	5442	139550.088967543633	6
0	5444	139640.285438751491	7
0	5450	139649.589810931355	8
0	5456	140020.598095278194	7
0	5461	140111.445527371272	6
0	5474	140220.467306756814	7
0	5476	140610.332541848775	6
0	5493	140995.639143757965	7
0	5495	141160.749834525641	6
0	5504	141282.94393706595	5
0	5513	141719.671490673229	4
0	5518	141737.258257594715	5
0	5524	141868.325576901264	6
0	5526	142009.775667539695	7
0	5528	142041.450934355825	8
0	5530	142074.095997728568	9
0	5532	142242.904545593221	10
0	5558	142794.552695910689	9
0	5563	142794.81504480814	8
0	5572	142985.445111280305	9
0	5578	143395.136692967519	8
0	5587	143537.748143981454	7
0	5592	143841.527989815232	6
0	5597	144012.291717153436	7
0	5603	144139.484961959472	6
0	5608	144190.871723290786	5
0	5613	144209.5935418132	6
0	5619	144429.243114602019	7
0	5645	144974.121165643385	6
0	5654	145103.520038846192	5
0	5659	145238.782888312146	4
0	5668	145419.991328779902	5
0	5674	145681.620120550445	4
0	5679	145739.465458105561	3
0	5692	145906.662301326934	4
0	5698	146131.805552478191	3
0	5711	146362.737528063979	4
0	5713	146405.723321770928	5
0	5719	146592.278421443209	4
0	5731	146909.468714883199	5
0	5750	147224.040275533724	6
0	5756	147292.552385809771	5
0	5765	147512.621155354437	4
0	5770	147603.473186340436	3
0	5775	147640.016388728336	4
0	5789	148145.800247142123	5
0	5795	148154.617585038176	6
0	5801	148455.582956592492	5
0	5810	148698.962621423355	4
0	5815	148920.295305859423	5
0	5829	149184.960014718827	4
0	5834	149247.035935288803	5
0	5836	149271.555394415065	4
0	5841	149341.544267682876	5
0	5847	149486.458094279524	4
0	5852	149556.573850533496	5
0	5858	149721.761716479278	6
0	5860	149769.806781507373	7
0	5866	150015.520499343923	6
0	5871	150033.324839171275	5
0	5876	150284.325703728255	4
0	5885	150729.169656011518	3
0	5898	150767.549812868088	4
0	5900	150820.599638211771	5
0	5910	151153.136417854609	6
0	5912	151177.013040555069	7
0	5922	151261.087560350946	6
0	5927	151282.788123238143	5
0	5932	151311.109042201444	4
0	5940	151556.012263442329	3
0	5982	152425.035684374051	4
0	5984	152443.638531411937	3
0	5989	152458.136256817981	2
0	5994	152543.850201788601	1
0	6011	152808.388888285537	2
0	6013	152882.332360887608	3
0	6019	152915.882270146414	2
0	6024	153084.194197167982	3
0	6026	153112.404056298486	2
0	6031	153113.828622424455	3
0	6033	153127.46305303956	4
0	6035	153129.111543301731	5
0	6037	153191.671376666778	6
0	6051	153711.913130019113	5
0	6056	153743.081107761083	6
0	6062	153876.679606396486	7
0	6064	153998.870003867206	6
0	6073	154169.448050154949	7
0	6079	154222.268138150624	6
0	6088	154455.379898707625	5
0	6097	154619.406223539794	6
0	6107	154723.976553180121	7
0	6113	154813.926859716824	6
0	6118	154856.268221444139	7
0	6132	155235.207016700061	8
0	6134	155320.742041153059	9
0	6136	155357.914165031418	8
0	6157	155758.09360231857	7
0	6162	155808.246155428943	6
0	6167	155842.647581168958	7
0	6173	155907.623038666591	8
0	6175	156152.70037486802	7
0	6184	156249.617430509016	8
0	6186	156345.852473112733	9
0	6188	156394.164589862279	8
0	6201	156678.281434323892	7
0	6218	157002.016822268745	8
0	6220	157018.955841767542	7
0	6233	157241.502492440182	8
0	6239	157440.114779522041	9
0	6241	157443.74153973855	10
0	6243	157477.969737957475	9
0	6248	157498.963165463322	10
0	6250	157562.74070722019	11
0	6256	157704.388396548979	10
0	6265	157948.932128000316	9
0	6270	157965.865526866421	8
0	6275	158203.149281692733	9
0	6277	158284.374806753186	10
0	6295	158710.100644077115	9
0	6304	158780.225794996378	8
0	6317	159195.78952513288	7
0	6322	159278.597891121277	8
0	6340	159593.506636741814	7
0	6349	159671.946831123309	8
0	6363	159927.217429574833	7
0	6368	160015.026670652382	6
0	6373	160052.958292934355	5
0	6378	160147.729727124591	6
0	6388	160602.087237383179	5
0	6401	161057.417533445415	4
0	6414	161252.663519863293	3
0	6431	161370.251980128899	4
0	6436	161669.182892079708	3
0	6441	161893.03953216109	4
0	6443	161922.804344381449	3
0	6457	162149.212573873751	2
0	6466	162254.928259382706	3
0	6472	162318.448446929789	4
0	6474	162390.726902432044	5
0	6476	162565.871770341203	4
0	6481	162608.500940139681	5
0	6491	162859.296244527154	4
0	6500	162941.156274910328	3
0	6509	163087.491683412285	4
0	6511	163172.638794892283	5
0	6513	163297.76482034003	4
0	6539	163665.056267190978	3
0	6549	164014.012765646977	4
0	6556	164191.6961424018	3
0	6561	164206.129478599074	4
0	6572	164458.996220729224	5
0	6574	164534.418381537554	4
0	6579	164580.84226797919	3
0	6584	164594.75218649482	2
0	6589	164666.008489040493	3
0	6611	164989.452629830942	2
0	6616	165001.7275670454	3
0	6622	165226.331928702943	2
0	6635	165529.167687926695	1
0	6640	165600.615067012281	2
0	6642	165604.339963282702	1
0	6659	166024.045330244057	0
0	6667	166103.765275186119	1
0	6672	166192.690419056026	2
0	6679	166206.368916184509	3
0	6681	166371.893220628855	2
0	6691	166458.002207256462	3
0	6701	166798.366117525158	2
0	6706	166905.189883556471	1
0	6715	167046.49712720072	0
0	6819	169298.97636857917	1
0	6821	169323.074749069908	2
0	6823	169421.926177957762	1
0	6828	169481.52523811566	0
0	6833	169548.222657697647	1
0	6847	169770.911543535137	0
0	6879	170340.54785118498	1
0	6881	170575.368922839296	2
0	6883	170600.44775979414	1
0	6900	170859.931395534746	0
0	6913	171472.894728217426	1
0	6935	171874.820976730495	0
0	6940	171933.285583736608	1
0	6942	171994.12500541903	2
0	6944	172230.973023453796	1
0	6953	172319.327111650578	0
0	7127	177993.965230925647	1
0	7137	178277.855945373873	0
0	7171	179375.326782281654	1
0	7189	179975.685429222222	0
0	7209	180221.233994582171	1
0	7219	180379.960038306139	2
0	7221	180428.747331173613	1
0	7226	180617.292215791414	0
0	7239	181019.693299830639	1
0	7241	181044.67692515188	0
0	7303	182815.965128594596	1
0	7309	182922.754205680962	2
0	7319	183203.397789117056	1
0	7324	183213.44913117424	0
0	7329	183258.378749255253	1
0	7339	183503.640967672169	2
0	7345	183712.164240328822	1
0	7350	184017.251388527254	2
0	7352	184064.525532232952	1
0	7357	184103.887111771959	0
0	7787	196394.126804064354	1
0	7797	196536.365678784936	2
0	7799	196625.84969245826	1
0	7812	196695.743876028012	0
0	7911	199879.577496437018	1
0	7921	199961.161748571438	2
0	7927	200223.929987706661	3
0	7929	200287.080601303465	4
0	7931	200308.005463925568	5
0	7937	200497.493873547976	4
0	7942	200634.453898280004	3
0	7947	200652.756636537393	4
0	7953	200918.755949398478	5
0	7955	201024.043722225668	4
0	7968	201343.548169259195	3
0	7977	201779.387058003882	2
0	7986	201924.79990274853	1
0	7991	201973.511834060856	2
0	7993	202006.145384525441	3
0	7995	202414.609181022587	2
0	8008	202545.072956628911	3
0	8010	202626.397307910191	4
0	8020	202743.791386222782	3
0	8025	202883.876323739317	4
0	8027	202911.518189550727	5
0	8033	203112.011286515956	4
0	8038	203169.959546624067	3
0	8051	203364.01136296157	2
0	8056	203463.999693868253	3
0	8062	203515.823742410484	2
0	8083	203983.37644465113	1
0	8092	204114.765896967689	0
0	8105	204611.502104084689	1
0	8115	204667.426822457676	0
0	8162	205646.639566556328	1
0	8164	205665.562506995713	0
0	8184	206016.060980740831	1
0	8186	206106.237166248452	0
0	8229	206884.960964595926	1
0	8235	207253.463878632039	2
0	8237	207272.610914555526	1
0	8242	207278.613863324167	2
0	8248	207492.830392182064	1
0	8257	207739.638468983934	0
0	8266	207851.934649445431	1
0	8272	207926.735774077666	0
0	8288	208298.765344040846	1
0	8290	208346.676643114907	2
0	8292	208547.929848708678	3
0	8306	208640.649892528481	2
0	8315	208698.429995686007	1
0	8320	208707.288578572041	2
0	8329	208931.336168934531	1
0	8334	209016.258117435911	2
0	8341	209186.953001718388	1
0	8346	209353.657196491532	2
0	8380	210297.558505226798	1
0	8389	210354.390232026768	0
0	8470	212565.505618330706	1
0	8472	212623.397780766583	2
0	8486	212778.970018076863	1
0	8491	213228.617894523523	2
0	8493	213317.37247194527	3
0	8495	213491.050097803738	2
0	8504	213884.11537094106	1
0	8509	213989.747013055979	2
0	8511	214060.745328631017	1
0	8520	214442.166213471207	0
0	8601	216803.757253687307	1
0	8607	216910.970630512747	0
0	8627	217608.602969728333	1
0	8637	218039.367949866864	0
0	8653	218215.030404847373	1
0	8659	218404.067752297951	0
0	8664	218454.807535955841	1
0	8670	218656.623210199616	2
0	8672	218692.102234489853	3
0	8674	218865.659823609434	4
0	8676	218882.950390006176	5
0	8678	219088.175920866906	4
0	8683	219121.435583803786	3
0	8688	219197.333185907343	4
0	8690	219333.274934896297	5
0	8696	219424.925979051722	4
0	8705	219465.072923020634	3
0	8710	219567.612059623479	2
0	8726	219953.796706468016	3
0	8736	220084.004052148375	2
0	8741	220175.864622805311	3
0	8743	220176.997885399672	4
0	8753	220253.63542424935	3
0	8758	220278.383348499244	4
0	8768	220450.03814518434	5
0	8770	220506.217677326193	6
0	8772	220522.697339304267	5
0	8777	220555.980020098258	6
0	8784	220673.029060919499	7
0	8786	220733.931815938267	6
0	8791	220755.283510547114	5
0	8800	220855.988986915279	6
0	8806	220959.442287422439	7
0	8812	221052.405498512658	8
0	8814	221097.651765777739	9
0	8816	221126.380002893983	8
0	8821	221211.558119927483	9
0	8843	221642.421266567297	10
0	8848	221776.064265028552	11
0	8850	221839.287695757607	12
0	8857	221963.921782248198	11
0	8878	222203.250370782718	12
0	8880	222306.028417464904	13
0	8882	222354.616446245445	12
0	8887	222400.119527817878	11
0	8908	222955.615851741267	10
0	8913	223219.142962334914	11
0	8915	223291.312578362384	12
0	8917	223389.2352115847	11
0	8926	223572.244370453536	10
0	8935	223705.879685839395	11
0	8937	223747.301744457317	10
0	8942	223757.778488376352	9
0	8947	223772.409270349011	10
0	8953	224040.41124412528	9
0	8958	224045.16987829525	10
0	8964	224202.084523424983	9
0	8977	224318.104796942306	8
0	8993	224794.450640067935	7
0	8998	224844.478240252647	6
0	9008	224949.613842155767	5
0	9027	225217.378937953326	4
0	9032	225231.686544701934	3
0	9063	225804.734499731275	2
0	9082	226115.203747946752	1
0	9105	226657.582973935187	0
0	9110	226664.503143192624	1
0	9112	226980.507507092081	2
0	9117	227069.646675295769	3
0	9119	227077.060361483308	2
0	9133	227123.864841332948	3
0	9143	227570.506581079198	2
0	9148	227745.641404527524	3
0	9158	227998.481813187054	4
0	9160	228168.346540683123	3
0	9173	228272.44989263314	2
0	9182	228420.191700780907	3
0	9184	228441.501081887378	4
0	9186	228665.57590344174	3
0	9191	228820.771075509965	2
0	9212	229617.194538579496	1
0	9221	229768.683536324633	0
0	9241	230000.059146596004	1
0	9243	230061.404876775389	2
0	9249	230111.995327407184	3
0	9255	230343.698599235832	2
0	9264	230732.386856802913	1
0	9277	231040.258827816678	0
0	9297	231293.50967074447	1
0	9319	232004.504948318094	2
0	9321	232017.078080449236	1
0	9326	232105.712240130814	0
0	9343	232546.618550106812	1
0	9345	232644.233167124804	0
0	9358	232995.431501018584	1
0	9360	233014.641155388189	0
0	9421	234433.418103606822	1
0	9427	234462.633941746097	0
0	9432	234508.212206310826	1
0	9434	234634.771301349601	2
0	9436	234647.318684973709	3
0	9442	234877.879324655995	4
0	9456	235085.353304834461	5
0	9470	235559.413240298856	4
0	9475	235610.9094869236	5
0	9485	235879.682055939572	4
0	9490	235883.753265969682	3
0	9499	236030.288546285372	2
0	9512	236323.910887203123	3
0	9514	236334.179362781968	4
0	9516	236575.504447170202	5
0	9518	236662.369530589197	6
0	9520	236720.979765688627	7
0	9522	236744.271905910807	6
0	9527	237007.666035026681	7
0	9529	237090.602964058745	6
0	9538	237122.981007336419	5
0	9547	237371.140755009489	4
0	9556	237690.436089313369	3
0	9581	238040.147366230028	2
0	9590	238208.021306948014	3
0	9592	238309.852061365064	4
0	9594	238371.913432529907	3
0	9599	238435.326562500448	4
0	9605	238529.231864966679	3
0	9618	238661.382589541471	4
0	9628	239060.484276269215	3
0	9633	239137.509950773226	4
0	9647	239360.909906714003	3
0	9652	239640.654375277848	4
0	9658	239669.949399134855	3
0	9667	239680.380832127275	4
0	9669	239719.239730314994	5
0	9679	240114.505430782688	6
0	9685	240197.512258112658	5
0	9690	240208.228708295862	4
0	9699	240551.831356971304	3
0	9704	240561.144807917458	4
0	9706	240566.088351471782	5
0	9712	240727.574200448233	4
0	9725	241085.599496463919	5
0	9743	241463.327677505099	6
0	9745	241539.496189734504	7
0	9747	241611.640437100667	6
0	9752	241759.408795580495	5
0	9777	242207.366773313622	4
0	9782	242469.815390117694	3
0	9795	242927.938951397723	4
0	9801	243240.719732609231	3
0	9806	243244.674766890932	2
0	9819	243380.752629654115	3
0	9825	243862.896864234881	4
0	9827	243869.418026371638	3
0	9840	244074.948103774924	4
0	9850	244493.755809709657	3
0	9855	244516.967011883197	4
0	9857	244538.006506352464	3
0	9862	244555.425671457289	4
0	9864	244604.021985497911	3
0	9881	245026.640390374351	4
0	9887	245143.455936062585	5
0	9893	245379.236789165634	6
0	9895	245443.885207120181	7
0	9897	245499.730488820711	6
0	9910	245617.173233446319	5
0	9919	245734.462535649765	4
0	9924	245758.009115181323	5
0	9930	245991.839077390754	6
0	9932	246013.679586616452	7
0	9954	246639.114571258653	6
0	9959	246820.749283027489	5
0	9968	246937.560788087717	6
0	9970	246963.759601986745	5
0	9983	247455.202233580067	6
0	9993	247957.548726028541	5
0	9998	247959.468720039417	6
0	10008	248062.271555818845	5
0	10013	248115.216807237995	6
0	10023	248300.347978885914	7
0	10025	248351.874975529153	6
0	10030	248403.483713872958	5
0	10035	248472.886445014516	4
0	10040	248574.995504616137	5
0	10050	248911.707117189075	6
0	10052	249022.735289302875	7
0	10058	249428.089749210597	8
0	10060	249472.835950185198	7
0	10065	249616.907377405802	6
0	10078	249800.283514489073	5
0	10095	249964.825475396373	6
0	10097	250060.355674967397	5
0	10110	250417.044734254707	4
0	10115	250431.971134304962	5
0	10125	250796.748972960836	6
0	10127	250961.363306770184	7
0	10137	251213.412360897998	6
0	10154	251458.091037799258	5
0	10159	251552.888740569581	4
0	10168	251782.287725857238	3
0	10189	252457.532130693059	4
0	10195	252576.964723770161	3
0	10204	252790.376880064835	2
0	10209	252883.741557072915	3
0	10223	253005.012256703119	2
0	10228	253202.838561468055	1
0	10237	253325.046742818571	2
0	10239	253450.217878385226	1
0	10244	253572.64151275589	0
0	10253	253619.366805504672	1
0	10267	254257.765856100957	0
0	10318	255485.916422377117	1
0	10320	255486.603318103581	2
0	10330	255905.645653470199	1
0	10335	256014.586333420829	0
0	10340	256046.068639823283	1
0	10342	256073.526872758707	2
0	10356	256350.97502825294	1
0	10361	256385.032511485613	2
0	10367	256546.687097673074	1
0	10372	256621.786922198278	0
0	10377	256694.42406806775	1
0	10379	256773.41760804389	0
0	10396	257234.501423106766	1
0	10398	257292.787751680951	0
0	10544	260323.766427121606	1
0	10550	261029.958450773862	0
0	10784	267813.422774112016	1
0	10786	267846.526085987185	0
0	10836	269805.000398396909	1
0	10838	269806.513724043477	0
0	10843	269818.726100519386	1
0	10857	270182.617763292052	0
0	10903	271381.005126974568	1
0	10905	271610.724220298302	0
0	10914	271696.867414518481	1
0	10920	271820.825552695217	0
0	10948	272612.569050205602	1
0	10950	272843.251062045455	2
0	10964	273045.921557191044	1
0	10969	273046.872225724232	0
0	10978	273304.337197691439	1
0	10980	273352.893122924482	2
0	10982	273411.645772211971	1
0	10991	273674.698475543421	2
0	11001	273763.196481451464	1
0	11006	273849.327211209359	0
0	11015	273974.772399718987	1
0	11017	273981.155362817675	0
0	11091	275823.76199922854	1
0	11101	276185.967919736726	2
0	11103	276231.049638786858	1
0	11116	276422.847852613002	0
0	11121	276453.621395101408	1
0	11127	276685.457835034323	0
1	0	0	0
2	0	0	0
2	287	8661.276726155	1
2	289	8700.08082928175	0
2	573	15051.028449237736	1
2	575	15102.131989743382	0
2	586	15134.224669644223	1
2	595	15467.659729463801	0
2	698	18099.099689256789	1
2	706	18371.240293914066	2
2	710	18415.062158639001	1
2	715	18643.205829025999	0
2	871	22194.147603875415	1
2	884	22326.181310448617	0
2	890	22472.985980963156	1
2	893	22617.50859525016	2
2	907	22821.431241874041	1
2	912	22941.252641203272	0
2	926	23405.779959080562	1
2	928	23472.68800066823	0
2	1157	28794.719923041583	1
2	1161	28923.879778362632	0
2	1187	29193.058271231202	1
2	1193	29471.996967844486	0
2	1252	30663.108523199407	1
2	1256	30854.292584150852	0
2	1700	42352.746180090669	1
2	1714	42724.388108952045	0
2	1807	44356.696629738051	1
2	1809	44366.758486842811	0
2	1815	44552.478922759937	1
2	1817	44757.598554836202	0
2	1923	47014.843690745356	1
2	1933	47292.853199090633	2
2	1946	47603.596991300657	1
2	1951	47631.79968262053	0
2	2061	49907.487248235527	1
2	2063	49934.31662742128	0
2	2069	49974.477031832615	1
2	2072	49989.216258318308	2
2	2074	50126.536796307986	1
2	2080	50228.607238471562	2
2	2082	50258.839355950107	1
2	2088	50283.770146482487	2
2	2096	50412.041846207206	1
2	2103	50548.646307346275	0
2	2111	50582.361144503633	1
2	2118	50717.305204915677	0
2	2205	53668.160174796339	1
2	2215	53932.320190651974	0
2	2415	59178.124210950628	1
2	2417	59184.979917607078	0
2	2830	70618.203184598167	1
2	2833	70721.621067645056	2
2	2835	70813.641639594017	1
2	2845	70872.925482870121	2
2	2847	70950.586846427102	1
2	2852	71190.734060307075	0
2	2936	73186.080572418897	1
2	2945	73398.051739961881	0
2	3184	79131.169893157711	1
2	3186	79525.156652014732	0
2	3217	79922.629617288431	1
2	3219	80032.487716916978	0
2	3237	80214.514029839118	1
2	3239	80229.93530010218	0
2	3291	81284.457166905557	1
2	3305	81542.722355251854	0
2	3353	82643.053424665733	1
2	3364	82762.264677000274	0
2	3370	82764.04759791032	1
2	3372	82913.020540628305	0
2	3378	82940.056196612348	1
2	3380	83045.016992188713	0
2	3699	91978.292079530913	1
2	3702	92010.943770231936	2
2	3706	92104.590319739867	1
2	3719	92236.240192348561	2
2	3726	92264.675121121322	1
2	3733	92461.985220909331	0
2	3875	95751.468793679452	1
2	3877	95954.204527382021	0
2	3962	98053.657175051263	1
2	3965	98088.38231737209	2
2	3971	98361.286765067165	1
2	3977	98376.660634344659	2
2	3979	98429.07422765573	1
2	3985	98510.883792080242	2
2	3987	98880.194970453416	1
2	3996	99119.103566663763	2
2	3998	99133.002018904737	1
2	4003	99163.672074647879	0
2	4178	106134.62620451299	1
2	4186	106252.576740328664	0
2	4417	112713.783579975863	1
2	4443	113255.905329255985	0
2	4846	123610.305955111832	1
2	4848	123678.466464471846	0
2	4912	125551.104699839061	1
2	4918	125746.658165329153	0
2	5168	132466.7597813916	1
2	5172	132787.417710368762	0
2	5547	142684.04872159591	1
2	5549	142720.535507915795	0
2	5638	144773.360938946655	1
2	5640	144845.422472717494	0
2	5729	146693.291406030706	1
2	5733	147033.332305713496	0
2	5915	151181.862868531546	1
2	5917	151184.0039882355	0
2	5938	151521.066554390147	1
2	5945	151579.540928323996	0
2	6150	155647.543975184611	1
2	6152	155698.055375871491	0
2	6434	161465.343490545578	1
2	6448	161993.596052314398	0
2	6531	163556.312615754955	1
2	6534	163627.55749240046	2
2	6537	163632.611459350467	3
2	6544	163864.614643362594	2
2	6551	164120.023825188411	1
2	6563	164211.545244354067	0
2	6596	164905.801228578143	1
2	6598	164908.31698593801	0
2	6604	164928.58463433224	1
2	6606	164982.295681127591	0
2	6665	166032.096194536366	1
2	6670	166172.140656267233	2
2	6674	166196.526685064912	1
2	6686	166438.795242548243	0
2	6745	167544.939412219704	1
2	6747	167630.17286058975	0
2	6756	167934.082200155837	1
2	6762	167980.820821813551	0
2	6840	169626.662184800407	1
2	6842	169752.556795497161	0
2	6993	173679.874877367488	1
2	7000	173942.065800277585	2
2	7003	174045.14987295153	3
2	7005	174092.093628224054	2
2	7014	174272.739145977482	1
2	7019	174359.240149807245	0
2	7028	174673.517825538234	1
2	7030	174704.506660101995	0
2	7270	181906.594989466935	1
2	7272	182021.518249546374	0
2	7286	182547.072394252638	1
2	7298	182693.201133259455	0
2	7589	189647.12836708163	1
2	7595	189759.792447154454	0
2	7604	189984.098350899008	1
2	7606	190003.576105151501	0
2	8098	204396.374451879728	1
2	8100	204512.224626297447	0
2	8148	205338.570222530728	1
2	8153	205464.188606909553	0
2	8327	208876.729582778326	1
2	8336	209043.955222390783	0
2	8450	212201.053259007053	1
2	8455	212466.835544108354	0
2	8561	215523.713181851196	1
2	8563	215794.782544095712	0
2	8724	219859.193734707787	1
2	8729	220056.019940601645	2
2	8731	220057.392231009143	1
2	8745	220187.788457117958	0
2	8751	220236.52318045235	1
2	8761	220317.762225579454	2
2	8763	220377.987714766462	1
2	8779	220563.383792850363	0
2	8846	221728.220179550826	1
2	8852	221922.641254069267	0
2	8871	222109.208875379699	1
2	8873	222181.915828378115	0
2	8970	224211.590808867022	1
2	8972	224281.386401645822	0
2	8983	224338.658291149867	1
2	8985	224431.233718848961	0
2	8991	224674.659451099095	1
2	9003	224936.736512307061	0
2	9014	224950.10455673745	1
2	9017	224970.799141784373	2
2	9019	225029.041474323703	1
2	9025	225197.45928041375	2
2	9037	225267.713428258138	1
2	9042	225392.567995350791	0
2	9077	225888.943027003843	1
2	9080	226067.634813538298	2
2	9087	226287.837653259921	1
2	9093	226296.553323205543	2
2	9095	226524.143036636069	1
2	9100	226533.769204443798	0
2	9115	227021.052671323704	1
2	9124	227081.340169037867	0
2	9300	231462.686027320578	1
2	9302	231468.04439540927	0
2	9449	234913.420636661132	1
2	9451	235007.229094076794	0
2	9566	237789.584344415577	1
2	9569	237798.906855317544	2
2	9571	237803.147360435339	1
2	9576	237992.395053799044	0
2	9611	238553.135650854784	1
2	9613	238578.703119638028	0
2	9766	242013.496524025339	1
2	9768	242053.221761653911	0
2	10273	254584.808705462854	1
2	10276	254585.246584941412	2
2	10278	254720.266099710246	1
2	10287	254737.030746624459	0
2	10293	254742.104387296949	1
2	10295	254744.701801564774	0
2	10445	258092.448148042675	1
2	10448	258194.003264440925	2
2	10451	258253.623751898066	3
2	10454	258266.29866708119	4
2	10456	258268.758555161546	3
2	10469	258549.170276052098	2
2	10474	258564.800745486062	1
2	10486	258827.815597914648	0
2	10492	258941.110797053914	1
2	10494	259009.279143693636	0
2	10615	262704.554841683705	1
2	10618	263115.850323800129	2
2	10620	263117.151229383879	1
2	10630	263219.264468761113	2
2	10632	263232.924622817096	1
2	10638	263259.482525704847	2
2	10640	263369.823493512802	1
2	10649	263531.156869207266	0
2	11043	275024.268126100374	1
2	11049	275100.800850015851	0
2	11094	275963.433421886742	1
2	11096	276001.122424133839	0
3	32	2082.781836191512	1979.9307197984
3	54	3155.1663011166	2631.0577457026
3	78	3883.092157870472	2960.6484151538
3	107	4680.535168604961	2845.7047517505
3	116	4986.173897884609	2809.6250462718
3	146	5574.490023502902	2215.2460885152
3	150	5723.84769429414	2784.5655334834
3	183	6557.228740277158	3377.9429005366
3	229	7225.759058315697	3055.2710703095
3	263	7855.788321379394	4178.3210461528
3	267	7876.976718296842	3636.039630866
3	292	8700.08082928175	3634.9993209178
3	306	8863.501420808778	3743.0971252333
3	320	9283.577065895857	3866.9100120836
3	333	9517.75642439762	3171.6511856072
3	344	9815.861262759015	3202.3469525428
3	367	10349.186767233358	3390.3090494739
3	385	10605.986682092385	5143.2067062512
3	395	10849.585674423338	4189.9898355025
3	415	11127.554161008838	4497.5964525033
3	419	11217.964665107818	4324.3461139171
3	423	11307.731173196421	4222.8912996562
3	446	11973.045916631432	4531.694736801
3	463	12354.890556800724	4326.4906323796
3	480	12595.030017504083	5331.7125471911
3	484	12729.6668413751	5454.7496923
3	488	12955.038948055179	5720.1692543986
3	530	13878.980979282231	5903.4775426232
3	538	14060.497871693613	4335.1480339283
3	542	14177.570724188895	4272.321766439
3	556	14333.691622782888	3309.0530022016
3	578	15102.131989743382	4330.7758894533
3	598	15467.659729463801	3261.981653411
3	602	15654.09101515618	3653.6471934248
3	606	15658.636286640929	3122.9658019691
3	639	16660.145844146223	4197.5189613788
3	678	17779.377948786885	4421.2297429855
3	682	17935.715746897817	1714.283050632
3	713	18415.062158639001	4754.8212989999
3	718	18643.205829025999	3593.9584133002
3	744	19370.539503964054	4170.7075927161
3	756	19593.51192633231	3161.8791261913
3	767	19900.150037385345	4231.1119014187
3	788	20248.571009552495	3414.8353724
3	808	20600.849557156132	3113.7574301834
3	839	21418.642948018001	3994.3028889136
3	843	21510.49825397861	3761.0289263717
3	887	22326.181310448617	3388.4737581027
3	910	22821.431241874041	4140.6628768015
3	915	22941.252641203272	3039.7377259882
3	919	23048.397365841836	3556.5050821569
3	949	23909.921791273714	3919.8770020468
3	953	23965.441123284789	3734.3925005274
3	976	24812.891639043036	4775.5004826392
3	1002	25459.94011674969	5086.3760406654
3	1011	25715.470704520511	4340.6925864845
3	1055	26770.182847622396	4930.7200296244
3	1064	26899.15673147926	4692.2960125084
3	1085	27230.252441522124	4493.4516786093
3	1108	27597.552555817724	5323.5142942752
3	1112	27950.830577481152	3945.1590541302
3	1164	28923.879778362632	4488.1945524365
3	1168	29021.511220634373	4339.9089956732
3	1196	29471.996967844486	3148.0444583169
3	1231	30417.959510791868	3395.8569096455
3	1259	30854.292584150852	3654.7661208462
3	1283	31368.459009341509	3830.3019703377
3	1287	31555.178880128832	3959.6111083668
3	1301	31863.523527361275	3455.8981417781
3	1329	32276.366935303256	2889.9037939109
3	1333	32319.871629634945	3207.956552698
3	1337	32597.49219343959	3726.8071320116
3	1363	33381.697466680395	3963.6606714419
3	1372	33602.75225134528	3777.7202187439
3	1388	33955.928595420047	4265.8746251077
3	1392	33997.273703580338	2391.7059869196
3	1412	34395.34109631163	3570.6040995246
3	1435	35396.665360154658	4342.7314602664
3	1489	36948.44454210259	3857.5837188077
3	1527	37919.466910417738	3677.2199457498
3	1535	38148.616394866332	3888.5671237332
3	1539	38200.269215926143	3759.7205455861
3	1576	39333.496413692654	4832.5793798505
3	1599	39611.265125413972	3720.8936960144
3	1603	39624.905344513998	3547.806437089
3	1635	40724.071535234887	4262.2329352671
3	1643	40890.895524602457	4481.6766450612
3	1652	40918.496908075929	4337.0756149581
3	1674	41494.804684612516	2976.3985523577
3	1678	41670.655136638868	4685.7228158083
3	1721	42747.802026299833	3993.9982367175
3	1725	42750.162970699192	4501.2276710842
3	1743	43082.095418768078	4553.9691625501
3	1793	44190.682194117279	4835.5352971209
3	1812	44366.758486842811	3828.2369713135
3	1820	44757.598554836202	4855.4731168092
3	1831	44920.308321300716	4149.7867816317
3	1835	44953.506460050195	4081.9687347611
3	1845	45271.791544453788	2310.0134976646
3	1849	45359.635105346877	3146.3619123395
3	1886	46316.839678777205	3156.0850175596
3	1890	46340.344871785108	3367.1616303659
3	1894	46348.015262084156	3976.4227545881
3	1949	47603.596991300657	2825.3558341415
3	1958	47708.588146017939	4133.7209188883
3	1976	48095.999015401666	2520.3088049787
3	2007	48792.804486378644	3755.9888569741
3	2020	49031.770719411647	2136.0675908346
3	2054	49686.843134972411	3226.2437822856
3	2066	49934.31662742128	2742.2886123138
3	2085	50258.839355950107	3138.6067406832
3	2099	50412.041846207206	2918.816898879
3	2106	50548.646307346275	3100.3020008966
3	2121	50717.305204915677	3664.8510898042
3	2125	50725.340322126498	2156.9384040626
3	2131	51208.86811873955	2090.5602731203
3	2135	51246.234408245286	3099.5236395256
3	2168	52292.725923573579	2851.4754922595
3	2190	53135.799539715683	2723.8565225992
3	2218	53932.320190651974	3369.7117586291
3	2232	54021.767508647607	3725.123208873
3	2245	54218.729424609503	2595.1557402805
3	2263	54941.368671748059	4137.6598120598
3	2267	55137.809307540467	3385.7659035838
3	2299	55915.364693824483	2219.1035844013
3	2311	56068.193213320814	2389.869339494
3	2321	56321.492334184439	4474.1000306373
3	2325	56972.475587953244	2107.5264934637
3	2366	57716.946516756249	3772.9658788782
3	2378	58110.268506397696	4324.1701847768
3	2393	58497.555953408023	3567.8553436434
3	2420	59184.979917607078	3081.336349519
3	2424	59512.818958316589	3873.8561725058
3	2436	59685.827799518252	2403.6914584971
3	2443	59876.56068134568	2298.096114457
3	2502	62236.380140281933	3255.8527135849
3	2506	62372.759888240177	2679.2112090345
3	2542	63796.880385618377	3241.9357932558
3	2548	63899.912275346024	3355.4899816867
3	2582	64643.943633924279	3020.1919584122
3	2609	65218.796734474626	3935.3419931352
3	2618	65244.231465462315	4310.4076692305
3	2622	65833.135690049919	4137.1073826455
3	2639	66174.014426041421	4228.4031937303
3	2657	66543.070036734496	4762.4108025235
3	2676	67082.135892346221	3510.5251894909
3	2696	67522.156930317822	3600.5462633412
3	2704	67980.52913745868	4142.9708285284
3	2732	68655.342531216372	4883.3708107719
3	2767	69265.05252034687	4424.9488025906
3	2817	70292.99630252989	5384.4444089205
3	2838	70813.641639594017	5916.1578685224
3	2850	70950.586846427102	4616.0011838933
3	2855	71190.734060307075	2847.4866541942
3	2886	71713.741885535447	4299.4971086663
3	2894	72129.290952247609	3971.1307153604
3	2910	72527.354022966418	5667.8990910291
3	2969	73785.649186384905	5236.6120924029
3	2988	74298.024526452674	4750.8594567384
3	3003	74738.668206849177	4702.1950053244
3	3039	75469.177550704871	4853.7586906006
3	3043	75574.85077895227	5458.5633306405
3	3052	75786.292036793237	4965.790312354
3	3069	76243.861675756081	5374.7191547469
3	3099	76968.756746280049	5439.9592554178
3	3103	77037.793468678092	5846.437417014
3	3136	77874.442686208567	5447.4144514457
3	3140	77935.546350274264	5939.7557169198
3	3189	79525.156652014732	5611.9284683803
3	3202	79765.583271328389	6744.1147104297
3	3242	80229.93530010218	5038.8202183157
3	3246	80252.112456476344	5284.289229852
3	3255	80356.020739655971	7003.2230103458
3	3312	81546.372217955096	5571.066221028
3	3316	81654.69563918191	6402.6375701512
3	3338	82166.421723200982	5877.2957013188
3	3342	82220.208985017335	6877.166137536
3	3375	82913.020540628305	4202.8595415596
3	3383	83045.016992188713	6965.9904451532
3	3401	83493.014600642999	6804.0769015784
3	3405	83731.60176836299	5496.4592563288
3	3425	84312.477266968881	2900.0929005114
3	3437	84439.27306788387	4670.3082577069
3	3452	85124.396755136579	5054.5088868305
3	3470	85868.028874993265	2520.5715276115
3	3482	86471.245134570537	3369.0066444408
3	3512	87226.533692778035	1773.2340211608
3	3536	88248.272504352099	3230.8587489557
3	3548	88498.466224093369	1857.3082975857
3	3578	89071.782837482211	3212.6044143364
3	3590	89700.960534424012	3124.1929760948
3	3621	90276.14593874701	3193.0786650004
3	3634	90533.34436889742	3630.7329706982
3	3678	91628.873895416293	3091.6281185299
3	3709	92104.590319739867	3147.6761902536
3	3729	92264.675121121322	3765.621464951
3	3736	92461.985220909331	3759.0521149269
3	3740	92558.802300570745	3841.9553008365
3	3749	92801.244412958834	4049.0790575303
3	3753	92822.98352485544	3534.3419579376
3	3779	93582.009478463073	4054.8325597674
3	3783	93625.098868850876	3800.2847867392
3	3799	93922.139561264268	4194.9385004098
3	3810	94077.853800202211	2824.6688632004
3	3840	94787.802571328571	3425.7112190787
3	3880	95954.204527382021	3666.2892139835
3	3889	96145.201399470171	4071.1701337079
3	3895	96252.755613438999	2594.5938201007
3	3899	96561.478948304687	4413.6625943062
3	3948	97772.094176849565	3905.702306454
3	3974	98361.286765067165	3810.2463223387
3	4001	99133.002018904737	4370.5596013029
3	4006	99163.672074647879	4562.1891003846
3	4018	99732.563037323092	4291.2764439481
3	4030	100502.171636857899	2601.7450234015
3	4058	101401.720321225218	3903.9050725452
3	4078	102231.242464607934	3228.5489164665
3	4093	102568.160182891894	1772.8831707872
3	4105	103066.933738654801	2341.71463673
3	4189	106252.576740328664	2063.8947523199
3	4193	106474.034883079328	2712.8664485179
3	4197	106481.315216734552	3137.1607360896
3	4205	106791.036501303757	1858.0242526145
3	4262	108571.892715065406	2370.5817092489
3	4279	109133.986078885194	2917.3895733152
3	4323	110152.9087272162	3417.6870274523
3	4345	110835.155496655774	2549.5787089025
3	4446	113255.905329255985	3960.9628132017
3	4450	113309.167218812783	2998.4822561789
3	4454	113396.320699797053	3487.3080385573
3	4462	113498.318023035901	4217.5675658021
3	4488	113945.048631696628	3432.7382291673
3	4504	114210.229100384315	3413.5554232675
3	4508	114462.880075820287	2567.1957780699
3	4543	115321.77643357267	2972.2641110322
3	4549	115473.676304806997	3736.3899431987
3	4572	115956.588560630608	3877.0046167006
3	4581	116006.895543724896	4792.6660518129
3	4605	116637.448960314071	3833.1708789542
3	4629	117436.218346454701	3633.58517216
3	4646	117683.026508976747	3915.6123068401
3	4657	118044.306794167062	3918.410676652
3	4675	118275.024432546125	4217.7821744028
3	4695	118651.89095672131	3835.2171098069
3	4703	118897.096273572226	3385.7094262745
3	4715	119276.29225924102	4241.7143098239
3	4719	119422.217301827897	3880.462439352
3	4741	119887.310852936136	4561.6424041017
3	4753	120165.484267973008	3070.6990315459
3	4761	120385.431202784678	4773.7030773899
3	4765	120518.759311809245	2605.6292993385
3	4797	122483.995572036615	3002.8213250265
3	4851	123678.466464471846	1969.0399886202
3	4855	123901.490280174598	2788.5882524773
3	4921	125746.658165329153	2492.016344117
3	4933	126013.53484899273	3103.4763235737
3	4966	127071.955811904794	3757.8883841537
3	4970	127211.129959630797	3023.1714439147
3	4993	127979.10694035717	3813.0152738164
3	5011	128388.937614445727	2269.8837714829
3	5015	128628.919244707312	1604.4600516837
3	5039	129228.936585138204	2275.6547446735
3	5072	129961.892040950487	2664.1897829343
3	5118	131397.13936114212	3106.7675974553
3	5122	131598.156976840699	3486.7681073298
3	5139	131859.950797638178	3865.0401641149
3	5143	131896.034101019552	2960.3298190309
3	5179	132798.26785600397	4021.0563706288
3	5189	133163.749402048936	3738.3463978207
3	5206	133483.359452231108	3665.8260445097
3	5241	134135.227541192374	3716.0732463563
3	5247	134485.540885861271	3860.1799769097
3	5282	135650.038468032083	3913.4881636934
3	5296	135777.455879185602	4739.1721143632
3	5317	136340.516950098106	3231.7084357852
3	5350	137259.013919407755	3572.8690478708
3	5381	137930.975384176646	4208.2394930342
3	5385	138008.014725866968	4376.8639443962
3	5417	138749.87717816259	4946.945538629
3	5421	138846.368022360777	4500.0620090044
3	5425	139078.537846985212	4417.5697629747
3	5454	139842.003294494873	4123.3649102462
3	5468	140120.540849781836	6107.2685324357
3	5472	140211.976015387357	4857.0550057228
3	5502	141279.088486046469	4297.7266985065
3	5511	141349.069070868447	4963.1090487948
3	5552	142720.535507915795	4598.5449084729
3	5556	142733.473210600144	4841.2369613694
3	5570	142968.346743794412	4836.9557711054
3	5617	144220.969404346553	5478.8663785215
3	5643	144845.422472717494	5295.3335051739
3	5652	145085.423367657942	5445.1379289065
3	5666	145301.524109673929	4305.884965916
3	5686	145779.639062980444	6130.0492520491
3	5696	146048.329271000132	5827.8619642433
3	5705	146148.228583243919	4410.9703256492
3	5736	147033.332305713496	5165.0067288122
3	5744	147187.12507527439	5113.0290775458
3	5763	147470.880102446556	5227.9755568533
3	5783	147829.342307980415	3817.050590827
3	5793	148145.91879339417	5160.4736821139
3	5819	149110.578173507258	4681.3350589052
3	5856	149600.781920184321	4180.7905914044
3	5864	149859.623267059153	3453.8999452882
3	5892	150732.540034559798	4825.8777332329
3	5920	151184.0039882355	3959.9637127018
3	5948	151579.540928323996	3433.7406811819
3	5952	151635.192030720665	5272.4545026567
3	5968	152065.590399747025	2818.5544644582
3	5976	152331.85923494516	4691.8428462168
3	6001	152654.322978128922	3312.778710446
3	6005	152770.153495245553	3213.5796447121
3	6009	152791.854950689033	3871.5596448296
3	6071	154073.95999963048	2920.8235817759
3	6086	154434.995771939806	3667.4459590717
3	6095	154520.421972429632	4750.6151909223
3	6111	154785.752378777844	5063.9906622986
3	6126	155092.779511106141	4272.1798728944
3	6130	155195.689631939187	2770.6539475651
3	6155	155698.055375871491	4521.0423353164
3	6171	155868.911439405066	2784.7172422371
3	6195	156468.754444536693	3660.3655562512
3	6199	156482.303211913687	3368.4745894892
3	6216	156923.4875101282	4041.1551492406
3	6237	157392.736315453679	4201.0649387869
3	6263	157729.88885812921	4600.7773148275
3	6289	158384.939309327185	4641.8582015661
3	6293	158546.1803988612	4376.7323487063
3	6330	159354.958107132718	4630.9815539526
3	6338	159537.604697981161	5660.9250915847
3	6353	159808.846093519834	4573.6390768198
3	6386	160386.999922334158	5066.2578811811
3	6425	161312.447046042664	5469.7994648737
3	6451	161993.596052314398	4752.0935598742
3	6507	162956.983980863598	5458.0208154003
3	6520	163330.651713084683	5890.5369335626
3	6547	163864.614643362594	5661.4653616699
3	6566	164211.545244354067	4539.5984132308
3	6570	164290.012618006451	5011.4147268852
3	6601	164908.31698593801	6623.9421791848
3	6609	164982.295681127591	4834.565954003
3	6620	165073.410238042728	2682.6833356107
3	6629	165320.859224834723	3950.6072447058
3	6633	165461.789085689244	3568.7495535282
3	6677	166196.526685064912	3588.0257449252
3	6689	166438.795242548243	3266.156447656
3	6713	167009.274573220194	4690.8261262904
3	6722	167114.505410246805	2908.3759316477
3	6726	167171.69227702196	3157.679511375
3	6750	167630.17286058975	3171.1766398605
3	6765	167980.820821813551	4893.3291384013
3	6792	168518.829855048038	3852.8213660075
3	6806	168870.793285063711	2767.0280098776
3	6854	169791.158182616286	4190.543115604
3	6870	170124.556281660926	3666.5540744045
3	6890	170696.098145724941	1850.8173908293
3	6898	170794.298258420335	4587.9293422358
3	6917	171555.088205615127	2261.6770616546
3	6921	171600.484957717095	2301.5085891379
3	6925	171680.659044605068	3132.757085748
3	7008	174092.093628224054	3751.5457770391
3	7022	174359.240149807245	2886.3454215898
3	7070	175952.465330573383	3026.3081232179
3	7103	177409.27357287072	2652.8230535332
3	7115	177662.827263909405	3100.8688499406
3	7131	178070.044920808766	2573.6421636958
3	7135	178210.144986834991	2471.6380107589
3	7175	179453.08992456332	2195.2220711578
3	7217	180354.416926407211	2678.5432547517
3	7233	180767.21479877999	2962.2452602442
3	7275	182021.518249546374	2840.0691031292
3	7301	182693.201133259455	3397.8366757371
3	7307	182823.048954413544	3447.7221721319
3	7313	182930.930160262818	2807.4803184045
3	7333	183277.468392252444	3056.2343976703
3	7343	183582.388409324805	3202.4283710187
3	7364	184267.259926230918	3247.5666264003
3	7395	184972.496400036145	3368.1097544823
3	7406	185307.126395710039	2384.3721900291
3	7425	185601.323388334718	2940.2301260177
3	7433	185778.375029422569	2519.9962801673
3	7471	186515.154242565963	2497.9028540387
3	7478	186919.694994472507	2469.7050460707
3	7485	187162.217543473822	3658.5765758017
3	7515	187907.629371793829	2355.5490479618
3	7530	188311.224216986793	2217.4372094125
3	7553	188794.495654531441	3794.6540451888
3	7565	189131.201533279633	2380.4056756105
3	7598	189759.792447154454	2517.8411188815
3	7617	190150.830989209048	3077.5957816063
3	7621	190409.162159998145	1731.8616731265
3	7625	190457.51675355698	2377.4079109076
3	7650	191342.600349578881	2197.7153032087
3	7670	192177.117893416588	2288.4525431413
3	7700	193226.525848407481	2126.2822735962
3	7723	194105.882090408075	3389.1545319557
3	7744	194680.810958217978	3581.9410532434
3	7778	196158.084465471421	3756.4582709223
3	7791	196471.570589988766	3075.1546605583
3	7810	196682.240333441967	2557.7354592551
3	7827	197315.124045126999	3033.916593818
3	7831	197458.238136565021	2954.1299005877
3	7860	198341.911714933405	2015.7121355552
3	7864	198374.133648145917	2593.1658072118
3	7868	198560.33830910283	2536.8597488757
3	7891	199234.907618341941	2840.7808142776
3	7906	199560.14103879514	3023.7753600102
3	7925	200202.33042399876	2025.1193163916
3	7951	200712.150663296505	3033.8686655089
3	7975	201700.286688136945	2505.0123885088
3	7984	201829.59773112296	2577.130970126
3	8018	202737.705670504112	2858.1281740671
3	8049	203216.954620991217	3370.1989946421
3	8069	203679.814714940479	3392.734113637
3	8073	203852.495525636094	2933.7395762376
3	8103	204512.224626297447	4288.2946385908
3	8109	204632.620990740451	2659.1091566796
3	8156	205464.188606909553	2837.7912989994
3	8160	205572.883632018308	5264.8781680927
3	8178	205864.573985634688	2980.6976618954
3	8197	206249.689873087297	4243.5444885619
3	8216	206745.332895292286	3833.8147057416
3	8220	206753.188122168397	2141.6860180837
3	8233	207183.007241522511	2350.8042633813
3	8246	207425.068518559526	3961.0688246913
3	8296	208580.682573246091	3131.1295141093
3	8300	208606.679055902725	2960.0394893464
3	8350	209358.010457071827	2508.6259877309
3	8366	209962.224691178841	3239.1905012047
3	8370	209972.528895413694	2719.0650167817
3	8374	210241.381705951817	1942.616361911
3	8396	210672.705701532713	2442.8556372877
3	8424	211372.487573062421	4093.8737097383
3	8431	211467.697928826265	2919.7680801176
3	8458	212466.835544108354	3450.5774266724
3	8476	212712.973092183662	4366.2964490688
3	8484	212760.373441203438	4053.0848626314
3	8502	213563.591273412921	2157.1143041924
3	8543	215238.060116051849	2946.2235382386
3	8547	215406.323059053313	2840.8174407226
3	8566	215794.782544095712	2566.1646495722
3	8574	215816.31607808237	3255.7173339464
3	8581	216135.04246160737	3647.7145225927
3	8585	216166.856343076276	2849.483871131
3	8614	217097.653498082575	4474.255717316
3	8631	217778.307875491444	3788.5608624355
3	8644	218168.760099562658	2645.548752062
3	8657	218230.922188365075	2201.4949425682
3	8703	219444.238820599947	2689.9052435998
3	8734	220057.392231009143	3253.6349773218
3	8766	220377.987714766462	3795.0381237734
3	8782	220563.383792850363	2364.8071497704
3	8798	220780.642079330964	2124.0188691313
3	8810	220972.437252852072	3363.8342831237
3	8833	221506.700173331901	3051.8926373761
3	8855	221922.641254069267	3230.5390195794
3	8864	222023.26866270463	2689.9937278083
3	8876	222181.915828378115	3316.2560047687
3	8898	222513.147852508826	2559.3511460408
3	8906	222872.524031342183	3675.1908454348
3	8975	224281.386401645822	4104.3885162462
3	9006	224936.736512307061	4430.5188349809
3	9022	225029.041474323703	4579.0033291394
3	9049	225460.996199931933	4605.0072130167
3	9057	225727.17479662223	5171.194776524
3	9061	225795.197680133568	4697.5459143558
3	9090	226287.837653259921	5076.2795333324
3	9098	226524.143036636069	4881.7217700688
3	9103	226533.769204443798	5574.3269170214
3	9127	227081.340169037867	4878.0897982551
3	9131	227089.982778462127	5313.9185134336
3	9152	227811.922329056252	4592.7793667213
3	9167	228191.370796181245	5885.3423787163
3	9171	228217.711336747289	4926.3987583849
3	9202	229137.532015067699	5431.6523292283
3	9219	229718.44132669008	3053.9381834975
3	9232	229867.423527056335	6095.0142567073
3	9253	230228.513400000065	6183.3435217048
3	9262	230559.953712461992	3436.088871129
3	9309	231643.75560761614	3898.1142030886
3	9337	232381.46693481107	4382.985121624
3	9341	232461.33551209903	4041.1438113181
3	9356	232893.897748498229	4452.3966666109
3	9371	233436.307608978569	3436.2484623826
3	9460	235160.855562842624	3156.3506145245
3	9468	235504.524823315334	1820.6680746955
3	9479	235614.143710594608	4320.6340398501
3	9497	235948.080162699114	1837.3696211167
3	9506	236124.311767753196	3128.8802667346
3	9536	237096.829506594915	2770.6107256003
3	9574	237803.147360435339	3548.9323728997
3	9579	237992.395053799044	3558.9769501922
3	9588	238114.797946026775	3606.5857397159
3	9616	238578.703119638028	3943.9318182884
3	9626	238961.990001364263	3876.6366965298
3	9637	239143.193719605567	4495.8750346319
3	9665	239673.022850272026	3349.1119630689
3	9673	240030.218973546069	3454.7145263759
3	9697	240290.447474014597	3956.2681112326
3	9719	240736.132343102473	5125.2228561789
3	9723	240930.677379634943	4209.6976139463
3	9733	241283.801236641246	4621.431706052
3	9759	241806.414380552958	3496.5623191879
3	9771	242053.221761653911	3617.8951991535
3	9793	242804.522503218393	3667.0125524452
3	9834	243877.286061350966	4236.6316860731
3	9844	244213.130582444954	4532.7497503177
3	9875	244648.82681857631	4534.3213877936
3	9885	245054.851710791479	4493.706902874
3	9891	245183.996536627639	4617.9081851559
3	9904	245527.595037552182	5808.3553072372
3	9936	246071.552673945914	4532.0564842114
3	9948	246554.752254341383	5469.1527578775
3	9952	246624.237368493119	3243.484738839
3	10017	248249.17199312209	3732.2049812389
3	10021	248262.624805862794	4187.6767020879
3	10044	248734.703348119039	4179.2776766617
3	10072	249644.059409270773	4264.8226201051
3	10089	249886.237379720662	4859.5969893463
3	10104	250219.075027894814	5075.6190918322
3	10108	250362.988545088807	4919.1033379686
3	10119	250529.567349300016	4771.5582341187
3	10144	251316.385934664521	3861.1837010845
3	10152	251384.139564544547	5392.3004871538
3	10166	251601.826423038508	4664.2656349508
3	10183	252198.708609974239	3898.3606310883
3	10187	252244.86494224355	6231.1853556271
3	10213	252897.516175643195	4782.2993684052
3	10235	253324.914832867911	4749.9193282518
3	10251	253601.906600980799	4690.1994837917
3	10281	254720.266099710246	5292.1763504996
3	10290	254737.030746624459	5714.2954573216
3	10309	255359.34444392868	4927.3733096237
3	10324	255631.181312338103	4669.8180055679
3	10328	255653.817643959304	5688.9921685629
3	10346	256169.203400448676	3285.4618433758
3	10365	256438.248523751502	3980.7163930584
3	10386	257005.903245708559	3680.85650289
3	10405	257331.416554518746	2466.8071159534
3	10472	258549.170276052098	1854.7462079843
3	10477	258564.800745486062	2518.7321056628
3	10505	259295.02950150032	3221.5026287416
3	10523	259822.990119731764	2588.488696625
3	10535	260149.15902355189	2157.3018817976
3	10539	260205.955527357438	2463.3011161443
3	10548	260340.868974369355	2532.4464916158
3	10586	262050.769273874366	3347.4511405919
3	10623	263117.151229383879	1627.6323577669
3	10643	263369.823493512802	3049.7370883217
3	10652	263531.156869207266	3800.2345768455
3	10656	263699.125593791239	2072.6369114281
3	10663	263987.327520263138	2127.1365018527
3	10671	264002.707955071834	3678.9415279502
3	10682	264468.289956415827	1857.3923566751
3	10700	265124.862913524693	2700.4434041865
3	10715	265956.236578759657	1878.2080527116
3	10741	266470.51625553797	2550.4399088211
3	10760	266968.045281082402	2340.181332333
3	10775	267317.732363483812	2079.6978958324
3	10779	267359.992870837533	2719.5859227329
3	10793	268112.917063361257	1980.4098238517
3	10823	269348.835179691379	3157.0893486589
3	10851	269956.773932903503	3115.9497270361
3	10880	270796.043047518913	1547.6310557965
3	10912	271636.925258470707	2554.156844588
3	10938	272544.524511550996	2739.5241131541
3	10954	272916.938804166399	3098.212703647
3	10958	272944.833280783444	3428.4378054366
3	10989	273418.285322109309	2394.6875124145
3	10999	273753.044564449094	2516.7445724923
3	11013	273910.105325520757	2775.3948441893
3	11024	274287.095875618264	2052.4578213785
3	11052	275100.800850015851	3403.9334354974
3	11060	275113.434135307774	2500.8650851022
3	11081	275695.833120305809	2391.4959226144
3	11099	276001.122424133839	3157.8713620884
3	11110	276251.269389487876	2898.3762665634
3	11114	276294.230937787117	2619.5324622437
4	197	6768.599725206927	3155.4609751723
4	203	6896.650903956787	3507.5626717623
4	243	7337.141054142656	2911.7307372906
4	617	16027.023276841089	4168.7567540355
4	724	18729.470765720666	4978.7080280478
4	858	21886.229390855492	3507.3864919344
4	931	23472.68800066823	3604.7240344735
4	935	23734.681621538865	4289.6472465356
4	993	25215.686736410305	3985.8539666507
4	1038	26425.755167795167	4292.8285894134
4	1121	28051.905522323967	5834.2910141584
4	1205	29569.759301663922	3502.9416991066
4	1209	29596.880973912389	2363.7012869227
4	1263	31031.411383949042	2915.0135685447
4	1305	31966.547788800745	3363.4219141795
4	1448	35650.311733517617	3012.1706807125
4	1479	36501.03861986621	4479.7977215646
4	1504	37506.640316681759	3464.3816485857
4	1590	39467.187988897859	4119.9960169119
4	1717	42724.388108952045	4483.0787298588
4	1780	43962.572162132785	3489.8888414866
4	1954	47631.79968262053	3718.6093662971
4	1980	48121.17676192902	3854.4552501243
4	2077	50126.536796307986	2743.9981219166
4	2224	53957.94968138447	3445.385108795
4	2397	58562.071739640851	2384.0280076861
4	2428	59561.354879136005	2449.8579549977
4	2463	60685.106712937735	2205.290269414
4	2588	64861.90609408826	4233.4946459054
4	2719	68318.520366729278	4148.4346529229
4	2773	69297.197440176922	5120.4665352721
4	2777	69474.658628078206	4874.8456562464
4	2866	71313.808987988188	4922.8226806432
4	2948	73398.051739961881	4737.2484860367
4	2952	73454.235518959392	3917.1842972199
4	2965	73700.262189455051	4804.0059779342
4	2994	74398.380529464875	5125.7473715589
4	3112	77368.812316333597	5413.3562152299
4	3198	79743.49312472502	7096.6677379471
4	3222	80032.487716916978	7048.3243057839
4	3264	80601.998695296889	6211.7795235824
4	3308	81542.722355251854	6303.4694636702
4	3367	82762.264677000274	5162.4859526335
4	3413	83946.743657257131	4026.158306731
4	3445	84700.531536920969	3457.088149164
4	3613	89951.700739553577	3101.1813778897
4	3669	91375.594765482894	3626.5591693086
4	3832	94754.381732801189	4463.6777849321
4	3861	95433.734659673904	5038.1956921446
4	3982	98429.07422765573	4476.9386229071
4	3990	98880.194970453416	4109.4348989355
4	4014	99534.405921487561	3359.9128985866
4	4026	99943.117324924355	2953.8603793622
4	4101	102879.743041273931	1890.7736632414
4	4123	104102.381276265108	3027.0416259848
4	4152	105166.116626904607	2753.258975856
4	4232	107253.073642148274	2172.1353445575
4	4258	108462.207211446514	3020.1749627944
4	4314	109977.599176256483	3315.1139523446
4	4333	110342.193536993857	3409.1396410755
4	4376	111260.063117050232	3507.2755956757
4	4380	111563.38119616643	2301.6322643682
4	4384	111588.964129942035	4438.1819053254
4	4494	114061.017771902535	3113.1573725901
4	4601	116441.507634135561	3262.1006650394
4	4733	119596.608052569483	3576.1925939735
4	4816	122901.509010703813	3349.0127800126
4	4861	123957.834057419263	1644.5547645539
4	4884	124515.608077854692	3365.0962206209
4	4925	125812.867622936194	3135.2258958668
4	4944	126129.155885884694	2658.239645791
4	4952	126793.745191204379	2889.9722875514
4	5078	130584.377127527198	2539.7702681087
4	5175	132787.417710368762	3874.761948262
4	5198	133230.602653847317	3592.6027456368
4	5292	135759.215519047582	3917.2754452368
4	5331	136733.921252549564	3109.5523086857
4	5346	137089.599571969614	4596.9214158713
4	5522	141839.093411994408	5759.0883237485
4	5576	143161.824855973255	5851.9279221851
4	5627	144546.588370106121	5446.9306157553
4	5740	147186.195628881708	5176.419961342
4	5779	147786.087332791588	5744.6363984358
4	5823	149120.044168514442	4910.4506267012
4	5960	151978.158794279453	5068.6900793963
4	6041	153226.967787588886	5072.3502025507
4	6227	157071.7031662271	3944.2401131875
4	6315	158918.674118895955	4299.2678953562
4	6347	159653.28246365761	4797.0142422135
4	6399	160812.680519778535	4905.0574811119
4	6408	161074.947974939153	4072.9311526704
4	6455	162033.849502700624	5687.9970295879
4	6464	162188.060211487986	4744.3186717494
4	6470	162268.861251800564	6019.2438212915
4	6554	164120.023825188411	6557.2831179682
4	6695	166564.599281178099	4309.6710217954
4	6769	168106.800335861055	3105.0727688157
4	6785	168415.976895840151	2223.2864767841
4	6845	169752.556795497161	2031.9943547063
4	6866	170054.238622971547	1567.3742492882
4	6951	172317.273438366199	2769.0507806686
4	6972	172757.453738000564	3434.3789889307
4	7017	174272.739145977482	4046.9528295938
4	7033	174704.506660101995	2771.2210763654
4	7037	174716.921908695319	4141.552985856
4	7044	174988.827259827465	2994.7022544084
4	7056	175393.9740925823	1987.3723914643
4	7187	179966.236249501805	2947.9784779251
4	7204	180075.472657834262	3867.4153286777
4	7237	180869.135754969891	2875.1705240442
4	7279	182048.261551031183	2755.8880316187
4	7391	184918.92118027817	2337.6309652068
4	7437	185799.985367985549	2984.020239391
4	7557	188931.955704059417	2997.0085912663
4	7609	190003.576105151501	2499.2366668861
4	7685	192636.309317602828	3232.0836739149
4	7704	193249.14985370185	3644.5711263455
4	7756	195216.924743663651	2227.0010572392
4	7935	200390.357044945782	2820.2707663737
4	8031	203007.94821234707	3046.7864637756
4	8113	204651.077528858771	3998.3208923214
4	8126	204760.244566200617	2215.1716095717
4	8270	207892.197563959476	2089.7378801834
4	8339	209043.955222390783	3027.89424165
4	8354	209362.200241933726	2477.2392773378
4	8404	210721.29444159959	2869.3597921542
4	8462	212472.76183522698	3119.1046387354
4	8748	220187.788457117958	2864.9175110646
4	8825	221349.201038002211	3134.1706331548
4	8894	222447.780249437301	3564.8298594311
4	8924	223556.957098603724	3278.5737501045
4	8988	224431.233718848961	4255.3690960436
4	9040	225267.713428258138	4594.6843673386
4	9045	225392.567995350791	4340.1624968381
4	9141	227344.334742123738	5505.0470463661
4	9275	230835.840802948905	3855.3332958568
4	9305	231468.04439540927	1490.7903792243
4	9313	231772.698550454515	4703.0518751587
4	9394	233809.249786836919	2593.1531900167
4	9398	233864.252942807215	3802.8480660318
4	9402	234003.845429189486	3891.8501017823
4	9454	235007.229094076794	2460.61054397
4	9622	238750.041176187586	3872.1618515316
4	9775	242068.325101182092	5060.6590661554
4	9799	242963.067495538633	4755.0461885906
4	9823	243659.90104624838	4998.5184567069
4	9944	246529.349489704002	5066.0218121989
4	9981	247408.791888196248	4480.8529367985
4	9991	247807.660902128208	3944.7640378933
4	10202	252600.122911152209	4640.6541911128
4	10298	254744.701801564774	3947.9528286039
4	10421	257742.584660039063	4123.2178545344
4	10459	258268.758555161546	2782.8421327844
4	10489	258827.815597914648	3415.4320403002
4	10497	259009.279143693636	3522.6758255901
4	10501	259103.909248281759	2718.8767367961
4	10635	263232.924622817096	3812.6922026463
4	10831	269492.36887253957	1678.9460984276
4	10864	270414.661582258785	3236.5741486195
4	10872	270553.223084109114	3001.9526695926
4	11056	275112.965787643638	3731.9606606691
4	11125	276680.887752060564	2706.1153523416

