version 2
run Iteration-89-20200521-09:56:34-72548
attr configname Iteration
attr datetime 20200521-09:56:34
attr experiment Iteration
attr inifile omnetpp.ini
attr iterationvars "$i=12, $j=2, $0=15-(12+2)"
attr iterationvarsf i=12,j=2,15-(12+2)-
attr measurement "$i=12, $j=2, $0=15-(12+2)"
attr network Network
attr processid 72548
attr repetition 0
attr replication #0
attr resultdir results
attr runnumber 89
attr seedset 89
itervar i 12
itervar j 2
param **.resourcePool.amount 12
param **.resourcePool1.amount 2
param **.resourcePool2.amount 15-(12+2)
param **.source.interArrivalTime exponential(6min)
param **.delay.delay uniform(4min,28min)
param **.delay1.delay uniform(10min,28min)
param **.delay2.delay uniform(4min,16min)
param **.allocate.resourceModuleName "\"Network.resourcePool\""
param **.allocate1.resourceModuleName "\"Network.resourcePool1\""
param **.allocate2.resourceModuleName "\"Network.resourcePool2\""
param **.deallocate.resourceModuleName "\"Network.resourcePool\""
param **.deallocate1.resourceModuleName "\"Network.resourcePool1\""
param **.deallocate2.resourceModuleName "\"Network.resourcePool2\""
param **.router.randomGateIndex "uniform(0, 1) > 0.2 ? 0 : 1"

vector 0 Network.allocate queueLength:vector ETV
attr interpolationmode sample-hold
attr title "queue length, vector"
vector 1 Network.allocate1 queueLength:vector ETV
attr interpolationmode sample-hold
attr title "queue length, vector"
vector 2 Network.allocate2 queueLength:vector ETV
attr interpolationmode sample-hold
attr title "queue length, vector"
vector 3 Network.sinkStat lifeTime:vector ETV
attr interpolationmode none
attr title "lifetime of arrived jobs, vector"
attr unit s
vector 4 Network.sink lifeTime:vector ETV
attr interpolationmode none
attr title "lifetime of arrived jobs, vector"
attr unit s
0	0	0	0
1	0	0	0
1	23	1213.662495176928	1
1	32	1552.705199384974	2
1	34	1654.915924304767	1
1	40	1714.429303558852	2
1	46	2143.447269044354	1
1	55	2330.651249163886	2
1	57	2549.944241074516	1
1	67	3099.391480746867	2
1	69	3193.768270454838	1
1	81	3528.721309732317	0
1	86	3633.472208170923	1
1	105	4247.776620603635	0
1	113	4370.78008349589	1
1	123	4566.877783983617	0
1	140	4857.859430368398	1
1	146	5162.375194318776	2
1	149	5184.50508437219	3
1	152	5185.948820849117	4
1	155	5284.38060792204	5
1	163	5457.074176375839	6
1	169	5827.455125222595	7
1	171	5901.456153580456	6
1	176	5923.484848864555	7
1	179	5994.16848839231	8
1	184	6037.391094108715	7
1	200	6218.500507059974	8
1	203	6311.661020403864	9
1	206	6381.262255965217	10
1	209	6503.880641398183	11
1	215	6706.07957549394	12
1	217	6749.741985415711	11
1	221	6766.474274547308	10
1	233	7590.880092663228	9
1	238	7656.798077494726	10
1	254	7996.483907196342	9
1	259	8004.09302385932	10
1	273	8626.886703667354	11
1	276	8717.779959859595	12
1	279	8919.312519202097	13
1	281	8940.119238784208	12
1	286	9077.006235953357	13
1	288	9207.198921778708	12
1	298	9528.367440524834	13
1	303	9560.93249895577	12
1	314	9866.861282073671	13
1	320	10132.701704268331	14
1	333	10431.216521031692	13
1	341	10507.526617313852	14
1	350	10878.060302277763	15
1	358	11091.866458263576	16
1	361	11094.418699893345	17
1	363	11102.683332813575	16
1	371	11474.753475030153	17
1	379	11713.390590519803	18
1	382	11716.719686300157	19
1	388	11917.076233635331	20
1	390	12064.560355871453	19
1	395	12131.602635194656	20
1	410	12746.49163211663	19
1	414	13049.804266338705	18
1	422	13314.254234606541	19
1	438	14108.877823790207	18
1	443	14185.003427143149	19
1	459	14428.74827304995	18
1	464	14439.947572010466	19
1	467	14494.439476940533	20
1	470	14561.052149876375	21
1	487	14912.0825355752	22
1	493	15042.417129038636	23
1	495	15163.417662959218	22
1	500	15224.10858605589	23
1	512	15636.516545076045	24
1	522	15737.190558716192	23
1	526	15900.211317483008	22
1	531	15906.141308150499	23
1	534	16054.38366529929	24
1	542	16257.192441795736	25
1	545	16323.012869031514	26
1	548	16471.119557639378	27
1	551	16489.031112542512	28
1	554	17008.586017332177	29
1	561	17298.6975673507	28
1	565	17518.99105107379	27
1	594	18932.946402281195	26
1	598	18949.271790777802	25
1	608	19065.43915320685	26
1	611	19349.98042846599	27
1	614	19378.679627004508	28
1	617	19534.345516551952	29
1	628	19693.86362914192	30
1	630	19745.579044745773	29
1	646	20417.514534711377	30
1	648	20511.082635242164	29
1	653	20621.837900894942	30
1	655	20829.375137166589	29
1	660	20961.230751282007	30
1	681	21392.008165651604	29
1	689	21612.149530463131	30
1	692	21834.986668693888	31
1	703	22291.223517840142	32
1	705	22298.697003593206	31
1	729	22792.194530740052	30
1	739	23103.329567014169	31
1	742	23146.154819874281	32
1	745	23149.489509114873	33
1	747	23456.368129832208	32
1	757	23797.882584676183	33
1	760	23798.611478096384	34
1	763	23815.768583265291	35
1	766	24158.29836159237	36
1	768	24389.721122804567	35
1	772	24416.411469047561	34
1	790	25210.952753854668	35
1	792	25280.183699402496	34
1	811	25772.090825639673	35
1	813	26067.568578319296	34
1	821	26427.432379309711	35
1	831	26804.792376189962	34
1	836	26984.316577220261	35
1	850	27275.087306918411	36
1	852	27374.986307583421	35
1	862	28031.589740812653	36
1	865	28042.339900138347	37
1	875	28391.716760538057	36
1	880	28498.31238439348	37
1	888	28628.804173431962	36
1	904	29271.647105181126	37
1	909	29386.428994889974	36
1	914	29574.810763469916	37
1	920	29622.704211109729	38
1	931	29769.763308067776	39
1	936	29962.802078464538	38
1	941	29966.207763567997	39
1	946	30155.984971457764	38
1	954	30263.483494590831	39
1	971	30373.43938111749	40
1	974	30536.431390906707	41
1	985	30699.879028968595	42
1	988	30745.815074973397	43
1	996	31022.904732987717	44
1	999	31230.031078402967	45
1	1002	31318.949894126084	46
1	1004	31393.619943037301	45
1	1011	31436.316031386614	44
1	1027	31740.982955243315	45
1	1030	31907.2595512193	46
1	1033	31915.452424855557	47
1	1038	32190.802673045218	46
1	1051	32300.33759710157	47
1	1054	32344.340239989524	48
1	1057	32359.04969265757	49
1	1067	32595.47857455118	48
1	1075	32726.142747191219	49
1	1085	33360.60531716761	48
1	1090	33417.501960761282	49
1	1098	33756.910545635892	50
1	1100	34001.06489526248	49
1	1109	34090.833562472507	48
1	1117	34381.212744042334	49
1	1125	34838.207180290633	50
1	1130	35134.316613871143	49
1	1148	35660.260601512182	50
1	1153	35722.037166766494	49
1	1160	35839.845306213484	48
1	1165	35910.183196470635	49
1	1179	36222.771842997028	50
1	1182	36351.82103097752	51
1	1185	36617.752972027005	52
1	1192	36914.967137919411	51
1	1204	37224.626089000613	50
1	1209	37282.974992293028	51
1	1212	37305.958922279441	52
1	1217	37523.729570274845	51
1	1232	37936.055489882365	50
1	1237	38002.809233522725	51
1	1245	38057.212692201033	52
1	1259	38335.167333347464	53
1	1264	38771.633913078949	52
1	1269	38828.570806933291	53
1	1287	39558.875997673258	52
1	1298	39667.724499262107	53
1	1301	39876.097894739423	54
1	1309	40147.276815015553	55
1	1314	40299.468126333922	54
1	1319	40385.007957721521	55
1	1330	40842.979467758572	56
1	1332	41105.928396267354	55
1	1337	41185.528311737553	56
1	1340	41200.849775868076	57
1	1343	41311.344512044764	58
1	1350	41589.36718025212	57
1	1369	42266.023522113827	58
1	1372	42380.521900569809	59
1	1378	42448.024318797052	58
1	1383	42465.089042195723	57
1	1395	43104.787578126088	56
1	1403	43299.486062372084	57
1	1410	44028.356634445027	56
1	1415	44099.29197019363	57
1	1425	44602.443422078759	56
1	1435	44723.077757418001	57
1	1444	45118.559098785027	58
1	1453	45308.372285756887	57
1	1458	45380.602457664446	56
1	1463	45439.646969650751	57
1	1474	45824.82434318898	58
1	1493	46284.701627586352	59
1	1495	46316.721952762128	58
1	1501	46353.315260667818	59
1	1504	46393.75946030497	60
1	1513	46711.149495189549	59
1	1519	46872.771525675874	60
1	1521	46959.61563682151	59
1	1537	47310.143462919509	60
1	1543	47440.820071644022	61
1	1549	47643.921742701543	62
1	1551	47858.189864113467	61
1	1560	48000.79073581812	60
1	1565	48077.301273796027	61
1	1571	48119.390311283459	62
1	1577	48430.437134486422	63
1	1579	48466.56752964622	62
1	1584	48517.750340002822	63
1	1591	48841.023318823101	62
1	1595	49180.232953654142	61
1	1608	49573.8434194965	62
1	1614	49696.972899147061	63
1	1617	49845.673377579989	64
1	1619	50267.625576136308	63
1	1631	50855.487769424455	62
1	1641	50994.980379541061	63
1	1651	51450.272992169159	62
1	1659	52096.667305010983	63
1	1669	52149.913555729674	62
1	1674	52283.132403364659	63
1	1676	52392.284072106379	62
1	1686	52489.818093129057	63
1	1695	52954.068417240325	64
1	1703	53480.093181318112	65
1	1705	53635.568705005246	64
1	1709	53666.862213715451	63
1	1728	53988.170254610812	64
1	1731	54054.775692526082	65
1	1743	54508.381432891255	66
1	1745	54531.138649407314	65
1	1768	54949.561092080223	64
1	1776	55247.177863863023	65
1	1782	55265.880248391524	66
1	1790	55373.914220211347	67
1	1793	55489.667638916135	68
1	1796	55514.696673001402	69
1	1799	55593.474144905493	70
1	1801	55675.309383423539	69
1	1811	55852.784526662782	70
1	1817	55911.217427328235	71
1	1834	56237.231466571856	72
1	1836	56260.769788510772	71
1	1849	56488.157213259029	72
1	1855	56767.469189633254	73
1	1864	56896.89545091173	74
1	1871	57014.673944388433	75
1	1880	57314.043098388615	76
1	1882	57346.040783525916	75
1	1887	57604.971428848478	74
1	1895	57752.378509730574	75
1	1898	57788.489909882236	76
1	1901	57817.251551351166	77
1	1909	58001.469334962541	78
1	1912	58359.049726801901	79
1	1918	58403.286726254178	80
1	1920	58619.446074198606	79
1	1932	58904.702734920668	78
1	1951	59450.680259627407	79
1	1954	59535.37112330292	80
1	1960	59737.440166968393	79
1	1966	59753.811383475578	80
1	1969	59866.980117127329	81
1	1974	60176.486770305457	80
1	1979	60370.623805892041	81
1	1986	60866.691105627927	80
1	2001	61560.121284667077	79
1	2006	61657.473921123452	80
1	2008	61675.900339252788	79
1	2018	62254.543358197968	80
1	2027	62720.827633692334	81
1	2034	62861.712895612838	80
1	2042	63048.178817007585	81
1	2052	63298.198319954339	80
1	2068	63906.756545065894	81
1	2071	63931.819744658781	82
1	2078	64036.586795350211	83
1	2080	64040.849180519255	82
1	2091	64160.531332773629	81
1	2099	64467.859968286695	82
1	2105	64583.175321265004	83
1	2112	65043.08229869372	82
1	2117	65107.00898406513	83
1	2120	65107.936146812613	84
1	2126	65470.969561124208	85
1	2128	65516.689398735436	84
1	2137	65971.859714995611	83
1	2142	66032.254455070738	84
1	2156	66441.223205894286	85
1	2159	66558.047115492979	86
1	2164	66873.269351785677	85
1	2169	66967.057717408093	86
1	2180	67544.29341893608	87
1	2182	67563.31134218863	86
1	2192	67788.935414440604	85
1	2202	68016.40613464415	86
1	2205	68060.205068557818	87
1	2211	68312.069520258424	88
1	2226	68995.533864311548	87
1	2233	69193.241009015132	86
1	2246	69544.120354546566	87
1	2249	69599.584494751235	88
1	2259	70038.735425108718	87
1	2264	70146.833633034046	88
1	2272	70398.699309668977	87
1	2282	70579.256568127979	88
1	2285	70606.608941134818	89
1	2290	71070.911069467206	88
1	2300	71108.419641229194	89
1	2305	71317.637545112195	88
1	2315	71882.518177191415	89
1	2321	72159.459260741467	90
1	2323	72221.518555433963	89
1	2338	72722.969617051678	88
1	2343	72832.560481453856	89
1	2346	73287.207228842154	90
1	2357	73455.876594078284	91
1	2359	73576.142658601989	90
1	2367	73659.871252174765	91
1	2369	73690.673243710446	90
1	2379	74283.826711872751	91
1	2386	74446.098434591209	90
1	2391	74572.794006888006	91
1	2393	74796.484707314196	90
1	2422	75929.285672767741	91
1	2424	75958.456919910061	90
1	2428	76113.340681168725	89
1	2441	76647.597786453178	90
1	2444	76717.623287861578	91
1	2447	76737.427817880439	92
1	2452	77221.088610581597	91
1	2462	77425.179160149336	92
1	2464	77425.446707857448	91
1	2473	78732.788971578378	90
1	2482	78881.012860239958	89
1	2494	79853.573980165189	88
1	2499	79912.655180200329	89
1	2509	80336.439664065514	88
1	2517	80571.459491253455	89
1	2525	81051.590323963193	90
1	2527	81248.652840852414	89
1	2531	81353.972921791961	88
1	2548	82194.621146276137	87
1	2552	82714.744671741177	86
1	2562	82919.032356503749	87
1	2564	83364.354733572949	86
1	2579	83686.4553961265	85
1	2595	84216.660691246297	86
1	2597	84228.523257961173	85
1	2605	84537.525356304603	86
1	2608	84555.896898726424	87
1	2611	84645.301130699001	88
1	2618	84761.103381860546	87
1	2646	85464.32169264274	88
1	2652	85496.079043567104	89
1	2655	85514.683824977972	90
1	2664	85649.133760552447	91
1	2667	85692.483439855708	92
1	2669	85823.245224989627	91
1	2674	85908.265347474595	92
1	2677	86130.670499224042	93
1	2685	86357.66724095961	94
1	2687	86436.493115677974	93
1	2692	86471.280616189386	94
1	2700	86873.896706715787	95
1	2710	87249.00370595013	94
1	2717	87313.379332350111	93
1	2733	87997.1605066161	94
1	2736	88438.333881926691	95
1	2738	88446.438218652878	94
1	2743	88569.563759221778	95
1	2754	88816.317141065978	96
1	2759	88936.514029997876	95
1	2772	89215.644091044545	96
1	2775	89362.72525462887	97
1	2786	89923.578037303743	98
1	2788	90123.651457968775	97
1	2797	90526.550102356365	96
1	2807	90906.696668830149	97
1	2809	91008.047968092982	96
1	2821	91890.248284889061	95
1	2828	92057.629975938713	94
1	2843	92632.445210246045	93
1	2848	92725.468525990918	94
1	2854	92795.921673520096	95
1	2857	92935.797842952772	96
1	2860	93161.158342229514	97
1	2870	93379.186930965176	96
1	2883	93963.157757752572	97
1	2885	94229.560916050944	96
1	2895	94463.869227029767	97
1	2897	94559.014038668489	96
1	2902	94683.182270977398	97
1	2923	95490.613688844863	96
1	2934	95651.727634330024	97
1	2937	95706.375435931276	98
1	2940	95741.407628570174	99
1	2945	95992.796865060469	98
1	2950	96125.028935799587	99
1	2957	96214.126588357288	98
1	2962	96431.487849844426	99
1	2978	97091.81859119761	100
1	2981	97152.964892009056	101
1	2989	97364.140550084088	100
1	2998	97463.697314757397	99
1	3022	98205.01511492664	100
1	3028	98421.992155309681	101
1	3030	98465.615173400987	100
1	3035	98533.212606740054	101
1	3043	98621.67469081506	102
1	3045	98651.37099451526	101
1	3058	99244.977811318406	102
1	3061	99673.930284650068	103
1	3067	99975.530527652849	102
1	3073	99988.258995333876	103
1	3084	100183.173813029667	102
1	3094	100831.207546596222	103
1	3097	100885.32934566218	104
1	3099	100944.52739840341	103
1	3112	101435.694188128828	104
1	3114	101492.310780353388	103
1	3123	101809.621099326436	102
1	3136	102066.943757511306	103
1	3145	102808.862970482102	102
1	3157	103090.991990509289	103
1	3159	103322.784544489954	102
1	3172	103597.805319618715	103
1	3174	103698.822883592463	102
1	3185	103874.692981267649	103
1	3196	104135.250820441377	104
1	3199	104163.844770272433	105
1	3201	104167.279078075339	104
1	3206	104181.897139666463	105
1	3209	104759.092194746941	106
1	3217	104907.449622797325	107
1	3222	105053.731602496943	106
1	3226	105098.404933157985	105
1	3253	105963.413946506267	106
1	3256	105989.580587924425	107
1	3258	106077.452777858368	106
1	3265	106316.500240806167	105
1	3280	106767.442301820508	104
1	3288	107093.03254338286	105
1	3291	107203.582123725488	106
1	3294	107316.773706892247	107
1	3297	107345.382101631186	108
1	3299	107352.297164136221	107
1	3312	107568.495003397798	108
1	3315	107681.08856878572	109
1	3321	107928.314274853036	110
1	3332	108204.241909203459	111
1	3334	108285.489356584391	110
1	3344	108784.930141353657	109
1	3356	109242.06560948073	108
1	3364	109357.244290119193	109
1	3378	109697.587252417123	110
1	3381	109717.602947362509	111
1	3387	109849.011018592959	112
1	3393	109974.90015280214	113
1	3396	110012.637090591483	114
1	3398	110224.299104967763	113
1	3407	110521.49293911784	112
1	3412	110530.819173929209	113
1	3415	110782.574318875257	114
1	3418	110858.476062468819	115
1	3420	111150.930128573915	114
1	3432	111552.794095938703	113
1	3437	111577.517868567944	114
1	3439	112035.767391688665	113
1	3452	112285.984990295656	114
1	3454	112448.017274355194	113
1	3467	113051.775368562045	114
1	3477	113598.47635065346	113
1	3489	113813.280232008225	112
1	3494	114024.448799672175	113
1	3510	114726.585806870377	112
1	3520	114956.445712366563	113
1	3526	115214.929842474008	114
1	3529	115322.148579659143	115
1	3531	115378.908112225733	114
1	3541	115769.794359833132	115
1	3544	115874.503318626933	116
1	3549	115982.733549691281	115
1	3559	116121.487573854767	116
1	3568	116890.775216233138	117
1	3575	116922.251661494053	116
1	3579	117008.707484408757	115
1	3584	117201.757672499054	116
1	3592	117716.705238129622	115
1	3602	117956.277925767084	116
1	3605	117958.025823129092	117
1	3615	118181.405216931841	116
1	3623	118476.034544644964	117
1	3626	118530.113947700092	118
1	3633	118974.729635426453	117
1	3637	118976.414181321404	116
1	3653	119451.033760904262	117
1	3661	119794.84374821552	118
1	3663	119820.732875234923	117
1	3667	119926.848737885854	116
1	3686	120446.212871172035	117
1	3693	120646.441312152571	116
1	3701	121086.772710534049	117
1	3708	121252.136434960655	116
1	3713	121292.372977383255	117
1	3737	121803.911746209166	116
1	3742	121898.740650896013	117
1	3745	121985.318237956441	118
1	3748	122105.027120910071	119
1	3759	122618.572344496094	120
1	3764	122717.03698031745	119
1	3769	122790.906644237469	120
1	3772	122839.047012919434	121
1	3785	123175.498921470395	120
1	3790	123327.572502504519	121
1	3793	123342.881584932701	122
1	3801	123652.072987595181	123
1	3809	124103.73145991323	124
1	3811	124368.064395311764	123
1	3815	124402.080456725932	122
1	3838	125397.271059175497	121
1	3851	125594.771224812176	122
1	3854	125607.575937100971	123
1	3860	125684.371453336508	124
1	3862	125750.397470285795	123
1	3875	126427.188100123225	124
1	3886	126702.718847831253	125
1	3888	126795.444201427987	124
1	3901	127136.737646646477	123
1	3914	127495.374763553102	124
1	3917	127534.698707111626	125
1	3920	127838.216106560015	126
1	3922	128026.723404517077	125
1	3931	128069.862418222716	124
1	3936	128494.648589558302	125
1	3942	128673.409620263441	126
1	3945	128723.610544999259	127
1	3950	128945.637154552629	126
1	3963	129207.20436957855	127
1	3965	129240.69943934647	126
1	3975	129707.000034191008	127
1	3980	129863.046959761074	126
1	3995	130383.678221217968	125
1	4000	130484.60450330482	126
1	4003	130513.791568964686	127
1	4009	130723.31412874045	128
1	4016	130983.168779762006	127
1	4035	131357.408717110017	128
1	4038	131487.940955763717	129
1	4043	131607.112848992935	128
1	4048	131682.274082014361	129
1	4050	131720.788068649971	128
1	4055	131874.922696985982	129
1	4068	132226.03802043154	128
1	4073	132231.445932765103	129
1	4078	132852.231307075971	128
1	4082	132989.002760873652	127
1	4095	133095.723859340046	128
1	4098	133220.791211411518	129
1	4101	133272.883962692289	130
1	4118	133822.70974344051	131
1	4121	133978.827636961838	132
1	4123	133993.922116068668	131
1	4128	134057.139296192166	132
1	4131	134175.788795842676	133
1	4134	134291.19977653781	134
1	4136	134311.395904365608	133
1	4145	134988.413527171604	132
1	4155	135483.920402312332	131
1	4164	135665.007252238236	130
1	4178	136081.273673997341	131
1	4181	136152.281604444616	132
1	4189	136453.696330116607	131
1	4194	136461.622831246892	132
1	4205	136672.110140965755	133
1	4208	136709.208373283432	134
1	4214	137076.761447187646	135
1	4217	137125.377771863403	136
1	4219	137159.396819928342	135
1	4235	137508.764128658226	136
1	4238	137598.039438898357	137
1	4240	137785.780583956756	136
1	4255	138012.738076550567	135
1	4263	138268.462643259315	136
1	4271	138383.36115414168	137
1	4277	138556.631400083441	138
1	4288	139125.896598393178	139
1	4290	139289.411939905502	138
1	4295	139306.035518749479	139
1	4303	139616.591425998656	140
1	4305	139621.11232770575	139
1	4321	140021.55964815838	140
1	4333	140300.578108142833	141
1	4339	140624.422929783153	142
1	4346	140790.041370123171	141
1	4354	140869.16553538026	142
1	4356	140902.844384833852	141
1	4367	141119.072075956768	142
1	4373	141235.758515940157	143
1	4376	141387.652731338105	144
1	4378	141393.171393379115	143
1	4388	141659.782648373354	144
1	4396	141849.915155190656	143
1	4401	141853.968072874211	144
1	4416	142153.692169073077	145
1	4419	142342.24415488716	146
1	4422	142415.815182914692	147
1	4432	142500.214341954805	146
1	4437	142525.309639837968	147
1	4446	142622.665411860858	148
1	4449	142941.232259922941	149
1	4451	142995.178494425172	148
1	4456	143042.199014009629	149
1	4462	143267.16340161382	150
1	4470	143404.797782802349	151
1	4476	143866.426502064727	152
1	4478	143926.34552887609	151
1	4482	143940.121438337036	150
1	4490	144032.892799234101	151
1	4493	144038.756123951131	152
1	4504	144417.141622751567	153
1	4507	144636.145549025016	154
1	4520	145034.706489313075	153
1	4524	145150.494581071206	152
1	4534	145301.6649577438	153
1	4542	145746.37985110251	152
1	4547	145920.07963998887	153
1	4555	146293.981895021421	154
1	4568	146655.866730736115	153
1	4572	146656.970200994664	152
1	4580	146719.663633654203	153
1	4583	146931.285410598454	154
1	4586	147009.145043943608	155
1	4596	147290.134929494479	154
1	4604	147372.207832028041	155
1	4607	147474.314856000809	156
1	4610	147746.37786237873	157
1	4616	147880.439552935983	158
1	4626	148272.001383956203	157
1	4635	148532.250579345518	156
1	4640	149086.069341936285	157
1	4643	149091.066950621891	158
1	4653	149317.093115802536	157
1	4663	150107.107661181238	158
1	4668	150199.756422612363	157
1	4694	150919.651996167058	156
1	4698	150956.294067307854	155
1	4706	151110.946565836371	156
1	4712	151468.284672791289	157
1	4725	151597.978250812421	156
1	4730	151634.07851559489	157
1	4733	151866.886937393455	158
1	4741	152000.110777451719	159
1	4750	152239.61105597046	160
1	4752	152382.873095266068	159
1	4762	152535.405550739422	160
1	4770	152766.577289612598	161
1	4779	153088.788737437657	162
1	4781	153113.686372601906	161
1	4786	153231.271719991516	162
1	4789	153234.831729171531	163
1	4791	153262.022472340296	162
1	4796	153346.004325621026	163
1	4804	153757.267368074521	164
1	4819	154786.125339885721	163
1	4823	154813.003428885396	162
1	4834	155360.426648593639	163
1	4845	155497.94773775296	164
1	4850	155647.929701907243	163
1	4858	156210.880919719213	164
1	4865	156287.619461651439	163
1	4869	156291.261834352891	162
1	4874	156607.401359075521	163
1	4877	156625.770998613429	164
1	4880	156641.994252549631	165
1	4902	157171.721293480614	164
1	4907	157185.036852640217	165
1	4915	157827.401698602365	166
1	4923	157919.666929384376	165
1	4938	158248.327666298965	164
1	4943	158347.366756840478	165
1	4946	158483.223707077344	166
1	4949	158545.352544729399	167
1	4952	158583.29249638795	168
1	4955	158605.050292722386	169
1	4963	158804.044811762707	170
1	4965	158885.346038508843	169
1	4973	158959.86052215097	170
1	4984	159520.126571980447	171
1	4986	159581.836625497336	170
1	4999	160221.983793104051	171
1	5001	160291.1529655472	170
1	5014	160605.900625895257	169
1	5019	160740.212829261621	170
1	5022	160862.445277999714	171
1	5030	160896.59539318133	172
1	5032	161010.141637939643	171
1	5053	161920.513831682384	172
1	5055	162081.562242686297	171
1	5059	162141.214869068619	170
1	5070	162532.932074273689	171
1	5076	162564.561414358584	172
1	5083	162830.840562274363	171
1	5090	163217.169146166663	170
1	5095	163304.121605388121	171
1	5109	163693.627299830017	172
1	5112	163847.275285631553	173
1	5115	163891.367357260594	174
1	5122	164227.612178986576	173
1	5134	164508.040781814154	172
1	5139	164580.09324282008	173
1	5145	164764.631433635642	174
1	5162	165104.375295711856	175
1	5165	165120.447867110021	176
1	5167	165253.71141318373	175
1	5179	165524.241756396052	174
1	5187	165727.392746062934	175
1	5198	165978.559475357738	176
1	5203	166132.452524240609	175
1	5211	166341.604507540978	176
1	5220	166497.667335978137	177
1	5223	166587.557486008984	178
1	5226	166713.410777650801	179
1	5233	166876.265795688625	178
1	5238	166900.586414003117	179
1	5241	166910.595821439348	180
1	5243	167016.974016111028	179
1	5251	167072.928350313851	180
1	5262	167597.916629832881	181
1	5268	167931.952432655427	182
1	5278	168415.466070809882	181
1	5283	168430.268468539206	182
1	5285	168468.935004062635	181
1	5304	168916.009526163896	182
1	5307	169063.554480040308	183
1	5309	169295.76370634107	182
1	5319	169476.734347885024	181
1	5327	169544.511906592075	182
1	5338	169826.738964136125	183
1	5347	170070.247042708144	184
1	5350	170083.657147649009	185
1	5356	170218.629244734596	186
1	5359	170417.404805105116	187
1	5362	170421.895726509364	188
1	5373	170681.092008707425	189
1	5375	170765.840364992303	188
1	5379	170808.222692666125	187
1	5384	170948.237388415942	188
1	5387	171189.22624659637	189
1	5390	171413.710379391973	190
1	5397	171902.732090234306	189
1	5406	172389.636353309882	188
1	5415	172873.113301444348	187
1	5433	173542.483888009112	186
1	5440	173721.213809707818	185
1	5448	174010.531503663928	186
1	5462	174325.697264255908	187
1	5465	174355.857456022008	188
1	5475	174594.135718300488	187
1	5483	174651.421737710129	188
1	5485	174671.975887994898	187
1	5490	174894.266034479902	188
1	5498	175113.641350188164	189
1	5501	175395.802750853013	190
1	5504	175543.11320085612	191
1	5517	175749.136292710585	190
1	5522	175854.446116091948	191
1	5524	176058.587427578416	190
1	5542	176696.016973824856	189
1	5547	176782.358477001897	190
1	5550	176896.006998009783	191
1	5556	177044.484585623283	192
1	5559	177249.622567202567	193
1	5561	177484.124566951316	192
1	5565	177548.520297957269	191
1	5575	177716.566600996034	192
1	5587	178475.228964715392	193
1	5594	178607.734961397631	192
1	5601	178746.215315155234	191
1	5609	178979.311339810665	192
1	5612	179036.749303323197	193
1	5618	179147.453939999224	194
1	5629	179257.52492506447	195
1	5631	179366.536393828239	194
1	5636	179590.003344924361	195
1	5639	179604.659217608606	196
1	5644	179765.357824470533	195
1	5657	180461.928660847758	196
1	5659	180542.516073472483	195
1	5669	180759.80703263092	196
1	5671	180772.996789209094	195
1	5687	181554.790937666452	196
1	5690	181855.846058675753	197
1	5692	181921.727200289873	196
1	5704	182146.399328290966	195
1	5714	182526.882228655425	194
1	5733	182952.135519052893	195
1	5740	183261.116054476855	194
1	5745	183297.63855160172	195
1	5751	183481.02428874832	196
1	5754	183537.546321120394	197
1	5756	183671.343471725953	196
1	5761	183767.818916345609	197
1	5768	183882.39929449713	196
1	5773	183909.326594196061	197
1	5776	183928.599963978095	198
1	5783	184761.838115874228	197
1	5791	184961.063474231964	198
1	5793	185085.290590868948	197
1	5821	185839.06318833283	198
1	5823	185985.034884737355	197
1	5834	186237.059844775691	198
1	5841	186409.381789341254	197
1	5846	186527.526535702622	198
1	5849	186554.909693282759	199
1	5852	186618.510243885404	200
1	5855	186668.471543637396	201
1	5858	186697.818482887001	202
1	5861	186854.830985828391	203
1	5863	186875.069752933008	202
1	5876	187327.014126556338	203
1	5883	187888.25623068927	202
1	5887	187897.811191856412	201
1	5892	188353.402987815755	202
1	5894	188555.668734099267	201
1	5914	189157.679748665226	200
1	5933	189950.959472831117	201
1	5935	189987.765456260798	200
1	5947	190178.260651548876	199
1	5955	190390.075025215423	200
1	5961	190551.110311466696	201
1	5969	190585.830725377078	202
1	5972	190603.861191435212	203
1	5975	190695.330129236252	204
1	5978	190816.034915534042	205
1	5981	190910.920649441413	206
1	5986	191213.48827509178	205
1	5990	191489.330391531362	204
1	6015	192500.567340533865	203
1	6020	192534.363483933616	204
1	6026	192828.46052342867	205
1	6032	192962.668780566302	206
1	6037	193014.866584410443	205
1	6053	193161.900840614144	206
1	6066	193627.118118824122	205
1	6071	193666.704935725842	206
1	6074	193696.824951557535	207
1	6077	193801.999916184831	208
1	6079	194066.266647560074	207
1	6087	194170.238508724195	208
1	6095	194543.469714465844	209
1	6098	194642.924370527339	210
1	6101	194652.4015592911	211
1	6103	194703.813041924982	210
1	6115	194892.290369877277	209
1	6125	195879.912072865796	210
1	6127	195915.365533271356	209
1	6142	196255.528239439858	208
1	6154	196919.030191238521	207
1	6162	197043.396215514458	208
1	6173	197298.133836166514	209
1	6176	197387.500163766946	210
1	6178	197408.469177093042	209
1	6190	198062.274171329586	208
1	6195	198088.742048255218	209
1	6198	198114.475090181103	210
1	6203	198523.006759378744	209
1	6213	198682.255941336959	210
1	6226	198931.712475271447	209
1	6242	199395.374002492696	210
1	6248	199646.291611594559	211
1	6256	199882.664953876569	212
1	6258	200017.286755619256	211
1	6267	200148.923918270989	210
1	6281	200568.353722463921	211
1	6284	200610.494954810854	212
1	6295	200783.758275728495	213
1	6301	200920.309215026781	214
1	6304	200934.886995718596	215
1	6307	201204.461688605042	216
1	6310	201479.215268572765	217
1	6317	201578.218740718125	216
1	6321	201723.710995438992	215
1	6326	201825.17174944767	216
1	6345	202624.499594281911	215
1	6350	202746.976695562411	216
1	6356	202880.624352460551	217
1	6358	202935.220825355186	216
1	6366	203114.321881700504	217
1	6377	203265.072673179587	218
1	6380	203320.953066052469	219
1	6382	203582.510194936453	218
1	6387	203867.266936214626	219
1	6389	203917.633855707496	218
1	6398	204631.244574721455	217
1	6406	204796.709246905269	218
1	6416	205056.051535810961	217
1	6426	205382.258559237342	218
1	6433	205892.083459870442	217
1	6438	206111.189271265261	218
1	6445	206411.49697001992	217
1	6457	207105.934209219664	216
1	6461	207333.33717314495	215
1	6466	207370.765257293607	216
1	6487	208269.27938864535	215
1	6495	208401.056406869288	216
1	6503	208649.33517525348	217
1	6505	208714.654873201176	216
1	6510	208868.035978752681	217
1	6512	208919.768596281915	216
1	6520	209470.98271157181	217
1	6530	209657.994261243998	216
1	6535	209856.999189814229	217
1	6542	210316.387382821664	216
1	6555	210919.939448752127	217
1	6562	211207.958287577762	216
1	6569	211351.349836980477	215
1	6588	211713.076485612542	216
1	6597	212015.45285690174	217
1	6600	212171.322669553944	218
1	6606	212340.406419166077	219
1	6617	212416.87394056894	220
1	6620	212443.972963015727	221
1	6622	212653.235465643481	220
1	6626	212665.53741343288	219
1	6631	212921.077988819747	220
1	6634	213054.900739998533	221
1	6641	213370.723935784458	220
1	6652	213850.120598292171	221
1	6659	214012.32382316284	220
1	6669	214322.036044464263	221
1	6671	214630.099345417379	220
1	6676	214723.879220879304	221
1	6678	214740.243001581655	220
1	6696	215472.439192357958	219
1	6704	215695.930277750459	220
1	6724	215899.718912949232	221
1	6727	216115.660804219688	222
1	6730	216230.378023926754	223
1	6732	216285.272324578522	222
1	6742	216324.866677041924	223
1	6745	216355.698609651459	224
1	6750	216593.347598064244	223
1	6760	216959.80627618326	224
1	6763	217002.564458085971	225
1	6765	217218.347767004429	224
1	6770	217305.71739564878	225
1	6780	218013.278802997917	224
1	6789	218232.624949132709	223
1	6797	218438.615660106529	224
1	6808	218774.36089170234	225
1	6810	218937.948765549494	224
1	6815	218955.181131793727	225
1	6822	219087.020276097134	224
1	6834	219906.290958197473	223
1	6844	220140.580383605808	222
1	6849	220451.217419093282	223
1	6856	220749.478656686528	222
1	6861	220787.332116706621	223
1	6863	220828.859227096215	222
1	6877	221083.653961394516	223
1	6885	221392.233186394124	224
1	6896	221840.602004022008	225
1	6903	221931.369171442017	224
1	6917	222197.082532908979	225
1	6920	222309.241818771454	226
1	6922	222380.990508906229	225
1	6935	222537.077427545675	226
1	6943	222890.827248628736	225
1	6951	223056.704195437521	226
1	6954	223177.998760314176	227
1	6962	223411.491519777497	228
1	6964	223421.786042218714	227
1	6969	223435.972124271913	228
1	6980	223905.222467848565	229
1	6983	223922.288200259612	230
1	6986	223960.578346726468	231
1	6991	224506.995025958419	230
1	7003	224945.255609312712	229
1	7008	225337.397992418781	230
1	7018	225598.091633077397	229
1	7022	225774.149131077826	228
1	7030	225978.529968639735	229
1	7049	226881.913072481319	230
1	7058	227175.550376404806	231
1	7061	227180.758661315244	232
1	7066	227260.634252912982	231
1	7073	227440.759599750415	230
1	7086	227553.449827363702	231
1	7089	227687.692173624624	232
1	7091	227875.975797138794	231
1	7099	228186.111318824509	232
1	7106	228459.477601937503	231
1	7111	228494.893730624762	232
1	7117	228606.501449993286	233
1	7122	228657.524317288457	232
1	7127	228787.123199578759	233
1	7141	229253.920366813896	234
1	7152	229618.120797489662	235
1	7158	229718.215839481864	236
1	7160	229743.383348492459	235
1	7173	229935.959075614183	236
1	7176	229962.230877721986	237
1	7178	229984.399681407644	236
1	7183	230063.919642809513	237
1	7195	230608.602647745166	238
1	7202	230842.19572929634	237
1	7219	231202.857273262949	238
1	7226	231273.955639332087	237
1	7231	231422.101863326904	238
1	7234	231447.543844420401	239
1	7243	231553.49307562428	240
1	7246	231565.202547680276	241
1	7249	231771.760583059964	242
1	7252	231792.22575761405	243
1	7255	231947.000179540159	244
1	7258	232006.66747925741	245
1	7263	232027.66412365392	244
1	7278	232451.816357969923	243
1	7283	232524.958818117083	244
1	7299	232918.094918849125	245
1	7305	233031.904678825789	246
1	7308	233159.134265418732	247
1	7316	233384.459636711373	248
1	7318	233402.998951088192	247
1	7322	233560.234479382319	246
1	7327	233763.5040042603	247
1	7337	234050.408716566416	246
1	7357	234661.809990472647	245
1	7361	234886.1697090414	244
1	7366	235067.192276383222	245
1	7374	235222.298218132541	246
1	7382	235660.701145731469	247
1	7395	236166.077606631128	246
1	7399	236204.544099272716	245
1	7422	236942.747131838951	244
1	7430	237167.27253973012	245
1	7438	237297.651950010699	246
1	7441	237331.16241308993	247
1	7454	237642.611984731315	246
1	7459	237688.24552874956	247
1	7462	237848.706053870272	248
1	7476	238285.619220787356	249
1	7479	238525.284892383384	250
1	7484	238618.427358448062	249
1	7489	238765.38639056863	250
1	7492	238826.209157640398	251
1	7498	238916.741398139661	252
1	7500	239019.554619025125	251
1	7513	239562.186056293326	252
1	7515	239641.354002814297	251
1	7522	239847.84676966226	250
1	7532	240069.561072122533	251
1	7535	240074.848022016827	252
1	7540	240280.218212652509	251
1	7545	240420.041445477818	252
1	7547	240469.929887912854	251
1	7568	241308.418904346486	252
1	7576	241370.64675485656	253
1	7590	241627.055705219065	252
1	7595	242046.542301399777	253
1	7600	242107.854716563284	252
1	7605	242138.11052690954	253
1	7613	242565.881155147596	254
1	7619	242705.237835350823	255
1	7624	242791.738476689463	254
1	7629	242903.898413449602	255
1	7637	243531.670002483881	256
1	7639	243606.653489062121	255
1	7646	243701.130968993216	254
1	7659	243977.424437424358	255
1	7662	244080.53241558729	256
1	7667	244627.155607753923	255
1	7672	244722.478982545671	256
1	7683	244909.985892067908	257
1	7686	245065.252868616895	258
1	7692	245227.142846948892	259
1	7694	245375.497342087015	258
1	7709	245836.974817664852	257
1	7714	246095.701633989249	258
1	7724	246571.388050298825	257
1	7737	246957.869977678123	258
1	7743	247049.835962258872	259
1	7745	247083.147309321468	258
1	7750	247102.599719202068	259
1	7764	247797.775158709864	260
1	7767	247884.290040482838	261
1	7769	248009.014330748156	260
1	7773	248136.212881693174	259
1	7783	248491.524147039326	260
1	7789	248629.356598327644	261
1	7794	248882.193496293877	260
1	7798	248934.686233820081	259
1	7808	249059.857960410078	260
1	7821	249698.020045132995	259
1	7826	249792.933398686835	260
1	7843	250458.477935014709	261
1	7845	250476.526000789855	260
1	7850	250485.25335290451	261
1	7852	250510.161265218318	260
1	7872	251121.645127415214	259
1	7877	251642.2368138081	260
1	7885	251784.586218257655	261
1	7887	251799.966948339403	260
1	7892	251810.29779455896	261
1	7895	251900.899144814801	262
1	7897	252089.107001713965	261
1	7902	252148.932518879926	262
1	7915	252979.959457257319	261
1	7924	253160.688899894864	260
1	7948	253897.130460621786	261
1	7959	254112.711839495922	262
1	7962	254219.223965727593	263
1	7970	254596.123521752301	264
1	7972	254644.225480287824	263
1	7976	254763.875242154733	262
1	7986	255335.156629578146	263
1	7989	255351.719038828662	264
1	7991	255481.732048829705	263
1	7995	255607.981043468718	262
1	8018	256275.894232486863	261
1	8026	256610.740953442302	262
1	8032	256713.527869431243	263
1	8040	256929.820325086103	264
1	8051	257146.425023879544	263
1	8059	257272.828035658782	264
1	8070	257365.53100956782	265
1	8072	257537.25736846358	264
1	8077	257829.583587916242	265
1	8084	258137.897919118093	264
1	8092	258201.866311754737	265
1	8095	258310.53181904006	266
1	8103	258492.768354918649	267
1	8108	258738.337368303599	266
1	8112	258833.536471511726	265
1	8123	258936.889471198007	266
1	8126	258992.97955691209	267
1	8134	259279.404557176202	268
1	8136	259407.727537341105	267
1	8146	259590.161292631334	268
1	8148	259902.403101307829	267
1	8161	260405.655592517967	268
1	8163	260447.827792288425	267
1	8175	260962.165995781799	266
1	8183	261329.442050032737	267
1	8191	261776.7848835131	268
1	8199	262006.587107367503	267
1	8203	262110.329709548061	266
1	8211	262328.988724279495	267
1	8214	262404.754650005097	268
1	8225	262596.049998791494	269
1	8227	262686.690177963736	268
1	8231	262804.000790437241	267
1	8253	263326.801334260002	268
1	8256	263485.003718238051	269
1	8259	263576.550483378011	270
1	8261	263588.447313597115	269
1	8277	263800.121361427504	270
1	8279	263812.384446646576	269
1	8287	263922.605562668674	270
1	8295	264224.150346310195	271
1	8298	264289.130321291763	272
1	8315	264769.160258886489	273
1	8318	264777.248145568482	274
1	8320	264924.907493963527	273
1	8325	264962.437843610878	274
1	8330	265160.846221793001	273
1	8338	265297.078508930151	274
1	8356	265734.284396916317	273
1	8361	265775.121951645225	274
1	8364	266014.655069812143	275
1	8369	266201.454602630367	274
1	8374	266442.497003687272	275
1	8377	266462.199577080448	276
1	8391	266814.727706705924	277
1	8394	266870.468397266786	278
1	8404	267040.429975818532	277
1	8409	267204.981074041829	278
1	8422	267799.073641301622	277
1	8427	267835.898282410145	278
1	8430	267929.891449498071	279
1	8437	268040.924117890807	278
1	8444	268642.261494688248	277
1	8453	268702.463445132287	276
1	8458	268894.294341247236	277
1	8466	269094.097970748819	278
1	8471	269324.090857469966	277
1	8484	269579.004389232401	278
1	8489	270010.853217504607	277
1	8497	270307.289878841352	278
1	8508	270363.580112396851	279
1	8511	270459.756277227423	280
1	8516	270560.296535102209	279
1	8538	271046.773554481164	280
1	8541	271083.320809135796	281
1	8546	271245.906267864318	280
1	8554	271387.5183644945	281
1	8566	271791.012703684649	280
1	8574	271876.938389832339	281
1	8577	271903.754761189482	282
1	8580	271929.64270509197	283
1	8592	272179.192736506509	284
1	8595	272228.718842733358	285
1	8603	272504.809819122447	286
1	8606	272644.814488093307	287
1	8609	272646.659469871227	288
1	8611	272654.935908542505	287
1	8618	272766.656363187046	286
1	8634	273275.725091459058	287
1	8636	273380.386124794862	286
1	8649	273679.976606092623	287
1	8652	273721.484099432533	288
1	8655	273940.505058771466	289
1	8658	273944.131255283254	290
1	8661	274030.497529527704	291
1	8663	274085.956254666359	290
1	8673	274305.351683377779	289
1	8683	274779.977455178952	290
1	8694	275226.860211073912	289
1	8699	275267.84285692523	290
1	8706	275364.967213598699	289
1	8714	275531.943781591838	290
1	8720	275934.834235485491	291
1	8730	276126.311694774464	290
1	8735	276202.089982870678	291
1	8742	276416.765565510399	290
1	8754	276781.575781209082	289
1	8759	276965.056905573134	290
1	8762	276995.429045552222	291
1	8765	277109.205301971001	292
2	0	0	0
2	59	2549.944241074516	1
2	61	2589.534984949514	0
2	71	3193.768270454838	1
2	76	3433.193610526159	0
2	83	3528.721309732317	1
2	91	3746.551635648593	0
2	107	4247.776620603635	1
2	118	4547.267158805862	0
2	125	4566.877783983617	1
2	157	5455.711284756199	0
2	173	5901.456153580456	1
2	186	6037.391094108715	2
2	188	6077.538194797472	1
2	219	6749.741985415711	2
2	223	6766.474274547308	3
2	225	6938.842771734581	2
2	235	7590.880092663228	3
2	243	7697.673565830574	2
2	256	7996.483907196342	3
2	267	8614.922350488142	2
2	283	8940.119238784208	3
2	290	9207.198921778708	4
2	292	9443.830874852375	3
2	305	9560.93249895577	4
2	322	10230.605629898147	3
2	335	10431.216521031692	4
2	352	10913.868999938951	3
2	365	11102.683332813575	4
2	373	11687.631359930621	3
2	392	12064.560355871453	4
2	397	12340.118121943907	3
2	402	12714.866979337768	2
2	412	12746.49163211663	3
2	416	13049.804266338705	4
2	427	13653.564789175527	3
2	440	14108.877823790207	4
2	454	14363.196867528843	3
2	461	14428.74827304995	4
2	472	14822.787090662407	3
2	497	15163.417662959218	4
2	517	15733.448450780945	3
2	524	15737.190558716192	4
2	528	15900.211317483008	5
2	536	16144.305705997633	4
2	556	17058.526921413379	3
2	563	17298.6975673507	4
2	567	17518.99105107379	5
2	569	17842.785664490896	4
2	583	18579.758843455004	3
2	596	18932.946402281195	4
2	600	18949.271790777802	5
2	602	19025.665022257256	4
2	619	19567.537522382575	3
2	632	19745.579044745773	4
2	640	20071.69533436327	3
2	650	20511.082635242164	4
2	657	20829.375137166589	5
2	662	20990.983267083305	4
2	676	21356.069160058635	3
2	683	21392.008165651604	4
2	694	21984.277979257989	3
2	707	22298.697003593206	4
2	721	22529.629966478336	3
2	731	22792.194530740052	4
2	733	23047.162272568333	3
2	749	23456.368129832208	4
2	751	23649.445627379703	3
2	770	24389.721122804567	4
2	774	24416.411469047561	5
2	776	24463.596387628006	4
2	781	24818.919616128789	3
2	794	25280.183699402496	4
2	799	25684.649143583612	3
2	815	26067.568578319296	4
2	826	26628.197482835041	3
2	833	26804.792376189962	4
2	838	27044.820612698333	3
2	854	27374.986307583421	4
2	856	27948.999135989235	3
2	870	28207.678975995169	2
2	877	28391.716760538057	3
2	890	28628.804173431962	4
2	892	28770.114221658097	3
2	911	29386.428994889974	4
2	922	29692.690358899073	3
2	938	29962.802078464538	4
2	948	30155.984971457764	5
2	962	30285.08760542749	4
2	976	30641.785575013147	3
2	990	30915.437033503787	2
2	1006	31393.619943037301	3
2	1013	31436.316031386614	4
2	1015	31605.927980180369	3
2	1040	32190.802673045218	4
2	1042	32201.901633247272	3
2	1062	32522.955829660878	2
2	1069	32595.47857455118	3
2	1077	32829.472771558449	2
2	1087	33360.60531716761	3
2	1092	33750.319041564599	2
2	1102	34001.06489526248	3
2	1104	34034.675003952816	2
2	1111	34090.833562472507	3
2	1119	34573.126761383846	2
2	1132	35134.316613871143	3
2	1134	35243.637108496859	2
2	1142	35574.522520612463	1
2	1155	35722.037166766494	2
2	1162	35839.845306213484	3
2	1170	36048.672775245741	2
2	1187	36662.536910131112	1
2	1194	36914.967137919411	2
2	1196	36989.986244022385	1
2	1206	37224.626089000613	2
2	1219	37523.729570274845	3
2	1221	37597.390286206738	2
2	1234	37936.055489882365	3
2	1239	38010.233053519861	2
2	1253	38334.307700592564	1
2	1266	38771.633913078949	2
2	1274	38856.929969351278	1
2	1282	39137.836059920029	0
2	1289	39558.875997673258	1
2	1303	39978.846418663399	0
2	1316	40299.468126333922	1
2	1321	40591.968049697118	0
2	1334	41105.928396267354	1
2	1345	41511.59718169971	0
2	1352	41589.36718025212	1
2	1357	41897.829186591791	0
2	1385	42465.089042195723	1
2	1390	42817.431613431782	0
2	1397	43104.787578126088	1
2	1405	43634.794488289863	0
2	1412	44028.356634445027	1
2	1417	44218.540137877226	0
2	1427	44602.443422078759	1
2	1429	44698.527796139479	0
2	1460	45380.602457664446	1
2	1468	45653.393296617688	0
2	1523	46959.61563682151	1
2	1528	47186.939111446501	0
2	1553	47858.189864113467	1
2	1555	47893.82280783868	0
2	1562	48000.79073581812	1
2	1581	48466.56752964622	2
2	1586	48725.188657437922	1
2	1593	48841.023318823101	2
2	1597	49180.232953654142	3
2	1602	49430.602436905266	2
2	1621	50267.625576136308	3
2	1623	50382.715893817605	2
2	1633	50855.487769424455	3
2	1635	50927.402874419005	2
2	1643	51264.560211879672	1
2	1653	51450.272992169159	2
2	1664	52119.066249617846	1
2	1671	52149.913555729674	2
2	1678	52392.284072106379	3
2	1680	52467.417434362234	2
2	1697	53397.731347308965	1
2	1707	53635.568705005246	2
2	1711	53666.862213715451	3
2	1722	53854.126886503311	2
2	1747	54531.138649407314	3
2	1749	54533.214184848132	2
2	1760	54858.267900907906	1
2	1770	54949.561092080223	2
2	1784	55299.503202141734	1
2	1803	55675.309383423539	2
2	1805	55732.41542708269	1
2	1822	56022.252919284167	0
2	1838	56260.769788510772	1
2	1843	56487.720436194452	0
2	1889	57604.971428848478	1
2	1903	57906.414820963057	0
2	1922	58619.446074198606	1
2	1927	58848.001712897333	0
2	1934	58904.702734920668	1
2	1942	59117.486992852303	0
2	1976	60176.486770305457	1
2	1981	60594.521852239507	0
2	1988	60866.691105627927	1
2	1990	61028.823584328878	0
2	2003	61560.121284667077	1
2	2010	61675.900339252788	2
2	2012	61916.984676729429	1
2	2029	62811.740341420758	0
2	2036	62861.712895612838	1
2	2044	63160.112963720697	0
2	2054	63298.198319954339	1
2	2062	63640.106140125084	0
2	2093	64160.531332773629	1
2	2107	64944.482399318041	0
2	2114	65043.08229869372	1
2	2130	65516.689398735436	2
2	2132	65822.85978129101	1
2	2139	65971.859714995611	2
2	2147	66197.983885425748	1
2	2166	66873.269351785677	2
2	2171	67141.187006942602	1
2	2184	67563.31134218863	2
2	2194	67788.935414440604	3
2	2196	67995.230166986259	2
2	2216	68635.767201352539	1
2	2221	68902.207645848068	0
2	2228	68995.533864311548	1
2	2235	69193.241009015132	2
2	2240	69341.104698851379	1
2	2251	69677.549837398949	0
2	2261	70038.735425108718	1
2	2274	70398.699309668977	2
2	2276	70532.927759028646	1
2	2292	71070.911069467206	2
2	2294	71093.571467101249	1
2	2307	71317.637545112195	2
2	2309	71644.950579981926	1
2	2325	72221.518555433963	2
2	2330	72546.196256242368	1
2	2340	72722.969617051678	2
2	2351	73410.776432323876	1
2	2361	73576.142658601989	2
2	2371	73690.673243710446	3
2	2373	74106.070555355075	2
2	2381	74440.571170318547	1
2	2388	74446.098434591209	2
2	2395	74796.484707314196	3
2	2397	74874.360727555725	2
2	2408	75133.176732584509	1
2	2416	75922.776198722097	0
2	2426	75958.456919910061	1
2	2430	76113.340681168725	2
2	2435	76402.615324798646	1
2	2454	77221.088610581597	2
2	2456	77255.822068303498	1
2	2466	77425.446707857448	2
2	2468	77954.692100491049	1
2	2475	78732.788971578378	2
2	2477	78851.707921400341	1
2	2484	78881.012860239958	2
2	2489	79491.312041897002	1
2	2496	79853.573980165189	2
2	2501	80122.942322455022	1
2	2511	80336.439664065514	2
2	2519	80952.977705020133	1
2	2529	81248.652840852414	2
2	2533	81353.972921791961	3
2	2535	81400.037651285205	2
2	2543	81880.551338847402	1
2	2550	82194.621146276137	2
2	2554	82714.744671741177	3
2	2556	82819.007460698161	2
2	2566	83364.354733572949	3
2	2568	83409.980029444817	2
2	2581	83686.4553961265	3
2	2586	83919.039649478767	2
2	2599	84228.523257961173	3
2	2613	84663.572431541655	2
2	2620	84761.103381860546	3
2	2634	85333.1180739027	2
2	2671	85823.245224989627	3
2	2679	86226.643135063026	2
2	2689	86436.493115677974	3
2	2694	86729.771816637043	2
2	2702	87045.927219967965	1
2	2712	87249.00370595013	2
2	2719	87313.379332350111	3
2	2727	87737.448309249852	2
2	2740	88446.438218652878	3
2	2745	88617.0168649402	2
2	2761	88936.514029997876	3
2	2763	89006.907682716522	2
2	2780	89646.781483571652	1
2	2790	90123.651457968775	2
2	2792	90240.894710700635	1
2	2799	90526.550102356365	2
2	2801	90695.176631975595	1
2	2811	91008.047968092982	2
2	2813	91303.559878095661	1
2	2823	91890.248284889061	2
2	2830	92057.629975938713	3
2	2835	92261.030352320199	2
2	2845	92632.445210246045	3
2	2865	93200.371441375141	2
2	2872	93379.186930965176	3
2	2877	93542.219917140578	2
2	2887	94229.560916050944	3
2	2889	94296.792318187331	2
2	2899	94559.014038668489	3
2	2907	94996.668626684373	2
2	2918	95247.776016145622	1
2	2925	95490.613688844863	2
2	2947	95992.796865060469	3
2	2952	96172.290086615508	2
2	2959	96214.126588357288	3
2	2964	96489.703484363531	2
2	2972	97072.017249744063	1
2	2991	97364.140550084088	2
2	2993	97430.110309160923	1
2	3000	97463.697314757397	2
2	3008	97819.609226192956	1
2	3016	98175.424780863946	0
2	3032	98465.615173400987	1
2	3037	98542.30536939544	0
2	3047	98651.37099451526	1
2	3052	99229.584548808312	0
2	3086	100183.173813029667	1
2	3088	100332.409524554063	0
2	3101	100944.52739840341	1
2	3103	101208.211458483387	0
2	3116	101492.310780353388	1
2	3118	101553.511639693428	0
2	3125	101809.621099326436	1
2	3127	101828.752924604017	0
2	3161	103322.784544489954	1
2	3163	103392.926001000693	0
2	3176	103698.822883592463	1
2	3190	103972.686539265802	0
2	3203	104167.279078075339	1
2	3211	104802.603634569338	0
2	3224	105053.731602496943	1
2	3228	105098.404933157985	2
2	3233	105564.242959163627	1
2	3244	105867.658926296523	0
2	3260	106077.452777858368	1
2	3267	106316.500240806167	2
2	3275	106623.21418159782	1
2	3282	106767.442301820508	2
2	3301	107352.297164136221	3
2	3303	107417.508601985416	2
2	3323	108040.454400546393	1
2	3336	108285.489356584391	2
2	3346	108784.930141353657	3
2	3348	108798.771502833358	2
2	3358	109242.06560948073	3
2	3369	109521.311697989247	2
2	3400	110224.299104967763	3
2	3402	110384.011062170855	2
2	3409	110521.49293911784	3
2	3422	111150.930128573915	4
2	3424	111185.09231877654	3
2	3434	111552.794095938703	4
2	3441	112035.767391688665	5
2	3443	112056.216428551368	4
2	3456	112448.017274355194	5
2	3461	112635.731074634485	4
2	3469	113307.857856854342	3
2	3479	113598.47635065346	4
2	3481	113650.72338956549	3
2	3491	113813.280232008225	4
2	3502	114556.577237203263	3
2	3512	114726.585806870377	4
2	3514	114940.860635350935	3
2	3533	115378.908112225733	4
2	3535	115481.116656783514	3
2	3551	115982.733549691281	4
2	3553	116024.422058175795	3
2	3570	116897.115714355849	2
2	3577	116922.251661494053	3
2	3581	117008.707484408757	4
2	3594	117716.705238129622	5
2	3596	117778.886849294894	4
2	3610	118059.218670364015	3
2	3617	118181.405216931841	4
2	3628	118738.06476251363	3
2	3635	118974.729635426453	4
2	3639	118976.414181321404	5
2	3647	119245.75112656831	4
2	3655	119647.869804158352	3
2	3665	119820.732875234923	4
2	3669	119926.848737885854	5
2	3671	120184.650522071413	4
2	3688	120568.303169935487	3
2	3695	120646.441312152571	4
2	3703	121090.605202551476	3
2	3710	121252.136434960655	4
2	3715	121340.99573058217	3
2	3726	121603.1609278652	2
2	3739	121803.911746209166	3
2	3750	122430.204153220646	2
2	3766	122717.03698031745	3
2	3780	122996.06281574025	2
2	3787	123175.498921470395	3
2	3795	123461.859280272864	2
2	3803	124043.264869797521	1
2	3813	124368.064395311764	2
2	3817	124402.080456725932	3
2	3822	124667.666846338206	2
2	3833	124938.020978785598	1
2	3840	125397.271059175497	2
2	3842	125451.826653342241	1
2	3864	125750.397470285795	2
2	3866	125876.172906338716	1
2	3880	126663.791712998891	0
2	3890	126795.444201427987	1
2	3903	127136.737646646477	2
2	3908	127217.530358779723	1
2	3924	128026.723404517077	2
2	3926	128030.340737040634	1
2	3933	128069.862418222716	2
2	3952	128945.637154552629	3
2	3957	128985.913237418528	2
2	3967	129240.69943934647	3
2	3969	129246.445224556621	2
2	3982	129863.046959761074	3
2	3984	129907.322298801985	2
2	3997	130383.678221217968	3
2	4011	130777.778264946785	2
2	4018	130983.168779762006	3
2	4020	131200.994537986364	2
2	4045	131607.112848992935	3
2	4052	131720.788068649971	4
2	4063	132143.302835180905	3
2	4070	132226.03802043154	4
2	4080	132852.231307075971	5
2	4084	132989.002760873652	6
2	4089	133026.929609823522	5
2	4112	133815.028426117745	4
2	4125	133993.922116068668	5
2	4138	134311.395904365608	6
2	4140	134739.098404917416	5
2	4147	134988.413527171604	6
2	4157	135483.920402312332	7
2	4159	135661.88758180618	6
2	4166	135665.007252238236	7
2	4191	136453.696330116607	8
2	4199	136607.800155367252	7
2	4221	137159.396819928342	8
2	4229	137506.627256098685	7
2	4242	137785.780583956756	8
2	4244	137828.177527069596	7
2	4257	138012.738076550567	8
2	4265	138289.309585198311	7
2	4282	139101.393289334623	6
2	4292	139289.411939905502	7
2	4297	139498.423097591398	6
2	4307	139621.11232770575	7
2	4309	139982.283061008451	6
2	4341	140780.911409139184	5
2	4348	140790.041370123171	6
2	4358	140902.844384833852	7
2	4380	141393.171393379115	8
2	4382	141629.437908466456	7
2	4398	141849.915155190656	8
2	4424	142451.987352959362	7
2	4434	142500.214341954805	8
2	4453	142995.178494425172	9
2	4464	143375.454651630965	8
2	4480	143926.34552887609	9
2	4484	143940.121438337036	10
2	4495	144136.522634189126	9
2	4515	144817.049296080616	8
2	4522	145034.706489313075	9
2	4526	145150.494581071206	10
2	4528	145185.017000522014	9
2	4544	145746.37985110251	10
2	4549	145958.631421431449	9
2	4557	146463.481626558599	8
2	4570	146655.866730736115	9
2	4574	146656.970200994664	10
2	4588	147011.452324009982	9
2	4598	147290.134929494479	10
2	4621	147946.178448825625	9
2	4628	148272.001383956203	10
2	4630	148389.39674724966	9
2	4637	148532.250579345518	10
2	4648	149132.150428119597	9
2	4655	149317.093115802536	10
2	4657	149682.57757556766	9
2	4670	150199.756422612363	10
2	4672	150232.412813297954	9
2	4677	150591.206878769693	8
2	4696	150919.651996167058	9
2	4700	150956.294067307854	10
2	4717	151517.885933305618	9
2	4727	151597.978250812421	10
2	4735	151875.737527358827	9
2	4754	152382.873095266068	10
2	4756	152415.910052127686	9
2	4764	152661.156202341911	8
2	4783	153113.686372601906	9
2	4793	153262.022472340296	10
2	4798	153393.001512486037	9
2	4806	153766.388052451905	8
2	4814	154622.656178801801	7
2	4821	154786.125339885721	8
2	4825	154813.003428885396	9
2	4839	155496.952271472212	8
2	4852	155647.929701907243	9
2	4860	156274.221315152493	8
2	4867	156287.619461651439	9
2	4871	156291.261834352891	10
2	4888	157051.15405106127	9
2	4904	157171.721293480614	10
2	4909	157638.954828187374	9
2	4925	157919.666929384376	10
2	4933	158153.615809745637	9
2	4940	158248.327666298965	10
2	4957	158616.402967694697	9
2	4967	158885.346038508843	10
2	4975	159175.095268964318	9
2	4988	159581.836625497336	10
2	4993	160127.323930106608	9
2	5003	160291.1529655472	10
2	5016	160605.900625895257	11
2	5024	160881.487759809492	10
2	5034	161010.141637939643	11
2	5039	161631.078521880804	10
2	5047	161893.824197474419	9
2	5057	162081.562242686297	10
2	5061	162141.214869068619	11
2	5078	162743.84010936275	10
2	5085	162830.840562274363	11
2	5092	163217.169146166663	12
2	5103	163691.022389374225	11
2	5117	163981.61039131835	10
2	5124	164227.612178986576	11
2	5126	164277.370738975256	10
2	5136	164508.040781814154	11
2	5147	164769.886956318765	10
2	5169	165253.71141318373	11
2	5171	165313.234848763346	10
2	5181	165524.241756396052	11
2	5192	165836.438714649081	10
2	5205	166132.452524240609	11
2	5228	166780.227619885951	10
2	5235	166876.265795688625	11
2	5245	167016.974016111028	12
2	5253	167410.738843280375	11
2	5270	168076.583074919432	10
2	5280	168415.466070809882	11
2	5287	168468.935004062635	12
2	5292	168829.426118853986	11
2	5311	169295.76370634107	12
2	5321	169476.734347885024	13
2	5329	169699.032934169769	12
2	5364	170591.818569816202	11
2	5377	170765.840364992303	12
2	5381	170808.222692666125	13
2	5392	171428.826969444305	12
2	5399	171902.732090234306	13
2	5401	172204.010405849219	12
2	5408	172389.636353309882	13
2	5410	172737.40697293684	12
2	5417	172873.113301444348	13
2	5419	173396.946058563442	12
2	5435	173542.483888009112	13
2	5442	173721.213809707818	14
2	5450	174043.711648631395	13
2	5470	174556.987978174837	12
2	5477	174594.135718300488	13
2	5487	174671.975887994898	14
2	5492	175009.078825704308	13
2	5512	175736.463371973039	12
2	5519	175749.136292710585	13
2	5526	176058.587427578416	14
2	5537	176675.561994026901	13
2	5544	176696.016973824856	14
2	5563	177484.124566951316	15
2	5567	177548.520297957269	16
2	5569	177576.936076014789	15
2	5589	178496.040123357924	14
2	5596	178607.734961397631	15
2	5603	178746.215315155234	16
2	5623	179241.681203070583	15
2	5633	179366.536393828239	16
2	5646	179765.357824470533	17
2	5648	179903.969889387043	16
2	5661	180542.516073472483	17
2	5663	180628.575385484399	16
2	5673	180772.996789209094	17
2	5678	181313.390467587413	16
2	5694	181921.727200289873	17
2	5696	182012.857928305419	16
2	5706	182146.399328290966	17
2	5716	182526.882228655425	18
2	5718	182604.439842134269	17
2	5735	183116.779699522557	16
2	5742	183261.116054476855	17
2	5758	183671.343471725953	18
2	5763	183878.256567913594	17
2	5770	183882.39929449713	18
2	5778	184694.884298231008	17
2	5785	184761.838115874228	18
2	5795	185085.290590868948	19
2	5806	185415.531858812573	18
2	5825	185985.034884737355	19
2	5836	186354.146776992383	18
2	5843	186409.381789341254	19
2	5865	186875.069752933008	20
2	5867	187212.153634607347	19
2	5878	187824.366357039215	18
2	5885	187888.25623068927	19
2	5889	187897.811191856412	20
2	5896	188555.668734099267	21
2	5898	188611.941275216194	20
2	5909	188893.887526776197	19
2	5916	189157.679748665226	20
2	5921	189644.199917569312	19
2	5937	189987.765456260798	20
2	5939	189997.172038323733	19
2	5949	190178.260651548876	20
2	5963	190567.113561249825	19
2	5988	191213.48827509178	20
2	5992	191489.330391531362	21
2	5994	191503.374418068233	20
2	5999	191759.22121872336	19
2	6010	192485.265578973595	18
2	6017	192500.567340533865	19
2	6039	193014.866584410443	20
2	6041	193049.110082566295	19
2	6061	193580.687711957399	18
2	6068	193627.118118824122	19
2	6081	194066.266647560074	20
2	6089	194491.581849094037	19
2	6105	194703.813041924982	20
2	6110	194744.454708929662	19
2	6117	194892.290369877277	20
2	6119	195566.598170913313	19
2	6129	195915.365533271356	20
2	6131	196025.399651426379	19
2	6144	196255.528239439858	20
2	6146	196498.975321568106	19
2	6156	196919.030191238521	20
2	6167	197158.192747134273	19
2	6180	197408.469177093042	20
2	6185	197949.198727804725	19
2	6192	198062.274171329586	20
2	6205	198523.006759378744	21
2	6207	198552.548499583756	20
2	6218	198851.065856359457	19
2	6228	198931.712475271447	20
2	6233	199328.637103803014	19
2	6250	199667.95306195647	18
2	6260	200017.286755619256	19
2	6262	200039.493189855968	18
2	6269	200148.923918270989	19
2	6289	200686.169765285706	18
2	6312	201551.401331752097	17
2	6319	201578.218740718125	18
2	6323	201723.710995438992	19
2	6331	202293.368704273855	18
2	6347	202624.499594281911	19
2	6360	202935.220825355186	20
2	6371	203222.047529696977	19
2	6384	203582.510194936453	20
2	6391	203917.633855707496	21
2	6393	204099.526909265226	20
2	6400	204631.244574721455	21
2	6411	204799.209965776211	20
2	6418	205056.051535810961	21
2	6420	205332.39389605031	20
2	6428	205663.811620708114	19
2	6435	205892.083459870442	20
2	6440	206387.612428955293	19
2	6447	206411.49697001992	20
2	6449	206759.652654222703	19
2	6459	207105.934209219664	20
2	6463	207333.33717314495	21
2	6468	207480.162229567325	20
2	6479	207824.296635400063	19
2	6489	208269.27938864535	20
2	6497	208535.008501700616	19
2	6507	208714.654873201176	20
2	6514	208919.768596281915	21
2	6522	209481.906363117999	20
2	6532	209657.994261243998	21
2	6537	210151.07399958328	20
2	6544	210316.387382821664	21
2	6549	210538.47885518477	20
2	6557	211104.815656329996	19
2	6564	211207.958287577762	20
2	6571	211351.349836980477	21
2	6582	211656.305038008398	20
2	6611	212366.036696221239	19
2	6624	212653.235465643481	20
2	6628	212665.53741343288	21
2	6636	213180.331861573762	20
2	6643	213370.723935784458	21
2	6654	213861.404364063895	20
2	6661	214012.32382316284	21
2	6663	214289.009088288552	20
2	6673	214630.099345417379	21
2	6680	214740.243001581655	22
2	6682	214939.899344343251	21
2	6698	215472.439192357958	22
2	6709	215774.608266904509	21
2	6734	216285.272324578522	22
2	6736	216296.720741606808	21
2	6752	216593.347598064244	22
2	6754	216771.336223046786	21
2	6767	217218.347767004429	22
2	6775	217629.201205718822	21
2	6782	218013.278802997917	22
2	6784	218163.722511726923	21
2	6791	218232.624949132709	22
2	6799	218517.270925037123	21
2	6812	218937.948765549494	22
2	6817	218968.397982615538	21
2	6824	219087.020276097134	22
2	6829	219644.806447505511	21
2	6836	219906.290958197473	22
2	6846	220140.580383605808	23
2	6851	220474.944199595161	22
2	6858	220749.478656686528	23
2	6865	220828.859227096215	24
2	6879	221121.081612959065	23
2	6887	221417.735984801807	22
2	6898	221903.976497735389	21
2	6905	221931.369171442017	22
2	6924	222380.990508906229	23
2	6926	222424.417667716302	22
2	6945	222890.827248628736	23
2	6956	223297.554695896365	22
2	6966	223421.786042218714	23
2	6974	223820.093875519492	22
2	6993	224506.995025958419	23
2	6995	224728.75875800059	22
2	7005	224945.255609312712	23
2	7010	225424.219713426687	22
2	7020	225598.091633077397	23
2	7024	225774.149131077826	24
2	7032	226193.376108828493	23
2	7040	226538.170306060024	22
2	7068	227260.634252912982	23
2	7075	227440.759599750415	24
2	7077	227445.074460647561	23
2	7093	227875.975797138794	24
2	7101	228296.871623016455	23
2	7108	228459.477601937503	24
2	7124	228657.524317288457	25
2	7132	228928.115070193567	24
2	7143	229506.250665049561	23
2	7162	229743.383348492459	24
2	7167	229879.257687359609	23
2	7180	229984.399681407644	24
2	7197	230624.578505448558	23
2	7204	230842.19572929634	24
2	7221	231245.079606614568	23
2	7228	231273.955639332087	24
2	7265	232027.66412365392	25
2	7270	232187.989077876814	24
2	7280	232451.816357969923	25
2	7285	232537.283986296065	24
2	7293	232836.981337174334	23
2	7310	233311.385250493445	22
2	7320	233402.998951088192	23
2	7324	233560.234479382319	24
2	7329	233819.617035548695	23
2	7339	234050.408716566416	24
2	7341	234079.780334785142	23
2	7349	234639.090919766136	22
2	7359	234661.809990472647	23
2	7363	234886.1697090414	24
2	7368	235139.997420507975	23
2	7376	235420.811120040275	22
2	7384	235811.644920698859	21
2	7397	236166.077606631128	22
2	7401	236204.544099272716	23
2	7403	236281.225827924468	22
2	7414	236837.124118499019	21
2	7424	236942.747131838951	22
2	7432	237282.133976138689	21
2	7446	237546.113959729232	20
2	7456	237642.611984731315	21
2	7470	238274.811650488086	20
2	7486	238618.427358448062	21
2	7502	239019.554619025125	22
2	7507	239144.725172549047	21
2	7517	239641.354002814297	22
2	7524	239847.84676966226	23
2	7526	239883.210620015421	22
2	7542	240280.218212652509	23
2	7549	240469.929887912854	24
2	7554	240568.318654495784	23
2	7559	240821.475495557793	22
2	7570	241341.776828404077	21
2	7592	241627.055705219065	22
2	7602	242107.854716563284	23
2	7607	242206.041311837294	22
2	7626	242791.738476689463	23
2	7631	242978.579934920677	22
2	7641	243606.653489062121	23
2	7648	243701.130968993216	24
2	7650	243783.016356221893	23
2	7669	244627.155607753923	24
2	7674	244739.664942930945	23
2	7696	245375.497342087015	24
2	7704	245627.171361587503	23
2	7711	245836.974817664852	24
2	7716	246392.02139414058	23
2	7726	246571.388050298825	24
2	7728	246712.842241722652	23
2	7747	247083.147309321468	24
2	7752	247489.697682570228	23
2	7771	248009.014330748156	24
2	7775	248136.212881693174	25
2	7777	248355.287450506845	24
2	7796	248882.193496293877	25
2	7800	248934.686233820081	26
2	7802	248966.194935936043	25
2	7810	249242.349836054752	24
2	7823	249698.020045132995	25
2	7834	250202.293388295481	24
2	7847	250476.526000789855	25
2	7854	250510.161265218318	26
2	7859	250568.477045550505	25
2	7864	251041.251101653586	24
2	7874	251121.645127415214	25
2	7879	251783.985741521726	24
2	7889	251799.966948339403	25
2	7899	252089.107001713965	26
2	7904	252285.842119931738	25
2	7917	252979.959457257319	26
2	7919	253056.883865698735	25
2	7926	253160.688899894864	26
2	7931	253417.302120878855	25
2	7939	253728.925349536846	24
2	7950	254021.059090934257	23
2	7964	254559.059492937784	22
2	7974	254644.225480287824	23
2	7978	254763.875242154733	24
2	7980	255171.998984209757	23
2	7993	255481.732048829705	24
2	7997	255607.981043468718	25
2	7999	255609.225224677037	24
2	8013	256179.240669618856	23
2	8020	256275.894232486863	24
2	8034	256735.664052731853	23
2	8053	257146.425023879544	24
2	8064	257296.209463376116	23
2	8074	257537.25736846358	24
2	8079	257843.620189010661	23
2	8086	258137.897919118093	24
2	8097	258382.768289979111	23
2	8110	258738.337368303599	24
2	8114	258833.536471511726	25
2	8128	259235.526252809476	24
2	8138	259407.727537341105	25
2	8140	259514.62125885443	24
2	8150	259902.403101307829	25
2	8155	260210.724974657904	24
2	8165	260447.827792288425	25
2	8170	260939.372266038816	24
2	8177	260962.165995781799	25
2	8185	261680.731391507696	24
2	8201	262006.587107367503	25
2	8205	262110.329709548061	26
2	8219	262566.153428826045	25
2	8229	262686.690177963736	26
2	8233	262804.000790437241	27
2	8238	262876.639500774007	26
2	8263	263588.447313597115	27
2	8271	263786.56342390136	26
2	8281	263812.384446646576	27
2	8289	264070.71772641645	26
2	8309	264619.285076066416	25
2	8322	264924.907493963527	26
2	8332	265160.846221793001	27
2	8340	265397.330855961453	26
2	8351	265645.720203771751	25
2	8358	265734.284396916317	26
2	8371	266201.454602630367	27
2	8382	266566.941795285355	26
2	8399	266945.303124032479	25
2	8406	267040.429975818532	26
2	8411	267259.969780996006	25
2	8424	267799.073641301622	26
2	8432	268004.53108466373	25
2	8439	268040.924117890807	26
2	8446	268642.261494688248	27
2	8448	268693.432233418833	26
2	8455	268702.463445132287	27
2	8460	269037.789392519306	26
2	8473	269324.090857469966	27
2	8478	269529.074670217495	26
2	8491	270010.853217504607	27
2	8499	270341.455076291721	26
2	8518	270560.296535102209	27
2	8532	271000.095634135913	26
2	8548	271245.906267864318	27
2	8556	271481.144147302519	26
2	8561	271767.733748081635	25
2	8568	271791.012703684649	26
2	8597	272433.829258448939	25
2	8613	272654.935908542505	26
2	8620	272766.656363187046	27
2	8622	272813.235517993133	26
2	8638	273380.386124794862	27
2	8640	273545.724525108497	26
2	8665	274085.956254666359	27
2	8675	274305.351683377779	28
2	8677	274457.239440913807	27
2	8696	275226.860211073912	28
2	8701	275286.205106723617	27
2	8708	275364.967213598699	28
2	8725	276048.52616067187	27
2	8732	276126.311694774464	28
2	8737	276354.401671394269	27
2	8744	276416.765565510399	28
2	8749	276624.716187446873	27
2	8756	276781.575781209082	28
3	44	1966.824310505433	1540.8425828442
3	79	3433.193610526159	2599.0983718073
3	121	4547.267158805862	3292.5749836389
3	160	5455.711284756199	4056.6167670175
3	228	6938.842771734581	3728.1640379846
3	270	8614.922350488142	3978.2305452519
3	295	9443.830874852375	5784.2647157723
3	325	10230.605629898147	6480.4804579563
3	355	10913.868999938951	6548.0939361643
3	376	11687.631359930621	6967.7654861346
3	400	12340.118121943907	8142.1573436363
3	405	12714.866979337768	7897.4323797569
3	430	13653.564789175527	9264.3259655827
3	475	14822.787090662407	9150.6991843283
3	520	15733.448450780945	9720.5643133385
3	539	16144.305705997633	10061.095243384
3	559	17058.526921413379	12203.806472102
3	572	17842.785664490896	11722.186953306
3	586	18579.758843455004	11949.550261612
3	605	19025.665022257256	11718.795148718
3	643	20071.69533436327	12393.493656741
3	665	20990.983267083305	13119.490171296
3	679	21356.069160058635	12962.598989215
3	697	21984.277979257989	13735.492380298
3	724	22529.629966478336	12808.288532703
3	736	23047.162272568333	13514.787494357
3	754	23649.445627379703	13553.604713314
3	779	24463.596387628006	13963.889719343
3	784	24818.919616128789	14052.685723632
3	829	26628.197482835041	16799.091709389
3	841	27044.820612698333	16498.982284746
3	859	27948.999135989235	16835.192791337
3	873	28207.678975995169	17816.287001558
3	895	28770.114221658097	16948.32291135
3	925	29692.690358899073	16950.264569191
3	965	30285.08760542749	16947.285281629
3	979	30641.785575013147	16835.525851191
3	993	30915.437033503787	17678.435853388
3	1018	31605.927980180369	17540.895377979
3	1045	32201.901633247272	18013.077854537
3	1095	33750.319041564599	19426.281242246
3	1107	34034.675003952816	19122.952891864
3	1122	34573.126761383846	19096.084954382
3	1137	35243.637108496859	20288.885577339
3	1145	35574.522520612463	19892.988720836
3	1173	36048.672775245741	21138.236874239
3	1190	36662.536910131112	21076.952141353
3	1242	38010.233053519861	19760.651764615
3	1256	38334.307700592564	19510.638518445
3	1277	38856.929969351278	20591.387163608
3	1285	39137.836059920029	20842.366623012
3	1324	40591.968049697118	20831.5470015
3	1348	41511.59718169971	21842.379869954
3	1376	42402.958480260806	21268.53840952
3	1408	43634.794488289863	21317.578369307
3	1432	44698.527796139479	22289.725250437
3	1471	45653.393296617688	23195.288373141
3	1490	46134.504064023168	23819.868114405
3	1508	46692.400827742786	24076.493126719
3	1531	47186.939111446501	22260.247663483
3	1589	48725.188657437922	22985.762320594
3	1605	49430.602436905266	22997.02307586
3	1626	50382.715893817605	24660.961844522
3	1646	51264.560211879672	24148.164345789
3	1683	52467.417434362234	23956.105084475
3	1700	53397.731347308965	24899.12063619
3	1725	53854.126886503311	24974.117298715
3	1763	54858.267900907906	25493.710837966
3	1808	55732.41542708269	26114.663165955
3	1825	56022.252919284167	26054.05991907
3	1846	56487.720436194452	26203.159469904
3	1930	58848.001712897333	29069.337894861
3	1945	59117.486992852303	28926.621024539
3	1958	59622.305393015507	29907.542773576
3	1984	60594.521852239507	30287.733412182
3	1993	61028.823584328878	29365.981060047
3	2015	61916.984676729429	30214.66053069
3	2032	62811.740341420758	31384.575259284
3	2065	63640.106140125084	31190.505724734
3	2075	63950.077039517003	31278.222388737
3	2110	64944.482399318041	32732.842862405
3	2135	65822.85978129101	32585.419522319
3	2150	66197.983885425748	31313.413284828
3	2199	67995.230166986259	32743.392525098
3	2219	68635.767201352539	32931.187825151
3	2224	68902.207645848068	32890.794459578
3	2243	69341.104698851379	33150.342102641
3	2254	69677.549837398949	32681.178761369
3	2279	70532.927759028646	34737.527235326
3	2297	71093.571467101249	33701.956697435
3	2312	71644.950579981926	33906.698748637
3	2333	72546.196256242368	34290.311360555
3	2354	73410.776432323876	35569.58348651
3	2376	74106.070555355075	35893.567342695
3	2384	74440.571170318547	35382.412863262
3	2400	74874.360727555725	36298.731786843
3	2411	75133.176732584509	36289.91811691
3	2419	75922.776198722097	36294.36585409
3	2438	76402.615324798646	36821.205702322
3	2459	77255.822068303498	36987.614378505
3	2471	77954.692100491049	37197.80578413
3	2480	78851.707921400341	36940.139118144
3	2492	79491.312041897002	37817.273310123
3	2504	80122.942322455022	37335.588774584
3	2538	81400.037651285205	37009.801238085
3	2546	81880.551338847402	38643.76544952
3	2559	82819.007460698161	37643.389646359
3	2571	83409.980029444817	38546.110295719
3	2589	83919.039649478767	38009.055618125
3	2616	84663.572431541655	39867.496469486
3	2637	85333.1180739027	39702.354172361
3	2697	86729.771816637043	40667.009502652
3	2705	87045.927219967965	41163.881577064
3	2730	87737.448309249852	40373.235047942
3	2748	88617.0168649402	41161.700522524
3	2783	89646.781483571652	42521.518276482
3	2795	90240.894710700635	42942.531189815
3	2816	91303.559878095661	43075.566936648
3	2838	92261.030352320199	42972.777871889
3	2868	93200.371441375141	43579.079557925
3	2880	93542.219917140578	41893.932799527
3	2892	94296.792318187331	43443.233072903
3	2910	94996.668626684373	43727.663923088
3	2921	95247.776016145622	43132.810687433
3	2955	96172.290086615508	43267.262571958
3	2967	96489.703484363531	43557.082623645
3	2996	97430.110309160923	43744.85440243
3	3011	97819.609226192956	43675.273145384
3	3019	98175.424780863946	44355.107321507
3	3040	98542.30536939544	44452.380205603
3	3055	99229.584548808312	44368.835700598
3	3065	99827.815888113951	45735.848821517
3	3091	100332.409524554063	45130.205343032
3	3106	101208.211458483387	46509.279399432
3	3121	101553.511639693428	46834.774544956
3	3130	101828.752924604017	46578.707839104
3	3143	102700.282306102711	46667.682754198
3	3166	103392.926001000693	46974.870537958
3	3193	103972.686539265802	48114.43092433
3	3247	105867.658926296523	49221.856373022
3	3326	108040.454400546393	51172.23043247
3	3405	110384.011062170855	51708.842004052
3	3427	111185.09231877654	52265.492155998
3	3446	112056.216428551368	53681.944737217
3	3464	112635.731074634485	53221.75512034
3	3472	113307.857856854342	54304.924388747
3	3484	113650.72338956549	52191.563475386
3	3505	114556.577237203263	54442.519593697
3	3517	114940.860635350935	53384.773332832
3	3538	115481.116656783514	52850.633545629
3	3556	116024.422058175795	52801.532601629
3	3573	116897.115714355849	53488.062435018
3	3613	118059.218670364015	54753.089980974
3	3631	118738.06476251363	55740.475762044
3	3650	119245.75112656831	55174.887299796
3	3658	119647.869804158352	55476.18199378
3	3691	120568.303169935487	56005.506221439
3	3706	121090.605202551476	55674.862125631
3	3718	121340.99573058217	55178.975625359
3	3798	123461.859280272864	55871.009044548
3	3806	124043.264869797521	56506.855233604
3	3825	124667.666846338206	56356.328751226
3	3836	124938.020978785598	55736.902045082
3	3845	125451.826653342241	56884.105003525
3	3869	125876.172906338716	56108.776363885
3	3911	127217.530358779723	56886.663297043
3	3960	128985.913237418528	58368.748855562
3	3987	129907.322298801985	58710.3521511
3	4014	130777.778264946785	58346.628967334
3	4023	131200.994537986364	59233.60849383
3	4115	133815.028426117745	58910.728289352
3	4143	134739.098404917416	58372.839767819
3	4202	136607.800155367252	61255.812134419
3	4232	137506.627256098685	60574.026469463
3	4247	137828.177527069596	58571.029667668
3	4268	138289.309585198311	57905.587833969
3	4285	139101.393289334623	58878.42622242
3	4300	139498.423097591398	57857.266325303
3	4312	139982.283061008451	56016.791607108
3	4344	140780.911409139184	57189.193939443
3	4427	142451.987352959362	58582.488909361
3	4467	143375.454651630965	58350.043379786
3	4498	144136.522634189126	59780.653621334
3	4518	144817.049296080616	59904.662339554
3	4531	145185.017000522014	59781.626542151
3	4560	146463.481626558599	60867.59355163
3	4651	149132.150428119597	63519.318046975
3	4675	150232.412813297954	62929.150935371
3	4680	150591.206878769693	62939.5962766
3	4720	151517.885933305618	64030.512016714
3	4738	151875.737527358827	63096.519387251
3	4759	152415.910052127686	63558.706343952
3	4767	152661.156202341911	63471.409242927
3	4801	153393.001512486037	63895.1483623
3	4809	153766.388052451905	62255.842585507
3	4817	154622.656178801801	62623.480887995
3	4842	155496.952271472212	63085.548149146
3	4863	156274.221315152493	64200.765136828
3	4891	157051.15405106127	64306.759978945
3	4912	157638.954828187374	64124.85266967
3	4936	158153.615809745637	64958.089767124
3	4960	158616.402967694697	63494.479771643
3	4996	160127.323930106608	65345.767271804
3	5027	160881.487759809492	65234.158042998
3	5042	161631.078521880804	65851.434238819
3	5081	162743.84010936275	66086.705990584
3	5106	163691.022389374225	65943.587746194
3	5120	163981.61039131835	66126.213713582
3	5129	164277.370738975256	66971.577965851
3	5150	164769.886956318765	67591.714312044
3	5174	165313.234848763346	67611.050408564
3	5195	165836.438714649081	67574.436483982
3	5231	166780.227619885951	67586.0810874
3	5273	168076.583074919432	67901.920951362
3	5295	168829.426118853986	68796.978841558
3	5367	170591.818569816202	67714.115743662
3	5395	171428.826969444305	69396.640292269
3	5404	172204.010405849219	69173.867867389
3	5422	173396.946058563442	70764.765347415
3	5453	174043.711648631395	70288.632557547
3	5473	174556.987978174837	70679.941841271
3	5495	175009.078825704308	69540.1034572
3	5515	175736.463371973039	72257.794277632
3	5540	176675.561994026901	71632.547034191
3	5572	177576.936076014789	71893.248429902
3	5626	179241.681203070583	73296.86704005
3	5651	179903.969889387043	73026.529850856
3	5666	180628.575385484399	74159.76409939
3	5681	181313.390467587413	74808.622116377
3	5699	182012.857928305419	75714.128943829
3	5721	182604.439842134269	75101.767660292
3	5738	183116.779699522557	74571.573227199
3	5766	183878.256567913594	76046.500197281
3	5781	184694.884298231008	76516.391400586
3	5809	185415.531858812573	75884.363639011
3	5839	186354.146776992383	77427.034500083
3	5870	187212.153634607347	78457.59894254
3	5881	187824.366357039215	78566.635962671
3	5901	188611.941275216194	78798.380856688
3	5912	188893.887526776197	79440.036932338
3	5924	189644.199917569312	78424.090798716
3	5942	189997.172038323733	80052.332478131
3	5966	190567.113561249825	78019.127723684
3	5997	191503.374418068233	79374.514653323
3	6002	191759.22121872336	77073.808343747
3	6044	193049.110082566295	79361.911216853
3	6064	193580.687711957399	79476.921201329
3	6092	194491.581849094037	80212.836559317
3	6134	196025.399651426379	80081.410754748
3	6149	196498.975321568106	79063.264355182
3	6170	197158.192747134273	80720.752364887
3	6188	197949.198727804725	79916.921479364
3	6210	198552.548499583756	81073.363262732
3	6221	198851.065856359457	79791.351891265
3	6236	199328.637103803014	80943.299834493
3	6253	199667.95306195647	80519.442142683
3	6265	200039.493189855968	79675.379256762
3	6292	200686.169765285706	80453.324558613
3	6315	201551.401331752097	80036.446956608
3	6334	202293.368704273855	81992.115335907
3	6374	203222.047529696977	81662.514543697
3	6396	204099.526909265226	83019.432508681
3	6423	205332.39389605031	82790.346559209
3	6431	205663.811620708114	82760.331006087
3	6443	206387.612428955293	84636.482807295
3	6482	207824.296635400063	83047.764804865
3	6500	208535.008501700616	84060.626736833
3	6540	210151.07399958328	84539.520035623
3	6585	211656.305038008398	85768.078801024
3	6657	213861.404364063895	86807.667418635
3	6666	214289.009088288552	87210.17335683
3	6685	214939.899344343251	86270.699957694
3	6712	215774.608266904509	87015.701254066
3	6739	216296.720741606808	86086.708672806
3	6757	216771.336223046786	87807.557509685
3	6778	217629.201205718822	87852.861302894
3	6787	218163.722511726923	87949.510836054
3	6802	218517.270925037123	87948.635023707
3	6820	218968.397982615538	87643.978530915
3	6832	219644.806447505511	88376.143971375
3	6854	220474.944199595161	89181.70681928
3	6890	221417.735984801807	89888.464672885
3	6901	221903.976497735389	89914.959980743
3	6929	222424.417667716302	89135.158109943
3	6959	223297.554695896365	90867.856478251
3	6977	223820.093875519492	90360.608286481
3	6998	224728.75875800059	91704.112851829
3	7013	225424.219713426687	90311.287974334
3	7035	226193.376108828493	92600.505837839
3	7043	226538.170306060024	90679.21340416
3	7080	227445.074460647561	92356.166298719
3	7104	228296.871623016455	92464.805029837
3	7135	228928.115070193567	92867.642526912
3	7146	229506.250665049561	92621.96326513
3	7170	229879.257687359609	93550.992463152
3	7200	230624.578505448558	94330.810184051
3	7224	231245.079606614568	94665.24429277
3	7273	232187.989077876814	94819.444586227
3	7344	234079.780334785142	95586.200795003
3	7352	234639.090919766136	96005.194724084
3	7379	235420.811120040275	95264.187502893
3	7387	235811.644920698859	95703.893847036
3	7417	236837.124118499019	96009.650592676
3	7449	237546.113959729232	97252.17125282
3	7473	238274.811650488086	96566.591168173
3	7510	239144.725172549047	97995.195144811
3	7529	239883.210620015421	97967.852966366
3	7557	240568.318654495784	99469.514034299
3	7562	240821.475495557793	99724.314546592
3	7653	243783.016356221893	101897.6788105
3	7677	244739.664942930945	102141.05033227
3	7707	245627.171361587503	103522.98645267
3	7719	246392.02139414058	103144.64744174
3	7731	246712.842241722652	104183.68412082
3	7755	247489.697682570228	103903.00831148
3	7780	248355.287450506845	104409.1106001
3	7805	248966.194935936043	104644.16329589
3	7813	249242.349836054752	104463.03823664
3	7837	250202.293388295481	105477.84364304
3	7862	250568.477045550505	104953.50206266
3	7867	251041.251101653586	105387.43265162
3	7907	252285.842119931738	105585.16471675
3	7934	253417.302120878855	106309.34251756
3	7953	254021.059090934257	106081.01623411
3	7983	255171.998984209757	106064.96490168
3	8002	255609.225224677037	104938.71875786
3	8016	256179.240669618856	105478.19578709
3	8037	256735.664052731853	106625.25778217
3	8067	257296.209463376116	106655.39845499
3	8100	258382.768289979111	107560.19143444
3	8131	259235.526252809476	108011.65886739
3	8158	260210.724974657904	108707.21725826
3	8188	261680.731391507696	110107.5072502
3	8222	262566.153428826045	109746.11516191
3	8241	262876.639500774007	107845.28028532
3	8274	263786.56342390136	110965.95732303
3	8292	264070.71772641645	108435.80683008
3	8312	264619.285076066416	110550.03635947
3	8343	265397.330855961453	109915.15879145
3	8354	265645.720203771751	109614.23229189
3	8385	266566.941795285355	111331.74499858
3	8414	267259.969780996006	110140.30026859
3	8435	268004.53108466373	110928.47778931
3	8451	268693.432233418833	111635.39656305
3	8463	269037.789392519306	111033.06444201
3	8502	270341.455076291721	112491.41104947
3	8559	271481.144147302519	113606.52009853
3	8564	271767.733748081635	112814.1051366
3	8600	272433.829258448939	113090.34606834
3	8625	272813.235517993133	112892.74901317
3	8643	273545.724525108497	113058.21908518
3	8680	274457.239440913807	114068.48014845
3	8704	275286.205106723617	114866.18066956
3	8752	276624.716187446873	114300.32999805
4	64	2589.534984949514	2340.222020857
4	94	3746.551635648593	2790.853032665
4	191	6077.538194797472	3748.6275931488
4	246	7697.673565830574	3744.301036462
4	457	14363.196867528843	9333.4124618413
4	622	19567.537522382575	11627.314787055
4	802	25684.649143583612	15314.299377788
4	1065	32522.955829660878	18330.814205919
4	1080	32829.472771558449	17941.553214356
4	1199	36989.986244022385	21437.367909029
4	1224	37597.390286206738	18891.655392522
4	1306	39978.846418663399	19977.935627982
4	1360	41897.829186591791	20871.518701959
4	1393	42817.431613431782	21675.070277121
4	1420	44218.540137877226	22674.044070873
4	1451	45292.524019611538	23018.137370659
4	1558	47893.82280783868	22518.184385454
4	1638	50927.402874419005	24559.635117689
4	1667	52119.066249617846	24865.395721701
4	1752	54533.214184848132	26361.238388017
4	1787	55299.503202141734	26257.493013577
4	1868	56948.343519346329	26668.254033209
4	1906	57906.414820963057	27242.978305058
4	2047	63160.112963720697	31050.243750672
4	2174	67141.187006942602	32786.839051791
4	2522	80952.977705020133	38932.351203957
4	2682	86226.643135063026	40391.281143422
4	2766	89006.907682716522	42304.844624991
4	2804	90695.176631975595	42584.622686057
4	2975	97072.017249744063	43306.656010911
4	3214	104802.603634569338	48715.019618234
4	3236	105564.242959163627	49628.066021123
4	3278	106623.21418159782	49453.195255817
4	3306	107417.508601985416	50590.057713442
4	3351	108798.771502833358	51191.529795573
4	3372	109521.311697989247	52351.327315186
4	3599	117778.886849294894	55067.768638244
4	3674	120184.650522071413	56118.631190845
4	3729	121603.1609278652	54792.320685025
4	3753	122430.204153220646	56200.911308833
4	3783	122996.06281574025	55291.582811497
4	3883	126663.791712998891	57612.146820615
4	3929	128030.340737040634	57789.677968585
4	3972	129246.445224556621	56620.677646034
4	4066	132143.302835180905	58781.829553214
4	4092	133026.929609823522	59381.259630247
4	4162	135661.88758180618	60655.674560561
4	4385	141629.437908466456	58165.293272832
4	4552	145958.631421431449	61020.888044155
4	4591	147011.452324009982	61940.008843738
4	4624	147946.178448825625	62493.104504439
4	4633	148389.39674724966	62900.768661246
4	4660	149682.57757556766	62572.53046657
4	4978	159175.095268964318	64150.825053717
4	5050	161893.824197474419	66386.141240911
4	5256	167410.738843280375	67238.744993142
4	5332	169699.032934169769	68356.828108463
4	5413	172737.40697293684	68934.619091594
4	5592	178496.040123357924	72706.003262659
4	6013	192485.265578973595	79147.692266161
4	6113	194744.454708929662	78224.836741797
4	6122	195566.598170913313	80524.663231976
4	6414	204799.209965776211	83044.074186286
4	6452	206759.652654222703	83899.068743529
4	6471	207480.162229567325	84805.832595406
4	6525	209481.906363117999	84686.391200249
4	6552	210538.47885518477	84997.690497937
4	6560	211104.815656329996	84517.015667512
4	6614	212366.036696221239	85345.25687021
4	6639	213180.331861573762	85974.062522855
4	6882	221121.081612959065	89244.219789959
4	7288	232537.283986296065	94701.07307087
4	7296	232836.981337174334	94824.957290476
4	7313	233311.385250493445	95853.269241387
4	7332	233819.617035548695	95624.860490729
4	7371	235139.997420507975	95123.559908122
4	7406	236281.225827924468	96278.505164353
4	7435	237282.133976138689	96926.138124285
4	7573	241341.776828404077	99324.930134395
4	7610	242206.041311837294	99721.290570995
4	7634	242978.579934920677	101180.82920203
4	7882	251783.985741521726	105253.16109194
4	7922	253056.883865698735	106543.51692013
4	7942	253728.925349536846	106405.05065132
4	7967	254559.059492937784	106692.74410803
4	8082	257843.620189010661	106812.99553379
4	8143	259514.62125885443	107350.87907523
4	8173	260939.372266038816	108793.82227746
4	8402	266945.303124032479	110195.41647286
4	8481	269529.074670217495	112547.04480457
4	8535	271000.095634135913	113027.10467019
4	8728	276048.52616067187	114387.03675778
4	8740	276354.401671394269	114927.32838137

