version 2
run Iteration-31-20200521-09:52:32-51856
attr configname Iteration
attr datetime 20200521-09:52:32
attr experiment Iteration
attr inifile omnetpp.ini
attr iterationvars "$i=3, $j=7, $0=15-(3+7)"
attr iterationvarsf i=3,j=7,15-(3+7)-
attr measurement "$i=3, $j=7, $0=15-(3+7)"
attr network Network
attr processid 51856
attr repetition 0
attr replication #0
attr resultdir results
attr runnumber 31
attr seedset 31
itervar i 3
itervar j 7
param **.resourcePool.amount 3
param **.resourcePool1.amount 7
param **.resourcePool2.amount 15-(3+7)
param **.source.interArrivalTime exponential(6min)
param **.delay.delay uniform(4min,28min)
param **.delay1.delay uniform(10min,28min)
param **.delay2.delay uniform(4min,16min)
param **.allocate.resourceModuleName "\"Network.resourcePool\""
param **.allocate1.resourceModuleName "\"Network.resourcePool1\""
param **.allocate2.resourceModuleName "\"Network.resourcePool2\""
param **.deallocate.resourceModuleName "\"Network.resourcePool\""
param **.deallocate1.resourceModuleName "\"Network.resourcePool1\""
param **.deallocate2.resourceModuleName "\"Network.resourcePool2\""
param **.router.randomGateIndex "uniform(0, 1) > 0.2 ? 0 : 1"

vector 0 Network.allocate queueLength:vector ETV
attr interpolationmode sample-hold
attr title "queue length, vector"
vector 1 Network.allocate1 queueLength:vector ETV
attr interpolationmode sample-hold
attr title "queue length, vector"
vector 2 Network.allocate2 queueLength:vector ETV
attr interpolationmode sample-hold
attr title "queue length, vector"
vector 3 Network.sinkStat lifeTime:vector ETV
attr interpolationmode none
attr title "lifetime of arrived jobs, vector"
attr unit s
vector 4 Network.sink lifeTime:vector ETV
attr interpolationmode none
attr title "lifetime of arrived jobs, vector"
attr unit s
0	0	0	0
0	11	612.275081263308	1
0	13	986.550872328339	2
0	15	1070.575891318354	3
0	17	1222.856369160774	4
0	19	1275.864379333791	5
0	21	1365.441407381781	6
0	23	1481.143048141468	5
0	28	1740.973191683704	4
0	33	1933.061007933987	3
0	42	2225.855101207972	4
0	44	2259.569548430099	5
0	54	2908.001136675952	6
0	60	3043.166163076032	5
0	69	3305.552669800232	6
0	71	3329.066979934985	5
0	76	3377.597437652124	4
0	85	3766.523308073739	5
0	91	3848.838803482766	4
0	96	3856.137440588091	5
0	98	3901.169559803177	4
0	103	4076.317734714415	5
0	109	4188.477965730487	6
0	115	4260.787100570573	5
0	120	4376.732861102618	6
0	126	4548.417518843282	5
0	131	4631.122941658195	6
0	133	4780.811218372128	7
0	135	4791.633728762543	8
0	141	4836.502927219088	7
0	154	5176.462069001366	6
0	159	5341.901516517217	5
0	180	5690.213283339812	4
0	189	6053.665347921027	3
0	194	6112.10414911819	4
0	196	6134.768311207707	3
0	217	6410.723484900166	2
0	222	6449.811365168825	3
0	228	6474.296324973519	2
0	245	7115.556281131078	1
0	262	7320.2128295622	0
0	267	7320.30364205969	1
0	273	7378.476648420564	2
0	279	7624.261840802839	3
0	285	7677.768812330736	2
0	290	7754.578893972476	3
0	292	7757.248054377029	4
0	306	7912.361947236176	3
0	311	8352.313113959803	2
0	328	8609.350359585453	1
0	337	8819.859394304259	2
0	343	8914.524541249092	1
0	348	8942.907908821775	0
0	357	9074.819330516242	1
0	371	9282.999695429875	0
0	391	9798.846447643945	1
0	393	9808.90043475699	2
0	399	9943.927520510126	1
0	404	10127.914698722138	0
0	444	10718.82805193572	1
0	446	10732.076404144998	0
0	451	10734.362495757088	1
0	453	10829.663634525909	0
0	458	10830.976628765171	1
0	464	10902.521078360053	2
0	470	11088.163185138649	3
0	480	11278.889691023167	2
0	497	11583.152753571508	1
0	510	11716.769875078048	2
0	512	11854.944316080409	3
0	518	12193.232978770806	2
0	523	12402.964253253748	3
0	525	12445.491215968964	2
0	534	12454.787245256837	1
0	543	12903.959756726859	0
0	601	13890.675262850656	1
0	607	14230.054690080991	0
0	646	14705.129968458478	1
0	652	14770.245953680513	2
0	658	14819.542199789943	1
0	663	14951.962764977919	0
0	699	15603.256618486645	1
0	701	15611.56755646266	2
0	711	15868.648616550995	3
0	729	16344.567553221645	2
0	734	16487.280909737346	3
0	736	16499.463624141621	2
0	741	16525.35457562279	1
0	750	16973.428902074205	0
0	820	18925.06457290035	1
0	830	19129.310581530763	0
0	951	23432.988918100317	1
0	969	24002.922027606205	2
0	975	24067.257146162037	1
0	980	24253.276980267783	0
0	1022	25951.401518716276	1
0	1024	25963.848474537025	2
0	1026	25994.522839404212	1
0	1051	26708.716435855995	0
0	1056	26755.850269231113	1
0	1062	26982.610681086348	0
0	1067	27013.24161702681	1
0	1069	27150.858492182434	2
0	1071	27163.886942071742	1
0	1076	27232.768452441378	2
0	1082	27464.584899409483	1
0	1087	27546.812723195082	0
0	1096	27589.747843783466	1
0	1098	27654.321351974443	2
0	1100	27842.156892767916	1
0	1105	27913.58571780709	2
0	1107	27955.840256951319	1
0	1112	28033.243399254192	2
0	1134	28705.057642065178	3
0	1144	28961.093860148953	2
0	1153	29074.052161378688	1
0	1170	29210.189723162721	0
0	1175	29324.073321853049	1
0	1177	29364.674967780279	0
0	1182	29396.317203799119	1
0	1184	29501.304877108344	2
0	1186	29634.727725378739	1
0	1191	29656.117270199693	2
0	1201	30026.20996511841	3
0	1211	30280.34139049686	2
0	1216	30389.866670995521	1
0	1221	30398.515036270628	2
0	1227	30481.857162220306	1
0	1260	31132.562706945367	0
0	1265	31248.491361887801	1
0	1279	31433.468704625535	0
0	1284	31445.997917705122	1
0	1286	31839.972497962893	2
0	1292	31862.212007581065	1
0	1305	32101.09825253202	2
0	1307	32131.516164941616	1
0	1312	32161.564690074692	0
0	1340	33006.042533363079	1
0	1342	33035.689962014127	0
0	1347	33066.02415533956	1
0	1353	33109.72932632164	2
0	1363	33468.828112411281	3
0	1365	33534.110663954907	2
0	1374	33639.702816037364	1
0	1395	34003.683108237123	2
0	1397	34166.145087211895	1
0	1402	34173.038451885707	0
0	1426	34701.471521349015	1
0	1436	35027.777811896795	0
0	1441	35409.076840490753	1
0	1455	35697.210598989892	0
0	1460	35707.069819513272	1
0	1470	35927.140770687525	0
0	1483	35970.784437729561	1
0	1485	35989.130206492537	0
0	1490	36033.993352168875	1
0	1508	36757.622336989216	2
0	1514	36886.287864811289	1
0	1519	36890.196026926841	2
0	1521	36945.07298381328	1
0	1526	36961.889257824783	0
0	1543	37354.803148457867	1
0	1553	37622.90175548708	2
0	1555	37661.399824565157	3
0	1561	37976.780288464193	2
0	1570	38222.564771891471	3
0	1572	38297.041197729105	2
0	1577	38313.690534114408	1
0	1590	38477.443280708145	2
0	1592	38567.901825416719	3
0	1594	38703.17343180328	2
0	1599	38814.698187944347	3
0	1609	39010.77948240823	2
0	1618	39274.566348654026	1
0	1623	39326.414396311349	2
0	1629	39439.783537864256	1
0	1634	39630.156930026406	0
0	1647	39812.499400026502	1
0	1653	39978.546113699246	0
0	1719	41195.24086384157	1
0	1721	41249.627566242016	2
0	1723	41278.854851392566	1
0	1732	41445.704598590079	2
0	1738	41587.390825026433	3
0	1748	41868.004906730503	4
0	1754	41949.249224247914	3
0	1763	42285.071966199449	2
0	1768	42473.967829684039	3
0	1770	42494.152849060952	2
0	1783	42593.071454341777	3
0	1785	42664.211409242311	4
0	1787	42779.956557004026	3
0	1792	42817.028649172048	4
0	1794	42864.004054819702	3
0	1811	43174.936064971148	2
0	1816	43362.630709577184	3
0	1822	43479.529856624585	2
0	1831	43556.581612190477	1
0	1844	43838.186274541787	0
0	1963	46848.562396972355	1
0	1969	47020.157179040908	2
0	1971	47088.83708782054	1
0	1984	47406.796506821608	2
0	1986	47438.034539214779	3
0	1992	47563.571196040949	4
0	1998	47630.13546670572	3
0	2003	47769.934883313775	4
0	2005	47830.312739940607	5
0	2015	48149.013947259389	6
0	2017	48220.258662547241	5
0	2022	48263.240260136255	4
0	2035	48341.131567784211	5
0	2037	48382.614328179221	4
0	2042	48636.161925477304	5
0	2048	48775.051474597018	4
0	2057	49042.754093659052	3
0	2062	49100.357298511337	2
0	2071	49249.246534023147	1
0	2084	49435.725243503402	2
0	2086	49563.512133839797	1
0	2103	50049.1489092766	2
0	2125	50393.045395980846	1
0	2130	50468.208936478656	0
0	2196	52471.989589276613	1
0	2198	52497.745486944484	2
0	2200	52524.275817396055	1
0	2205	52575.51782995125	2
0	2211	52640.708432462898	3
0	2217	52683.22264254082	4
0	2223	52986.202235425144	3
0	2232	53284.5815802222	2
0	2249	53870.630598793059	1
0	2258	54069.107091696869	0
0	2267	54193.915897586278	1
0	2273	54351.702587864405	2
0	2275	54469.282096162986	1
0	2284	54821.314308812293	2
0	2290	55013.234271286042	3
0	2296	55257.575288473091	4
0	2306	55425.897848022692	5
0	2308	55440.982530283063	4
0	2313	55441.570748658787	3
0	2318	55752.831298856772	4
0	2320	55851.547045097303	3
0	2329	56006.192072235268	4
0	2339	56097.119050713509	3
0	2352	56548.485099062872	2
0	2357	56594.357204503197	3
0	2363	56862.114680277437	2
0	2368	56971.419483357977	1
0	2373	57028.091945671094	0
0	2382	57232.926910248113	1
0	2392	57399.514399965317	2
0	2406	57656.294844117384	3
0	2408	57734.420428181321	2
0	2421	58025.540117284287	3
0	2423	58030.135446098554	4
0	2425	58060.851787134462	5
0	2431	58399.515827568185	4
0	2444	58556.77485218699	3
0	2457	59076.06952503509	4
0	2463	59180.191299001009	3
0	2468	59196.876441195641	4
0	2474	59384.281262205851	3
0	2487	59556.900812803829	4
0	2489	59747.917641908479	3
0	2494	59820.549219640226	2
0	2511	60492.263393872035	1
0	2520	60685.220195370049	0
0	2540	61142.039688531498	1
0	2542	61142.162355685861	0
0	2574	62165.640457097329	1
0	2584	62368.895190098854	2
0	2586	62471.764912734063	1
0	2591	62500.620676566776	2
0	2605	62715.260056079329	1
0	2614	62727.427510838007	0
0	2619	62729.930050811458	1
0	2625	62901.038051994723	2
0	2631	63054.373029818628	3
0	2637	63210.308990046844	4
0	2639	63480.863811055277	5
0	2653	63942.782119934294	6
0	2655	64010.457173863681	5
0	2664	64163.661062837542	4
0	2669	64291.663811984455	3
0	2674	64460.072256360711	4
0	2676	64567.094752833345	5
0	2682	64669.247700892511	6
0	2688	64767.898584612609	5
0	2693	64906.530338617297	4
0	2698	64976.983741283573	5
0	2700	65070.332196561991	6
0	2706	65294.502285251951	7
0	2716	65480.08272759149	6
0	2721	65526.395621742669	7
0	2727	65836.041833952964	6
0	2732	65848.363835842359	7
0	2734	65935.702161896025	6
0	2743	66002.282121338226	7
0	2745	66142.051048007602	8
0	2747	66257.948213041556	9
0	2749	66259.266329499217	8
0	2762	66476.024295286239	7
0	2775	66578.538129123183	6
0	2780	66644.425985771214	5
0	2785	66679.911546277433	6
0	2791	66779.274445817206	7
0	2805	67076.781842443143	6
0	2810	67206.15198745628	7
0	2812	67364.907638872956	6
0	2833	67539.926273877056	5
0	2838	67579.0785414809	4
0	2851	67870.668849530655	5
0	2857	68046.221114519818	6
0	2863	68170.663421767967	7
0	2869	68279.491212571295	6
0	2882	68343.145822319185	5
0	2887	68357.783621909197	6
0	2905	68975.211810217203	5
0	2918	69128.190905706203	6
0	2928	69280.719938183459	5
0	2937	69747.640880288812	4
0	2942	69832.497560800017	3
0	2951	69966.860525789654	2
0	2956	70151.769085802867	3
0	2966	70253.957779862882	2
0	2971	70271.46319535313	3
0	2973	70437.599049950933	2
0	2990	70554.701806398364	1
0	3007	70989.199261487426	0
0	3047	71755.029972724165	1
0	3049	71954.671390073629	0
0	3126	73316.744154830003	1
0	3132	73501.505410557353	0
0	3156	74222.826660484192	1
0	3158	74266.170735718861	0
0	3163	74319.472656912628	1
0	3165	74373.891616685056	0
0	3178	74655.074089254947	1
0	3180	74697.357149148196	2
0	3182	74800.709550887734	3
0	3184	75056.019103270169	4
0	3190	75335.285599937403	3
0	3199	75408.138731816962	2
0	3208	75617.533171315431	1
0	3213	75660.443798398514	2
0	3223	75940.30692851921	3
0	3229	76123.504595634281	2
0	3250	76892.037721534932	1
0	3259	76942.660709792927	0
0	3351	79487.937569269702	1
0	3353	79547.432672658376	0
0	3362	79908.845151303027	1
0	3364	79998.431836764432	0
0	3369	80140.03670412971	1
0	3379	80462.0525855451	0
0	3486	83960.750733905606	1
0	3496	84176.47025535801	0
0	3572	86062.287918332655	1
0	3574	86087.985005572499	0
0	3670	89229.722208060862	1
0	3672	89267.756869785002	2
0	3678	89465.741315935352	1
0	3687	89617.124983894428	0
0	3696	90093.349939845653	1
0	3702	90321.688181507971	0
0	3715	90741.151145545176	1
0	3717	90992.555292066732	0
0	3744	91508.255085690208	1
0	3746	91517.204750929573	0
0	3755	91899.31986824391	1
0	3757	91951.459205229381	0
0	3868	94413.384298608175	1
0	3878	94575.799435232456	0
0	3943	96165.801007112818	1
0	3949	96383.350927149149	2
0	3955	96566.814559813694	1
0	3968	96857.803285360149	2
0	3974	96922.447060718981	3
0	3976	97307.951392936737	4
0	3982	97500.920705730499	3
0	3987	97558.75460336529	2
0	4004	97673.440365124599	1
0	4009	97767.235678674644	2
0	4011	97946.455410433042	3
0	4013	98070.237184437395	2
0	4022	98368.226163771689	3
0	4032	98935.571091737703	2
0	4037	98985.327938049443	3
0	4043	99024.601429799426	2
0	4056	99282.115470217944	1
0	4065	99593.174329712129	2
0	4067	99637.758847665147	1
0	4072	99763.85703371338	2
0	4074	99861.260114284635	1
0	4083	100110.342174069113	2
0	4089	100450.200818339766	1
0	4106	100675.377207571495	0
0	4142	101647.336481614119	1
0	4144	101821.823699254725	2
0	4146	101850.493799643994	1
0	4151	101889.207277619884	2
0	4165	102113.543384509016	1
0	4170	102263.520479994298	0
0	4175	102291.965214468129	1
0	4177	102318.913056805024	0
0	4182	102339.499255662967	1
0	4192	102697.032568576218	0
0	4197	102698.275801815172	1
0	4199	102889.285144327683	2
0	4225	103614.23314707898	1
0	4230	103690.961243278573	0
0	4243	103903.21284381345	1
0	4249	103943.528103391112	0
0	4258	104273.119553322091	1
0	4260	104580.301104850362	0
0	4265	104663.214785312069	1
0	4267	104669.766746033774	2
0	4269	104740.604577856542	1
0	4282	105199.822421992053	0
0	4314	105589.352387503792	1
0	4316	105744.281354500974	2
0	4318	105804.607826532651	1
0	4323	105817.081662184785	0
0	4332	105998.703062413105	1
0	4334	106026.503329307607	0
0	4374	106940.698847411122	1
0	4380	107113.034020537366	0
0	4419	107913.138255278865	1
0	4429	108206.711061649372	2
0	4443	108701.095931043079	3
0	4445	108737.603826178321	4
0	4455	108788.433863097657	3
0	4460	108844.328965765012	2
0	4465	109016.802213833449	3
0	4467	109154.641065780707	4
0	4469	109345.929881494132	3
0	4478	109451.281987127436	2
0	4483	109470.41608313394	3
0	4485	109807.113763080765	2
0	4494	110056.569005657507	1
0	4507	110267.351806025592	0
0	4516	110436.050736867822	1
0	4534	110894.272246906389	0
0	4565	111525.618786828508	1
0	4567	111560.354578963291	0
0	4591	112206.204234725075	1
0	4593	112286.012717964942	2
0	4599	112415.873066292949	3
0	4609	112582.939561836419	2
0	4618	112691.447850684014	3
0	4620	112722.890854462706	4
0	4622	112746.339396673143	5
0	4624	112904.473163515166	6
0	4630	112932.850956057427	7
0	4640	113119.366182706129	6
0	4653	113476.659829935587	7
0	4655	113521.379889490391	6
0	4660	113564.553471624849	5
0	4669	113663.807264396953	6
0	4671	113890.198435390676	5
0	4676	114004.378293833414	6
0	4682	114064.562107630869	7
0	4688	114140.667182959614	6
0	4693	114405.15726903457	7
0	4699	114658.280059679222	6
0	4704	114777.172831686522	5
0	4733	115297.309733768329	6
0	4743	115508.603000201283	5
0	4756	115900.415153474724	6
0	4758	115903.229060674395	5
0	4767	116014.992029129338	4
0	4784	116647.386943942678	3
0	4789	116818.609957776962	2
0	4794	116921.967779995367	3
0	4804	117111.177233166991	2
0	4809	117126.70162610462	3
0	4811	117177.84190593132	2
0	4816	117204.893670816932	3
0	4822	117391.943683497383	4
0	4828	117454.81161121603	5
0	4834	117529.244194122341	4
0	4839	117679.501597187489	5
0	4845	117969.242923616243	4
0	4850	118139.262687310575	3
0	4859	118244.345036643506	4
0	4869	118374.584419382327	5
0	4871	118395.989898017419	4
0	4876	118662.166070172873	3
0	4881	118722.770657612239	4
0	4883	118747.23597231451	5
0	4885	118762.593660473822	4
0	4906	119037.485940315844	5
0	4908	119055.406544999162	6
0	4910	119195.298084059944	7
0	4927	119455.887211307882	6
0	4932	119480.685762742735	7
0	4934	119618.518329880012	6
0	4939	119633.173409313795	7
0	4962	119866.319528876531	8
0	4964	120012.306385802415	7
0	4973	120103.266811395517	8
0	4975	120239.017718256751	9
0	4985	120541.445463286293	10
0	4987	120691.343475408358	11
0	4989	120896.042903459443	10
0	4994	120968.374731372186	11
0	5000	121035.543542809783	10
0	5013	121323.99908961573	9
0	5022	121614.935272464839	8
0	5027	121740.709112950946	9
0	5029	121753.699931893318	10
0	5047	122179.133033922686	9
0	5056	122237.155132677082	10
0	5058	122275.832926219444	11
0	5064	122302.831527039407	10
0	5069	122313.061121677592	11
0	5083	122738.523841096609	12
0	5085	122822.134803029088	11
0	5094	123139.549877091766	12
0	5096	123172.723160854353	11
0	5101	123216.102257648794	10
0	5106	123257.715235471724	9
0	5111	123357.782620652849	10
0	5117	123543.485041307573	11
0	5119	123716.129700015223	12
0	5121	123731.238506222317	13
0	5123	123751.569123806743	12
0	5136	123963.453534825517	11
0	5141	123971.2297193408	10
0	5162	124492.799681564645	11
0	5164	124566.530599925405	12
0	5170	124592.55720290122	13
0	5184	124719.264155535771	12
0	5189	124741.797354871718	11
0	5202	124869.836715684463	12
0	5204	125023.803630813955	11
0	5209	125027.51577980723	12
0	5211	125126.280936932275	13
0	5213	125411.29164502336	14
0	5219	125480.445207470732	15
0	5229	125758.300367623915	16
0	5235	125923.125285001783	15
0	5244	126006.384903088211	14
0	5253	126200.406917578353	13
0	5262	126454.178388357668	14
0	5264	126498.741870789361	15
0	5270	126595.847008506148	14
0	5287	126811.813970002838	15
0	5305	127299.752389558807	16
0	5307	127413.438585086538	15
0	5312	127420.434587419032	14
0	5321	127537.135607374886	15
0	5327	127847.020896876543	14
0	5340	128332.283464432393	15
0	5342	128411.79483382292	14
0	5351	128513.48669923398	15
0	5365	128864.395493201911	14
0	5374	129119.89767307275	15
0	5376	129189.356352359056	14
0	5381	129477.613192292243	13
0	5394	129602.890006623044	12
0	5399	129682.00352486968	11
0	5416	129981.620128171831	10
0	5421	130165.237549215555	9
0	5430	130375.949674120917	8
0	5435	130451.857713120082	9
0	5457	131076.802681664318	8
0	5466	131286.026796716718	9
0	5468	131324.258124769334	10
0	5470	131402.275547988713	9
0	5487	131633.954265864046	10
0	5489	131829.300846478715	9
0	5502	131911.3768246301	10
0	5508	132356.103128574789	9
0	5513	132374.132159220368	8
0	5522	132473.838353474242	9
0	5532	132865.683137558401	8
0	5537	132923.560602388158	7
0	5550	133260.080575238931	8
0	5556	133394.848189896304	9
0	5562	133503.409645839408	8
0	5583	133754.120213108451	7
0	5592	133985.332973681391	6
0	5597	134164.345235585958	7
0	5611	134616.83052154103	6
0	5620	134652.164098455384	5
0	5641	135272.605827718974	4
0	5654	135639.744269182635	5
0	5660	135838.810113301833	6
0	5662	136046.231069097609	5
0	5667	136060.787857345119	4
0	5676	136588.816859962732	3
0	5681	136622.537207533884	4
0	5695	136816.368165619672	3
0	5700	136892.645051045354	4
0	5702	137083.607766412199	3
0	5715	137448.754388958216	2
0	5720	137496.218743370899	3
0	5726	137630.865753239766	2
0	5731	137712.83532159316	3
0	5741	137864.744112024397	2
0	5746	137907.955690443516	1
0	5751	137922.147470515338	2
0	5757	138044.667395506839	3
0	5759	138051.969531200389	4
0	5765	138174.259112784761	5
0	5771	138404.134201540426	4
0	5796	138918.40711099872	3
0	5801	139113.912003806607	2
0	5814	139243.819386333228	1
0	5827	139409.145114747133	2
0	5841	139841.350932324618	1
0	5846	139963.603473656141	2
0	5848	139964.055229341554	3
0	5854	140183.501900479198	2
0	5859	140184.538571065459	3
0	5873	140336.77666486398	4
0	5875	140488.313645534438	5
0	5877	140517.891022584216	4
0	5890	141105.031915733904	3
0	5911	141420.537048734725	2
0	5916	141545.259586684567	3
0	5918	141572.18839181848	2
0	5923	141747.805364745051	1
0	5932	141786.883541233203	2
0	5942	142126.465257786215	1
0	5951	142296.519742322814	2
0	5953	142396.777167937533	1
0	5958	142672.373901701347	0
0	6039	144425.936110081185	1
0	6045	144497.049462657751	0
0	6054	144633.261626080547	1
0	6056	144751.313631435157	0
0	6073	145007.923353256394	1
0	6083	145255.07589418105	2
0	6085	145398.363746243216	3
0	6095	145603.085372757496	2
0	6100	145621.442530862672	3
0	6106	145789.074744434361	2
0	6111	145802.180355605768	3
0	6113	145847.816704822005	2
0	6122	146243.863644136316	3
0	6124	146263.519093698966	4
0	6138	146482.631819763444	5
0	6140	146513.720199397284	6
0	6146	146949.199740552609	5
0	6151	147118.09232288262	6
0	6153	147183.470075147743	7
0	6155	147190.438151482822	6
0	6164	147242.772533767173	7
0	6166	147288.512659830273	6
0	6183	147701.936577864255	7
0	6185	147952.154525398268	8
0	6187	147961.84974238109	9
0	6189	147997.051560472993	10
0	6191	148019.754643300961	11
0	6197	148278.869460832657	10
0	6202	148302.105317452257	9
0	6215	148551.504411699808	10
0	6217	148569.231821969738	11
0	6219	148705.005110079579	12
0	6221	148732.826644572752	13
0	6223	148750.837331091286	12
0	6232	148972.101764836182	13
0	6234	149347.680792441616	14
0	6236	149426.320696236916	15
0	6238	149521.765760445302	14
0	6243	149561.606708813788	13
0	6252	149655.605699248338	14
0	6254	149727.135446270229	13
0	6267	150007.143965811735	12
0	6284	150366.407867447866	13
0	6286	150422.964581075345	14
0	6288	150440.016132196015	15
0	6306	150759.28033658606	14
0	6319	150915.555232354706	13
0	6328	151230.039546985509	12
0	6333	151399.009989752197	13
0	6335	151488.368516579313	14
0	6341	151634.061626282753	13
0	6346	151813.233121265351	14
0	6360	152207.318562765004	13
0	6369	152320.017494145321	14
0	6371	152416.730670222348	13
0	6380	152481.604971450986	12
0	6389	152695.309310790481	11
0	6406	152773.483442530903	12
0	6412	152945.814930138411	11
0	6417	152970.427987800937	12
0	6419	153022.047873645924	13
0	6429	153480.300278925176	14
0	6431	153609.336782370092	13
0	6436	153697.306346086087	12
0	6441	153700.506509295127	13
0	6443	153707.258876749581	12
0	6476	154773.010497588994	11
0	6481	154860.802441735985	10
0	6490	155141.228179783827	9
0	6495	155155.533747519264	10
0	6505	155357.580475254476	11
0	6511	155478.174143398637	12
0	6513	155700.489011013351	13
0	6515	155705.297634390416	12
0	6520	155781.537455219855	13
0	6522	155860.739938553752	12
0	6531	155935.734457821182	13
0	6537	155981.513515302247	12
0	6542	156180.373043466689	11
0	6551	156308.742892186546	12
0	6553	156315.055555995274	13
0	6555	156324.230603276356	14
0	6577	156873.570115913035	13
0	6594	157144.577569441206	12
0	6599	157237.34407537127	13
0	6609	157344.560603288236	12
0	6622	157833.617839785586	13
0	6632	157877.769749501056	12
0	6637	157945.370109020016	13
0	6639	158067.955710750403	12
0	6656	158342.141814653995	11
0	6661	158544.298283782209	12
0	6663	158599.921143311626	13
0	6665	158617.314647064812	12
0	6670	158707.792531803208	13
0	6672	158722.101377150422	14
0	6678	158756.51057542521	13
0	6683	158780.748432307614	14
0	6689	158825.842683631241	15
0	6695	158931.331122146256	14
0	6700	159231.034968544128	13
0	6713	159406.895285653479	14
0	6719	159630.34020088733	13
0	6728	159748.721666236641	12
0	6741	159952.874659995923	13
0	6743	160029.936496765621	12
0	6756	160241.066049565395	13
0	6758	160293.760641341331	12
0	6767	160398.148302354596	13
0	6769	160402.861335512581	12
0	6794	160835.059439000278	13
0	6804	161055.865501464613	12
0	6809	161100.034314127767	13
0	6819	161304.134701725426	12
0	6824	161395.421228819795	11
0	6829	161415.69451623899	10
0	6838	161514.897374975802	11
0	6848	161816.112810310719	12
0	6850	161878.629888322528	13
0	6856	162031.970404574942	14
0	6870	162443.847029212582	15
0	6880	162739.825343427482	14
0	6897	162953.75632320247	15
0	6899	162964.729697343293	14
0	6904	163073.316356578179	13
0	6909	163167.828417352931	14
0	6911	163480.894540374401	13
0	6924	164291.313039224926	12
0	6929	164318.497069826242	13
0	6931	164352.669791256311	12
0	6952	164565.351228119143	11
0	6957	164649.527920429405	12
0	6971	165157.921380373178	13
0	6973	165362.386977088038	12
0	6978	165421.123708770955	13
0	6984	165678.070707258169	12
0	6989	165743.177944087692	11
0	6994	165823.667633136037	10
0	7003	166107.54847781215	11
0	7013	166561.219195773128	10
0	7022	166720.220500726585	9
0	7035	166998.969166887227	8
0	7040	167034.281323117525	9
0	7042	167039.581338019379	8
0	7047	167071.368328331596	9
0	7057	167263.916261454179	10
0	7059	167286.187733508351	11
0	7069	167610.308026630762	12
0	7071	167711.759448957864	11
0	7084	167906.670298623151	12
0	7086	167906.84232522953	11
0	7091	167962.463416916553	10
0	7108	168358.023788235666	11
0	7114	168536.70250729076	12
0	7128	168657.129499784906	13
0	7130	168664.924395495363	12
0	7139	168805.53659559447	11
0	7156	169100.656952087168	10
0	7161	169131.416858617345	11
0	7167	169342.550607261483	10
0	7184	169713.79227208194	11
0	7186	169756.456001513906	10
0	7191	169827.021078255359	9
0	7220	170556.407341272421	10
0	7226	170722.582419724326	11
0	7232	170826.445727614233	12
0	7234	170965.569814604942	11
0	7243	171087.780243207101	10
0	7248	171093.158569581839	11
0	7254	171235.004625980067	12
0	7256	171281.519622021623	11
0	7265	171441.648379687552	10
0	7270	171502.213781042328	11
0	7272	171621.60069153947	10
0	7277	171731.894967786419	11
0	7283	171839.821283568029	10
0	7292	172040.987213005546	9
0	7325	172775.811640632573	8
0	7330	172795.683102959681	9
0	7332	172886.565346756287	8
0	7345	173069.248633721771	9
0	7355	173187.452425774826	10
0	7357	173329.145707995253	11
0	7359	173457.945620727126	10
0	7368	173629.657155524537	11
0	7370	173658.745164872416	10
0	7379	173758.952358178899	11
0	7381	173788.718177576784	10
0	7386	173814.923385281448	9
0	7395	173925.52269179494	8
0	7400	174057.907918331448	7
0	7405	174199.726241264054	8
0	7411	174252.835451340563	9
0	7425	174677.125423246932	10
0	7431	174693.088029453261	11
0	7433	174713.701740504511	10
0	7438	174898.947474864337	11
0	7440	174936.103573830956	12
0	7446	175015.07935626306	13
0	7456	175085.143161502902	12
0	7461	175274.865370143537	11
0	7474	175539.316600728878	12
0	7496	175996.602200324408	13
0	7498	176034.105494145636	12
0	7503	176102.6437005859	13
0	7513	176178.726045121459	14
0	7515	176225.738135018655	13
0	7528	176537.014259745602	12
0	7537	176674.254928821167	13
0	7555	177172.548024171301	12
0	7560	177187.177091998283	11
0	7569	177289.674827243876	12
0	7575	177437.385368321423	11
0	7580	177676.058291142297	12
0	7586	177798.765100960855	11
0	7595	178153.735325933703	10
0	7600	178193.139161361125	11
0	7602	178355.577557609036	12
0	7604	178394.022692901318	11
0	7609	178517.600958135311	10
0	7614	178585.699076274148	11
0	7636	179252.026133921329	10
0	7641	179276.494427747991	11
0	7655	179468.72591135395	10
0	7668	179710.169687235066	9
0	7677	179867.461693931703	8
0	7682	179991.861117706904	7
0	7695	180316.744709921305	6
0	7704	180679.671656351869	5
0	7709	180817.680555695006	4
0	7718	180993.519622993057	3
0	7731	181085.051617586323	2
0	7744	181215.718106486801	3
0	7746	181307.942562406163	4
0	7756	181390.804398261359	5
0	7758	181630.098695427663	6
0	7772	181753.307980984351	7
0	7774	181865.463001393982	6
0	7779	181912.041187261467	5
0	7792	182119.976039912885	4
0	7817	182603.032533869446	5
0	7819	182700.889304963176	4
0	7824	182756.665405218413	5
0	7826	182769.93719319772	6
0	7844	183223.002767724221	5
0	7853	183489.379927330919	4
0	7858	183515.275235151177	3
0	7867	183667.235313516444	2
0	7888	184391.152646431037	1
0	7901	184568.219889265721	0
0	7932	184965.566692460845	1
0	7942	185407.040540852678	2
0	7944	185453.275554640135	3
0	7958	185843.620903113093	4
0	7960	185929.184218683352	3
0	7969	185965.847189522177	4
0	7971	185970.358821803815	5
0	7977	186027.315456613333	4
0	7990	186181.277468216842	3
0	7995	186254.018220373012	4
0	7997	186441.733153357537	3
0	8002	186494.069860217398	2
0	8015	186838.742093370368	1
0	8032	187108.972979896924	2
0	8038	187190.678423095051	3
0	8040	187221.770889956124	4
0	8046	187517.663645713957	3
0	8059	187593.393404794162	2
0	8064	187640.47166437011	1
0	8069	187809.712907349058	2
0	8071	187832.980718751578	3
0	8081	188043.64328679386	2
0	8094	188183.128984923162	3
0	8100	188227.749418952575	2
0	8105	188340.293404883475	3
0	8107	188385.579926178251	4
0	8109	188551.037519904044	5
0	8115	188591.721171075484	6
0	8117	188746.034505854936	7
0	8119	188752.288310791216	8
0	8125	188850.315241937762	7
0	8130	188861.871557013204	6
0	8139	188931.655069000455	5
0	8144	189035.261923334522	6
0	8166	189589.836719893923	5
0	8187	190129.832578127509	4
0	8200	190475.995255976351	3
0	8213	190842.878600546232	2
0	8218	190850.264574599689	1
0	8223	190955.967519760584	2
0	8233	191234.888718680789	3
0	8235	191247.572640917143	4
0	8237	191258.618288376442	3
0	8246	191353.867091362601	2
0	8251	191419.96235454055	3
0	8257	191611.024791264049	2
0	8266	191645.802419343719	3
0	8272	191791.411981701287	2
0	8285	191941.025134251527	1
0	8298	192147.189342386457	0
0	8303	192192.353828344806	1
0	8305	192307.786254923774	2
0	8307	192310.314127940829	3
0	8313	192414.118729277882	2
0	8318	192425.294409928149	1
0	8335	192805.992019644646	2
0	8337	192894.752737216088	1
0	8342	192900.018704385571	0
0	8363	193304.138441150171	1
0	8365	193373.489712481226	2
0	8371	193495.668030941002	1
0	8392	193777.062697013146	0
0	8432	194499.741131502041	1
0	8434	194612.43802198666	2
0	8436	194633.044334614865	3
0	8438	194727.001006088497	2
0	8451	194940.818771136231	1
0	8456	194950.614103787653	0
0	8469	195539.341421778561	1
0	8479	195711.424577684216	0
0	8499	196178.38943114664	1
0	8501	196299.297851965227	2
0	8503	196300.131367489042	1
0	8508	196321.37685805544	2
0	8514	196364.498472023532	3
0	8524	196634.848586922891	4
0	8526	196683.609459098838	5
0	8532	196827.732543951139	6
0	8534	196863.993565050755	7
0	8540	197125.869961605482	6
0	8549	197199.364190220179	5
0	8554	197510.152391308062	4
0	8563	197740.264778841578	3
0	8572	197861.737437366786	2
0	8581	197900.28377772286	3
0	8587	198023.89542739939	2
0	8596	198290.267775220013	3
0	8606	198479.51197852129	2
0	8611	198556.813539587838	3
0	8613	198562.706448451531	4
0	8619	198766.746253266278	3
0	8624	198982.047150455526	4
0	8638	199147.277419468995	5
0	8640	199225.250671283417	4
0	8645	199266.055377234065	3
0	8654	199332.188695951261	4
0	8664	199669.750007942431	5
0	8670	199840.321706763747	4
0	8679	200217.766832002514	3
0	8684	200219.036577438323	4
0	8690	200246.989406740801	5
0	8692	200266.084522711888	6
0	8706	200484.337248094049	7
0	8720	200632.472768010206	8
0	8722	200659.566009488248	7
0	8735	200966.234535317645	8
0	8745	201487.731448344233	7
0	8750	201568.151356392616	6
0	8755	201840.031426359259	5
0	8764	201935.718160473375	6
0	8770	202150.243403824495	7
0	8772	202386.647894048208	6
0	8777	202540.203080344609	7
0	8779	202548.153839388368	8
0	8785	202789.420497237983	7
0	8790	202832.531507634604	8
0	8792	202869.270276167506	7
0	8797	202905.545314056593	8
0	8819	203205.327659407876	9
0	8829	203479.271891188168	8
0	8838	203748.545127815845	7
0	8847	203883.8166435463	8
0	8853	204517.26636573773	7
0	8878	205082.11455672636	6
0	8883	205087.545338050538	5
0	8888	205102.783790759089	4
0	8893	205230.074493554684	5
0	8895	205589.124758305981	6
0	8901	205645.28157136991	5
0	8906	205714.875144404777	6
0	8920	206387.737573307299	5
0	8937	206728.922108263784	4
0	8942	206778.899813301208	3
0	8955	207129.701733704419	4
0	8957	207217.082326393249	5
0	8959	207232.358749872937	6
0	8965	207450.099735520241	7
0	8975	207915.968267477396	6
0	8984	207941.640131325536	5
0	8989	207965.996878747743	6
0	8991	208025.873801183247	5
0	9004	208300.913034360753	6
0	9030	209218.603101865036	7
0	9036	209296.446005682659	8
0	9038	209302.438508235925	7
0	9043	209325.718690898561	6
0	9048	209353.21048922219	7
0	9050	209438.399937196913	6
0	9059	209851.716823653394	5
0	9072	210110.19780140449	6
0	9074	210200.435983502382	5
0	9079	210525.657142825369	6
0	9081	210549.163854193234	5
0	9090	210826.536104201618	4
0	9095	210983.294245354233	5
0	9105	211181.57401579638	6
0	9111	211300.806032798532	5
0	9116	211356.215152592474	4
0	9125	211535.493895780587	3
0	9138	211884.402789841	4
0	9140	211909.210150288467	5
0	9154	212117.955880908611	6
0	9156	212122.408863153601	5
0	9169	212438.0697325398	6
0	9179	212590.046001944284	7
0	9185	212690.123924536589	8
0	9187	212702.820245630387	7
0	9192	212745.190388482356	6
0	9197	212978.209155612701	5
0	9206	213053.742306432075	6
0	9224	213664.604452104384	5
0	9233	213798.507488935534	4
0	9242	214264.074397903228	3
0	9247	214386.511928355383	4
0	9261	214505.11812790885	3
0	9266	214595.884955228383	2
0	9271	214771.198460801784	1
0	9280	215060.31022288006	0
0	9297	215462.10227054649	1
0	9299	215546.690855431604	2
0	9309	215578.275238607371	1
0	9322	215877.199391607487	0
0	9419	217815.157494086354	1
0	9421	217908.374513934425	0
0	9471	219524.449132164978	1
0	9485	220056.320373113597	2
0	9487	220151.075209048413	1
0	9496	220612.015388950631	0
0	9501	220805.468572452533	1
0	9503	220843.858920529342	0
0	9508	220855.875442127801	1
0	9510	221186.234279878363	0
0	9640	224875.24096172606	1
0	9646	225293.817043350291	0
0	9662	225486.337616908546	1
0	9664	225727.84652582253	2
0	9666	225918.915501684219	3
0	9672	226144.569869483108	2
0	9685	226579.692661984795	1
0	9702	226901.421881810975	0
0	9707	226987.391347311835	1
0	9709	226999.536868812735	0
0	9714	227038.477550438155	1
0	9724	227294.003331784633	2
0	9726	227351.856812121565	1
0	9731	227384.531555957132	0
0	9755	228104.506376496662	1
0	9769	228401.45782094483	2
0	9771	228479.828641930814	1
0	9776	228602.339142373734	0
0	9789	228692.184905441787	1
0	9791	228806.161161320503	0
0	9841	229920.742492070121	1
0	9843	230020.565336301664	0
0	9848	230029.083655246164	1
0	9858	230145.820734797948	0
0	9863	230168.491598094979	1
0	9865	230230.092752909797	2
0	9875	230377.186280419156	1
0	9880	230450.059888793695	2
0	9894	230877.989232934434	3
0	9912	231601.553404696027	2
0	9921	231652.67635743969	1
0	9934	231776.380482413223	2
0	9940	232015.00041354917	1
0	9945	232015.789677786896	2
0	9951	232411.613545434743	3
0	9953	232447.225391832218	2
0	9962	232767.747814654344	1
0	9971	233061.242815213626	2
0	9981	233158.92445742313	1
0	9994	233531.990584028491	2
0	10000	233677.392883379981	1
0	10005	233782.413310965087	2
0	10015	234015.383309087688	1
0	10028	234314.933476067821	0
0	10047	234948.26416112769	1
0	10053	235169.955171003679	0
0	10062	235283.968764236359	1
0	10068	235386.849926209206	0
0	10123	236528.361597421443	1
0	10125	236630.66610755598	0
0	10183	238227.216279685311	1
0	10185	238270.111055058526	2
0	10195	238447.121744717679	3
0	10205	238593.815790378301	2
0	10214	238904.121648886009	3
0	10216	238926.213011137521	4
0	10218	239176.310993932793	3
0	10227	239338.097395342639	2
0	10236	239703.384230080765	3
0	10246	240086.422769426509	4
0	10248	240195.731567326773	5
0	10250	240210.227426440268	4
0	10255	240293.494697180441	3
0	10260	240320.513345242152	2
0	10273	240549.623165999538	3
0	10275	240618.694324474291	4
0	10277	240700.922448746319	5
0	10279	240802.232788917473	4
0	10292	241090.994425841281	3
0	10297	241128.710381799191	2
0	10302	241456.162814513454	1
0	10315	241633.429585588029	0
0	10320	241751.196052597885	1
0	10326	241822.984364589864	2
0	10328	241870.208938247538	3
0	10330	242007.089953003998	4
0	10336	242092.162764423201	3
0	10353	242559.643128515035	2
0	10362	242592.38987017875	1
0	10379	243003.584776387224	0
0	10461	244434.210972290752	1
0	10467	244641.148438246704	2
0	10477	244958.325496240023	3
0	10483	245133.273732703338	2
0	10488	245222.933892051368	3
0	10494	245453.50032786564	4
0	10496	245456.677040096005	3
0	10501	245642.294694361297	4
0	10503	245761.35826296587	5
0	10505	245926.098264040261	4
0	10510	246208.960595289451	5
0	10512	246292.573824349424	4
0	10517	246339.260488724824	5
0	10519	246442.369198206971	4
0	10524	246462.893819219105	5
0	10526	246567.22005869618	4
0	10531	246584.339087179332	5
0	10541	246904.518993246934	4
0	10554	247224.307397076696	3
0	10571	247409.450864094874	2
0	10576	247474.937836978743	1
0	10585	247603.253818144484	2
0	10587	247749.174770669848	1
0	10604	248043.505014445791	0
0	10915	257504.463331995603	1
0	10921	257863.684853147918	2
0	10923	257890.959192017538	1
0	10932	258146.868651420698	2
0	10934	258209.005655863969	1
0	10939	258211.644933604086	2
0	10941	258465.422462017968	3
0	10943	258475.381824745432	2
0	10960	259026.302005568235	1
0	10977	259483.088361720068	0
0	10997	260345.708638075187	1
0	10999	260432.736068362086	0
0	11012	260623.318281617103	1
0	11014	260665.577114025576	0
0	11019	260687.070515724846	1
0	11025	260963.996132504537	2
0	11027	261065.422640843893	1
0	11044	261571.196472121621	2
0	11050	261793.023094864278	1
0	11055	261844.333957048578	0
0	11072	262333.005976658013	1
0	11074	262359.568949776215	0
0	11094	262800.276023088357	1
0	11096	262805.60015110445	2
0	11102	262894.724257806032	1
0	11107	262922.956094108905	2
0	11117	263281.992138909621	1
0	11126	263746.46301842016	2
0	11140	264036.899791636666	3
0	11146	264297.670245793546	4
0	11148	264304.236306561443	3
0	11165	264424.591479295581	2
0	11170	264462.876784437198	3
0	11176	264634.958909066839	2
0	11181	264644.927788424742	3
0	11183	264660.616622804019	2
0	11188	264757.030710168871	3
0	11190	265131.907697780344	2
0	11195	265136.215156683415	1
0	11200	265309.164152490446	2
0	11210	265736.421847710103	1
0	11219	265982.134379427969	2
0	11221	265993.996655481381	1
0	11246	266254.47570522717	0
0	11259	266489.203766926578	1
0	11261	266523.121477769405	0
0	11403	270681.29882381331	1
0	11405	270696.941241399498	2
0	11407	270734.49894780942	3
0	11409	270768.106481753523	4
0	11411	270811.161150717905	3
0	11416	270943.577518923835	2
0	11421	271103.206133712868	3
0	11431	271363.810911001435	2
0	11436	271567.738190697932	3
0	11438	271570.921303117268	2
0	11443	271838.501142202572	1
0	11456	272060.432646668732	2
0	11462	272188.778545725385	3
0	11464	272255.789944641424	4
0	11466	272339.252184534782	5
0	11468	272411.476841019087	4
0	11473	272515.559528628162	3
0	11482	272617.310284315304	2
0	11487	272755.316002015836	3
0	11505	273123.461455490867	4
0	11507	273151.334403319911	3
0	11528	273411.054984130533	4
0	11530	273447.59029258936	3
0	11547	273670.375491315297	2
0	11552	274003.014305942002	3
0	11566	274304.955719830266	2
0	11575	274550.908957840673	1
0	11580	274565.430265264207	0
0	11585	274636.525098614089	1
0	11587	274682.945700711266	0
1	0	0	0
2	0	0	0
2	2890	68465.686658131872	1
2	2892	68528.952593783172	0
2	3111	73083.021052273886	1
2	3113	73183.217734823259	0
2	4925	119450.814134658126	1
2	4941	119687.315033309472	0
2	8385	193646.987849620539	1
2	8387	193748.502690376019	0
2	10385	243063.445542218769	1
2	10387	243075.377744375592	0
3	52	2476.036922332216	2344.1444906965
3	58	2937.655681011791	2816.3545070216
3	113	4244.544468146134	3632.2693868828
3	139	4801.734503872989	3731.1586125546
3	166	5355.024457859193	4132.1680886984
3	170	5415.000220000336	4428.449347672
3	187	5762.213644052221	4396.7722366704
3	207	6194.12216702808	4918.2577876943
3	226	6471.590033626502	3166.0373638263
3	239	6704.552553196962	4478.697451989
3	277	7482.356861162523	3406.0391264481
3	283	7669.987065691797	4761.9859290158
3	296	7772.860083079262	3584.3821173488
3	304	7903.759658824246	3272.6367171661
3	326	8488.288654951696	4632.1512143636
3	341	8852.60060020007	4475.8677390975
3	361	9126.138615498615	2676.3272503298
3	382	9525.191823126342	4733.5580943638
3	389	9654.468242658599	2334.1646005989
3	419	10336.07059389012	4223.9664447719
3	442	10624.192267715524	3245.715619295
3	474	11090.778873658105	2270.9194793538
3	478	11176.553213425297	3421.9743194528
3	495	11458.695407094027	3701.447352717
3	504	11622.966184945787	2049.6207507513
3	508	11704.886822600215	2630.067492084
3	516	12000.247226326111	2201.4007786822
3	550	12955.435442032589	3146.5350072756
3	569	13286.610655322682	2567.782603387
3	577	13341.902095957025	2607.5396001999
3	581	13515.402023364318	3081.6283186991
3	629	14611.292443834705	3708.7713654747
3	636	14632.004548128706	3801.0279193635
3	640	14636.114550084335	2919.3446750063
3	678	15171.615960136067	3316.6716440557
3	689	15383.61371466936	2980.6494614156
3	715	15903.442850976648	2116.1814362928
3	719	15929.715130391827	2039.0398675412
3	723	16098.935562388336	2882.3769483995
3	727	16224.338867410528	1600.7801957801
3	769	17508.058094549001	3030.5565088615
3	788	18015.225403604495	3310.095435146
3	800	18393.72106894611	2790.4644504595
3	815	18723.876438138517	3953.630484458
3	828	18987.703053435274	3119.0544368843
3	837	19204.487344433995	2717.2064346966
3	845	19273.554570253449	3661.9870137908
3	893	21422.225827930843	2677.3426447716
3	917	22634.632803743627	3067.29532714
3	924	22755.782457157357	3830.717884257
3	955	23440.146799287699	2410.2906385716
3	959	23639.274812887828	2664.5270420518
3	967	23792.846300385207	3312.042963272
3	973	24041.545129101444	1352.6468609367
3	1016	25702.176733004917	2334.5334822591
3	1033	25999.173883554919	2910.7128466386
3	1045	26669.897676901837	3285.6957837939
3	1049	26685.981735062842	3252.9928169625
3	1116	28054.291153663339	2414.7580073867
3	1128	28386.425635229366	2435.0241165131
3	1164	29126.610317509524	3545.1422075462
3	1195	29754.647136931116	2603.7886447487
3	1199	29842.648721593241	3878.8002470562
3	1205	30028.750055200922	3272.8997859698
3	1250	30845.024940054766	3612.2564876134
3	1273	31377.817169522437	3464.2314517153
3	1303	32072.985629611458	3367.9279875463
3	1327	32687.545173754819	4654.3017745006
3	1334	32831.000217469312	2804.7902523509
3	1381	33769.607975412901	4268.3030983046
3	1393	33985.066438866682	3586.5514025961
3	1409	34226.862692539389	2780.8647748343
3	1413	34541.534662372241	2440.4364098402
3	1417	34603.122520690355	3354.6311588026
3	1445	35510.162794897235	3670.1902969343
3	1449	35565.500549443805	2781.2103717215
3	1494	36211.718435616041	3145.6942802765
3	1498	36234.984517777242	3125.2551914556
3	1506	36688.765836674623	2685.0827284375
3	1533	37096.282327652717	2394.8108063037
3	1537	37150.036352596049	2458.1013596803
3	1559	37665.886410206127	4197.0582977948
3	1584	38340.814123510186	2633.7443039969
3	1588	38440.528888973909	3031.4520484832
3	1627	39401.02298781536	2643.4006508261
3	1660	39994.028667726357	3103.8326407995
3	1676	40325.708829353367	2970.9056808955
3	1688	40546.627221734071	2923.725466247
3	1696	40812.300569706405	2589.7357978149
3	1707	40924.986230164337	3263.5864055992
3	1736	41451.294064868981	2883.3922394523
3	1742	41771.960082931016	2957.2618949867
3	1746	41863.998013728101	3386.55473302
3	1777	42511.310639654095	3184.8962433427
3	1801	43056.89208916901	2179.8778888118
3	1809	43146.902862686235	3334.4034626597
3	1838	43660.381680250412	2618.3335440326
3	1842	43829.885425907132	2825.2953413967
3	1859	44167.487041601448	2580.096216575
3	1882	44674.228832608334	3228.5242340183
3	1894	44963.471554718449	3768.2306908769
3	1901	45182.887137239336	2708.9193075553
3	1940	46117.678755945098	3453.4673467028
3	1967	46873.905523880854	4280.8340695391
3	1978	47115.707219185553	3753.0765096084
3	1982	47393.889452948426	3032.3353502154
3	2009	48045.469068217262	2638.3075145166
3	2013	48075.886477446055	3077.5018049218
3	2082	49372.233151269789	2352.0759722289
3	2111	50175.337322772422	2737.3027835576
3	2119	50261.061740960251	3412.4993439879
3	2123	50368.819592258834	3695.3734950442
3	2137	50527.345070492189	2963.7738744512
3	2145	51002.921741721477	3596.1252348999
3	2149	51039.046417379465	3269.1115340657
3	2168	51605.175127121877	3456.1611798625
3	2187	52058.651866053876	3717.5202982697
3	2194	52217.887152149599	3581.7252266723
3	2209	52625.342329571896	4795.0295896313
3	2230	53209.60128270806	3160.4523734315
3	2239	53417.57761746205	3981.8523739586
3	2265	54127.800587721422	1922.9667808022
3	2271	54275.069590574067	3114.1555617191
3	2282	54524.489789879497	2817.6041705813
3	2304	55328.090270394395	2856.1006811178
3	2327	55945.190431259825	3447.4449443153
3	2337	56052.80478910039	3477.2869591491
3	2346	56285.079647384837	3644.3712149219
3	2386	57261.345513770293	4578.1228712295
3	2400	57632.920680575326	3281.2180927109
3	2415	58002.302951537621	2989.0686802516
3	2419	58015.511718653079	3194.1974098408
3	2442	58531.074594757137	3105.1767467344
3	2451	58811.670934919522	3554.0956464464
3	2472	59370.922898957443	3364.7308267222
3	2481	59505.173852786676	3752.3425539299
3	2509	60406.084855324206	3811.727650821
3	2549	61282.214090777498	3882.6996908122
3	2572	62075.866110794795	4419.5712666774
3	2599	62543.075411743102	4482.2236246086
3	2603	62594.404083051042	3037.5032702472
3	2612	62715.837034022689	3639.7675089876
3	2623	62731.749996328664	4701.6145502301
3	2629	62924.631693572355	3727.7552523767
3	2643	63568.837067529814	2426.7973789983
3	2662	64073.929399768805	2967.092082426
3	2686	64741.517920101957	2953.0093532894
3	2704	65090.681186205032	2925.0407291077
3	2741	65965.329365161211	3064.2913131665
3	2760	66290.300180031901	3789.6795034651
3	2769	66482.16570596114	4113.2705158623
3	2773	66541.399640579032	3811.4695897676
3	2823	67463.312272480672	4408.939242662
3	2849	67858.310559340735	3291.2158065074
3	2895	68528.952593783172	5048.0887827279
3	2899	68622.450071320193	3552.1178747582
3	2903	68722.426350301387	4053.1786494089
3	2926	69222.936101309006	3696.5404795663
3	2935	69566.600617792713	3564.3184964545
3	2980	70479.763234765252	4631.3993989229
3	2988	70507.24867915574	4249.3004661142
3	3001	70813.006743461789	4670.9556954542
3	3022	71203.054480579646	3156.8333660598
3	3034	71471.060533215256	4691.786087398
3	3038	71628.401884351181	3757.7330348205
3	3056	72016.609131521529	5336.6975852441
3	3083	72601.861608833989	4431.198187066
3	3116	73183.217734823259	1428.1877620991
3	3120	73245.674857216852	4887.8912353077
3	3124	73276.664481447062	4148.4735757409
3	3130	73338.615742882969	3186.8466570801
3	3143	73588.620431316398	1850.6737559382
3	3147	73743.360214473935	3471.8970191208
3	3172	74496.950771689528	2243.7951173075
3	3227	76019.606411839121	2967.5069411192
3	3244	76667.813601370641	3351.0694465406
3	3257	76896.209298742676	2576.73664183
3	3270	77322.807036497384	3325.308997985
3	3289	77549.485904433519	2748.7763535458
3	3323	78820.450422806844	2880.1434942876
3	3335	79186.957899190227	4531.8838099353
3	3349	79470.599096136853	4414.5799928667
3	3390	80533.859377312666	2993.09094714
3	3402	81032.320216798596	3054.3649832904
3	3406	81047.790604033122	3165.0803040247
3	3440	82194.185705555044	2706.2481362853
3	3448	82458.56146901577	2992.6848197076
3	3459	82795.224049135215	2886.3788978322
3	3490	84000.252149027877	3860.2154448982
3	3494	84013.386634794434	2624.2359318864
3	3514	84631.435921009964	3134.9066265766
3	3518	84685.970693560541	1926.971167149
3	3537	85363.485229313239	1609.1537634004
3	3570	85939.489225223526	1978.7384913179
3	3581	86302.073059667296	3158.1389578152
3	3601	86744.165023761484	3165.55924505
3	3609	86973.996068830851	1939.5008683484
3	3631	87826.939130721675	2108.6316736322
3	3639	88006.50131830419	2107.7456790581
3	3658	88766.130722065958	3345.1974139642
3	3668	89146.779759394065	3084.4918410614
3	3694	89720.848037560496	2488.7468314916
3	3709	90349.659932031017	2858.1666354742
3	3728	91195.518927708813	2161.9349544682
3	3739	91341.716662973886	2638.1162498798
3	3792	92652.466212431515	1911.3150668863
3	3799	92750.176728323823	3482.4198585388
3	3810	93058.249072408849	3828.526864348
3	3848	93952.140354956115	2052.8204867122
3	3852	94050.731876830678	2708.7652543746
3	3863	94293.258330397853	2785.0032447076
3	3893	94862.89850327433	3576.8764460832
3	3901	95036.279871728245	2341.0363905597
3	3919	95652.53371350353	2610.6340731215
3	3947	96268.464686161545	2173.8054499123
3	3953	96387.817976069326	3192.0153266564
3	3972	96903.641548853468	2506.2313846126
3	3994	97630.567945993623	2283.2220176328
3	3998	97639.091211449977	3225.7069128418
3	4002	97646.183520382375	2356.3251106907
3	4063	99584.432185046229	3504.2257276084
3	4081	99886.352998171107	3720.5519910583
3	4104	100577.560110520974	3269.6087175842
3	4113	100801.791358418618	3943.9880730585
3	4133	101288.554677100957	3521.3189984263
3	4155	101905.057668593183	3536.8315048215
3	4163	102087.291548187317	2494.1172184752
3	4186	102522.08543468811	4575.6300242551
3	4203	102894.167355107249	3908.8394170578
3	4237	103739.928608658949	2234.3316022865
3	4241	103777.834240198539	4013.9772064852
3	4256	104043.966676462845	2154.759398843
3	4308	105538.040796076734	3716.217096822
3	4312	105550.633638744468	3258.6684242763
3	4345	106163.955793660538	3824.4565379976
3	4357	106562.366159470608	3864.0903576554
3	4378	106954.782526242019	3051.5696824286
3	4399	107491.156309308339	2821.3895632746
3	4407	107717.796555627541	3054.5817703155
3	4449	108769.134852132986	3024.853497632
3	4453	108776.606503231831	1948.1115292478
3	4476	109439.38794977576	3850.035562272
3	4520	110643.927174243931	3703.2283268328
3	4524	110763.772342350853	3042.8899345547
3	4541	111026.992782602606	2820.2817209532
3	4574	111570.722920127068	3657.5846648482
3	4582	111629.933927214292	2892.330101036
3	4586	111811.41633179189	3110.3204007488
3	4616	112682.314440604819	3527.6733748241
3	4647	113357.808947620553	3887.3928644866
3	4651	113444.714447842766	3008.6637109749
3	4667	113587.898598334563	2297.3114224523
3	4711	114778.618298133833	3331.3332727086
3	4723	114941.321107138256	2525.4480408453
3	4741	115432.447432659875	3280.4707268905
3	4750	115827.936043737454	3621.7318090124
3	4778	116543.709924987328	4257.6972070224
3	4798	116939.590975156363	4216.7001206937
3	4843	117848.391359804941	3844.0130659715
3	4863	118318.086562369328	5385.2356063119
3	4892	118766.925806419922	5290.2659764843
3	4896	118770.96533789113	4365.8080688566
3	4944	119687.315033309472	2765.3472533141
3	4948	119730.281854056131	6066.4745896592
3	4960	119864.810467612308	3964.3953141376
3	4971	120096.652521405679	2969.9508953011
3	4998	121034.241283645852	3829.3476128289
3	5037	121815.338269656834	4360.5266584408
3	5073	122330.167241159825	4085.8222045163
3	5077	122519.214987384899	4144.6305680026
3	5081	122622.574211664808	3899.8035540526
3	5092	122832.463827727673	3777.0572827285
3	5130	123802.200464674084	5054.9644923596
3	5174	124612.417421516029	5574.9314812002
3	5178	124638.874405369474	4772.5548764929
3	5182	124699.08288239315	5065.9094730794
3	5200	124868.250920346751	5387.565157604
3	5227	125543.388869891254	5304.3711516345
3	5242	125997.712594971804	5894.4457835763
3	5251	126195.425802886485	5653.9803396002
3	5281	126748.833275445116	6057.4898000368
3	5291	126935.42735736662	4698.2722246895
3	5295	126947.882838978244	5979.5081076061
3	5319	127498.419372968374	5757.7102600174
3	5334	128175.403560952096	6421.7036290588
3	5349	128453.027569268211	6139.9664475906
3	5363	128803.107959561049	6064.5841184644
3	5372	129094.868412025585	5737.0857913727
3	5388	129530.266009907051	6390.7161328153
3	5428	130270.82754959613	6727.3425082886
3	5464	131158.781007083878	6665.9813255192
3	5485	131540.885023780479	6671.048308096
3	5496	131829.735896809026	7237.1786939078
3	5520	132390.425263706595	7264.1443267743
3	5530	132738.173285920917	7710.6575061137
3	5544	132976.588161129504	7496.1429536588
3	5569	133555.868107572511	8144.5764625492
3	5577	133676.294491159112	7222.1161028014
3	5601	134301.76178581342	8543.4614181895
3	5609	134392.220600292087	7092.4682107333
3	5635	135002.215585576684	7465.0799782018
3	5652	135637.596432536841	7305.3129681044
3	5693	136783.12202460909	6331.264311489
3	5709	137095.0701366812	5809.0433399645
3	5724	137515.996046902926	6191.7379221336
3	5735	137767.006855367496	6133.0525895034
3	5769	138257.277512706817	6345.9006880767
3	5778	138452.455486681626	5978.6171332074
3	5782	138482.09087778628	4317.7456422003
3	5808	139121.571610553936	5861.491035315
3	5812	139208.166389212013	3568.4221200294
3	5831	139449.343456903786	6054.4952670075
3	5835	139680.557109287755	3058.0199017539
3	5839	139815.944674069063	3977.1345607672
3	5863	140238.627294430822	3345.9822433855
3	5888	140987.395562876762	3274.5602412836
3	5897	141105.594878586011	3609.3761352151
3	5909	141275.850221308262	3353.7027507929
3	5936	141800.858590400593	3756.1911948938
3	5949	142167.098274518118	3992.8391617334
3	5996	143148.425908869446	3184.3706795279
3	6011	143488.793229570613	3304.2546585052
3	6022	143741.541764240713	2196.2821775561
3	6026	143796.007733962314	3832.4042603062
3	6063	144809.929399427773	4473.1527345638
3	6081	145200.983345548438	2904.4636032256
3	6093	145445.857286194668	2086.4556556474
3	6104	145729.475485023627	2876.3655513804
3	6128	146309.477863379987	2735.9428867511
3	6162	147198.866942190831	2857.2758561745
3	6173	147369.759460783796	2736.4978347032
3	6177	147395.640127763482	2969.7040176823
3	6209	148459.003822209643	3451.0804689532
3	6250	149589.240015384973	4190.8762691418
3	6300	150641.669834994109	4839.4894793883
3	6304	150684.315651220503	4170.5954518232
3	6339	151513.817492193808	5031.1856724304
3	6350	151934.394958551308	4816.3026356687
3	6396	152702.301430973491	5000.3648531092
3	6404	152731.02954222192	4778.8750168237
3	6450	153713.745769384584	5751.8960270035
3	6454	153743.895372489797	5746.8438120168
3	6462	153971.152151099639	5951.3975077987
3	6470	154296.517401498141	5745.0129897983
3	6474	154756.384922874393	6051.3798127948
3	6509	155453.44653032008	6720.6198857473
3	6529	155870.486467912095	6898.3847030759
3	6535	155953.615151067532	7384.3833290978
3	6567	156664.996359071093	7317.3155666295
3	6575	156719.688079991645	7064.0823807433
3	6592	156997.081675066846	7570.7609788299
3	6607	157316.495686790304	6950.0878193424
3	6626	157834.747719915913	6346.3792033366
3	6646	158109.668256641632	7669.6521244456
3	6650	158165.961361492382	5845.9438673471
3	6654	158261.077185749344	6447.844064484
3	6711	159302.743000791642	7903.7330110394
3	6717	159599.326815374526	6825.8433728436
3	6726	159678.635154377005	6708.2071665761
3	6739	159897.43169574187	6417.1314168167
3	6750	160126.394858419197	7104.3469847733
3	6788	160676.991574542927	6976.4850652478
3	6792	160786.967690095636	5308.793546697
3	6798	160905.27519704894	5547.6947217945
3	6836	161482.958456102096	5547.2239982809
3	6842	161610.612357894289	5829.0749026744
3	6846	161743.849341704743	6588.3155941855
3	6874	162467.310519929277	6158.5676277427
3	6878	162701.337435684435	6386.2818796892
3	6891	162872.665214707412	5039.0473749218
3	6942	164366.09312621248	5766.1719829009
3	6965	164941.265040704283	6233.4725089011
3	6969	165098.741763497102	7153.3716544771
3	7011	166213.490979533974	7491.3896023836
3	7020	166711.610152156326	7885.7674685251
3	7029	166869.489888009885	8088.7414557023
3	7063	167369.46092166226	7962.5656360088
3	7078	167862.74135763877	7621.6753080734
3	7098	168047.198421286751	7649.0501189322
3	7118	168574.961404151517	7060.0640291757
3	7137	168764.957242424001	7929.8978034237
3	7146	168860.006002626651	7759.9716884989
3	7165	169294.640073108722	7262.6696685338
3	7174	169391.759160033661	7575.6463497229
3	7178	169427.482347239975	6473.7260240375
3	7214	170486.519358123054	7318.6909407701
3	7218	170537.999681282126	8094.1526520695
3	7311	172415.615240412165	5344.2469120806
3	7319	172550.401977909033	6442.8535000969
3	7343	173008.975610865613	5722.7878773573
3	7353	173168.52813574705	5261.8578371239
3	7377	173705.874402200106	6441.9581407459
3	7393	173851.048624965596	5493.0248367299
3	7419	174414.652115649778	5757.5226158649
3	7423	174558.990704735078	6948.6826781043
3	7482	175622.880465828214	7086.1779585375
3	7486	175651.262063804351	4928.67964408
3	7507	176155.298677955155	5062.1401083733
3	7522	176330.744723605325	5774.3373823329
3	7549	177060.541675623838	3991.2930419021
3	7573	177352.91813594592	5850.7043549036
3	7584	177753.181126558457	4957.4980235988
3	7626	178740.932272051696	5111.2751165272
3	7645	179397.195166472678	6209.7427406979
3	7649	179398.511428323809	5198.7851870598
3	7666	179500.265361641769	4823.1399383948
3	7689	179998.404026042008	6239.4516678631
3	7693	180213.276537100186	5960.4410857596
3	7725	180993.839119497025	6300.7510900438
3	7742	181172.380816249509	6236.2772424186
3	7762	181635.950677741651	6620.8713214786
3	7766	181691.629029841398	6792.6815549771
3	7803	182400.325720406373	6861.0091196775
3	7811	182495.838285518149	6317.1122403967
3	7815	182542.177012294864	6439.533311709
3	7830	183067.849557745539	5391.7912666032
3	7838	183095.704219371414	5806.0293921275
3	7851	183433.207071238466	5077.6295136294
3	7895	184450.326405757342	5173.8319780094
3	7920	184801.451491502349	3493.5089290962
3	7936	185186.499509320831	3795.6951110595
3	7952	185699.60268414799	4483.8845776612
3	7975	186013.473825038647	4260.1658440543
3	7984	186107.733806782671	4477.635111355
3	8013	186833.128355099892	1992.5451756176
3	8022	186871.561623068861	4268.5290891994
3	8026	187028.031521207922	4271.3661159895
3	8057	187587.403167638233	4817.4659744405
3	8075	187911.415331901417	3057.1759213228
3	8088	188153.235651606129	2746.1951107535
3	8092	188160.640541560254	2707.3649869201
3	8098	188219.802937294429	3254.2362448336
3	8137	188875.288328116195	3031.6674250031
3	8152	189428.656095230093	3458.2972734263
3	8160	189509.705887831053	3543.8586983089
3	8177	189898.561900795804	3644.5436804228
3	8181	190011.17098277192	2789.4000928158
3	8198	190369.132014933115	3178.4535918381
3	8207	190709.18315643545	2899.4702490864
3	8227	190961.521548585271	3852.5485686883
3	8244	191345.716706263906	3162.5877213407
3	8279	191821.737190519827	3481.4437856364
3	8283	191901.141807989454	4068.1610892379
3	8296	192022.884624622068	3471.847104718
3	8333	192616.736077751106	4231.1561515729
3	8357	193157.59277691822	4565.8716058427
3	8361	193197.919819572246	4445.631508781
3	8390	193748.502690376019	2792.5351706154
3	8399	193978.315084549672	2743.4263658689
3	8403	194012.983963956199	4977.7220406217
3	8418	194195.669898351091	2948.0972574339
3	8426	194459.727173087424	2813.9247537437
3	8430	194462.025388793456	2269.6715604486
3	8467	195531.398991716463	3221.0848637756
3	8473	195542.588836805201	3234.8025818814
3	8477	195572.817973663173	2766.8259540185
3	8518	196471.32959158463	3097.8398791034
3	8522	196524.752132359239	2422.9880134575
3	8530	196805.006946484632	3500.8685053345
3	8561	197512.158171181642	2879.1138365668
3	8579	197895.19765741495	3282.7596354283
3	8600	198306.940483317988	3807.1993518159
3	8628	199031.843713085242	3492.5022913067
3	8636	199089.43244297158	2790.1345910064
3	8652	199301.445019791194	3125.4984862637
3	8696	200329.250433563533	4007.8735755081
3	8729	200875.726499992701	2975.4427222698
3	8733	200889.239384081506	4254.3907971586
3	8762	201920.190467556082	3629.9226923361
3	8801	202999.576641541265	4442.7631019534
3	8813	203141.074841914045	4578.3683934625
3	8823	203385.879841280246	4403.8326908247
3	8827	203443.837691216089	4296.5602717471
3	8864	204612.116039750242	4365.1266330094
3	8868	204928.208548517245	5596.019852566
3	8872	205009.576281390431	4743.4917586785
3	8899	205614.146924145811	5395.1103467075
3	8927	206540.311007314438	6055.9737592204
3	8935	206664.309740267986	6031.8369722578
3	8949	206884.034111063072	4948.3159505897
3	8953	207089.131808893102	6122.8972735755
3	8973	207614.743745584333	5464.5003417598
3	8982	207932.814373137721	5100.2828655031
3	9008	208418.658136303815	5870.5042969154
3	9020	209012.494583019131	6472.2915026745
3	9024	209096.021837831753	5212.2051942855
3	9034	209263.776676572003	6058.4490171641
3	9088	210812.302155314306	5097.4270109095
3	9099	211028.069265448564	5438.9445071426
3	9148	212004.661043255868	6774.5865497012
3	9152	212051.8684119555	4922.1666782511
3	9173	212471.190752266983	5021.0910167467
3	9183	212603.390317705739	3384.7872158407
3	9214	213274.821286351496	5308.8244076038
3	9218	213297.686623005489	4996.7735886447
3	9231	213774.348038412923	3664.1502370084
3	9295	215334.693089398632	5981.4826001764
3	9307	215575.586573096284	4394.0125572999
3	9329	215944.101572531352	4059.6987826904
3	9333	215984.867606831063	5001.5733614768
3	9341	216227.104136590922	4317.8939863025
3	9345	216440.247499259481	4002.1777667197
3	9375	217038.511216706673	4348.3872921701
3	9399	217419.50383474707	4829.4578328028
3	9409	217616.77994216893	3230.2680138135
3	9413	217760.353685874784	2298.2514153283
3	9417	217799.238839295054	2252.5479838635
3	9428	218229.820812081266	5176.0785056492
3	9455	219201.552395582054	2635.6238475535
3	9459	219224.930660544953	2427.0491079055
3	9479	219893.440792119227	2289.4955453463
3	9483	219973.73457723955	2158.5770831532
3	9517	221346.486833985113	3840.8564749639
3	9563	222573.34353776455	3507.7756816987
3	9571	222754.778784846745	1949.3102123942
3	9579	222982.279254252017	2925.9588811384
3	9587	223187.870245694972	3752.6077362522
3	9609	223701.593277095654	4177.1441449307
3	9620	224336.965766654272	2865.2088573016
3	9644	224928.863935243138	2938.5376468487
3	9660	225310.726603323904	2104.0127781965
3	9683	226445.699366657688	2986.5541429259
3	9692	226608.455524213617	2651.7384785134
3	9722	227205.775738814127	2674.0557847917
3	9742	227484.574826824451	2178.3333333023
3	9763	228317.519523221281	3442.2785614952
3	9783	228606.645537274177	1619.2541899623
3	9798	228902.66145507709	3174.8149292546
3	9809	229349.310995819266	3862.9733789107
3	9839	229916.253912075636	3997.3384103914
3	9852	230059.592283698018	1955.0859072014
3	9869	230304.967430475139	3010.9640986905
3	9873	230366.001015113886	3327.5234646757
3	9898	230984.143470897796	3154.772151662
3	9919	231651.05350763441	3249.5956866896
3	9928	231671.393453680958	2464.9739266746
3	9949	232348.125546048433	2557.4627957772
3	9969	233026.607167701208	2997.523512455
3	10013	233942.341886273557	3492.2819974799
3	10051	235092.599939640353	4862.5071867306
3	10090	235588.85262711443	3812.4721447012
3	10110	236141.010601491639	2609.0200174631
3	10121	236372.365845080207	2589.9525341151
3	10152	237631.08978581814	2690.5725978222
3	10193	238303.866631483788	3019.8978672474
3	10199	238512.01928102001	2208.9312803093
3	10203	238585.838706100021	3144.6607584413
3	10212	238618.63726878234	3767.1907000523
3	10234	239687.04104775762	3158.6794503362
3	10271	240498.177988636172	2363.3588452544
3	10334	242019.975659484788	3792.7593797995
3	10347	242333.690757327578	3886.5690126099
3	10360	242560.711257519806	4290.6002024613
3	10390	243075.377744375592	4149.1647332381
3	10398	243158.041008977825	3454.6567788971
3	10421	243568.171559874764	3481.7487904483
3	10429	243785.215556542253	3589.4839892155
3	10444	244110.856647458724	3409.9341987124
3	10448	244254.238624782166	2384.0296865346
3	10455	244299.956811685861	3750.3336456863
3	10475	244930.091522845113	3178.8954702472
3	10492	245275.013073707605	3267.9231207036
3	10569	247360.246950845799	3445.7221021503
3	10594	247820.852343760266	3523.5652079713
3	10598	247898.714951902261	3257.5665136556
3	10602	247930.313959805454	3496.1029875147
3	10619	248332.278454910598	3109.3445628592
3	10627	248590.081725673586	3631.7562294336
3	10669	249713.817688190943	3952.4594252251
3	10673	249767.982303876588	4314.4819760109
3	10684	249858.135369219044	3395.2415499999
3	10699	250237.58407826685	3898.323589542
3	10711	250544.507688231926	2941.2538700874
3	10718	250953.127857878641	4368.7887706993
3	10757	252087.872367116874	2316.9620067906
3	10768	252302.944007834705	3165.1802521013
3	10772	252309.013229501723	2151.6079521272
3	10787	253052.607974156555	2309.6125670895
3	10834	254978.339950633846	3404.5161593892
3	10850	255462.20542442117	2817.0607044082
3	10861	255765.415437636581	2444.5644475054
3	10884	256437.595546808897	1717.6099028997
3	10888	256493.486800277272	2953.6722361855
3	10895	256703.276429818914	1857.1016872767
3	10903	257179.32080931613	1561.4339798223
3	10930	258115.54411891425	3568.3913154155
3	10984	259523.006603816969	2169.7867758572
3	10992	259852.479182908878	2562.7001967095
3	11023	260779.151273950651	2915.4664208027
3	11048	261608.451073008104	4103.9877410125
3	11100	262862.604270087271	4650.9593364832
3	11111	262955.695735933836	2941.8842417188
3	11115	263000.791242026237	2377.4729604091
3	11124	263452.851099207713	3107.1424611325
3	11155	264350.210815990789	2779.0143438692
3	11174	264597.678219076691	2264.6722424187
3	11232	266061.445752469539	3261.1697293812
3	11240	266229.599590044755	1931.9293442512
3	11253	266304.268920975092	3528.2130315341
3	11257	266410.15077405079	3487.1946799419
3	11272	266764.472277701346	3958.8721265969
3	11276	266797.315964674294	3050.8529462541
3	11325	268159.869388811007	3514.9416003863
3	11337	268427.668555895154	3964.791771458
3	11349	268814.361787115873	4057.331076947
3	11379	269701.404797187936	2422.8556517232
3	11383	269860.519961400838	2673.6910126638
3	11429	271202.100092991165	2195.0446520001
3	11480	272591.385963856971	1910.0871400437
3	11491	272892.347934101404	3430.293034343
3	11495	272892.967878347061	2550.9854805283
3	11522	273284.213950326287	2885.3854879551
3	11537	273591.364426635833	2894.4231852363
3	11541	273616.871099425278	2882.3721516159
3	11556	274027.991883670532	3259.885401917
3	11594	274769.955293363587	2581.1767476382
3	11598	274818.585829343268	3250.8476386453
3	11614	275263.812954705007	3203.3803080363
3	11622	275578.249142272196	2822.9331402564
3	11646	276199.208105653323	3075.7466501625
3	11650	276272.444337652618	2269.4300317106
4	83	3391.727021096571	3119.7588193975
4	211	6283.971332354788	4024.4017839247
4	260	7261.273468810657	3494.7501607369
4	369	9149.874070758318	4369.0628523862
4	462	10834.526552671863	3210.264711869
4	656	14811.186674565373	3723.0234894267
4	705	15712.771307500738	2083.4250990115
4	773	17556.105276631155	2180.752515262
4	860	20301.484200996665	2595.1457247231
4	879	20697.979506520602	2197.4690014869
4	1060	26904.927939725985	2902.0059121198
4	1124	28347.227439968656	2861.9317281246
4	1138	28777.34351238226	1764.1018953554
4	1246	30786.960893731134	3132.6395417567
4	1254	30928.01473966943	1603.9414178164
4	1258	31081.68618956096	3491.9383457775
4	1299	31910.727590556758	2514.4103867576
4	1357	33289.521897818464	3633.4046276188
4	1468	35878.59111618394	2872.5485828209
4	1607	38947.39260084256	2976.608163113
4	1668	40087.255158267485	4053.2618060986
4	1886	44707.811678847802	3458.1841126058
4	1916	45525.728304617352	2708.6996554453
4	1928	45902.020853402339	4034.0159466718
4	2046	48689.575389994021	2516.4514305163
4	2055	48992.416528878058	2623.563365126
4	2396	57613.702332120937	3419.7864345347
4	2527	60866.164164690555	2840.6240474063
4	2531	60944.509088041515	3711.5821777934
4	2799	66951.672710557451	3008.8905906232
4	2819	67423.093318770604	4212.7843287238
4	2861	68116.233136196585	3656.1608798359
4	2912	69069.58079390131	4092.5970526177
4	2916	69082.435005789878	3787.9327205379
4	3030	71304.507873745891	4098.3558862896
4	3206	75451.625356485807	2800.2119207382
4	3221	75838.479540409699	2954.9417966232
4	3278	77396.225706856876	3173.3990463727
4	3327	78892.841543542401	4195.4843943942
4	3360	79569.071839347223	3908.6280409487
4	3428	81799.576323890377	2546.0587024502
4	3605	86838.88642073826	2413.6429806612
4	3764	92030.626346200344	3156.4247400127
4	3814	93154.73095229977	3061.3810124541
4	3897	94875.48637199581	1614.4352224655
4	4026	98781.6038458519	2751.3818543404
4	4054	99209.48823177296	2826.1373046238
4	4121	100955.155731126771	4032.7086704078
4	4223	103460.288487352286	3349.9463132832
4	4276	104864.79437223676	3217.4578906226
4	4330	105895.482505598332	3006.1973612706
4	4395	107329.137166655849	3056.0176133338
4	4423	108004.369909589014	2620.3244640492
4	4441	108696.261810914448	2697.5587485013
4	4532	110840.074499493105	2994.2766681779
4	4628	112925.052924524848	3908.2507106914
4	4715	114904.181086982411	3378.5623001539
4	4737	115306.038104964418	2614.5902542804
4	4782	116620.396666711195	3874.0572700381
4	4832	117498.672213342783	4594.1990498276
4	4952	119731.931060625239	4434.6213268569
4	4956	119827.220430786533	5762.6583231557
4	5011	121243.118946089221	3851.1752625918
4	5041	121843.289610043167	4163.7880128557
4	5168	124577.106783612011	5381.8086995521
4	5299	127202.827129185199	4926.9942029658
4	5410	129898.066530412063	6181.9368303968
4	5439	130525.441019328311	5958.9104194029
4	5477	131414.919016247928	7683.6805100256
4	5581	133694.112757693977	7195.3708869046
4	5627	134668.025396785512	7856.2114267827
4	5639	135054.037115203962	6540.55041597
4	5658	135798.705114128813	6678.8074410561
4	5930	141766.330748021603	3714.3612168212
4	5992	143069.094221618027	3659.9491068709
4	6043	144466.92815392539	2680.0446126922
4	6089	145442.86153082581	4954.5478852914
4	6213	148467.771508881156	3212.6956147001
4	6292	150580.094459860818	4336.2308157245
4	6296	150635.503515797933	5014.0609849353
4	6317	150894.452433970155	4630.9333402712
4	6387	152674.350238612252	5490.8801634645
4	6400	152730.254502448487	5487.4819686813
4	6620	157812.274520875189	7389.3099397998
4	6784	160659.337561392494	4958.8485503791
4	6895	162897.392865142184	5660.0487897709
4	6918	163533.629378139275	7209.3987748629
4	6961	164739.28006047503	6194.9817766928
4	7082	167903.08514729445	7950.2104872985
4	7182	169497.212002000173	7618.5821136776
4	7210	170258.622933778216	5940.125863952
4	7252	171150.734812051389	5992.8134316782
4	7263	171415.054722559907	6765.5268021305
4	7281	171742.790898356918	6321.667189586
4	7307	172325.431621588104	5291.1502984706
4	7429	174680.776314626682	5549.3594560093
4	7468	175304.506095127471	5590.7138230455
4	7511	176158.305461689134	5331.8597340749
4	7535	176554.239972924151	5319.2353469441
4	7567	177252.233099119075	5520.3381313327
4	7653	179439.826835711756	6110.6811277165
4	7750	181345.611311217108	5349.0091108927
4	7878	183861.548244155248	7187.2933153341
4	7899	184470.400558349079	6277.261396988
4	7908	184616.771281567671	6031.0722052935
4	8311	192390.335710226631	3644.3012043717
4	8422	194239.800496661178	2819.8381421206
4	8617	198569.164740077498	2390.7753089309
4	8704	200426.233310454804	3562.239745404
4	8710	200492.202614114898	3808.5931550161
4	8714	200501.782002580428	4137.2835305569
4	8739	201073.465405936428	4245.7328619853
4	8836	203488.538423181587	3818.7884152392
4	9057	209718.448572937691	6812.9032588811
4	9144	211943.535279424208	4711.1765295513
4	9163	212204.938163800457	4987.8558374072
4	9255	214421.849368220487	3896.1922253951
4	9259	214504.844937117118	5208.3989314345
4	9353	216474.772640557308	4356.8167596487
4	9551	222329.982068235823	2977.8187578823
4	9605	223671.33427304022	2815.4588309124
4	9738	227384.589830193887	2797.081989767
4	9910	231506.313685136135	2814.1287796943
4	9932	231726.800263795743	2182.1097514965
4	9992	233467.606559633316	2589.6173266989
4	10009	233863.304819813967	3694.813221719
4	10022	234054.861542816947	4134.1190507468
4	10094	235714.577568507726	3698.7878907208
4	10102	236108.724980551491	3697.1114351167
4	10136	236716.670429897533	3655.4276146839
4	10164	237860.015005983154	2911.7508448555
4	10286	240860.384681709855	2714.7534722462
4	10290	241073.833176052804	3147.7443224844
4	10394	243132.315259325132	4228.1936104391
4	10425	243754.668244436989	3135.9739199627
4	10481	245039.756832673028	3216.7724680832
4	10552	247201.080866683433	3700.5029769614
4	10661	249636.798806277871	3994.5041119166
4	10665	249659.525364398793	3450.5647691093
4	10753	251939.100599640357	2898.2070620265
4	10813	254466.219490871453	2179.8098798934
4	10958	258859.031151129498	2424.5240826253
4	10975	259334.968513775332	2766.0689510498
4	11038	261142.185259348348	2995.3166079276
4	11070	262239.146489227636	3773.7240272097
4	11159	264387.173526129331	3700.1030104045
4	11163	264401.016865050136	3437.0207325456
4	11284	267035.494645812062	2998.5948541754
4	11341	268675.999666914788	3366.8355144243
4	11345	268767.303058471817	2785.1686790438
4	11387	269885.146624505238	3395.9428575787
4	11425	271116.815065536426	3312.3154096585
4	11545	273625.009086453051	2521.8029527402
4	11657	276540.859316773334	4201.6071322386
4	11661	276681.61047555486	3270.5554914243
4	11668	276831.769874631123	4575.9799299897

