version 2
run Iteration-66-20200521-09:55:07-53072
attr configname Iteration
attr datetime 20200521-09:55:07
attr experiment Iteration
attr inifile omnetpp.ini
attr iterationvars "$i=7, $j=4, $0=15-(7+4)"
attr iterationvarsf i=7,j=4,15-(7+4)-
attr measurement "$i=7, $j=4, $0=15-(7+4)"
attr network Network
attr processid 53072
attr repetition 0
attr replication #0
attr resultdir results
attr runnumber 66
attr seedset 66
itervar i 7
itervar j 4
param **.resourcePool.amount 7
param **.resourcePool1.amount 4
param **.resourcePool2.amount 15-(7+4)
param **.source.interArrivalTime exponential(6min)
param **.delay.delay uniform(4min,28min)
param **.delay1.delay uniform(10min,28min)
param **.delay2.delay uniform(4min,16min)
param **.allocate.resourceModuleName "\"Network.resourcePool\""
param **.allocate1.resourceModuleName "\"Network.resourcePool1\""
param **.allocate2.resourceModuleName "\"Network.resourcePool2\""
param **.deallocate.resourceModuleName "\"Network.resourcePool\""
param **.deallocate1.resourceModuleName "\"Network.resourcePool1\""
param **.deallocate2.resourceModuleName "\"Network.resourcePool2\""
param **.router.randomGateIndex "uniform(0, 1) > 0.2 ? 0 : 1"

vector 0 Network.allocate queueLength:vector ETV
attr interpolationmode sample-hold
attr title "queue length, vector"
vector 1 Network.allocate1 queueLength:vector ETV
attr interpolationmode sample-hold
attr title "queue length, vector"
vector 2 Network.allocate2 queueLength:vector ETV
attr interpolationmode sample-hold
attr title "queue length, vector"
vector 3 Network.sinkStat lifeTime:vector ETV
attr interpolationmode none
attr title "lifetime of arrived jobs, vector"
attr unit s
vector 4 Network.sink lifeTime:vector ETV
attr interpolationmode none
attr title "lifetime of arrived jobs, vector"
attr unit s
0	0	0	0
0	609	11526.391268027243	1
0	616	11536.707786928791	0
0	792	14767.876276685406	1
0	794	14786.828685331463	0
0	5029	114966.23558050453	1
0	5044	115187.51468030879	0
0	6373	145079.14023045892	1
0	6379	145177.555114423757	0
0	7394	172142.4386453503	1
0	7400	172152.068244411376	2
0	7406	172228.711662208751	1
0	7415	172519.065677368118	2
0	7417	172637.767134486912	1
0	7422	172759.4485164147	0
0	8097	188307.89777912334	1
0	8099	188310.581134278234	0
0	8103	188333.332453755444	1
0	8113	188534.325082925169	0
1	0	0	0
1	43	1470.678094295523	1
1	45	1697.016456516371	0
1	51	1739.753298535208	1
1	57	2065.478043244799	2
1	59	2070.061883759503	1
1	67	2078.027111271615	0
1	76	2210.2828103474	1
1	88	2448.771762687624	0
1	94	2453.841344225989	1
1	96	2469.961259233419	0
1	137	3293.782255700878	1
1	146	3451.654291505579	0
1	152	3501.564801216221	1
1	161	3733.55306373714	0
1	185	3928.654856688304	1
1	188	3965.839911903761	2
1	200	4106.436436026011	1
1	212	4357.589379249052	0
1	218	4526.812747693864	1
1	223	4664.05836727444	0
1	247	4765.057677912868	1
1	253	4922.603696547693	0
1	259	4971.610572753321	1
1	265	5162.35295886933	2
1	275	5428.624367082903	3
1	281	5464.769853115186	4
1	286	5478.88881029366	3
1	295	5647.763864239416	2
1	300	5666.817216270276	1
1	310	5859.762760079362	2
1	313	5872.730696541019	3
1	316	5905.062650660282	4
1	322	6128.254274623713	3
1	343	6667.20341169466	4
1	345	6676.533468205393	3
1	351	6677.479556534633	4
1	357	6740.894354001878	5
1	362	6927.414637142531	4
1	367	7077.664830612623	3
1	373	7138.354220594201	4
1	378	7242.657364579162	3
1	388	7350.786952913669	4
1	407	7720.190137571328	3
1	420	8048.471357700022	4
1	422	8050.740655155764	3
1	430	8189.756218921638	2
1	436	8312.558699732414	3
1	439	8338.462443672706	4
1	441	8406.868190718554	3
1	451	8460.431676662508	4
1	467	8855.392924856999	3
1	486	9227.983137834159	4
1	488	9234.506492652244	3
1	494	9291.5318694071	4
1	499	9349.597668180154	3
1	505	9499.185067348305	4
1	511	9546.284669883015	5
1	514	9606.036711077668	6
1	525	9943.258575128509	7
1	534	9977.083987109102	6
1	540	10029.249676387921	7
1	543	10036.926251314238	8
1	548	10168.787687791423	7
1	554	10351.968756548823	8
1	556	10495.248639735066	7
1	568	10654.786696899927	6
1	592	11349.187010361129	7
1	598	11405.940573421106	8
1	611	11526.440278859548	7
1	618	11536.707786928791	8
1	621	11563.781674118977	9
1	623	11563.988788731308	8
1	628	11616.032564372428	7
1	638	11854.51027609759	8
1	640	11887.807005821041	7
1	649	11962.968252320093	8
1	652	11967.85613164992	9
1	655	12037.48604257744	10
1	669	12629.110741100263	11
1	671	12632.986776195206	10
1	680	12889.404963823281	9
1	686	12925.768539208848	10
1	696	13003.633458690006	11
1	698	13044.584146112116	10
1	703	13089.509050941699	9
1	709	13221.284917224483	10
1	715	13291.644430344058	11
1	732	13767.670759213828	10
1	740	13882.720591070043	9
1	751	14191.837559940898	8
1	760	14310.514700133599	7
1	776	14440.840315543142	8
1	782	14657.449158394127	9
1	787	14743.0711214318	8
1	796	14786.828685331463	9
1	803	14923.207917744031	10
1	806	14930.612191183928	11
1	815	15195.623492530599	12
1	822	15251.434756072474	13
1	824	15353.690616683774	12
1	834	15425.125195501007	13
1	837	15448.199056874334	14
1	839	15510.673829915607	13
1	845	15889.792334076373	14
1	847	15902.497249562539	13
1	856	16117.575583726081	12
1	862	16233.154717154283	13
1	868	16543.836452765636	12
1	877	16609.138106815257	11
1	890	16778.959452587997	12
1	896	17102.247882767254	11
1	908	17436.934437872582	10
1	914	17452.153368104205	11
1	916	17654.81222963697	10
1	922	17903.366893402543	11
1	928	17974.207169816503	10
1	933	18016.156805996098	9
1	938	18091.983697721475	8
1	962	18444.4776299816	9
1	968	18703.447172751564	8
1	973	18892.904510537768	7
1	985	19079.359869556242	6
1	991	19303.920050867429	7
1	1001	19526.787427093748	6
1	1007	19559.538154484107	7
1	1009	19586.150123207145	6
1	1022	19993.282879404464	5
1	1033	20335.600098641836	4
1	1041	20512.756378727639	3
1	1053	20789.599979117427	2
1	1062	20967.15874586279	1
1	1083	21328.293011057862	0
1	1089	21438.811616626421	1
1	1091	21625.963449974218	0
1	1108	21785.34940584939	1
1	1110	21856.970153290693	0
1	1205	23841.122372251138	1
1	1216	24292.48935316764	2
1	1218	24313.355424556464	1
1	1223	24320.915174926328	0
1	1229	24350.727746294429	1
1	1232	24402.085917989732	2
1	1237	24567.028063229135	1
1	1256	25187.562956857242	0
1	1313	26305.454335417011	1
1	1323	26593.528971747242	0
1	1329	26603.710844144151	1
1	1332	26614.685263089826	2
1	1347	27038.591731041623	1
1	1352	27176.256811316664	0
1	1358	27478.608864613829	1
1	1364	27735.367131250064	0
1	1370	27736.109991114041	1
1	1376	27816.775359144042	0
1	1385	28164.869817097371	1
1	1391	28235.827092527915	2
1	1393	28264.604075477205	1
1	1398	28335.368231311394	0
1	1408	28512.465939550244	1
1	1418	28597.534506309168	2
1	1427	28683.809698632072	1
1	1436	28765.969447293858	0
1	1445	28966.338809965563	1
1	1447	28976.291566220997	0
1	1483	29959.349557778714	1
1	1485	30072.527671892281	0
1	1585	32488.155141313902	1
1	1596	32661.803928520932	0
1	1613	32954.585470021714	1
1	1626	33330.467264932476	0
1	1632	33439.3920932866	1
1	1635	33460.520183062139	2
1	1637	33531.158317007911	1
1	1643	33751.190439966177	2
1	1645	33796.895784754708	1
1	1651	33902.53889013276	2
1	1666	34293.360550955696	3
1	1668	34404.109020960413	2
1	1676	34599.941031094483	1
1	1681	34718.475328460738	0
1	1807	37685.154583215289	1
1	1809	37719.284649998041	0
1	1971	42187.895393960919	1
1	1977	42431.924664819673	0
1	2023	43366.020605504716	1
1	2032	43534.655654191384	0
1	2042	43570.274895628438	1
1	2054	43998.440449092597	0
1	2083	44592.279069749612	1
1	2088	44709.740684500987	0
1	2094	44729.898318638523	1
1	2097	44842.55710523632	2
1	2099	44885.920648988396	1
1	2107	45156.433288188065	0
1	2113	45243.498448650687	1
1	2122	45523.03959797515	0
1	2242	47666.966525329622	1
1	2248	47787.013120734174	2
1	2250	47958.917468028087	1
1	2271	48154.78314266898	2
1	2274	48225.252242650939	3
1	2276	48267.749300762267	2
1	2286	48548.342168308435	3
1	2289	48713.771755983235	4
1	2291	48795.677113159239	3
1	2297	48841.690936013129	4
1	2299	48864.74296220329	3
1	2305	48885.767254021609	4
1	2317	49104.457528000642	3
1	2327	49228.840570714334	4
1	2333	49497.058637556807	3
1	2345	49746.668677540441	2
1	2355	50197.400438734914	3
1	2360	50302.838601841271	2
1	2365	50417.48378196482	1
1	2377	50719.422560152785	0
1	2394	50816.535092503524	1
1	2402	51331.736515934881	0
1	2428	51570.852899742835	1
1	2442	51837.030070423741	2
1	2444	51969.602796114237	1
1	2449	52048.551809154826	0
1	2469	52421.094783184171	1
1	2474	52764.487602801364	0
1	2490	52998.547035593778	1
1	2498	53085.570042225702	0
1	2504	53102.437548759956	1
1	2506	53169.784459229934	0
1	2512	53324.868294905141	1
1	2518	53416.570670749353	2
1	2521	53437.710153588507	3
1	2523	53476.051745410265	2
1	2540	53877.386380704684	3
1	2543	53889.004381433195	4
1	2554	54214.354282436012	5
1	2556	54224.534498425576	4
1	2561	54433.394572294619	3
1	2569	54699.367267889141	2
1	2575	54819.765096986333	3
1	2577	54823.309121788667	2
1	2583	54842.44505870104	3
1	2598	55256.872684055155	4
1	2600	55272.78366008811	3
1	2605	55460.724402142059	2
1	2614	55638.172287465244	1
1	2626	55694.998544077577	0
1	2788	60967.869159336352	1
1	2790	61095.543046048436	0
1	2796	61110.604377009198	1
1	2802	61208.521421846173	2
1	2804	61301.595907293591	1
1	2816	61361.112811911996	0
1	2822	61361.752594593446	1
1	2827	61541.718758126909	0
1	2847	61921.70143172089	1
1	2849	62181.708025740985	0
1	2867	62449.647145734433	1
1	2869	62471.928081585425	0
1	2875	62507.687740625955	1
1	2887	62838.264979018087	0
1	2900	63085.876714931086	1
1	2903	63170.836235248401	2
1	2916	63518.543496325905	1
1	2921	63524.454104420323	0
1	2927	63639.603635321774	1
1	2933	63844.070744932029	0
1	2946	64171.087543181145	1
1	2948	64316.31477971055	0
1	3135	69039.203773097555	1
1	3138	69192.617885424633	2
1	3145	69270.256313985622	3
1	3150	69319.392712566799	2
1	3156	69364.473655770196	3
1	3159	69533.645840510881	4
1	3161	69614.031573860683	3
1	3171	69829.467287471446	4
1	3173	69833.025729378943	3
1	3178	69882.771588166101	2
1	3188	70418.50397286666	3
1	3207	70768.192808389461	2
1	3212	70837.795209745654	1
1	3218	71041.843249827384	2
1	3220	71044.293264330222	1
1	3226	71080.573324557166	2
1	3235	71352.870949303989	1
1	3254	71865.091496401324	0
1	3260	71981.695891964129	1
1	3262	71997.530067734218	0
1	3268	71999.249550135538	1
1	3274	72201.43217753831	0
1	3395	74724.214650459139	1
1	3400	74869.196259218689	0
1	3414	75012.630290380952	1
1	3417	75202.736437307614	2
1	3420	75341.808125527975	3
1	3422	75392.757779860944	2
1	3428	75516.86574135004	3
1	3430	75591.78109330795	2
1	3443	75777.393985295158	1
1	3451	75961.00313512605	0
1	3468	76577.281099874811	1
1	3470	76631.056344180547	0
1	3625	80765.560148724319	1
1	3634	80860.052625466455	2
1	3637	80884.997477868969	3
1	3639	80915.363395291547	2
1	3644	81073.543988458996	1
1	3650	81124.671666695946	2
1	3659	81469.883304190494	1
1	3671	81725.783684249161	0
1	3677	81827.35585331638	1
1	3682	82061.934018705224	0
1	3780	84224.006005993185	1
1	3782	84301.998681645148	0
1	3794	84503.643938964551	1
1	3797	84601.751289595948	2
1	3799	84639.091166916782	1
1	3805	84667.428958152127	2
1	3808	84743.831423246126	3
1	3811	84775.675296728056	4
1	3818	84942.278549872172	5
1	3828	85248.481090431218	4
1	3840	85539.219901678159	5
1	3842	85621.446789982968	4
1	3847	85654.58925873741	3
1	3852	85682.51847216522	2
1	3861	85783.959935659469	3
1	3876	86129.833245462854	2
1	3885	86183.32437552787	3
1	3888	86287.710447496909	4
1	3906	86739.100054629455	5
1	3908	86760.040402278655	4
1	3917	86980.94090596331	3
1	3923	87065.878225880513	4
1	3926	87071.191813860263	5
1	3933	87109.452609746398	6
1	3935	87225.765753396903	5
1	3941	87299.173332344479	6
1	3943	87318.876340796719	5
1	3970	87839.736754445296	6
1	3973	87888.297282554074	7
1	3975	88123.080520952471	6
1	3983	88398.47793735122	5
1	3992	88684.459440547521	4
1	3997	88698.059627692332	3
1	4003	88800.743028877521	4
1	4009	88958.839731017478	3
1	4031	89496.983649493434	2
1	4037	89501.565921976078	3
1	4043	89635.56934474886	2
1	4056	89916.184378654632	3
1	4069	90141.04985891181	4
1	4071	90171.935727463583	3
1	4076	90230.039462704562	2
1	4081	90452.182997073164	1
1	4086	90476.909667109378	0
1	4092	90558.349359778992	1
1	4098	90765.925865510747	2
1	4109	90963.773018963389	3
1	4116	91114.793032866568	4
1	4125	91611.056651535923	3
1	4130	91685.842450788595	2
1	4135	91726.267079942977	1
1	4140	91887.762143626117	0
1	4153	92007.837810168181	1
1	4160	92029.46170169238	2
1	4162	92223.658714040662	1
1	4167	92415.670960330522	0
1	4312	96529.302757533417	1
1	4314	96756.088568572188	0
1	4320	96804.486383110993	1
1	4322	96951.72724170183	0
1	4530	103559.819870208665	1
1	4532	103687.611342586047	0
1	4666	108095.90303833691	1
1	4669	108295.192948037036	2
1	4671	108540.283135216717	1
1	4680	108623.855301397346	2
1	4694	108899.606314780667	1
1	4699	108917.023147953561	0
1	4713	109134.461089267363	1
1	4722	109245.606064995785	0
1	4732	109400.333916507148	1
1	4735	109478.152973131707	2
1	4742	109497.396177634385	3
1	4744	109614.839947442069	2
1	4750	109622.218340331424	3
1	4760	109885.865360326624	2
1	4765	109898.697875192423	1
1	4779	110241.816644947572	2
1	4784	110247.035840408763	1
1	4795	110315.238160169228	0
1	4805	110409.55399146624	1
1	4807	110757.246732315083	0
1	4827	111139.328109076724	1
1	4829	111143.123560310832	0
1	4851	111656.604084781053	1
1	4857	111728.901393826544	2
1	4863	111917.498301961004	1
1	4871	112117.40543382757	0
1	4906	112541.735721510659	1
1	4927	112965.264794586954	2
1	4929	113192.628044015273	1
1	4934	113269.962114904306	0
1	4940	113287.877031033182	1
1	4942	113351.179604287399	0
1	4969	113828.819524852593	1
1	4972	113892.569692654102	2
1	4982	113977.629087239734	1
1	4995	114240.206768195446	2
1	5009	114680.412027914554	1
1	5019	114796.374276986649	2
1	5024	114917.187638347177	1
1	5031	114999.192740608237	0
1	5050	115190.024636043371	1
1	5053	115232.151994482294	2
1	5055	115336.347276721627	1
1	5068	115493.775140965768	2
1	5071	115647.383391108656	3
1	5082	115889.232592888427	4
1	5085	115897.026953605504	5
1	5088	115954.454445226078	6
1	5097	116251.446385906578	5
1	5102	116274.409162298916	4
1	5108	116522.520156495733	5
1	5113	116615.433784680918	4
1	5121	116662.210592225424	3
1	5131	116910.816447921258	4
1	5133	116923.068857629923	3
1	5139	116963.336228405454	4
1	5150	117208.421580705969	5
1	5152	117410.535389695547	4
1	5157	117484.383664647594	3
1	5170	117629.232311164169	2
1	5175	117737.963480932207	1
1	5206	118786.863285964428	2
1	5208	118964.653060009272	1
1	5213	118973.571897618949	0
1	5353	122724.638847107731	1
1	5356	122885.727451744694	2
1	5358	123077.76036365926	1
1	5363	123136.303504286801	0
1	5472	125225.931988570882	1
1	5475	125348.697931999247	2
1	5485	125484.127431057491	3
1	5487	125484.338039427926	2
1	5493	125495.965779812871	3
1	5495	125499.424498031577	2
1	5503	125538.318886580581	1
1	5519	125976.920237748638	2
1	5522	126023.502416894772	3
1	5532	126177.149204528595	2
1	5538	126177.268715329672	3
1	5541	126251.960263872042	4
1	5543	126294.541749904593	3
1	5548	126637.015821680229	2
1	5553	126796.290424995055	1
1	5566	126936.170791444073	0
1	5572	127082.068025969861	1
1	5589	127672.642688114857	0
1	5740	131306.153298991865	1
1	5743	131379.650626488722	2
1	5749	131652.481240334817	3
1	5757	132011.595128168376	2
1	5765	132277.667605930583	1
1	5774	132405.831800448069	2
1	5777	132433.693325364246	3
1	5782	132557.760053670923	2
1	5787	132575.76666353907	1
1	5792	132770.014086839767	0
1	5831	133286.247299130481	1
1	5838	133394.387111426397	2
1	5844	133609.867051029296	3
1	5850	133726.98201499509	4
1	5853	133878.120704047918	5
1	5860	133962.149035380087	6
1	5863	134059.278406127201	7
1	5865	134090.942099013324	6
1	5870	134105.114682202074	5
1	5876	134221.170232913573	6
1	5884	134420.180007060083	5
1	5899	134804.384286448153	4
1	5917	135262.220954450737	3
1	5926	135328.441890158537	2
1	5932	135356.244450195938	3
1	5942	135525.882619824193	4
1	5949	135695.503449842496	5
1	5952	135776.548979584184	6
1	5954	135779.467012918579	5
1	5964	135788.440903543771	6
1	5967	135852.113138182159	7
1	5970	136051.267823756355	8
1	5980	136371.660014310726	9
1	5982	136406.542626845609	8
1	5987	136451.612508863004	7
1	5992	136616.379675294119	6
1	6011	136919.537378911885	5
1	6020	137320.083403049927	4
1	6026	137344.785467546083	5
1	6032	137623.546565936672	4
1	6038	137884.004888831664	5
1	6043	138037.401004814568	4
1	6049	138088.978210278904	5
1	6055	138208.477595674764	4
1	6064	138289.510676140743	3
1	6073	138590.841677913236	2
1	6079	138768.0445127134	3
1	6093	139187.728441686328	2
1	6098	139331.4771588126	1
1	6106	139533.068121624204	0
1	6219	142086.954501625525	1
1	6221	142147.801900971796	0
1	6227	142314.75371840901	1
1	6237	142435.992184854006	2
1	6243	142467.933520999114	3
1	6245	142512.194312173348	2
1	6257	142898.233473091581	1
1	6262	143013.382429991672	0
1	6268	143080.381309839223	1
1	6278	143488.334323959402	2
1	6280	143539.190190150809	1
1	6293	143607.471243050314	2
1	6299	143788.922069613006	1
1	6308	143962.14340390319	2
1	6316	144105.224244463081	1
1	6325	144424.204209228241	0
1	6331	144481.838863519293	1
1	6336	144546.246855985489	0
1	6381	145177.555114423757	1
1	6387	145189.870111877214	0
1	6393	145227.355784442209	1
1	6399	145346.628242289565	2
1	6402	145420.389460622305	3
1	6405	145546.639874184338	4
1	6407	145573.853522711628	3
1	6413	145604.91883746397	4
1	6415	145670.448300427581	3
1	6425	145939.764201507663	4
1	6431	146030.069382523129	3
1	6440	146098.475373461958	2
1	6449	146483.55382553191	1
1	6455	146547.541043459664	2
1	6461	146602.634730545705	3
1	6463	146777.812794833639	2
1	6472	146845.900004745404	1
1	6477	147001.584705794346	0
1	6487	147152.852364201904	1
1	6493	147216.800555771972	0
1	6580	150017.018329304767	1
1	6582	150328.045250675642	0
1	6667	152805.599958439584	1
1	6669	152924.838446834949	0
1	6781	155327.742584402229	1
1	6787	155605.331914379194	2
1	6789	155676.101915417269	1
1	6795	155967.416735690131	2
1	6797	155969.978171853696	1
1	6802	156115.189974402037	0
1	6830	156596.073480821925	1
1	6832	156657.29060321118	0
1	6838	156719.776852957054	1
1	6849	156812.164335836416	2
1	6851	156835.804405013447	1
1	6866	157013.833498126432	0
1	6875	157133.440529520215	1
1	6884	157573.834700743627	0
1	6914	158226.505932044747	1
1	6919	158308.854368800645	0
1	6929	158491.387334369751	1
1	6945	159221.75283392049	0
1	7072	163395.344891059958	1
1	7077	163611.785441086371	0
1	7177	166357.230329306962	1
1	7179	166508.870937113841	0
1	7188	166674.373079505269	1
1	7195	166897.432951153452	2
1	7200	167091.52766116232	1
1	7215	167500.678593155183	2
1	7220	167717.496795585798	1
1	7225	167719.421148464264	0
1	7262	168500.846576740439	1
1	7269	168548.646590899608	2
1	7272	168570.187871301011	3
1	7274	168612.290393762471	2
1	7287	169226.945464328351	1
1	7292	169321.99125594105	0
1	7432	172855.72808618558	1
1	7435	172910.737164447994	2
1	7438	172972.528403147584	3
1	7441	172997.035239665983	4
1	7446	173270.444741682632	3
1	7451	173489.039024693175	2
1	7457	173514.892350690994	3
1	7462	173554.558717683047	2
1	7468	173575.527769690469	3
1	7471	173820.789305841604	4
1	7477	173916.914806374548	5
1	7480	173930.628336995035	6
1	7494	174200.202874344973	5
1	7502	174424.834533083468	4
1	7514	174593.804963180347	3
1	7520	174871.112483553518	4
1	7522	174914.24016517596	3
1	7536	175156.183469473535	4
1	7538	175212.137387843087	3
1	7543	175268.735966678261	2
1	7549	175414.212455969875	3
1	7558	175848.10325892569	2
1	7563	175949.33807772699	1
1	7568	176048.327249154001	0
1	7741	181352.47552661729	1
1	7744	181391.877887111749	2
1	7747	181522.334409902167	3
1	7752	181727.416538981886	2
1	7757	181785.103138281958	1
1	7765	181900.268037157343	0
1	7771	181977.069362039142	1
1	7773	182052.107941279857	0
1	7782	182311.469930507868	1
1	7789	182470.631574290286	2
1	7807	182860.117267795845	3
1	7809	182881.309155594767	2
1	7814	182932.889613850968	1
1	7823	183036.222589830244	2
1	7825	183052.010115789415	1
1	7844	183354.377039273669	2
1	7850	183608.272210587485	1
1	7855	183632.727519568982	0
1	7864	183636.439315584183	1
1	7867	183642.635499446704	2
1	7878	183957.199714861113	3
1	7880	183982.871842203871	2
1	7902	184676.493644164776	3
1	7904	184714.368394188748	2
1	7909	184719.212283284398	1
1	7915	184738.952079098968	2
1	7939	185067.225063481886	3
1	7941	185074.19464646487	2
1	7947	185125.714407785144	3
1	7952	185190.750610450952	2
1	7958	185273.679583150987	3
1	7968	185375.76495799049	4
1	7971	185744.943636109263	5
1	7973	185826.291007505895	4
1	7979	185887.021393770933	5
1	7991	186163.445327016263	4
1	7996	186171.137520072045	3
1	8002	186208.360878390149	4
1	8004	186498.789066042916	3
1	8009	186587.422894133464	2
1	8014	186683.110521522402	3
1	8022	186749.148587500523	4
1	8029	186794.38657036065	5
1	8031	186973.029276220797	4
1	8056	187507.361342646205	5
1	8061	187606.232291314916	4
1	8072	187812.321100409137	3
1	8080	187966.01630603543	2
1	8086	188015.817734118563	3
1	8101	188310.581134278234	4
1	8115	188534.325082925169	5
1	8121	188588.489403496234	4
1	8126	188790.128431463779	3
1	8132	188807.146519263296	4
1	8134	188816.827466997312	3
1	8140	188816.973366875335	4
1	8143	188853.676946976239	5
1	8146	188863.338489801437	6
1	8152	189061.009493898507	7
1	8159	189083.760842389872	8
1	8168	189264.775842018042	9
1	8173	189372.932275539474	8
1	8187	189730.91995620774	9
1	8190	189752.068769042799	10
1	8199	190004.524824893771	9
1	8207	190230.152409630061	8
1	8218	190445.428543916898	7
1	8231	190565.731131170348	8
1	8240	190701.748936461495	7
1	8250	190916.394981043118	8
1	8253	190962.802687516233	9
1	8256	190983.500899805181	10
1	8261	191027.056214916258	9
1	8273	191161.726845667692	8
1	8286	191526.102062230811	9
1	8289	191550.376416734606	10
1	8291	191610.056545412333	9
1	8297	191715.006045671814	10
1	8299	191739.224486524449	9
1	8308	191764.76195065956	8
1	8314	191851.608229291947	9
1	8323	191932.306803171446	10
1	8340	192385.71693242967	9
1	8345	192405.483852286102	8
1	8351	192553.709907393266	9
1	8354	192573.921356676645	10
1	8368	192903.766645026314	11
1	8371	192912.788875596888	12
1	8377	193012.474225828669	13
1	8385	193151.656651109622	12
1	8391	193261.445038148845	13
1	8393	193273.96283181964	12
1	8401	193423.586118777277	11
1	8409	193641.441568764596	10
1	8419	193708.961336281133	11
1	8426	193974.013027107424	12
1	8446	194358.677089238966	13
1	8448	194394.681862924458	12
1	8453	194455.310184999364	11
1	8459	194455.667926622758	12
1	8461	194470.577216794879	11
1	8467	194504.108545217806	12
1	8470	194534.646976583134	13
1	8479	194736.156492526381	12
1	8485	194835.013827823968	13
1	8492	194856.682279505917	14
1	8506	195793.058390095867	15
1	8508	195853.871198563115	14
1	8513	195946.722810954782	13
1	8518	195951.627695424647	12
1	8523	196132.403723881318	11
1	8542	196597.534196485044	10
1	8551	196663.678646675787	11
1	8565	196965.241039592723	12
1	8578	197111.030603911243	13
1	8580	197240.475798907685	12
1	8585	197330.216523012311	11
1	8590	197499.734016176983	10
1	8595	197604.135083245324	9
1	8612	197795.831415549925	10
1	8615	197865.311816730741	11
1	8618	198006.977183104523	12
1	8631	198274.404813120812	11
1	8639	198449.797975203949	10
1	8648	198515.272777850183	11
1	8650	198698.869719015599	10
1	8656	198722.724758470312	11
1	8668	198957.168719029265	10
1	8674	199010.994576419113	11
1	8681	199088.722064961275	12
1	8683	199169.098569058809	11
1	8692	199547.07005652988	10
1	8707	199766.806474268647	9
1	8713	199776.942945342967	10
1	8716	199876.935375921651	11
1	8722	199925.794413336292	10
1	8728	199961.384491926889	11
1	8730	199962.353046133179	10
1	8739	200035.517274338933	11
1	8745	200399.986556604669	10
1	8751	200451.393469372829	11
1	8757	200516.936450792687	10
1	8784	201143.773217033549	11
1	8793	201329.594335190017	10
1	8799	201355.112556491695	11
1	8804	201585.120312538669	10
1	8810	201631.706443885266	11
1	8812	201672.49871478805	10
1	8824	201902.218723517122	9
1	8834	202159.288099336988	10
1	8844	202656.795876756982	9
1	8849	202694.18414379859	8
1	8855	202816.431994650927	9
1	8857	202947.85753768589	8
1	8870	203197.978497741205	9
1	8872	203381.06919069423	8
1	8877	203429.016158389092	7
1	8883	203445.50820770021	8
1	8899	203693.845689086915	7
1	8909	204022.816860773892	8
1	8911	204057.203767266289	7
1	8916	204059.179149434898	6
1	8929	204302.625871309122	7
1	8939	204619.524317678013	8
1	8948	204886.54361701219	7
1	8953	204901.565723851995	6
1	8968	205065.616628562097	5
1	8973	205107.099900985301	4
1	8979	205115.450489628747	5
1	8990	205412.89067829138	6
1	8993	205419.387372427928	7
1	9009	205704.291745428809	8
1	9012	205722.498782138733	9
1	9021	206058.42431679757	8
1	9027	206211.117957531204	9
1	9029	206257.159684082704	8
1	9034	206296.506286949848	7
1	9043	206322.25008455334	8
1	9046	206407.22298477436	9
1	9049	206422.087057585721	10
1	9051	206509.441744959654	9
1	9064	206760.138234267176	8
1	9080	207227.531944303514	7
1	9086	207333.265204899005	8
1	9093	207379.063883082736	9
1	9095	207495.181306150021	8
1	9100	207755.642839732577	7
1	9113	208110.181090892033	6
1	9122	208431.882246559651	5
1	9133	208865.826739385935	4
1	9151	209071.763294054867	3
1	9164	209414.228992827483	4
1	9166	209425.813310720955	3
1	9179	209577.051757102522	4
1	9189	210020.171727029293	5
1	9191	210058.12607087584	4
1	9201	210171.982532535864	5
1	9207	210292.874926876386	6
1	9209	210353.39668878934	5
1	9215	210415.320413840657	6
1	9218	210442.998220161241	7
1	9220	210449.453380105083	6
1	9225	210689.383611031548	5
1	9230	210740.920419119464	4
1	9235	210762.279347283618	5
1	9246	210847.366919952522	6
1	9256	210988.998646909582	5
1	9272	211660.571219263764	4
1	9277	211764.164820494802	3
1	9289	212067.247843944465	2
1	9298	212211.760137003126	1
1	9307	212286.525261043055	2
1	9310	212372.615175840398	3
1	9316	212393.428479198506	4
1	9336	212967.626760271118	3
1	9341	213226.37722414376	2
1	9354	213460.254522694873	3
1	9359	213582.486591168677	2
1	9369	213683.110294630489	3
1	9371	213690.777685601475	2
1	9377	213850.553210483278	3
1	9390	214194.435166607961	4
1	9393	214425.321379402671	5
1	9399	214441.894171689377	4
1	9408	214555.107294630353	5
1	9411	214582.978679782172	6
1	9416	214733.566923398735	5
1	9421	214853.913051108064	4
1	9430	214931.577238743059	5
1	9432	215189.339610130524	4
1	9445	215520.807324912565	3
1	9451	215616.59061711972	4
1	9458	215721.982065376392	5
1	9468	215888.829971397967	4
1	9483	216318.540434954899	3
1	9488	216441.887282965871	2
1	9494	216481.813960611857	3
1	9497	216519.414872818769	4
1	9499	216546.572538667356	3
1	9516	216915.941336391317	4
1	9518	217124.633779175746	3
1	9530	217425.349726580294	2
1	9539	217461.200596927405	1
1	9547	217683.560946925541	0
1	9553	217835.325563904894	1
1	9571	218330.994021773915	2
1	9576	218394.385299798268	1
1	9589	218770.250968233909	2
1	9592	218821.747548494149	3
1	9597	218899.975706960072	2
1	9602	218947.555079046848	1
1	9608	219018.415867971483	2
1	9610	219110.905776587055	1
1	9622	219548.836992684919	0
1	9631	219787.843386968316	1
1	9638	219836.230754768878	2
1	9648	220139.171548601911	1
1	9656	220272.813120674509	0
1	9696	220923.736452969675	1
1	9699	221076.511503263906	2
1	9704	221139.927777242083	1
1	9717	221670.666275673633	2
1	9719	221753.049202817232	1
1	9727	221824.846091018751	0
1	9737	222118.166037701158	1
1	9740	222187.340878882842	2
1	9742	222273.87751233222	1
1	9747	222324.63194355059	0
1	9861	225176.652836627478	1
1	9864	225452.398264771217	2
1	9873	225717.461664970167	1
1	9878	225924.539401116434	0
1	9884	226005.752158883641	1
1	9886	226252.797147432333	0
1	9892	226260.956218072218	1
1	9894	226488.63326411418	0
1	9964	227617.529276678333	1
1	9978	227821.409073138056	2
1	9980	227868.609966642255	1
1	9989	228039.03609044235	2
1	10000	228159.497837156353	3
1	10003	228200.245275830587	4
1	10005	228344.842518502215	3
1	10010	228415.58657150886	2
1	10015	228559.349141032226	1
1	10020	228603.339284646357	0
1	10038	229164.222581543414	1
1	10041	229170.099138266405	2
1	10047	229406.997362383941	1
1	10052	229490.771631751932	0
1	10224	235168.253966143633	1
1	10226	235201.661093650121	0
1	10242	235543.989801543658	1
1	10244	235732.230421788235	0
1	10250	235850.219235675868	1
1	10252	235885.000356731801	0
1	10304	236331.547929194147	1
1	10307	236511.50022418251	2
1	10310	236511.905221120327	3
1	10313	236566.09589361341	4
1	10316	236634.231192277376	5
1	10321	236667.888865442191	4
1	10327	236682.046878523441	5
1	10337	237053.834862874686	4
1	10342	237071.108479522656	3
1	10347	237136.037119803729	2
1	10353	237535.625932348118	3
1	10377	237955.10652548558	2
1	10382	238033.79636410424	1
1	10399	238327.831369974256	2
1	10407	238570.96759864107	1
1	10412	238578.286344348009	0
1	10418	238620.155479734214	1
1	10421	238788.721459567525	2
1	10427	238929.650106893717	1
1	10436	239076.942635098149	2
1	10442	239249.090196835318	3
1	10448	239374.41921033821	2
1	10458	239464.441269225721	3
1	10463	239703.550042314234	2
1	10468	239926.551802162568	1
1	10473	239952.006875553964	0
1	10479	240029.398522367206	1
1	10489	240278.242294834172	0
1	10523	240721.074226006063	1
1	10525	240847.642592736076	0
1	10535	240989.140755275343	1
1	10538	241004.948309754702	2
1	10544	241346.771239125346	1
1	10553	241502.992650771378	0
1	10566	241936.366536913268	1
1	10568	241970.398023062562	0
1	10574	242041.267189912123	1
1	10576	242097.175809609052	0
1	10671	244617.585025475854	1
1	10681	244877.789909979046	2
1	10684	244930.588129684675	3
1	10686	244955.036560235498	2
1	10698	245330.119181082712	3
1	10700	245655.589311103593	2
1	10705	245740.271742394147	1
1	10714	245850.368712483796	0
1	10784	247052.229385838759	1
1	10786	247254.797509069436	0
1	10885	251491.703308837602	1
1	10888	251913.244977833443	2
1	10890	251920.243334706864	1
1	10895	251963.473822901003	0
1	10922	252525.871652180377	1
1	10925	252564.449162731714	2
1	10944	252826.148042684868	1
1	10949	252984.238662721581	0
1	10955	253033.313743301807	1
1	10957	253058.157738734014	0
1	10963	253109.005251000979	1
1	10972	253596.46798675904	0
1	10978	253618.945252076448	1
1	10985	253917.444753125262	2
1	10990	253932.706137167267	1
1	10999	254042.905773098096	0
1	11013	254206.931076527559	1
1	11027	254565.083329454306	0
1	11107	256712.682291793996	1
1	11113	257057.225432366122	2
1	11116	257248.584540726723	3
1	11118	257393.805833224888	2
1	11123	257671.621707566842	1
1	11128	257676.57109602886	0
1	11215	260225.40915907911	1
1	11218	260275.21380576835	2
1	11220	260363.281745486296	1
1	11225	260376.851062413235	0
1	11380	266630.816350320403	1
1	11383	266716.862180088764	2
1	11385	266852.140912983652	1
1	11391	267023.966977177442	2
1	11397	267321.699343288191	1
1	11405	267585.023539133455	0
1	11553	272318.417568990067	1
1	11556	272519.653967661985	2
1	11565	272956.030788570545	1
1	11576	273431.5368679104	0
1	11640	274750.864663308411	1
1	11642	274831.481661865849	0
2	0	0	0
2	940	18091.983697721475	1
2	948	18290.727271095523	0
2	1517	30827.939594050756	1
2	1520	30835.960031755354	2
2	1522	30905.408843779544	1
2	1527	30922.704498384233	0
2	5794	132770.014086839767	1
2	5796	132858.222727616342	0
2	5802	132927.822640917839	1
2	5813	133176.350868017437	0
2	7570	176048.327249154001	1
2	7573	176070.68327956842	2
2	7575	176084.462757404446	1
2	7584	176096.404070501432	0
2	8011	186587.422894133464	1
2	8016	186693.502507744522	0
2	9232	210740.920419119464	1
2	9240	210796.564547665583	0
3	86	2332.630926837031	2272.3036000226
3	107	2742.384790870015	1628.5169876833
3	119	2968.539218044127	2612.7482652012
3	168	3751.968472170297	1968.1695294965
3	195	3993.548632709221	3391.0751024817
3	207	4216.561695498595	2116.2067302782
3	230	4688.424314202652	2383.4911309795
3	272	5282.183467541134	1840.6844383478
3	293	5584.221556931473	3366.6488233767
3	307	5669.329427777443	2105.8494946283
3	320	5964.604764925054	1989.5697326907
3	329	6155.139427686021	2960.7830656305
3	336	6473.035575871029	2657.9541581869
3	340	6628.86299987348	2374.9107752954
3	385	7344.801722101778	3252.2552546133
3	395	7521.009381869547	2780.5511904336
3	402	7629.224805685365	3795.9760515021
3	414	7783.833667347452	3155.5360603949
3	455	8535.281698312855	3098.22306522
3	459	8549.636987822734	3074.4321285266
3	474	8877.169988052659	4150.7870693924
3	518	9650.062670607724	4587.4488888089
3	522	9664.043116811908	2841.59015488
3	563	10501.976296025999	3790.9115349527
3	575	10816.580900696949	3272.9404375826
3	579	11022.912086809658	3849.4700785485
3	589	11259.035644382483	3581.2567207986
3	635	11813.28707598886	3654.9624562157
3	659	12291.537333307527	4796.010072476
3	666	12481.908717968174	3886.6880008777
3	678	12805.480769230298	4936.8518826944
3	690	12947.490391060449	3954.8964524793
3	722	13408.629061172389	4091.7818689724
3	726	13660.194087259384	4472.7351787727
3	730	13722.296470674001	4946.4279663321
3	758	14246.170479962342	4701.3222062309
3	773	14420.798032822	4447.1766749356
3	819	15217.564587686456	5996.457667735
3	831	15370.051417656156	5220.0505095922
3	854	15913.478845590465	4841.3222204873
3	875	16547.524028055283	5130.7861357932
3	887	16770.17898060406	6130.3209333681
3	894	16804.896657718591	5278.5053896913
3	906	17384.26371127341	6017.4193676078
3	926	17969.893873708928	6512.5393370126
3	955	18299.888155432158	5334.8691336556
3	959	18443.626149173739	6026.1884758125
3	966	18574.294869557628	5182.2177388438
3	980	18974.380831755944	7059.6906023435
3	995	19350.579130945641	6071.032718862
3	999	19515.578967025244	4946.398391484
3	1020	19869.926326021466	5716.4941564255
3	1048	20542.593756290399	6139.2059030494
3	1060	20805.934673230835	6038.0583965454
3	1069	21073.279818639074	5948.0916108522
3	1073	21081.123859028006	6689.8594068708
3	1077	21126.834096750491	6402.4051704619
3	1081	21275.925538260736	4152.8161983418
3	1117	21896.454214900472	6750.7052233031
3	1129	22131.527031734832	3130.5010124219
3	1133	22449.251569293354	4279.3297999578
3	1137	22458.39833085672	5694.356105504
3	1141	22575.122570385897	4364.2100555788
3	1170	23225.155180080467	3090.1997483837
3	1177	23281.995272832161	3152.4152894877
3	1209	24040.073859978382	3682.8919767904
3	1213	24194.135554766009	3444.9226221442
3	1247	24867.742931063801	3086.9532613177
3	1254	25133.557011625579	2035.997322835
3	1263	25196.467958963173	2557.589873895
3	1277	25546.641614763745	2289.5945870876
3	1281	25706.171490879313	2106.9555794871
3	1317	26346.25265961591	2934.5766272277
3	1321	26449.263706537592	2729.4119325503
3	1345	26984.903167617254	3986.7817472608
3	1362	27688.548245109225	2829.2463883292
3	1374	27796.107904426707	3385.6914891489
3	1405	28357.400482041369	3324.1164454348
3	1422	28635.109108072452	3355.0587490214
3	1434	28727.827274613036	3382.1875331551
3	1458	29146.031617583315	2959.9107662422
3	1465	29437.457819672386	3281.6269588331
3	1469	29512.509126440368	2828.9320501201
3	1477	29635.327071128367	2865.902498728
3	1525	30905.408843779544	2686.1392677931
3	1530	30922.704498384233	3972.1342359833
3	1534	30961.507568833445	2377.4071169738
3	1538	30982.088343780441	3073.062451636
3	1567	31669.461249732951	2730.454861473
3	1578	32010.990358757052	2800.7148666121
3	1617	33085.531087275996	3419.0237696283
3	1624	33219.117160576041	2489.6237179544
3	1655	34135.240605380788	3025.7224396533
3	1663	34200.27801999905	3436.9878444728
3	1695	34826.521766205214	2131.667927239
3	1706	35125.748369532492	3356.7106318568
3	1713	35230.781855564407	3680.8269444108
3	1721	35598.695132714167	2964.4763722182
3	1747	36308.815560947068	3802.7154156475
3	1759	36472.765395539284	3343.9330639854
3	1763	36503.585737693714	2047.7083772141
3	1796	37551.116103755824	1893.7887923978
3	1804	37592.409768193988	2831.4533585217
3	1840	38727.02453762016	2707.0879928023
3	1865	39189.262006080038	1759.6883365698
3	1869	39359.894181122014	2125.7899297401
3	1877	39612.462767636495	2359.3674021871
3	1909	40543.153120838131	1801.9155641086
3	1927	41351.93399501405	2513.5971003771
3	1950	41673.588404454585	1671.2133272085
3	1964	41991.311088657374	2327.3503948376
3	1975	42336.288282188375	3155.8719061408
3	2020	43324.874280407095	2919.8269768618
3	2027	43370.182396745369	3028.0160186347
3	2039	43560.630452201347	3001.8035691977
3	2046	43713.728206080523	1971.9739061035
3	2061	44048.825674320916	2102.7104575932
3	2080	44576.918393228263	3805.7978763536
3	2120	45421.189797282279	2101.9476728985
3	2129	45614.044208957905	2812.060932694
3	2137	45918.634278731481	1978.8960260196
3	2152	46019.937670299197	3568.9063540633
3	2175	46569.205176144898	2787.0353433385
3	2179	46575.715303537808	3097.2819231078
3	2190	46830.739102254714	3850.6397137168
3	2194	46860.634194997484	2525.6567545354
3	2265	48048.661967885918	3351.5287299547
3	2283	48471.773855673093	1471.4814557601
3	2312	48958.806486069412	3669.9412162229
3	2324	49119.219208134949	2361.6490390152
3	2331	49252.314525141682	2909.8862198275
3	2340	49511.59140352713	2639.4377824958
3	2384	50725.987351087224	3135.6313266542
3	2388	50737.517006936163	3054.2645134822
3	2435	51780.990127462264	2803.9122321674
3	2439	51791.916769729872	4182.4761631591
3	2456	52251.054836091265	4176.6744670794
3	2466	52345.719082220645	3421.2111517317
3	2484	52774.340839870649	2024.2344458308
3	2530	53561.879160047811	3864.2853595992
3	2534	53753.984916583079	3072.4000222243
3	2547	54001.545401717706	3775.6432887353
3	2587	54993.760440561291	4054.2826292797
3	2591	55123.795953885822	2810.5073008136
3	2624	55670.35397117995	3330.7982481132
3	2633	55830.028454360854	3063.9489418826
3	2643	56271.365489470961	3269.8556765273
3	2647	56384.737304867416	3378.1622333811
3	2667	56977.773694479078	3597.4607267787
3	2683	57402.738369782644	3603.7876252197
3	2691	57854.425623498228	3354.5849179827
3	2706	58605.086661558376	2937.6661966369
3	2728	59299.259504372434	3313.3263114374
3	2814	61351.460498603586	2021.0031881277
3	2834	61545.240429535839	1403.7038348895
3	2856	62227.72740245443	2691.273472365
3	2885	62695.754308609436	1812.2978726271
3	2894	62958.692699777488	2331.6725575695
3	2910	63366.297817403639	2703.4010847199
3	2914	63419.233521258789	2678.8376289663
3	2931	63772.650068875695	2587.1416287124
3	2940	63879.624952268381	2537.4204425934
3	2955	64351.319453277025	2934.4169002316
3	2986	65046.081180952782	2530.6990795574
3	2990	65127.47690610234	3488.5061787386
3	2994	65398.264292989257	2748.7157967323
3	3002	65688.792492174138	2641.0267983243
3	3034	66664.242285746418	3344.1312188655
3	3042	67017.538540970489	2892.7496228926
3	3100	68483.686753838073	2701.5593324695
3	3108	68672.023521835063	2629.66994402
3	3122	68746.433087550111	2904.2756374553
3	3168	69810.985842648691	2699.7036331706
3	3195	70442.313264834021	2666.4895602409
3	3230	71091.671640547701	2417.4500882438
3	3248	71561.187406316197	3592.6583138763
3	3252	71604.170518436326	2924.898997253
3	3272	72174.384225944315	3160.2885069287
3	3281	72312.204818598724	3369.1577204909
3	3297	72598.507673034702	2179.6792135486
3	3322	73141.226200219952	4864.2198422391
3	3345	73794.846915325408	3206.9736029474
3	3357	74124.707267017833	2579.8864568611
3	3392	74667.022670265502	3383.4759928007
3	3407	74873.22506372591	2190.1850549597
3	3411	74974.040720471838	3547.8219884075
3	3437	75647.919572999776	1392.8644370008
3	3441	75658.929852738466	2861.3188581169
3	3461	76171.096996569496	1945.1407726351
3	3465	76218.446343296387	2782.6391529478
3	3492	76985.859726692971	2819.8097730661
3	3500	77133.729833427064	2733.5848627996
3	3508	77469.068756353185	2707.9869908064
3	3522	77959.77350030091	3364.0082009506
3	3547	78787.661512910567	2971.4591681835
3	3559	78936.459605710682	2825.7686634455
3	3575	79663.385021680861	1991.1254551448
3	3607	80323.18802438105	3690.9975408576
3	3611	80371.539417825854	2453.9348277636
3	3654	81205.739385712127	2579.7326981183
3	3697	82176.826095837293	2187.2571362369
3	3701	82481.511102069353	2024.1241127698
3	3713	82901.91796397155	3194.3232172916
3	3725	83308.966853459038	3133.0239667988
3	3770	84045.637605732491	3246.1307296019
3	3777	84120.868701744019	3262.1933545134
3	3815	84822.139297308131	3389.639839204
3	3822	84980.356490041608	3268.3379027713
3	3826	85086.68773101201	3115.3113405872
3	3865	85842.067309924518	2231.1490075663
3	3892	86311.564795203858	2994.0438886452
3	3896	86392.893419049228	2281.9225556191
3	3903	86465.461570671999	3135.3521248635
3	3915	86796.13284176134	3486.90537115
3	3930	87095.766380071991	3053.8617783374
3	3964	87770.078577515909	3461.3419404333
3	3990	88477.92288603855	4523.4176834499
3	4007	88877.783036786371	3615.9666901243
3	4016	88994.08400858521	2976.3834519576
3	4066	89975.650598597952	3970.2555985622
3	4102	90899.819120352636	4733.0157637683
3	4106	90955.613037437551	5268.2859283804
3	4113	91046.219264609047	3661.255167059
3	4120	91254.167967009475	3885.107241343
3	4150	91988.44980817882	4161.0110242735
3	4157	92026.147664885516	3723.2684304614
3	4178	92626.510060827727	2693.0594377864
3	4204	93227.721696430004	3908.9485397426
3	4216	93622.951936112025	3816.4502609266
3	4220	93747.351189960144	3778.6415108238
3	4228	93994.610086296803	2594.6390192544
3	4235	94154.909833024735	3567.6845844848
3	4253	94834.913122092511	2853.6135153472
3	4286	95925.648749329152	2960.3565480653
3	4305	96372.224824404885	3238.8680844102
3	4309	96382.479409699244	2289.6442435775
3	4336	97394.1915849181	2822.971435776
3	4347	97568.172469347948	2418.245116733
3	4362	98034.023564921098	3644.6989875846
3	4366	98258.511821726967	2433.1168623269
3	4401	99452.765971362043	3394.9977691757
3	4437	100510.308030755261	2011.2832346465
3	4445	100999.641406045865	3298.1605931371
3	4474	101715.184952307564	2133.5225875396
3	4481	101935.697086013463	1948.9110231679
3	4515	103103.982179561935	3008.5273087118
3	4543	104026.653811444498	2404.7910374589
3	4550	104149.651566847629	2533.3510589786
3	4562	104702.416156829353	2798.6733815074
3	4569	105074.283402278441	3922.3045233451
3	4573	105080.091291758345	2761.7215898819
3	4596	106105.544281565986	4130.4675576204
3	4611	106485.098470020407	1404.2310955748
3	4615	106530.515391065052	2467.2213456687
3	4646	107530.814971248707	2645.5890057329
3	4717	109144.196748402004	2458.043846162
3	4729	109298.2547938183	1813.7851049379
3	4739	109496.266110776469	2328.2424045168
3	4754	109718.708964580557	3242.0444994047
3	4758	109869.514465177908	3026.7620805439
3	4776	110169.317522212422	2380.2218805905
3	4802	110403.407728871365	1677.621501877
3	4817	110814.670837851717	2262.678355123
3	4824	110942.265524038932	3369.9103103945
3	4844	111278.276115594466	3189.8132469042
3	4848	111488.402771843157	2804.9476577007
3	4861	111853.819826574882	3186.5961010011
3	4910	112602.661234470119	3706.2097103247
3	4917	112650.508967385439	1858.5994111653
3	4924	112799.893901259183	3637.0005142362
3	4963	113688.141804169072	1599.1912337858
3	4976	113937.158426358855	3674.8233464473
3	4989	113988.172482073537	2284.6656157169
3	5016	114737.638080034635	2323.2029422796
3	5042	115175.498289381294	2867.0504096522
3	5065	115411.890362747491	4504.8369208385
3	5075	115766.796194825552	2293.5919974057
3	5079	115794.340432536108	3097.3837532569
3	5128	116795.264970996917	3048.2017606683
3	5143	117055.013311183557	2454.4742659334
3	5147	117133.62137983474	4529.9912503081
3	5164	117591.399388060204	4112.4001588392
3	5168	117615.838642445533	2760.0948653023
3	5182	117897.204197094075	3347.5249250233
3	5186	117924.545935759798	3545.3886174021
3	5193	118055.312575736583	3839.2285108947
3	5240	119584.362091196932	5167.2923972609
3	5244	119591.546925850689	3414.4212902263
3	5255	119881.390085557045	4493.7017680967
3	5277	120394.408628477514	2102.35790167
3	5288	120855.867844653816	4216.155920693
3	5296	121094.931073910102	2799.4281683345
3	5335	122273.790609545568	2410.2654395532
3	5343	122513.481626121226	2425.1891197544
3	5392	123673.082054024932	3612.718646396
3	5399	123886.763706757223	3319.6089532133
3	5412	124009.166775291753	2335.4263324756
3	5458	125056.796881380027	3438.4399216317
3	5462	125128.646410237124	2416.9956025388
3	5482	125405.498858312094	3448.9688302483
3	5513	125833.775217074831	1889.7907396685
3	5526	126063.60547569274	2562.7716484107
3	5560	126866.574874679262	1680.5724810609
3	5564	126898.290820630928	3120.3759627573
3	5579	127210.654456082534	3259.328025654
3	5583	127269.489852961083	3207.0538453757
3	5610	128173.474333768641	3419.3482276999
3	5622	128432.003702127104	2912.8851486314
3	5633	128674.047515895854	3305.1034608439
3	5667	129680.922765189713	1735.9340508934
3	5689	130358.568299103423	2473.1157353427
3	5700	130541.019143452997	3448.0009539519
3	5733	131216.307665504874	1747.1519758645
3	5816	133176.350868017437	2743.2829140554
3	5824	133232.61932713689	3206.5767174494
3	5857	133921.505244308176	3903.7555539611
3	5939	135480.719621915164	3440.9998314455
3	5946	135624.285325056832	3739.6263545933
3	5974	136155.293999816316	3193.5064100561
3	6005	136802.077255289029	4415.088604974
3	6018	137062.218212250414	3593.9506940839
3	6030	137622.153036528292	4510.4799574708
3	6053	138131.185087596791	3658.1369894133
3	6071	138455.77785112239	2985.2736722295
3	6083	138900.265760374281	3736.3293071434
3	6087	138956.522214783149	4236.2385979206
3	6113	139651.171228748705	4649.6456564407
3	6117	139652.468973582405	2910.9225701412
3	6138	140243.409608052137	5899.7339296368
3	6146	140483.540210795435	5435.5747680766
3	6190	141394.416495485026	4775.6614890291
3	6252	142524.612408653017	2457.8469139338
3	6272	143230.114324517023	3061.2124956865
3	6287	143554.995899400869	2980.8258817345
3	6297	143607.758574624369	1991.2080587167
3	6323	144117.383630029332	3188.538825568
3	6347	144571.705890687937	3245.9672183082
3	6377	145101.843282026645	2767.9479663476
3	6385	145188.878047168371	2736.541472329
3	6422	145847.796025974791	1909.6774194397
3	6447	146369.403131266067	2797.0498688053
3	6470	146818.273792554448	2748.7436546226
3	6484	147004.234947320189	3002.8692859022
3	6491	147184.497620050738	2374.7549668308
3	6500	147249.691608781111	2660.2642716768
3	6504	147276.112912441799	2756.3018256345
3	6522	148131.673870456348	2805.7560035937
3	6526	148162.997470981265	3439.46431876
3	6541	148455.049704872188	3375.9094744133
3	6548	148703.968473742911	3969.5318378308
3	6563	149143.642345088358	2591.3433631863
3	6601	150808.479659725017	2784.1732992232
3	6619	151439.939090166511	2338.6093161162
3	6626	151552.740662137399	3130.8255917486
3	6653	152272.893141945885	2266.5925975889
3	6664	152684.279649253005	4054.1614301557
3	6693	153359.141562273619	1879.0235601738
3	6708	153708.318002029035	3763.8448408619
3	6720	154129.490885481149	2690.290425159
3	6724	154248.589080496952	2909.0464422293
3	6735	154458.182235723254	2662.9122473678
3	6775	155201.510328583368	2094.5998007711
3	6813	156142.289493298188	2884.6397028398
3	6827	156389.080496047842	3148.5534767993
3	6842	156788.809520938393	3120.7545662764
3	6846	156788.911394762223	2443.1089380663
3	6882	157385.888138177221	2229.4038286763
3	6891	157784.832091676607	2633.4081606008
3	6926	158421.231179265841	2114.8605717363
3	6933	158632.535573026513	3333.2049733394
3	6940	158656.336738113344	3064.0900241996
3	6979	159860.181372908981	2725.0311191753
3	6983	159913.13757612459	3759.8046938594
3	6995	160185.208743187087	3235.4324407037
3	6999	160356.967471350332	3296.6641555129
3	7011	160564.597014618066	3664.4758951331
3	7019	160937.758410460762	2288.8631134853
3	7023	161137.819877226942	2888.4407640807
3	7037	161700.016999337955	2492.9865806736
3	7051	162289.000850379644	2799.3027397245
3	7111	164434.935629487713	3162.1445884556
3	7133	164936.347033477244	2196.0711927339
3	7159	165645.514251560648	3303.2251955317
3	7174	166314.293547481096	2530.0199985411
3	7192	166795.711304822196	3330.6422554515
3	7236	167915.915459024611	3363.1706980895
3	7255	168457.151809564279	3144.4225930329
3	7266	168521.234469686526	2805.2925305892
3	7281	168617.187334370991	3006.3483829601
3	7285	169195.492750346841	2187.2063703127
3	7303	169601.493991619157	2432.9480505667
3	7314	169840.97964005982	2193.1718921755
3	7325	169907.674474079582	3251.0197635249
3	7339	170422.028989508785	3232.5081541948
3	7343	170580.095934678289	3420.555148453
3	7351	170662.077824106621	2408.537852627
3	7398	172149.186084542047	2479.7111748252
3	7413	172446.187223546696	2326.6369497031
3	7429	172787.156634691787	2891.2831666879
3	7484	174027.437295783401	2526.3428680133
3	7488	174070.74246937923	3841.6940991674
3	7512	174517.763205682127	3240.6038334779
3	7529	174977.594210249855	3108.52458337
3	7533	175005.539292237937	3532.1281758437
3	7553	175481.767980782405	3592.6454210492
3	7578	176084.462757404446	3942.0241120541
3	7587	176096.404070501432	4154.8740772033
3	7603	176688.600811972767	3468.3817352954
3	7632	177678.169687959582	3250.7763943263
3	7644	178376.013224325627	4525.9296909523
3	7652	178534.694886897927	2695.1154327672
3	7691	180097.707543561902	2974.9959157035
3	7735	181077.265432077735	3795.1352054905
3	7793	182577.41913045405	2981.1991174892
3	7797	182608.496202553617	2927.8800588101
3	7801	182633.410790873857	3749.145742273
3	7848	183546.664757462384	2921.8974696181
3	7875	183925.013322771522	2916.6436989666
3	7896	184361.12580666758	3232.5128090515
3	7925	184834.393593507097	3019.022902885
3	7933	185051.92299714032	1995.2259762618
3	7965	185350.731598256365	2201.095363298
3	7983	185910.423688287585	3275.5970516432
3	8019	186693.502507744522	3700.9740616671
3	8026	186776.042969224038	4488.8008757213
3	8038	186992.239220807998	2770.6586168468
3	8042	187111.852102292867	4001.2024891044
3	8046	187187.875286381857	2514.6570754821
3	8053	187483.80243503928	3848.0637002144
3	8107	188372.91143889259	4283.6538242762
3	8111	188477.912231009663	3699.9304145789
3	8119	188553.654920388178	4283.7272847595
3	8156	189063.135692918838	4300.8050133859
3	8184	189423.530786870716	4260.646478776
3	8197	189872.03002175896	3929.6474890377
3	8228	190527.210625628678	5198.8539944352
3	8235	190601.791799044401	4565.7527795193
3	8247	190850.301352950739	3106.7912002494
3	8271	191072.616843773262	3027.7951389424
3	8283	191500.540724468412	3378.0830512651
3	8306	191758.259526262729	4182.8717611783
3	8327	191932.552126081826	3599.2196723264
3	8331	192048.963338850992	3741.0655597277
3	8361	192801.599991020025	4532.9094924001
3	8365	192826.498900945036	5531.3925492632
3	8416	193661.184271263169	4439.7393008599
3	8430	193975.218379902391	4771.9077634711
3	8434	194024.53993074316	5148.3421126571
3	8477	194720.747629922093	4657.6664659664
3	8489	194847.168050880539	5475.3015686986
3	8496	194998.976009072901	5138.6562408362
3	8533	196316.808336840006	5853.1229728147
3	8540	196350.940278968007	6017.6657449089
3	8558	196670.389642441855	5980.4500294058
3	8562	196884.248221419962	5507.2569688828
3	8569	197036.518175066187	6631.6969081199
3	8602	197625.092629673124	5768.6448196818
3	8606	197716.696387480008	6666.7487081852
3	8622	198089.943450190797	6224.5605143666
3	8629	198217.42739279403	6007.7437383793
3	8660	198780.909773907363	5231.0454549348
3	8678	199062.974734356792	6121.3505464887
3	8705	199725.560809919822	6346.9166194645
3	8720	199913.947112836871	5686.7555986539
3	8743	200200.238977721125	7183.9819362589
3	8755	200493.006358933374	7432.6412670077
3	8764	200556.827577460768	6418.0571020798
3	8774	200887.847449245859	6829.573671447
3	8781	201027.724788434968	6470.341389686
3	8791	201281.227419959592	5010.5596988599
3	8822	201826.499654282555	5162.6047658853
3	8831	202107.604632819236	5043.7791947509
3	8838	202264.539523224343	6602.3506009425
3	8842	202617.441519718828	6300.0377355618
3	8864	202985.970520185471	5213.739802413
3	8887	203497.846812628881	6426.1783965289
3	8897	203674.058484355152	5488.3975236096
3	8906	203861.835452436466	7238.0393317844
3	8923	204201.1503341852	5730.6051466873
3	8933	204462.040301165284	6034.855333524
3	8946	204737.532822773025	5899.7905529029
3	8983	205150.951093886719	5550.7667420606
3	8987	205238.690553145694	5548.6657784687
3	9003	205529.22088376898	4969.580541015
3	9058	206703.928620204494	5174.8064344998
3	9062	206749.134269298052	5564.7972910745
3	9071	207009.108459534288	5207.0702947408
3	9090	207347.068049269469	6361.7981178603
3	9107	207790.110939644488	4167.7337058549
3	9111	207938.167025497855	3652.9568774055
3	9120	208174.220362535675	5136.2060375493
3	9143	208952.08358487554	4276.7960165847
3	9158	209092.457207175137	5590.9655173854
3	9173	209437.161281477871	4833.2969601852
3	9183	209815.875610853286	4889.0331834772
3	9198	210101.319872939025	5192.7797184625
3	9254	210969.423383359795	4934.3449144979
3	9263	211265.030613370451	5799.9639638548
3	9267	211429.258090745824	5128.0958257431
3	9296	212094.639521049501	3185.6327056703
3	9320	212485.112209950571	3912.2233611762
3	9324	212539.232508851887	3566.6403614367
3	9348	213267.013577897773	3805.6059684819
3	9366	213646.029012393372	4689.1667710767
3	9381	213935.415822395121	5107.5345467332
3	9397	214438.34293344638	4174.1709288828
3	9462	215727.518099413251	3905.9325702675
3	9478	216175.90852748111	3925.8151017987
3	9509	216690.663137311327	3854.1945512188
3	9525	217240.014479027127	3804.1247204818
3	9537	217435.118810258972	2758.3216727332
3	9560	217965.043041477651	4471.000869556
3	9586	218684.650130760091	4213.8707509559
3	9617	219309.906408298972	4413.2165883297
3	9635	219817.674920174291	3629.1043714929
3	9646	220118.889646738935	3525.9267432644
3	9678	220534.437600957441	3025.3092249269
3	9682	220591.073825673198	3202.1627864841
3	9689	220755.033366610036	2385.7853132645
3	9711	221179.589066844601	3332.9882868174
3	9758	222689.47083493203	4147.4963399628
3	9769	222964.557123795781	2570.7015370019
3	9798	223482.107067946106	3229.019370156
3	9809	223919.525385615156	4263.3679058525
3	9824	224181.712276364374	3078.3584011581
3	9858	224956.507635562145	3176.7991070542
3	9871	225672.923958342262	2926.6130031366
3	9901	226578.798962007411	3197.3921245057
3	9908	226772.860987553957	3170.2894384973
3	9915	226917.370376778757	3486.4537340496
3	9922	227060.1740871901	3674.478821028
3	9993	228131.626153073305	3455.0694031175
3	9997	228143.791911848474	3853.6624889399
3	10027	228691.667493453091	1618.8655924704
3	10031	229086.967480729366	2011.7873087461
3	10035	229122.402128432668	2199.4600401912
3	10045	229268.682978161911	2600.6640436314
3	10069	229893.43211754162	2592.2746524475
3	10077	229982.774470099039	3148.1572790374
3	10087	230310.200597002944	2687.6745100677
3	10095	230543.712925982694	3410.5325606086
3	10126	231542.409497336276	3596.3335545005
3	10130	231550.321312834808	3981.2581601561
3	10138	231877.504028976622	1583.3491725102
3	10146	232294.176757707237	2748.9703060314
3	10165	232932.817156156145	3407.147443397
3	10193	234267.081659850837	3205.7515623327
3	10239	235445.524963048292	2816.4241888002
3	10276	236085.340594487	3121.3533153757
3	10284	236181.809124424298	2184.6684374101
3	10288	236239.329798294096	2658.922711825
3	10331	236745.488231010471	2421.875916527
3	10335	236800.11703001056	2472.9163915571
3	10357	237555.141887766485	3317.8057397178
3	10361	237631.48930559844	1616.6517657135
3	10375	237927.57905867372	3407.1485462878
3	10392	238304.885581748425	2379.2733976317
3	10396	238305.363253102814	3451.1612041787
3	10425	238853.429659278842	2575.7373645179
3	10446	239309.064532758533	3999.4229245359
3	10455	239456.022474350895	3372.9974538401
3	10483	240104.116420922046	3863.9526103023
3	10487	240136.453612772527	3859.4413768953
3	10512	240650.891598303979	2301.1660499174
3	10520	240720.483155217509	4053.7188476361
3	10532	240879.971773715554	2963.0580685329
3	10542	241057.429234990629	3349.8546694742
3	10551	241362.848133299987	2915.1041752045
3	10560	241636.834164791917	2583.5426733454
3	10583	242214.974256371324	1699.7244325533
3	10591	242377.542901559081	2753.4170561191
3	10603	242819.476432236399	3644.3745489078
3	10627	243339.596954284101	2895.6260542722
3	10634	243510.491987736141	3215.2410550149
3	10660	244294.511006947887	3888.6614986702
3	10678	244848.070536251222	3182.9977658484
3	10721	245932.467243912886	2321.3429499697
3	10769	246703.806372828735	3364.9803910997
3	10777	246883.224675756721	3267.5221860968
3	10793	247255.228925332778	2067.1486376412
3	10801	247377.970360619272	3914.5111912485
3	10813	247843.903991746598	1582.6779747661
3	10829	248283.894702730986	3263.2446506247
3	10833	248633.790318592976	2237.7132458333
3	10857	250288.885488461164	4033.709329376
3	10911	252288.342575838767	2724.8228967749
3	10942	252785.29100406169	3419.9301230069
3	10967	253331.585137440339	3075.0411525741
3	10982	253783.591201586641	2992.0058902389
3	10997	253987.49506910143	3567.3682590856
3	11017	254290.533389138505	2186.8196408306
3	11025	254450.395498834792	3198.0450487789
3	11045	255343.921665216512	2739.5302698109
3	11049	255370.256199687961	2723.2211746694
3	11077	255912.011484258324	2325.1605279525
3	11081	256087.055849831528	3322.0801063508
3	11135	257708.346887201752	2061.2060322426
3	11146	258246.72219030635	3063.4570300486
3	11150	258297.27831406119	2835.8152723499
3	11157	258412.716998829754	2850.7063252386
3	11194	259568.587538850244	4155.0559230757
3	11198	259770.037344587695	2919.4217002649
3	11202	259819.986556378021	3583.2396075994
3	11243	260769.145652942289	2274.1945122834
3	11255	261133.390190753255	2762.7476028912
3	11270	261688.79650201206	2413.0038550124
3	11286	262445.517475495045	2527.5601097627
3	11302	263170.383554918171	3339.340766659
3	11324	264583.589226206821	3355.5938798189
3	11351	265745.526841860732	2015.8801271673
3	11355	265757.959384321106	2254.0429391619
3	11395	267183.665081106212	1832.1039074566
3	11412	267876.230596594598	2583.8171381411
3	11420	268059.695388695099	2646.1659223214
3	11435	268237.920921288933	2363.0609832611
3	11446	268543.499616144099	2408.0272818513
3	11450	268604.498289240953	3140.693239728
3	11473	269315.972446773286	3866.1408805305
3	11484	270017.658815163681	2472.6530206762
3	11496	270570.94966636201	2207.7829945274
3	11506	270967.862049123771	2866.4736656193
3	11538	271927.260624680254	3059.5972516481
3	11610	274054.323081869653	3123.2857665885
3	11617	274139.82586093828	2513.2997512724
3	11649	275144.152627320364	3273.3158688873
3	11653	275167.220820872474	1671.9805719238
3	11680	276396.108850870825	3245.1241931878
3	11687	276451.187806255586	3394.7098342516
3	11694	276633.76610272712	3823.2837965246
4	103	2533.96517632334	2395.3691963386
4	111	2771.609233308495	2518.8479211761
4	141	3406.732469984148	2032.5126201674
4	159	3684.709677415187	3186.3831444761
4	251	4819.369445814405	2741.9154792498
4	448	8422.753899747417	3188.9993436663
4	529	9946.672296466218	3613.3941720432
4	800	14811.439131184154	3739.4673607516
4	866	16360.349588415259	4926.7256090593
4	951	18290.727271095523	4380.6993844068
4	1016	19633.277213240648	5850.0223028594
4	1412	28569.607509950261	2669.7508054599
4	1549	31251.752336982723	2581.3399120841
4	1659	34162.724243660313	2556.4533413015
4	1771	36827.348839659087	4221.9368200542
4	1828	38314.52998122582	3162.7178453375
4	1832	38354.265137837973	3349.2484142538
4	2072	44382.049018279882	2917.5599413645
4	2257	48037.653321303194	3139.5880637504
4	2261	48043.625050265	2085.0962036569
4	2352	50008.031856981293	2636.8086206132
4	2372	50425.571750035455	2808.9096736445
4	2417	51408.593629156427	3748.1862966866
4	2551	54135.39800585732	3131.2513193578
4	2595	55135.345889917019	2499.2664176773
4	2612	55621.3281080734	3861.4649876337
4	2675	57144.804817363995	4240.6102476598
4	2721	59272.994743850034	3022.9672575463
4	2765	60594.32747947957	1813.3315529488
4	2772	60633.031366186824	2623.1822414976
4	2844	61722.115958977636	2424.5663226396
4	2974	64770.933414105851	3183.9635757018
4	3053	67297.410314006921	2677.9138568044
4	3142	69211.373837249187	2850.2299085073
4	3185	70031.005362319537	1550.7715363149
4	3205	70624.631511562361	3026.2598884664
4	3289	72515.110069394901	3215.4661642534
4	3330	73318.712666763782	2787.5507035731
4	3480	76650.614040475305	3875.5075283814
4	3618	80503.905619857707	2443.7924038153
4	3666	81633.633170772528	3343.0748872552
4	3693	82117.72754947529	2393.6964668613
4	3956	87650.823275183807	3175.3245092302
4	3960	87727.703702476923	3721.7680181314
4	4020	89211.045713561006	3753.1728674937
4	4041	89555.040318573942	3669.8935635166
4	4053	89879.013292406803	3455.4356946409
4	4174	92551.976091553574	3338.3317461351
4	4182	92721.040769680642	3438.4715190831
4	4370	98372.043839399004	2768.2176866774
4	4412	99848.918755551033	2526.0174614936
4	4416	99934.130704692461	2539.204565417
4	4527	103309.583665288961	3180.5612885021
4	4772	110047.145968949457	3191.4720526925
4	4896	112391.658602492443	2146.1031499608
4	4980	113961.856770882859	3685.1923023126
4	5092	116064.480338678241	3824.471207249
4	5203	118398.335619279324	3432.1000387748
4	5236	119548.140190755157	3021.2271650033
4	5266	120076.585698210534	2065.0589936413
4	5427	124293.035214308258	2931.4669325016
4	5454	124904.895987892893	3654.451894514
4	5530	126153.450258775318	2947.3196936119
4	5587	127312.535061352591	3345.0657483775
4	5644	128950.990817107063	3386.4303354386
4	5659	129560.915256437576	3666.2343757038
4	5721	130919.336130517084	2414.564824719
4	5799	132858.222727616342	4052.962130215
4	5820	133186.005416291724	2295.3468760941
4	5835	133372.366839877176	2657.9760641232
4	5894	134646.431385402526	4097.8256823216
4	5909	135037.234494292024	3556.7238619612
4	5924	135267.08031390703	3469.7143553717
4	5961	135782.043717221203	3296.8211670516
4	6009	136919.413901890474	3207.9483024943
4	6062	138220.335610548925	5179.5683939195
4	6091	139045.245803396064	4743.9824097668
4	6142	140247.659191706177	3936.7382680941
4	6194	141548.91172408967	3633.8204571278
4	6201	141631.508137063527	2239.8974281456
4	6234	142344.694920730858	2608.1060417555
4	6343	144568.187245763954	3876.0710879599
4	6368	144786.430140179777	2976.664144127
4	6429	146008.793761362516	2568.4916165738
4	6438	146064.90551484638	3410.9311611563
4	6597	150758.545703007841	3130.2447589673
4	6746	154554.17591049398	2168.2359634247
4	6861	156945.475384267078	2220.6230272646
4	6903	158134.958959585946	3639.6201970455
4	7107	164377.125937639138	2774.9217431713
4	7115	164515.449788385016	2261.4831962809
4	7126	164804.865528288866	2556.1809668317
4	7244	168070.912780031742	3244.1615302674
4	7492	174081.341379192873	2409.6841072943
4	7591	176276.151756412566	3757.0860790444
4	7595	176488.327671437724	4336.2594270263
4	7599	176526.347157285765	3001.1645574748
4	7615	177082.453072359054	2784.4550791656
4	7674	179412.680288288223	2266.8767418433
4	7721	180732.681089816043	2016.9399780873
4	7786	182439.070162488817	2798.9141404442
4	7841	183226.396177212702	2470.755794546
4	7871	183833.846289549232	3451.6535683441
4	7929	185039.005294967608	3327.1676701188
4	8180	189397.964081752108	4337.010413235
4	8338	192356.698383396701	4741.2785488118
4	8423	193939.627140298651	6044.3959723196
4	8500	195352.247587605118	4330.227135294
4	8690	199183.403414438474	6392.6093957287
4	8966	204958.725602027956	6125.0553930595
4	9016	205831.512926960528	5814.8076788841
4	9075	207066.838919433045	6396.1714416149
4	9243	210796.564547665583	5311.8008145927
4	9250	210958.391781993882	5423.0419765584
4	9287	211845.860523810821	4710.2112195384
4	9328	212637.516050428363	3523.2445254876
4	9439	215247.626459528432	5266.7574205041
4	9443	215309.8723997494	4528.3906210398
4	9455	215672.926964774938	4209.9710070976
4	9466	215829.077276982533	3446.683450966
4	9513	216768.264694320204	2822.6272686647
4	9564	218097.22579568273	5158.9131869877
4	9568	218244.86534041073	4219.9965871494
4	9642	219954.007833064274	4063.2645106237
4	9734	222082.090414393861	2629.863543933
4	9754	222461.884896857425	3595.4155690223
4	9773	222973.09992174076	2337.1944585789
4	9813	223924.80520980822	2709.6790760458
4	9971	227682.356493962132	3522.8501062374
4	9975	227753.523276370009	2214.5124273601
4	10161	232845.801119220897	2648.0229872838
4	10368	237773.793564958363	2445.7316062631
4	10587	242230.56703541228	4185.8812601106
4	10712	245784.449497977225	2649.677052442
4	10729	246096.905286995647	3033.0948300328
4	10761	246588.380824155065	3563.1088248733
4	10809	247650.488460906672	2806.8091601802
4	10837	248720.220946854794	2251.1097653042
4	10935	252742.695270078819	3041.9939343352
4	11021	254445.664087159536	2447.2180059001
4	11034	254832.547566045068	2781.4089865099
4	11088	256290.815567458291	2364.2039922786
4	11239	260752.368267517871	3017.5567269791
4	11282	262271.291248765178	2869.2346960199
4	11298	262724.481688384614	2127.1559308469
4	11560	272684.343825920691	2036.0102632362
4	11586	273509.901984259389	3606.9587709289
4	11590	273679.460484155789	2564.0496254526
4	11621	274270.940329832859	2780.4262417079
4	11668	275972.49149416982	1913.737534896

