version 2
run Iteration-86-20200521-09:56:24-72648
attr configname Iteration
attr datetime 20200521-09:56:24
attr experiment Iteration
attr inifile omnetpp.ini
attr iterationvars "$i=11, $j=2, $0=15-(11+2)"
attr iterationvarsf i=11,j=2,15-(11+2)-
attr measurement "$i=11, $j=2, $0=15-(11+2)"
attr network Network
attr processid 72648
attr repetition 0
attr replication #0
attr resultdir results
attr runnumber 86
attr seedset 86
itervar i 11
itervar j 2
param **.resourcePool.amount 11
param **.resourcePool1.amount 2
param **.resourcePool2.amount 15-(11+2)
param **.source.interArrivalTime exponential(6min)
param **.delay.delay uniform(4min,28min)
param **.delay1.delay uniform(10min,28min)
param **.delay2.delay uniform(4min,16min)
param **.allocate.resourceModuleName "\"Network.resourcePool\""
param **.allocate1.resourceModuleName "\"Network.resourcePool1\""
param **.allocate2.resourceModuleName "\"Network.resourcePool2\""
param **.deallocate.resourceModuleName "\"Network.resourcePool\""
param **.deallocate1.resourceModuleName "\"Network.resourcePool1\""
param **.deallocate2.resourceModuleName "\"Network.resourcePool2\""
param **.router.randomGateIndex "uniform(0, 1) > 0.2 ? 0 : 1"

vector 0 Network.allocate queueLength:vector ETV
attr interpolationmode sample-hold
attr title "queue length, vector"
vector 1 Network.allocate1 queueLength:vector ETV
attr interpolationmode sample-hold
attr title "queue length, vector"
vector 2 Network.allocate2 queueLength:vector ETV
attr interpolationmode sample-hold
attr title "queue length, vector"
vector 3 Network.sinkStat lifeTime:vector ETV
attr interpolationmode none
attr title "lifetime of arrived jobs, vector"
attr unit s
vector 4 Network.sink lifeTime:vector ETV
attr interpolationmode none
attr title "lifetime of arrived jobs, vector"
attr unit s
0	0	0	0
1	0	0	0
1	38	3279.419399286384	1
1	44	3676.701768045084	2
1	46	3720.054010184614	1
1	62	4654.786336807953	2
1	67	4845.746924489869	1
1	72	4890.823046858217	0
1	78	4935.04223338767	1
1	97	5581.325694678207	2
1	103	5684.644958493094	1
1	109	5780.753375432913	2
1	112	5821.718921706608	3
1	115	6135.977412099784	4
1	117	6143.435496105014	3
1	129	6472.580928406472	2
1	135	6570.298808875482	3
1	138	6722.810253533273	4
1	141	6881.117994774586	5
1	147	7029.562880214437	4
1	164	7458.868478783988	5
1	169	7632.342801955323	4
1	175	7917.676669666949	5
1	181	8433.60174326612	4
1	186	8703.927301238085	3
1	198	9523.746613352354	2
1	210	9757.969453264162	1
1	220	10059.407137841777	2
1	222	10131.714266272988	1
1	236	10873.675612505105	2
1	238	11327.991915358365	1
1	243	11696.83191439582	0
1	283	12670.83536556335	1
1	286	12723.035004569372	2
1	289	12801.749928470106	3
1	294	12980.203491602228	2
1	304	13287.863941157433	3
1	307	13536.041330797118	4
1	310	13571.124743061334	5
1	312	13581.282548978542	4
1	324	14052.708213212104	3
1	333	14256.865636547645	2
1	349	15158.698984551792	1
1	355	15188.442033037412	2
1	357	15194.985307077081	1
1	373	15878.488524155309	0
1	401	16701.613321073854	1
1	404	16718.288614358522	2
1	407	16888.976283698882	3
1	412	17142.268577972045	2
1	424	17464.464603227325	3
1	426	17649.774939969874	2
1	436	18097.689396145791	3
1	445	18460.648470542154	2
1	454	18772.848795730823	3
1	457	18807.880172190869	4
1	459	18817.552810702091	3
1	481	19417.307828488424	4
1	487	19633.902672536348	5
1	490	19688.632293121279	6
1	496	19711.731619909024	5
1	504	19892.267930072493	4
1	520	20317.263555149482	5
1	530	20576.904409393247	6
1	533	20664.17158097096	7
1	535	20705.956910699224	6
1	546	20922.237749120913	5
1	552	20996.443135836187	6
1	555	21063.439096011174	7
1	561	21376.926178180642	8
1	564	21564.448153906126	9
1	567	21598.912528486054	10
1	578	21780.21112112401	11
1	580	22153.508624008618	10
1	586	22155.95939729101	11
1	588	22246.930999625092	10
1	593	22794.638393877767	9
1	605	22978.312987666195	8
1	618	23206.752203355971	9
1	644	23848.250040519188	10
1	646	24372.167890288629	9
1	652	24619.070085683241	10
1	654	24632.664926470807	9
1	660	24651.908122460066	10
1	663	24812.978086275045	11
1	666	24841.151162812145	12
1	686	25362.616683017578	13
1	688	25640.388264770382	12
1	694	25749.750592515093	13
1	696	25760.966450897595	12
1	716	26269.705816446419	13
1	719	26387.732311907283	14
1	722	26431.578129255192	15
1	725	26477.459710138149	16
1	727	26552.35446894797	15
1	742	27336.428975518411	14
1	760	27982.817166999676	13
1	765	27992.809852817645	12
1	771	28189.501896249954	13
1	774	28332.469601448284	14
1	781	28487.58158058868	15
1	788	28570.308832764472	16
1	803	29178.658923515874	17
1	805	29270.41078972592	16
1	810	29333.512830904447	15
1	824	29804.436435524841	16
1	833	29918.707772760873	17
1	835	29931.794681278607	16
1	841	30090.741347263549	17
1	847	30379.687551030646	18
1	854	30645.150564819834	19
1	857	30712.969638451495	20
1	859	30719.605151973283	19
1	867	30966.891659770854	18
1	873	31047.906779899518	19
1	876	31323.900885576461	20
1	895	31975.145877115047	19
1	903	32298.523925265991	18
1	909	32413.10940652431	19
1	916	32736.604989632044	20
1	919	33033.061296972051	21
1	921	33036.179686039305	20
1	931	33275.003424774509	21
1	949	33815.811279362761	20
1	961	34296.948765658237	21
1	964	34371.739303154788	22
1	973	34617.143474071837	21
1	982	34812.284559125885	22
1	985	34812.619042676906	23
1	987	34958.812861100533	22
1	997	35096.558058590666	23
1	1000	35139.709865429688	24
1	1006	35361.51520011353	25
1	1016	35578.316401687397	26
1	1018	35717.491952571637	25
1	1024	36038.552135464424	26
1	1030	36433.980165545591	25
1	1036	36511.101570043087	26
1	1044	36999.385943794242	25
1	1053	37095.411414767378	24
1	1059	37102.088790531029	25
1	1070	37804.85986852049	24
1	1079	37884.948885499262	23
1	1089	38005.590869453688	24
1	1095	38173.047785413508	25
1	1106	38577.075378326076	26
1	1109	38738.063944018945	27
1	1115	39024.495304135588	28
1	1117	39080.276263113684	27
1	1122	39460.352985321306	26
1	1128	39716.298325349913	27
1	1151	40192.921173425428	28
1	1160	40318.64397968061	29
1	1162	40399.303324902049	28
1	1171	40534.067416642143	29
1	1176	40853.496089226328	28
1	1186	40916.808628357658	29
1	1189	41155.090218996529	30
1	1192	41169.711335721592	31
1	1206	41534.292343801581	30
1	1211	41706.234085624656	29
1	1221	41780.174207231422	30
1	1224	41900.046279941454	31
1	1230	42166.723260631179	32
1	1232	42187.421693776496	31
1	1237	42363.260965964178	32
1	1245	42427.728714436831	33
1	1251	42493.308963598302	32
1	1257	42851.432815815602	33
1	1268	43066.034289168813	34
1	1270	43295.396309932312	33
1	1281	43663.540278014489	32
1	1299	43895.887018395206	31
1	1309	44280.259630614233	32
1	1312	44285.732900648393	33
1	1315	44384.424752367807	34
1	1324	44577.832303664409	33
1	1330	44832.753165989119	34
1	1333	44891.275936311061	35
1	1342	45250.849308743218	36
1	1344	45265.433429730674	35
1	1356	45525.998380894535	34
1	1369	45923.416137063409	35
1	1372	45937.871256427345	36
1	1379	46151.359235290689	37
1	1381	46488.08560017752	36
1	1386	46793.387433876833	35
1	1399	47261.667968806503	36
1	1414	48006.078575572693	35
1	1425	48352.195284450045	34
1	1431	48475.607809157404	35
1	1434	48607.202381383391	36
1	1436	48644.580011025765	35
1	1441	48678.868251007845	36
1	1452	48888.118012103636	37
1	1455	48990.289311362346	38
1	1464	49177.08519825483	39
1	1471	49254.722335078006	40
1	1477	49433.234993836605	39
1	1482	49538.207617606586	38
1	1502	50055.025414587036	39
1	1505	50486.444613683371	40
1	1507	50511.126902329498	39
1	1513	50623.466538838885	40
1	1515	50954.440161501607	39
1	1521	51232.465300359269	40
1	1534	51832.657235844755	39
1	1539	51861.141449305779	38
1	1565	52790.570090215812	39
1	1568	52801.763572520025	40
1	1573	53030.708882848495	39
1	1582	53239.785173373247	40
1	1585	53266.12291504709	41
1	1587	53412.496400503061	40
1	1593	53587.255730699868	41
1	1596	53589.084985134223	42
1	1613	54051.383423754362	43
1	1615	54131.782895410053	42
1	1620	54160.806618363359	41
1	1626	54284.360050420847	42
1	1629	54321.447943809726	43
1	1646	54861.091574577312	44
1	1648	55156.285096130096	43
1	1656	55613.878321600698	42
1	1666	55902.696326743405	43
1	1681	56270.859945866042	42
1	1686	56383.917258483909	41
1	1692	56388.754461945027	42
1	1706	56910.705251256685	43
1	1708	56923.001097368771	42
1	1713	57112.899691797413	41
1	1726	57312.546265227923	42
1	1729	57329.743831821762	43
1	1735	57839.728557097637	44
1	1748	58337.659091824946	45
1	1751	58474.631538538511	46
1	1754	58498.234522287343	47
1	1756	58547.932813784802	46
1	1761	58565.418580313765	45
1	1767	58759.214674027701	46
1	1773	59366.938475615108	45
1	1782	59886.354006323584	44
1	1787	60133.457585734078	43
1	1826	61001.228336485564	44
1	1829	61020.564536462396	45
1	1832	61172.002787548897	46
1	1838	61408.307536400739	47
1	1840	61409.7112181127	46
1	1846	61635.343038110238	47
1	1848	61687.817842245796	46
1	1854	61872.907763535335	47
1	1866	62106.315624471374	46
1	1879	62384.124865587655	47
1	1882	62395.777413608947	48
1	1890	62515.472495586374	47
1	1899	62731.876528991955	48
1	1909	62879.280156763552	49
1	1916	63009.473318454143	50
1	1922	63472.850181504617	51
1	1924	63494.650083919607	50
1	1930	63557.639186485686	51
1	1942	63953.087341778674	50
1	1948	64304.213602449309	51
1	1951	64314.844624640623	52
1	1958	64376.367109941138	53
1	1963	64620.455060582228	52
1	1972	64745.062232563016	53
1	1975	64944.042048618337	54
1	1978	65127.189043074796	55
1	1980	65310.222742305689	54
1	1990	65392.087524212161	55
1	1998	65632.278231804022	54
1	2016	66169.403535499789	53
1	2029	66740.063298412362	52
1	2035	66813.468829421245	53
1	2038	66911.401637879398	54
1	2041	67078.082611007306	55
1	2044	67276.600903987424	56
1	2046	67410.112426736944	55
1	2051	67483.580980787748	54
1	2056	67508.599007503277	55
1	2067	68051.883811261126	54
1	2089	69061.983870670894	53
1	2098	69222.842370958903	54
1	2100	69272.906850212806	53
1	2110	69401.168989158558	54
1	2119	69569.273205301598	55
1	2122	69851.080194185463	56
1	2128	70151.798827799732	55
1	2144	70708.857741901688	56
1	2146	70925.138631034264	55
1	2152	70993.779471383144	56
1	2155	71048.850719966517	57
1	2160	71184.933098603735	56
1	2175	71327.878437376113	57
1	2182	71514.001416084589	58
1	2191	71790.743995469759	57
1	2197	71800.323488987361	58
1	2202	71831.944902175659	57
1	2217	72548.18335613198	56
1	2222	72561.240235746602	55
1	2232	72811.732390795291	56
1	2235	72824.792701616684	57
1	2241	73017.340403598657	58
1	2244	73059.193643881068	59
1	2247	73255.796779100635	60
1	2254	73358.342782861886	61
1	2266	73665.892760380724	60
1	2272	73795.680521760025	61
1	2277	73961.861591686259	60
1	2287	74421.832675018222	61
1	2290	74513.847550366074	62
1	2299	75045.944351860875	61
1	2305	75220.820136059138	62
1	2307	75253.017413078572	61
1	2317	75435.415162802726	62
1	2326	75882.081300271297	61
1	2338	76732.692658019017	60
1	2347	76802.399297449248	61
1	2350	77063.3916782135	62
1	2356	77341.789842508355	61
1	2364	77752.709560573797	60
1	2380	78306.662503052476	61
1	2385	78496.6711050827	60
1	2395	78765.792839829328	61
1	2401	78947.187643426235	60
1	2407	79014.546624604368	61
1	2413	79313.400905484068	62
1	2419	79473.428045886774	63
1	2421	79598.674655072013	62
1	2426	79614.880656360413	61
1	2443	80160.527715493514	62
1	2445	80225.048337581332	61
1	2454	80267.895773473291	62
1	2460	80497.747813863302	61
1	2466	80814.298012692854	62
1	2475	81106.270708944271	61
1	2484	81237.252708834361	60
1	2490	81298.110252539235	61
1	2500	82177.786866966258	60
1	2505	82315.978830515172	59
1	2511	82581.612856740568	60
1	2527	83211.578861645188	59
1	2533	83214.671941069488	60
1	2535	83325.856236042078	59
1	2541	83503.4481139062	60
1	2557	84073.441827476721	59
1	2565	84269.492096947129	58
1	2582	84702.240499198461	59
1	2585	84803.419352262691	60
1	2587	84888.098194098797	59
1	2593	85130.638120125386	60
1	2600	85342.57635466799	61
1	2608	85553.57807889543	60
1	2614	85982.35615839927	61
1	2616	86200.196733821881	60
1	2625	86347.391777611269	61
1	2634	86668.872732109944	60
1	2646	87027.130531587404	59
1	2655	87136.530333504015	60
1	2675	87662.759543995673	61
1	2678	87703.025354148555	62
1	2681	87837.514503394712	63
1	2684	87897.871290789707	64
1	2686	88181.834468952934	63
1	2692	88264.428638742023	64
1	2697	88383.936966762644	63
1	2703	88460.679485038087	64
1	2710	88967.07176456137	65
1	2719	89294.43309625573	64
1	2730	89417.873312274691	63
1	2739	89720.589463678912	64
1	2752	90056.814269573836	65
1	2762	90466.767542389231	66
1	2764	90478.773885471369	65
1	2770	90574.528022857642	66
1	2772	90727.628031980943	65
1	2782	90840.676754615148	66
1	2792	91239.036860570445	67
1	2797	91458.99500936232	66
1	2802	91474.124151983064	65
1	2814	91660.845209859012	66
1	2820	92033.211072512031	67
1	2822	92063.463891530032	66
1	2836	92221.285181195298	67
1	2839	92455.883613980949	68
1	2841	92652.401221825507	67
1	2850	92892.19834815673	66
1	2856	92944.880080238741	67
1	2859	92985.269038204429	68
1	2864	93326.499182165366	67
1	2885	94001.377356913452	68
1	2887	94311.262279006418	67
1	2892	94327.126732356469	66
1	2914	94709.804807796905	67
1	2917	94729.958267124526	68
1	2930	95306.957825550182	69
1	2939	95496.041235057249	70
1	2941	95588.436457085977	69
1	2950	95630.481932751292	70
1	2952	95641.232396757927	69
1	2962	96030.693823752561	70
1	2965	96338.719409736421	71
1	2967	96405.103704975541	70
1	2977	96566.755280320937	71
1	2979	96741.92348328675	70
1	2985	96793.92186814232	71
1	2988	96921.499766421128	72
1	3002	97241.134393506396	73
1	3014	97649.858064787441	74
1	3022	98013.524765623357	73
1	3028	98142.449587823011	74
1	3031	98354.815328472056	75
1	3036	98397.310839428332	74
1	3051	98789.820387288552	73
1	3060	98970.32533478401	74
1	3067	99266.773934509081	75
1	3074	99461.422472179096	76
1	3076	99630.31007134318	75
1	3087	99838.551706236553	74
1	3093	99876.246582874335	75
1	3099	99954.369416030798	76
1	3102	100066.214401342352	77
1	3115	100542.151538592529	76
1	3121	100610.136950176201	77
1	3124	100776.357617721003	78
1	3126	100782.872755918276	77
1	3139	101456.588259227196	78
1	3146	101581.069653891543	79
1	3148	101809.124699209583	78
1	3154	101921.192547370147	79
1	3156	101990.133635559675	78
1	3175	102568.016552117419	77
1	3180	102851.760063245517	76
1	3186	102916.4478937511	77
1	3196	103504.604886548498	78
1	3202	103652.570642213893	77
1	3213	103970.622468556043	76
1	3219	104040.741384672222	77
1	3229	104220.633439550366	78
1	3232	104221.588938643404	79
1	3241	104453.426788979766	78
1	3250	104538.819365411623	79
1	3278	105316.207757168198	80
1	3280	105329.402433813315	79
1	3289	105494.044716298563	80
1	3292	105681.714371414366	81
1	3295	105746.882556797942	82
1	3298	105771.481951930286	83
1	3301	105851.205993012311	84
1	3308	106059.03977796841	85
1	3311	106067.639479731772	86
1	3313	106075.321831311655	85
1	3322	106416.813155162484	86
1	3328	106578.469079707515	85
1	3334	106642.592014546719	86
1	3343	106938.988948240501	85
1	3348	107479.590447063324	84
1	3358	107558.379445578259	85
1	3364	107712.163884041423	86
1	3366	107807.887245304507	85
1	3379	108848.200337377143	84
1	3387	109081.425144755837	83
1	3396	109130.41495385786	84
1	3406	109303.994115314311	85
1	3415	109527.281847383459	86
1	3425	110206.278055263964	87
1	3431	110276.907894966267	88
1	3433	110489.953805170578	87
1	3438	110509.420335137052	86
1	3444	110777.525574601361	87
1	3447	111041.746307980541	88
1	3454	111170.905747603433	89
1	3459	111338.130730840144	88
1	3480	112001.213844343645	87
1	3485	112023.945995106128	86
1	3490	112025.358687866502	87
1	3496	112156.807390234481	88
1	3499	112243.001936683865	89
1	3516	112692.761436070082	88
1	3521	112776.003549564255	87
1	3526	112790.96818913856	88
1	3529	112952.248731522059	89
1	3532	113118.887774637296	90
1	3550	113251.989151275102	91
1	3565	113774.493852612352	92
1	3568	113825.415020291072	93
1	3575	113990.676789519661	94
1	3578	114016.695406543113	95
1	3581	114058.014925458451	96
1	3586	114264.858433783752	95
1	3591	114376.034362017734	94
1	3597	114537.087170925615	95
1	3600	114561.998549896035	96
1	3603	114675.748884954849	97
1	3622	115307.061259302077	96
1	3627	115382.878784220291	95
1	3646	115919.263254859335	96
1	3649	116067.656750004804	97
1	3656	116231.530554685171	98
1	3658	116289.347765650226	97
1	3673	116485.361051994064	98
1	3676	116717.82212204028	99
1	3679	116735.317920649341	100
1	3681	116780.191579975886	99
1	3694	116917.404413371025	100
1	3700	116985.704499320105	101
1	3703	117308.900897413212	102
1	3706	117366.574345183741	103
1	3712	117789.867447542725	102
1	3717	117900.598359582572	101
1	3730	118262.57299270426	102
1	3739	118568.097194705857	101
1	3744	119034.520330791919	100
1	3750	119176.063705627942	101
1	3753	119297.242750743586	102
1	3758	119351.478443800239	101
1	3775	119603.294520680231	102
1	3784	120178.917350976495	101
1	3792	120505.862752794846	100
1	3798	120515.455963869745	101
1	3801	120750.185430351735	102
1	3815	121119.749705553474	103
1	3824	121486.267923651416	104
1	3829	121646.535404727561	103
1	3834	121678.49639644809	102
1	3843	121797.476154843094	103
1	3852	122066.639568494856	104
1	3862	122352.908419232087	105
1	3865	122415.12888476494	106
1	3871	122517.380030541313	107
1	3878	122650.204366340245	108
1	3881	122661.144859996434	109
1	3883	122721.396489357203	108
1	3891	123184.853121519787	107
1	3900	123631.796804317487	108
1	3907	123689.57651372189	109
1	3909	123821.197364711761	108
1	3914	123853.177315148292	107
1	3927	124031.180253216419	108
1	3940	124652.832528948928	109
1	3947	124898.99044683922	110
1	3953	125150.618402474967	111
1	3955	125262.082911328971	110
1	3961	125326.781462450952	111
1	3963	125477.118907182245	110
1	3988	126593.311400096491	109
1	3994	126945.962642193167	110
1	4003	127028.879775007023	109
1	4009	127269.807524639774	110
1	4012	127407.210492490642	111
1	4019	127509.51260386407	112
1	4021	127604.694010316953	111
1	4039	128431.518626290141	110
1	4048	128644.514658288591	111
1	4058	128826.829901203162	112
1	4060	128925.537659516186	111
1	4066	129136.91239630912	112
1	4072	129349.582143503009	111
1	4078	129415.621950268186	112
1	4084	129712.067768965963	113
1	4093	129829.815739671065	114
1	4105	130329.959964140086	113
1	4113	130548.212760230154	112
1	4122	130881.242233112612	113
1	4132	131006.85439316812	112
1	4138	131017.917127264821	113
1	4141	131106.734117628712	114
1	4144	131230.287971070703	115
1	4147	131277.533798792315	116
1	4150	131300.906159693341	117
1	4160	131649.685244184836	118
1	4162	131779.514721752704	117
1	4173	132140.234662175877	116
1	4179	132150.481396797361	117
1	4182	132435.808382629123	118
1	4204	132889.104693578185	117
1	4210	132958.305526938331	118
1	4213	133013.848177014432	119
1	4223	133349.275642454058	120
1	4226	133548.929564217318	121
1	4231	133687.10301982495	120
1	4237	134012.431745514061	121
1	4243	134059.919214816684	122
1	4248	134142.572802723946	121
1	4258	134603.548609189241	122
1	4260	134715.65709016542	121
1	4273	135052.9185853362	122
1	4275	135066.257126051562	121
1	4291	135428.070173647481	122
1	4306	135725.985271336794	123
1	4308	135764.452450082405	122
1	4320	135822.442108457538	121
1	4326	135845.369558081203	122
1	4329	136125.537646791564	123
1	4343	136384.258895262857	124
1	4349	136556.242442328798	125
1	4351	136595.124508852838	124
1	4357	136618.946388507061	125
1	4362	136750.454820096123	124
1	4368	136755.815700470476	125
1	4371	136922.959091113275	126
1	4374	136953.147819480508	127
1	4381	137219.143544823493	128
1	4384	137402.857820268667	129
1	4396	137901.995954115643	128
1	4402	137905.953980081027	129
1	4407	138108.266164073351	128
1	4423	138537.299154981357	129
1	4426	138584.187776889757	130
1	4433	139136.557209866136	131
1	4435	139149.443126618493	130
1	4441	139319.421299324685	131
1	4443	139395.397427913501	130
1	4459	139928.630095757175	129
1	4464	140081.46471379581	128
1	4479	140532.531649982188	127
1	4498	141237.452945320635	126
1	4504	141250.768427816918	127
1	4510	141491.234166026027	128
1	4520	141980.183466988494	129
1	4525	142089.87188932449	128
1	4534	142197.965808051529	129
1	4537	142568.655335901003	130
1	4540	142600.452512575264	131
1	4546	142675.739467863693	130
1	4555	142913.92233512478	131
1	4558	142954.991078492894	132
1	4567	143289.221180667732	131
1	4573	143331.401845383004	132
1	4576	143375.685330003283	133
1	4578	143405.123679072364	132
1	4591	143727.671802459616	133
1	4600	144299.316155726789	132
1	4609	144468.683628688854	133
1	4612	144515.697489415725	134
1	4621	144748.778144819293	133
1	4631	145082.157652313553	134
1	4637	145805.076950137677	135
1	4639	145979.066035377561	134
1	4644	145985.245790453259	133
1	4659	146328.89691151552	134
1	4662	146334.784088531378	135
1	4672	146567.807375818288	136
1	4678	146751.977721033249	135
1	4684	146803.728483909887	136
1	4693	147461.837735939402	135
1	4698	147514.602120204597	134
1	4704	147902.091191254953	135
1	4715	148655.501163996191	136
1	4723	149031.279691348552	135
1	4728	149141.809086678181	134
1	4744	149426.313214247787	135
1	4750	149804.52308615807	136
1	4757	149961.657396529563	137
1	4760	150224.249612188086	138
1	4765	150374.55636084336	137
1	4771	150492.195404579394	138
1	4779	150734.649693462629	137
1	4788	150821.167779373203	138
1	4794	151033.290899881644	139
1	4797	151043.234122462384	140
1	4807	151300.327851737618	139
1	4813	151347.732913139597	140
1	4816	151425.716924942246	141
1	4834	152220.571038781434	140
1	4839	152410.190734294806	139
1	4845	152568.162842871211	140
1	4852	152917.578204593423	141
1	4868	153145.415342743529	142
1	4870	153277.969968327884	141
1	4876	153590.672775984295	142
1	4879	153607.975662899604	143
1	4881	153746.037456591382	142
1	4887	153868.002550830743	143
1	4898	154231.8509660369	144
1	4900	154569.594784611468	143
1	4912	155169.977305794835	142
1	4917	155491.986715532471	141
1	4930	156110.315605125159	140
1	4939	156505.075049101705	141
1	4941	156597.964115421851	140
1	4949	156714.210716265023	139
1	4959	156785.836564636922	140
1	4962	156944.866034306419	141
1	4975	157683.069385693178	140
1	4983	158140.121792526548	139
1	4992	158291.480421342656	138
1	5004	158787.765245381375	137
1	5010	158817.76741749977	138
1	5023	158875.255587852807	139
1	5026	158898.053467147309	140
1	5032	159252.956500289757	141
1	5044	159887.453345929042	140
1	5049	160126.498435446625	139
1	5065	160427.089661326263	140
1	5068	160526.199237392545	141
1	5071	160596.57561119303	142
1	5073	160989.992827179611	141
1	5079	161014.659799653567	142
1	5086	161084.666878693754	143
1	5089	161413.55586770277	144
1	5091	161517.438997989153	143
1	5113	162044.018249756426	142
1	5119	162616.780911496294	143
1	5126	162807.200732690945	144
1	5128	162956.793256895249	143
1	5137	163338.575177161935	144
1	5143	163694.210969771028	143
1	5152	164097.367217521747	142
1	5161	164362.742081699783	143
1	5167	164998.205640854879	144
1	5176	165258.406571999893	143
1	5181	165308.306764345249	142
1	5190	165627.585734783016	143
1	5203	166036.403570632575	144
1	5228	166253.478735573487	145
1	5231	166422.849510631655	146
1	5233	166710.394327379396	145
1	5239	166731.991748956983	146
1	5250	166874.199138379425	145
1	5256	167021.652519510725	146
1	5259	167042.713897569554	147
1	5266	167165.650752802612	148
1	5269	167180.020192381758	149
1	5272	167519.747628925639	150
1	5279	167601.786389365065	151
1	5281	167726.957667646563	150
1	5290	168000.846305938355	151
1	5293	168104.80209208641	152
1	5300	168349.700401334841	153
1	5302	168525.608974604637	152
1	5308	168743.183026288336	153
1	5310	169097.486793174973	152
1	5319	169352.842736041874	151
1	5334	169784.675149721658	150
1	5343	170129.344240176767	151
1	5353	170603.449572361639	150
1	5364	170778.625233418078	149
1	5383	171062.379299924035	150
1	5386	171182.104626927162	151
1	5393	171234.02533677442	152
1	5396	171243.7960302519	153
1	5399	171351.883368480635	154
1	5401	171476.778478314733	153
1	5410	171719.672056175257	154
1	5416	172005.439456223436	155
1	5422	172086.867821666182	154
1	5431	172305.573122994812	155
1	5441	172551.819667669045	156
1	5446	172801.300319314704	155
1	5451	173099.044105289137	154
1	5457	173170.623182281116	155
1	5460	173366.14806434005	156
1	5467	173911.74049877192	157
1	5476	174145.227554079846	156
1	5481	174179.575536278641	155
1	5501	174843.358561337909	156
1	5506	175262.355950995913	155
1	5515	175574.537282546912	156
1	5517	175810.791718077615	155
1	5523	175989.072546033824	156
1	5530	176128.259868217906	157
1	5542	176728.957804767048	156
1	5551	176973.525338339052	157
1	5554	176982.274247503778	158
1	5556	177049.038141027794	157
1	5565	177324.431961426404	158
1	5574	177422.70921386309	159
1	5588	178097.027578453303	160
1	5590	178109.977511595568	159
1	5596	178170.802193811437	160
1	5598	178238.802135589302	159
1	5607	178794.676917868374	160
1	5613	178821.220061750716	159
1	5630	179256.483492600353	160
1	5632	179267.266393502012	159
1	5638	179331.659623321294	160
1	5644	180096.564128482348	159
1	5650	180299.73370498556	160
1	5655	180529.578318086222	159
1	5664	180855.810820543772	158
1	5681	181872.804330089186	159
1	5683	181914.815193752528	158
1	5692	182021.046427401956	159
1	5694	182319.141149865097	158
1	5714	183152.07118650629	159
1	5720	183260.228269177223	160
1	5725	183453.723260573677	159
1	5730	183465.610505810709	158
1	5736	183552.098036478012	159
1	5747	184383.032006512594	160
1	5750	184394.476182724591	161
1	5752	184580.413864164383	160
1	5770	185011.818139003224	159
1	5775	185376.645104664148	158
1	5781	185400.589025941873	159
1	5784	185556.295178710674	160
1	5797	186320.181918882535	159
1	5802	186346.825150325529	158
1	5808	186448.424448163953	159
1	5822	187044.606559708165	160
1	5827	187130.834929628999	159
1	5843	187598.381957206084	160
1	5845	187685.716271288328	159
1	5851	188134.663019802742	160
1	5857	188556.113732795001	159
1	5866	188645.377416228919	160
1	5872	188779.759229137251	161
1	5874	189096.873396625377	160
1	5880	189096.909013830778	161
1	5886	189452.642929575176	160
1	5896	189765.599774140002	161
1	5901	189924.315860913701	160
1	5910	190254.832366986902	159
1	5922	190667.423775344722	158
1	5935	191092.950772641694	159
1	5947	191490.265138179766	158
1	5953	191548.96713071488	159
1	5959	192017.306151238026	160
1	5966	192097.767896888116	161
1	5968	192217.608191500984	160
1	5974	192675.925668604345	161
1	5981	192815.500487452431	162
1	5992	193095.665110557111	161
1	6000	193193.826218265675	160
1	6006	193351.271934940567	161
1	6016	193794.738601285785	162
1	6018	193867.59748127275	161
1	6031	194378.467903909258	162
1	6034	194561.455754499374	163
1	6036	194683.311702816518	162
1	6042	194687.626453537062	163
1	6045	194739.278985309907	164
1	6054	194909.004221288123	163
1	6067	195553.392757912877	164
1	6074	195823.758793817261	165
1	6088	196166.752030113348	164
1	6094	196228.812527287269	165
1	6096	196292.935771423163	164
1	6108	196652.648756725683	165
1	6111	196835.511687051226	166
1	6124	197032.150636159586	165
1	6142	197600.406054648559	166
1	6152	197684.626952918512	167
1	6154	197728.285376112544	166
1	6159	197737.269769769864	165
1	6165	197858.009941282516	166
1	6171	197890.412392245457	167
1	6174	198115.538720590015	168
1	6177	198141.274257401484	169
1	6188	198273.370463211149	170
1	6194	198296.885631738469	171
1	6197	198342.560388990238	172
1	6199	198407.676597069585	171
1	6205	198551.111070171265	172
1	6214	198932.48616107996	171
1	6220	198948.224055232963	172
1	6232	199515.654955226564	171
1	6241	199820.709026298807	172
1	6244	199892.605988080013	173
1	6246	199899.805876373084	172
1	6255	200135.424142130239	173
1	6262	200312.212641615664	174
1	6268	200604.94578549602	173
1	6273	200621.568324708151	172
1	6285	200883.859955249743	173
1	6294	201377.796048785331	172
1	6310	201889.813241133901	173
1	6316	202067.514798035481	172
1	6322	202070.889524812581	173
1	6334	202249.375667344589	174
1	6336	202534.21721047047	173
1	6342	202645.875140035243	174
1	6353	202894.624776672676	175
1	6355	203055.531275188186	174
1	6367	203344.348710387839	175
1	6370	203386.34435217691	176
1	6376	203578.12048704407	177
1	6378	203603.490151430251	176
1	6387	203848.813651127433	177
1	6394	204007.94374518012	178
1	6397	204117.506156451481	179
1	6402	204225.78502126933	178
1	6411	204587.784075096952	177
1	6423	204875.310642659006	178
1	6426	204945.255728921535	179
1	6432	205110.62677968257	178
1	6441	205190.934696338585	179
1	6448	205605.586789790074	180
1	6454	205630.136878930735	179
1	6460	205731.138217589851	180
1	6462	205764.400387880959	179
1	6490	206835.207219759705	178
1	6499	207117.55125136497	179
1	6505	207331.932435896722	180
1	6508	207369.345165605417	181
1	6517	207439.113434813552	180
1	6523	207460.411415038517	181
1	6529	207754.919900777014	182
1	6535	207891.430380377994	183
1	6542	208202.009373107532	184
1	6545	208213.007250307436	185
1	6550	208398.27886560257	184
1	6555	208573.173623941474	183
1	6564	208614.435222541263	184
1	6576	208821.236760961057	185
1	6583	209013.433888462873	186
1	6593	209276.86883800382	187
1	6596	209303.005913645594	188
1	6599	209651.149589920204	189
1	6604	209771.288551253038	188
1	6610	209977.897109355682	189
1	6619	210150.078544178613	188
1	6628	210234.757811206167	189
1	6631	210273.2640743401	190
1	6637	210553.637908493632	191
1	6639	210601.52537701908	190
1	6645	210786.242256747022	191
1	6658	211000.173952483977	192
1	6664	211224.522704071932	191
1	6669	211292.572573528397	190
1	6685	211935.643638260298	189
1	6691	212345.918943398543	190
1	6694	212426.469322409373	191
1	6697	212496.2247338155	192
1	6699	212604.609623190719	191
1	6708	213037.212247438364	190
1	6730	214012.929493247304	189
1	6739	214050.809759810868	190
1	6745	214283.334836743321	191
1	6751	214563.900193776571	190
1	6760	214631.900326497288	191
1	6763	214639.465556050947	192
1	6769	214920.137145357563	193
1	6775	215217.131139696561	194
1	6784	215371.092775317613	193
1	6793	215489.523238916218	194
1	6799	215926.529436061435	195
1	6805	216068.131488887229	194
1	6813	216086.419344509725	193
1	6822	216236.619790239581	194
1	6829	216543.48553178223	195
1	6839	216750.103294465667	196
1	6841	216849.45421407256	195
1	6852	217144.720827750498	194
1	6864	217302.958307915297	195
1	6870	217439.5964547818	196
1	6879	217670.674864929103	197
1	6886	217700.345927647159	198
1	6893	217990.14596460074	199
1	6896	218057.835706082811	200
1	6899	218198.51765941197	201
1	6902	218312.729901770468	202
1	6904	218380.325441633125	201
1	6909	218480.611776392543	200
1	6921	218692.690962771958	201
1	6928	218857.69536001752	202
1	6938	219116.386466913397	203
1	6940	219130.988759158884	202
1	6949	219199.554288642149	203
1	6959	219408.853270910839	204
1	6964	219566.908470568815	203
1	6973	219837.458269522481	204
1	6979	220175.381135083372	203
1	6985	220216.718705456482	204
1	6991	220374.618247221575	205
1	6996	220519.553236721788	204
1	7002	220668.480839542985	205
1	7007	221039.679404794807	204
1	7021	221143.833329040148	205
1	7030	221254.216383525215	206
1	7032	221522.791661333997	205
1	7042	221689.243635385333	206
1	7048	221970.772499978392	207
1	7050	222122.654331382001	206
1	7060	222298.465233952876	207
1	7062	222432.58882728662	206
1	7068	222792.923098422381	207
1	7077	223150.074823079268	206
1	7090	223459.985690315027	205
1	7111	224004.590957155089	204
1	7116	224232.293874847476	203
1	7126	224295.399734286695	204
1	7132	224637.31535019735	205
1	7135	224719.044964142817	206
1	7137	224777.417650995414	205
1	7147	224887.003135509207	206
1	7150	224971.437179201713	207
1	7153	225429.138854477589	208
1	7162	225581.576974624406	207
1	7167	225656.452708982636	206
1	7173	225909.573861531484	207
1	7192	226777.75529053319	206
1	7198	226781.24445581295	207
1	7206	227071.757994657021	206
1	7216	227276.660667587782	207
1	7221	227479.946984530201	206
1	7227	227634.388683375955	207
1	7232	227675.765480966877	206
1	7242	228066.91619647941	207
1	7244	228118.989964772722	206
1	7257	228266.674588248101	207
1	7260	228288.017013493986	208
1	7267	228773.902685194795	209
1	7269	228985.281836948927	208
1	7282	229074.656958624661	209
1	7288	229269.910038311741	208
1	7304	229813.963692100873	209
1	7306	229900.889775547768	208
1	7312	230078.057522261384	209
1	7321	230383.293245225878	210
1	7327	230851.913524738288	209
1	7333	230961.780932356741	210
1	7335	231501.717841773863	209
1	7345	231936.258577067072	210
1	7354	232430.349087950549	209
1	7359	232556.986382985125	208
1	7375	233395.865278525985	207
1	7389	233553.558304328109	206
1	7399	233759.865712957633	207
1	7402	233768.592012687599	208
1	7408	234227.659457294593	209
1	7410	234229.794166090674	208
1	7419	234392.698565799465	209
1	7425	234473.141749929274	208
1	7431	234490.004664509373	209
1	7438	234758.030843351014	210
1	7444	234827.054943754236	211
1	7450	235255.834248736138	210
1	7455	235555.729925569854	209
1	7467	235956.186434505145	208
1	7484	236404.312274138326	209
1	7486	236740.035123045332	208
1	7492	236858.488028887253	209
1	7498	237299.400718066253	210
1	7513	237634.330072868253	209
1	7531	238113.966086388341	208
1	7537	238323.529689155039	209
1	7539	238376.718834088753	208
1	7555	238442.402584895683	209
1	7558	238455.854761722869	210
1	7561	238550.411391431461	211
1	7564	238714.654945303095	212
1	7567	238821.278391084066	213
1	7582	239125.085061697996	212
1	7588	239177.946079975833	213
1	7591	239249.665708569299	214
1	7594	239345.820806662509	215
1	7601	239751.919287742501	216
1	7603	239948.274535576588	215
1	7608	240041.753449057798	214
1	7617	240245.217406231565	215
1	7620	240265.876845438905	216
1	7630	240749.861935041483	215
1	7635	240821.324764958358	214
1	7647	241266.442129728175	215
1	7654	241592.240603378196	216
1	7666	241776.60713996702	215
1	7672	241907.178962062603	216
1	7675	242018.925921978872	217
1	7681	242244.415554695538	216
1	7686	242570.235795257251	215
1	7696	242626.098985366995	216
1	7701	242987.529113835431	215
1	7716	243450.281802927713	214
1	7722	243466.29469964125	215
1	7729	243638.892419649764	216
1	7739	244171.362241118672	217
1	7742	244188.760788447562	218
1	7744	244298.154833393879	217
1	7760	244658.843700674176	218
1	7762	245086.569619234289	217
1	7775	245507.338171792018	218
1	7777	245579.041801814698	217
1	7786	245677.551197692719	218
1	7801	246454.258576727249	217
1	7806	246572.173362243558	216
1	7812	246573.245067823447	217
1	7825	247198.483345441447	218
1	7827	247210.19325924363	217
1	7833	247212.020225216867	218
1	7839	247296.128521225984	217
1	7848	247579.772100423528	218
1	7851	247688.287175756524	219
1	7862	247884.716686136139	220
1	7864	247944.871576847146	219
1	7875	248736.228856474869	218
1	7881	248754.805390043922	219
1	7888	248979.447396203719	220
1	7894	249033.121286907833	221
1	7896	249089.241133965189	220
1	7912	250404.787186740674	219
1	7921	250500.360312292384	220
1	7924	250507.05931460641	221
1	7926	250566.590123166899	220
1	7935	251049.995112673156	219
1	7948	251332.818945955981	220
1	7960	251753.702207700918	219
1	7966	251920.908612846608	220
1	7969	252068.318210097435	221
1	7975	252230.619794253968	220
1	7985	252852.316496085332	221
1	7987	252966.081562647233	220
1	8002	253481.503820654713	219
1	8008	253558.105694193516	220
1	8011	253660.84668801837	221
1	8017	254038.606900469968	220
1	8025	254814.304318598249	219
1	8030	254815.763778779292	218
1	8053	255420.701963650648	219
1	8055	255629.02577959896	218
1	8068	256005.352097857635	219
1	8078	256155.721433760567	220
1	8083	256325.205711042145	219
1	8089	256399.580883344744	220
1	8091	256440.749639759549	219
1	8107	256828.175086264196	220
1	8110	257046.291205543071	221
1	8116	257113.625002111876	220
1	8125	257405.642037283779	221
1	8128	257417.180265225776	222
1	8133	257631.575509470665	221
1	8142	257764.302789518817	222
1	8148	257991.368636306787	223
1	8168	258630.314933799623	224
1	8170	258664.950990732396	223
1	8179	258731.320503456945	224
1	8182	258857.737800462567	225
1	8185	259080.025695013225	226
1	8188	259081.722805827944	227
1	8191	259097.332874116607	228
1	8193	259224.768836631217	227
1	8202	259355.953878256435	228
1	8212	260245.671639367575	227
1	8221	260262.814173977714	228
1	8223	260476.151068939605	227
1	8235	260893.444857240248	228
1	8254	261630.087374345968	227
1	8262	261801.283887441048	226
1	8268	261889.997904831307	227
1	8271	261949.826183677254	228
1	8274	261975.948263315391	229
1	8280	262045.262760552014	230
1	8289	262253.988961567512	231
1	8304	262532.594966529245	232
1	8307	262561.496335058922	233
1	8314	262679.065581398185	234
1	8327	262891.835104039512	235
1	8330	262906.653422692226	236
1	8332	263027.028448509762	235
1	8337	263044.459163145731	234
1	8343	263086.120897474057	235
1	8346	263141.345778335524	236
1	8362	263763.871729522164	237
1	8369	263870.284246767141	238
1	8372	263944.291403753834	239
1	8375	263980.950826931792	240
1	8377	264228.410055813949	239
1	8383	264254.977972583078	240
1	8388	264435.141815964842	239
1	8394	264662.161414094556	240
1	8396	264933.214939972024	239
1	8409	265016.460357049443	240
1	8412	265205.079331522719	241
1	8424	265776.974850662762	240
1	8434	265879.074871996169	241
1	8436	265938.944654883455	240
1	8452	266241.466926549633	241
1	8458	266354.287092622726	242
1	8463	266539.855588593298	241
1	8479	267069.730700887378	240
1	8490	267145.561397515946	239
1	8503	267409.676279616795	240
1	8510	267596.854087834953	241
1	8513	267605.98742952819	242
1	8516	267658.733341181901	243
1	8518	267702.623315928142	242
1	8523	267822.149339823761	241
1	8541	268110.099579126708	242
1	8555	268294.283996010605	243
1	8564	268538.558882181803	244
1	8567	268856.938432664107	245
1	8569	268868.147200078481	244
1	8575	268900.788089423187	245
1	8578	268936.019862087399	246
1	8581	268956.924280616785	247
1	8583	269203.641229504358	246
1	8593	269353.71289472054	247
1	8599	269629.122149774131	248
1	8602	269745.738624076938	249
1	8614	269911.444856701057	248
1	8629	270351.217836982348	247
1	8638	270842.938687574669	248
1	8641	270914.584594288634	249
1	8647	271008.010250299043	250
1	8650	271210.912399411636	251
1	8652	271261.578591698419	250
1	8658	271277.964594758671	251
1	8664	271282.264113859474	252
1	8678	271682.839252172732	253
1	8680	271752.073623605781	252
1	8689	272504.655318374523	251
1	8695	272588.135995770369	252
1	8697	272687.339453203242	251
1	8706	272761.196754880583	252
1	8725	273980.318246765771	251
1	8731	274002.743281908136	252
1	8736	274233.530706045788	251
1	8742	274254.026041470421	252
1	8745	274363.531523045442	253
1	8748	274698.581398347579	254
1	8751	274705.62037849766	255
1	8761	275093.668101373699	254
1	8766	275256.56034297567	253
1	8785	275583.422728726802	254
1	8795	276081.345718933527	255
1	8807	276599.763784046714	256
1	8810	276645.289595502507	257
1	8812	276755.610379213106	256
1	8817	276861.485380542243	255
1	8823	277045.46287585022	256
2	0	0	0
2	595	22794.638393877767	1
2	600	22955.979823916768	0
2	607	22978.312987666195	1
2	609	22991.460806320183	0
2	1072	37804.85986852049	1
2	1074	37829.851878238461	0
2	1081	37884.948885499262	1
2	1083	37963.687216884219	0
2	1213	41706.234085624656	1
2	1215	41757.245766020142	0
2	1234	42187.421693776496	1
2	1239	42403.084697297537	0
2	1438	48644.580011025765	1
2	1446	48807.185753213936	0
2	1789	60133.457585734078	1
2	1794	60303.144451251948	0
2	2053	67483.580980787748	1
2	2058	67511.732752167383	0
2	2224	72561.240235746602	1
2	2226	72725.13731476813	0
2	2428	79614.880656360413	1
2	2433	79867.387442554112	0
2	2824	92063.463891530032	1
2	2826	92107.423813938717	0
2	2866	93326.499182165366	1
2	2868	93400.423935170051	0
2	3487	112023.945995106128	1
2	3501	112249.881448189495	0
2	3523	112776.003549564255	1
2	3537	113149.753465189365	0
2	3760	119351.478443800239	1
2	3762	119354.757641171663	0
2	3916	123853.177315148292	1
2	3921	123911.154359777225	0
2	4951	156714.210716265023	1
2	4953	156775.01032881695	0
2	7009	221039.679404794807	1
2	7011	221092.201041991596	0
2	7234	227675.765480966877	1
2	7236	227895.707521410298	0
2	7246	228118.989964772722	1
2	7251	228252.004665871721	0
2	8032	254815.763778779292	1
2	8034	254881.084429220865	0
2	8398	264933.214939972024	1
2	8400	264942.854316876839	0
3	28	2607.921961592404	2526.4152396284
3	59	4133.398276822774	2261.955053173
3	101	5675.910895675553	3239.1008399552
3	127	6413.969788276385	3096.9743909783
3	145	7000.380156872927	4170.8503848402
3	154	7098.595163854564	2980.1465883479
3	161	7385.677779302134	3370.9635750598
3	179	8121.455170162748	3022.5458619681
3	205	9563.024805052931	4779.362857718
3	217	9977.896551503594	4527.1336371266
3	229	10323.383289858833	5055.2751073215
3	233	10523.479131082799	4280.2453045233
3	262	12095.350305525721	4971.5868406263
3	280	12619.954510987531	5013.6621741712
3	301	13170.748089258354	3521.8222480726
3	319	13830.794080685959	4641.7157206492
3	331	14199.356008413796	2189.1604774352
3	340	14448.963684657724	2458.5861586877
3	347	15093.836335884025	3317.705424677
3	371	15874.467021742971	3765.859817459
3	394	16442.417831769349	4100.3842543698
3	398	16508.706972030541	3644.0627869965
3	433	18050.11237609162	4049.3551906922
3	494	19690.23091426081	3505.7254775865
3	514	20218.756249472117	3219.1189616051
3	524	20450.608343456633	4075.9707916725
3	612	22991.460806320183	3849.1840209738
3	622	23299.186834062211	3952.3665465428
3	641	23749.034625030672	4990.7351099252
3	670	24904.270768249026	5331.5008438696
3	703	26000.201555586182	6908.9227606934
3	737	26915.676598104411	7104.8262765061
3	752	27627.744033801919	6863.815478074
3	778	28375.715658564814	8108.9726265931
3	785	28557.337335506072	7660.8140367423
3	817	29742.600092201256	8478.2516865451
3	821	29745.56362676396	9229.6340687502
3	851	30502.997331274292	7627.9320234825
3	880	31482.514459117865	8047.9865897579
3	893	31769.949097906001	8298.9242897347
3	913	32517.185838613278	9398.8754032263
3	928	33218.46477270382	9786.0412872338
3	944	33487.39919014237	9863.9019613918
3	968	34545.758968203091	10806.049468058
3	994	35070.934062264479	10059.604037262
3	1010	35426.58564211125	10339.993010311
3	1028	36258.474537487692	10946.918582291
3	1077	37829.851878238461	11656.219635549
3	1086	37963.687216884219	11241.509537298
3	1099	38552.092494855397	11570.543611713
3	1103	38555.910087907306	11014.30957221
3	1144	40026.916871517516	12230.976281263
3	1148	40054.557410741918	12258.756940619
3	1183	40891.731297904244	12177.788316046
3	1242	42403.084697297537	12519.552743387
3	1249	42459.919741566055	13633.744770884
3	1261	42859.571678696894	13710.930109209
3	1265	43045.182077688715	12723.477270214
3	1306	44273.656830296614	14451.118389742
3	1319	44442.414944721004	12739.521053505
3	1351	45440.218763186358	13919.704902105
3	1376	46062.131298224204	14451.616109534
3	1396	47161.806397254341	13049.637242426
3	1406	47589.65504596903	14126.668403966
3	1449	48807.185753213936	15471.417755112
3	1468	49241.929241651288	15663.896929611
3	1475	49290.157716854238	15811.086083976
3	1499	49861.821757722264	15262.647667455
3	1525	51323.737368679368	16175.286221603
3	1529	51361.340539166322	16727.365796153
3	1546	52106.236859708643	15326.432161187
3	1556	52199.504923562282	16697.149109035
3	1607	53998.456814614675	16346.178883948
3	1643	54826.295213729837	17053.395659815
3	1663	55827.674373800629	16863.105661658
3	1679	56172.864978713535	18089.040872089
3	1696	56545.799413866126	16740.561839585
3	1742	57941.529335658617	17717.813249368
3	1771	59191.516452235722	18760.742109845
3	1780	59507.345495338315	19749.039513183
3	1797	60303.144451251948	19747.279555716
3	1801	60334.289415049919	20103.112320742
3	1903	62823.094961046793	20663.666103717
3	1940	63946.990733118348	20213.884259127
3	1955	64344.39150315965	20771.359088583
3	1987	65371.301070823886	21500.69736492
3	2005	65698.175783427053	22149.948449049
3	2023	66327.444541205415	22457.388822196
3	2027	66705.016718338795	21720.064116177
3	2061	67511.732752167383	23008.623742192
3	2065	67759.69377915337	22635.256704014
3	2084	68298.686499166855	22509.08760897
3	2107	69313.797933359394	22240.700897071
3	2126	70045.440048528456	22404.801124135
3	2179	71443.289607576647	23237.172196429
3	2189	71635.677395735631	23792.864424161
3	2212	72171.931662068466	23441.349929899
3	2229	72725.13731476813	24714.348804161
3	2251	73355.342419324065	23753.511626203
3	2258	73430.129152834037	24284.638093773
3	2284	74331.142475362489	25172.895693671
3	2314	75303.751057395333	23541.800956075
3	2321	75734.906105755593	23592.585236028
3	2371	77846.446861698845	24781.834594909
3	2392	78526.399171010356	26044.98165958
3	2399	78903.754839561502	26433.918381794
3	2436	79867.387442554112	25915.197867519
3	2440	80104.814661927143	26099.231902745
3	2458	80312.004899888064	25946.22512395
3	2482	81144.147957267936	25582.079764591
3	2494	81739.550048485021	25625.772822769
3	2498	82171.838465102713	26242.317070982
3	2515	82599.509665111776	25886.599086709
3	2551	83764.53846618789	25854.013426904
3	2555	84001.409365767236	26054.893025517
3	2572	84325.054156028431	26490.01078197
3	2576	84608.994048190857	27370.09781086
3	2597	85147.009106914278	24565.793385864
3	2629	86439.777762870858	25668.494200007
3	2641	86723.043209773255	26501.347847895
3	2672	87598.645207639406	26670.240612935
3	2717	89013.448244531405	28288.345980824
3	2749	89842.824292259988	27384.919333514
3	2756	90075.41871653832	29275.078022921
3	2789	91031.42305358569	29093.61824229
3	2829	92107.423813938717	29930.383005917
3	2848	92662.316182758282	29079.040045105
3	2871	93400.423935170051	30677.055201404
3	2878	93608.245131037752	30730.622990018
3	2882	93963.935804947045	30823.162305315
3	2911	94621.211688946555	30087.334365773
3	2924	94850.557586814042	30223.415949697
3	2959	95948.898243680219	30484.498046571
3	2974	96562.725361271527	32674.132943496
3	2999	97153.7178063482	31260.681569722
3	3043	98484.994395756718	32367.425641606
3	3064	99131.991790290546	30865.544539468
3	3071	99279.228925223228	33387.517983505
3	3143	101512.454838715118	33237.062911321
3	3173	102552.99772172491	33079.586907379
3	3193	103292.346361552131	32906.0243204
3	3200	103613.471531383318	32359.835766921
3	3226	104157.891987915707	32962.316327437
3	3236	104267.545884570804	33088.889481842
3	3257	104707.056014826146	33403.651447719
3	3305	105897.776325599056	33730.993611108
3	3326	106525.429554916543	34963.637782232
3	3341	106879.02441107924	34502.030501485
3	3373	107897.374532709596	34414.556771039
3	3377	108583.927086740357	34934.422339073
3	3400	109188.804793704999	36332.661205888
3	3466	111359.418585684849	36362.179544035
3	3504	112249.881448189495	35455.135642721
3	3511	112567.638576514644	36654.975908369
3	3540	113149.753465189365	34961.136208591
3	3544	113162.338075007079	35428.63060057
3	3572	113900.938989448128	35645.559117018
3	3613	114957.290326188875	35808.220726273
3	3643	115841.586825456096	36187.219149909
3	3653	116199.407905510393	36787.369098376
3	3710	117417.784722645534	37174.972522909
3	3727	118171.856889280258	35293.3326082
3	3734	118398.871585866063	35547.230126806
3	3765	119354.757641171663	35701.079181222
3	3779	119854.512336151301	36225.560648909
3	3808	120781.192726790532	36143.169194683
3	3812	120970.044453165261	35592.960153786
3	3875	122620.932675916328	36053.912205372
3	3904	123656.76932644993	36576.558300376
3	3937	124238.428944972902	37968.039058045
3	3944	124858.121348258806	38082.572207603
3	3970	125716.841532559693	38416.910283425
3	3977	125849.458309563576	38651.889222282
3	3998	126951.164727192	38634.584100955
3	4016	127426.918586038752	38119.938353362
3	4037	128109.764416757598	38350.619652661
3	4052	128788.293877190678	39783.501665773
3	4070	129268.354478282482	39529.148134838
3	4100	129945.241268335609	40607.332767665
3	4126	130893.374972799421	41312.390910143
3	4130	130986.489014460473	40823.340792551
3	4154	131310.237920324086	40369.59458145
3	4189	132624.060042363359	41228.743552384
3	4196	132684.278779150546	41068.535635219
3	4255	134145.377884975402	42440.130908983
3	4282	135269.249739286257	40862.658808422
3	4318	135806.478569935637	42552.281484374
3	4333	136131.117048368557	41335.905659399
3	4340	136302.878475980463	41774.945010934
3	4378	136999.941162991105	42400.579180095
3	4388	137530.055373459685	43052.782248685
3	4420	138513.371916518315	42904.353430381
3	4430	138915.539466989788	43887.922503181
3	4454	139874.752670072719	44445.032420289
3	4474	140361.598709113527	43400.119235299
3	4486	140690.555183834164	43415.340853628
3	4490	140776.975341261927	43467.071725049
3	4517	141933.421109488933	44163.359862572
3	4544	142652.750709158931	44655.930536823
3	4565	143108.948441345944	45468.103246444
3	4588	143626.012711086873	44825.792756134
3	4598	144252.031037949725	45876.217530578
3	4619	144725.748841783731	45990.660699075
3	4666	146362.014072285596	46663.236618453
3	4691	147255.577153423432	47069.921947652
3	4708	148122.104099355269	47099.20197555
3	4712	148257.125360931038	48377.850083414
3	4754	149842.110202097897	47835.909452748
3	4801	151048.319966143697	48669.544009205
3	4805	151266.837531271953	47592.58033041
3	4832	151963.612940816909	48252.885805653
3	4849	152696.975753781949	48618.349296493
3	4891	154079.845752169147	49388.579761308
3	4895	154204.280666885529	49685.193291362
3	4907	154845.599552103882	49578.709217682
3	4924	155803.054426054239	50905.206377165
3	4956	156775.01032881695	51657.885932921
3	4973	157465.279687046637	52587.369115481
3	4990	158156.759449702457	51400.728003675
3	5002	158567.632665251945	53564.996818753
3	5014	158831.257997707233	52533.847597907
3	5042	159743.061963878204	52106.863460622
3	5101	161669.907590190649	52169.107701827
3	5105	161849.228304149216	52604.128361073
3	5123	162790.056681467921	52914.685096614
3	5150	163947.091430148811	53736.114777009
3	5174	165043.351387455692	53455.013564821
3	5197	165925.400248709699	54044.912290097
3	5213	166100.351414710984	54844.463281432
3	5297	168135.912861832982	55552.496677059
3	5317	169173.007500285984	57027.576894578
3	5332	169769.132541156939	56555.058380532
3	5347	170156.589909130341	56592.556546998
3	5351	170174.779800365448	56810.57266794
3	5374	170879.42544139885	57741.129071115
3	5390	171197.237577832074	58847.012758654
3	5420	172049.844696791476	58766.94949047
3	5435	172371.590142625154	58178.562788174
3	5464	173391.326545377032	58090.5500792
3	5471	174022.157588572806	60387.852852486
3	5494	174535.178567124164	59761.517387005
3	5527	176081.068127862742	59626.523869906
3	5540	176610.783890199617	61101.116941372
3	5578	177595.373981417721	62091.304420858
3	5611	178799.457282948077	62414.412432517
3	5620	179009.576514027646	62698.402076824
3	5627	179229.858732977516	62393.599298057
3	5662	180815.009711676046	62807.890307455
3	5671	181025.197979965812	62542.441327747
3	5678	181221.45536267162	61870.06903999
3	5701	182395.828679113419	62149.27354219
3	5708	182701.247405493266	63187.40792845
3	5744	183833.058131783835	63942.376837791
3	5795	186098.64369174722	64035.375499811
3	5819	186638.47453351389	65058.599123748
3	5837	187482.617673578442	65160.309176292
3	5855	188277.718406971179	67085.932956784
3	5884	189167.207419353307	66650.037964822
3	5908	189988.272086477608	66517.06058724
3	5917	190509.978136944355	66376.943222261
3	5929	190880.551837375022	66713.857583766
3	5945	191469.426993019514	67595.960202625
3	5978	192685.469798892371	66296.998908087
3	6013	193689.43422435108	67912.569733362
3	6025	194122.480355631195	67728.38035157
3	6049	194800.454730689161	67773.958144797
3	6064	195304.374817966254	69372.193827442
3	6071	195821.187786990412	67992.289775865
3	6118	196966.73001687006	68159.20261634
3	6122	196969.384406751724	69163.612946795
3	6149	197659.213965696054	69178.934859889
3	6185	198215.425345543408	70111.792261338
3	6212	198885.893533527487	69092.007183963
3	6259	200174.636990337403	70574.329453489
3	6266	200381.774561367565	69882.722101898
3	6289	200942.473965342724	70261.922030391
3	6301	201482.80446038838	71241.694214545
3	6346	202779.427608514907	70080.044864005
3	6350	202779.692238764473	70966.003603688
3	6391	203949.838658934095	72098.057854346
3	6409	204382.36254036683	71717.34041262
3	6430	205023.471293942639	72517.777046374
3	6445	205321.75027144398	72455.896731046
3	6452	205612.741279638939	72353.950898787
3	6475	206165.427569218683	72143.065160112
3	6488	206644.8630737044	72997.799888372
3	6512	207408.459126728358	72677.789567402
3	6539	207966.887348331146	73846.687400413
3	6580	208932.7423073534	73257.101674017
3	6590	209253.879973844396	73666.667998829
3	6617	210094.116880905586	74563.466437724
3	6655	210979.615558394798	75205.349694898
3	6662	211019.99752907339	75402.478483756
3	6683	211839.56680742349	76513.674374822
3	6706	212654.22006225177	77351.214326871
3	6721	213350.286722164236	76919.938488707
3	6749	214473.457956111763	76896.500521405
3	6779	215258.015355020397	77691.131678984
3	6803	215965.940843562368	77798.471585444
3	6826	216480.24999405221	78169.756083253
3	6833	216554.243264182244	78604.098867161
3	6883	217677.533697469865	77790.09908343
3	6925	218723.893400951856	77846.136387449
3	6932	218909.00837623771	78544.96555637
3	6956	219402.151298339252	77356.445743335
3	7014	221092.201041991596	79193.385790783
3	7018	221132.037700526053	79652.092839326
3	7039	221649.800010326092	78811.778383836
3	7057	222256.176721223403	80095.5804495
3	7072	222801.390820257003	79370.180941814
3	7084	223204.280863900442	80176.282070117
3	7088	223446.368181993822	79264.461511217
3	7109	223873.236511473317	79503.99493851
3	7123	224249.063411103199	79628.371686589
3	7144	224817.666001396958	78776.440258924
3	7157	225499.844203805189	79507.757369544
3	7180	226331.467736744891	80334.652386881
3	7184	226526.131450918277	80919.850876984
3	7213	227109.410108553951	79856.919049862
3	7254	228252.004665871721	78706.572559782
3	7264	228396.401342295816	79543.110376234
3	7276	229019.883411964041	79733.540305176
3	7301	229651.612187468222	80771.276468854
3	7325	230652.92046587878	80403.85968451
3	7342	231587.964028662777	81073.695637678
3	7349	231998.780857361491	81263.517749913
3	7369	233256.972432595453	82723.299371259
3	7373	233339.342899238328	82465.684531792
3	7396	233708.968849017061	81826.521528614
3	7435	234695.700209087468	82874.581415828
3	7448	235195.840120482827	83237.881085525
3	7462	235595.539651903892	82657.566965571
3	7477	236181.346326556764	83094.573561385
3	7481	236309.132925243686	83357.535027676
3	7529	238076.372853461291	81626.38589466
3	7549	238394.867886093221	81707.954818849
3	7574	238951.972521254431	80967.299477137
3	7598	239736.223286336995	81337.432567231
3	7651	241500.696176755812	82651.420825826
3	7664	241760.760496931857	82694.362933001
3	7679	242065.361781138565	82798.966983094
3	7693	242571.968961816988	82212.205279277
3	7714	243349.715317962329	83842.63361222
3	7726	243594.455782159008	83211.336139058
3	7736	243761.936272447567	82240.508898228
3	7757	244633.577828353978	82640.787783758
3	7772	245341.089201345677	83354.337655634
3	7822	247185.311336352267	81817.106536814
3	7837	247220.519865415628	83106.063288321
3	7855	247863.326105773087	83013.456772528
3	7859	247869.981532648914	82841.856307072
3	7885	248828.208781880895	82655.363950349
3	7910	249636.023237816627	83529.871984949
3	7933	250665.256393424012	84526.800567597
3	7942	251175.612402064363	85100.41180604
3	7955	251524.600575391911	85685.422090523
3	7973	252188.070578770349	86017.788363348
3	7982	252673.371580757909	86632.093092257
3	8000	253327.429567025611	86477.323729552
3	8015	253964.595409140699	87099.467806925
3	8037	254881.084429220865	88078.375561039
3	8065	255840.247972951839	86332.747358008
3	8072	256017.025994909563	86032.473492617
3	8101	256565.901127373436	85917.738337274
3	8114	257104.391824903675	87468.942131402
3	8152	258048.142116137558	87062.363676545
3	8159	258070.606840550536	87263.945071951
3	8210	259514.694394304194	88540.756745316
3	8246	261421.802147238293	89635.634668302
3	8311	262587.286606831113	89978.716336741
3	8318	262698.461240700224	90249.320244197
3	8356	263648.159404759864	91379.746950402
3	8366	263855.776361695269	89753.002466975
3	8403	264942.854316876839	90419.464219439
3	8419	265386.072413169557	90965.031697261
3	8431	265781.642604926239	90731.779612455
3	8449	266087.142983277106	90645.10075252
3	8470	266712.581113157432	90418.820900402
3	8497	267363.045255299296	90797.738367193
3	8507	267518.209641177916	90226.479104148
3	8548	268280.169410205224	90920.071298201
3	8552	268283.105155350279	90950.619357827
3	8590	269336.67330815714	90797.437603903
3	8609	269850.457166814815	91890.030152573
3	8627	270236.162323495011	89112.533481796
3	8675	271639.303178107004	91114.389267156
3	8687	272155.068035901301	90211.142223082
3	8713	273115.416523990791	90465.974837157
3	8717	273322.279630492219	90105.146668673
3	8789	275609.55674290621	90699.839946635
4	85	5172.025400488432	3240.9564634133
4	193	8895.450108613952	3698.1303786445
4	367	15733.78321913964	3881.9680316163
4	443	18359.294203606195	2864.1975517664
4	475	19288.279838117531	4234.9010766139
4	571	21607.815839182204	4355.3590406632
4	575	21644.02267562481	4303.2198808142
4	603	22955.979823916768	4797.729634324
4	680	25223.232884530671	6332.2654587196
4	713	26249.048452199986	6040.2531773826
4	1051	37024.047647335329	10910.583423495
4	1218	41757.245766020142	12766.500841878
4	1288	43729.82392429336	12887.548404183
4	1363	45644.425833308687	13602.589062541
4	1495	49743.448600957864	15918.63063055
4	1600	53610.387745669806	16933.62216966
4	1639	54531.978663662068	16875.499147335
4	1700	56696.426086173944	16812.153097746
4	1720	57223.980227823132	17392.578272557
4	1811	60613.397834024155	19215.937680983
4	1864	62057.412313231819	20648.72637904
4	1876	62214.866061818549	20773.861868825
4	1913	62971.458306398937	21584.48762353
4	2080	68280.209408246675	22754.816236098
4	2141	70572.753933596188	23116.671725539
4	2294	74722.961418268035	25037.582516436
4	2336	76361.298449067021	23559.412620369
4	2354	77123.128857065688	24972.159373576
4	2473	81034.754849699879	26684.511195602
4	2525	83097.031416296582	27108.181374452
4	2668	87398.686651990515	26927.527237149
4	2707	88480.666867773602	27282.83785546
4	2779	90763.080624797935	28256.731160543
4	2833	92135.788822204572	30161.744451524
4	2995	96997.491588678908	31469.717253379
4	3106	100096.688160368007	31007.587896848
4	3113	100244.618474924561	31398.990389216
4	3133	100929.402907130074	31470.895865882
4	3169	102416.740726390478	32119.247788684
4	3355	107491.272458247465	35662.301253483
4	3419	109677.129743089524	35728.062939869
4	3451	111124.550787768883	35343.07985628
4	3617	115098.638095308793	36667.101000668
4	3688	116787.754104770346	35875.217599441
4	3769	119485.705015168293	35299.376842917
4	3856	122208.54167581792	36745.465939043
4	3924	123911.154359777225	36702.54476902
4	4217	133150.389870153369	41571.432350122
4	4270	134825.186415006967	41317.314566658
4	4450	139465.764986164499	44031.092556666
4	4628	145027.335790572319	46376.958990033
4	4676	146602.498117091834	46960.982175945
4	4738	149361.890133454233	46356.163671073
4	4862	153035.069378114074	48726.622174939
4	4928	156088.939724247534	50636.004701371
4	4969	157424.568388818532	52388.736864264
4	5059	160374.980106998936	51360.497954739
4	5083	161041.105493334686	51925.812106224
4	5141	163594.717248035227	54194.337936969
4	5263	167121.247256289005	55611.268795609
4	5276	167531.899438872566	55996.957566397
4	5498	174757.514732454673	59874.261529908
4	5582	177613.128100943521	61950.607352978
4	5642	179918.749445241645	62990.126117033
4	5740	183753.714705931724	63001.817369664
4	5759	184858.306023518325	63162.346608878
4	5791	185703.407364440716	64433.726185832
4	5815	186586.891013811908	64768.124947676
4	5893	189556.31064918787	66625.686034652
4	5963	192020.93136585574	66969.352410111
4	6181	198174.080685090976	68308.370786053
4	6227	199400.483972889142	69601.764521624
4	6314	201943.27450331557	70310.489448834
4	6679	211759.179585184537	75584.121323627
4	6725	213460.971454356569	76812.372661267
4	6890	217738.08588871696	77537.31907559
4	6977	220106.992505406597	78913.991985798
4	7239	227895.707521410298	81479.954223947
4	7286	229227.491747177775	79804.378978366
4	7423	234466.595311555649	82538.943714906
4	7505	237404.444555586911	82411.126587487
4	7624	240412.781083046234	81559.608176284
4	7628	240631.677771294127	83358.009298691
4	7796	246193.506008212231	82863.576328128
4	7906	249505.147642188482	83570.985004687
4	8050	255399.978035243937	87466.222015908
4	8206	259383.602161015952	88740.527745057
4	8242	260933.122092075283	89309.876775062
4	8474	266840.178387530857	89932.112886502
4	8668	271286.261167212167	92258.429774677
4	8755	274721.678280485433	91863.607899087
4	8759	274756.665974280574	91390.58800539
4	8779	275566.260924649203	90636.915885493

