version 2
run Iteration-56-20200521-09:54:11-67776
attr configname Iteration
attr datetime 20200521-09:54:11
attr experiment Iteration
attr inifile omnetpp.ini
attr iterationvars "$i=6, $j=2, $0=15-(6+2)"
attr iterationvarsf i=6,j=2,15-(6+2)-
attr measurement "$i=6, $j=2, $0=15-(6+2)"
attr network Network
attr processid 67776
attr repetition 0
attr replication #0
attr resultdir results
attr runnumber 56
attr seedset 56
itervar i 6
itervar j 2
param **.resourcePool.amount 6
param **.resourcePool1.amount 2
param **.resourcePool2.amount 15-(6+2)
param **.source.interArrivalTime exponential(6min)
param **.delay.delay uniform(4min,28min)
param **.delay1.delay uniform(10min,28min)
param **.delay2.delay uniform(4min,16min)
param **.allocate.resourceModuleName "\"Network.resourcePool\""
param **.allocate1.resourceModuleName "\"Network.resourcePool1\""
param **.allocate2.resourceModuleName "\"Network.resourcePool2\""
param **.deallocate.resourceModuleName "\"Network.resourcePool\""
param **.deallocate1.resourceModuleName "\"Network.resourcePool1\""
param **.deallocate2.resourceModuleName "\"Network.resourcePool2\""
param **.router.randomGateIndex "uniform(0, 1) > 0.2 ? 0 : 1"

vector 0 Network.allocate queueLength:vector ETV
attr interpolationmode sample-hold
attr title "queue length, vector"
vector 1 Network.allocate1 queueLength:vector ETV
attr interpolationmode sample-hold
attr title "queue length, vector"
vector 2 Network.allocate2 queueLength:vector ETV
attr interpolationmode sample-hold
attr title "queue length, vector"
vector 3 Network.sinkStat lifeTime:vector ETV
attr interpolationmode none
attr title "lifetime of arrived jobs, vector"
attr unit s
vector 4 Network.sink lifeTime:vector ETV
attr interpolationmode none
attr title "lifetime of arrived jobs, vector"
attr unit s
0	0	0	0
0	136	6359.863116134764	1
0	138	6405.383508031417	0
0	324	11996.244816856949	1
0	326	12217.15353702919	2
0	328	12219.509752425842	3
0	330	12233.760807539299	4
0	332	12297.893074234569	3
0	336	12325.683648905881	2
0	345	12421.231537347693	3
0	347	12478.087611673427	4
0	358	12713.465265785954	3
0	362	12714.907381289366	2
0	366	12772.309272261179	1
0	370	12787.800047805784	2
0	372	12993.818760796614	1
0	376	13001.026385929164	0
0	1314	41852.654921892463	1
0	1316	41869.402312972785	0
0	2092	67082.781414283889	1
0	2094	67354.342015502986	2
0	2096	67365.591481250262	1
0	2100	67435.153176740468	0
0	2118	67918.371385845357	1
0	2120	67952.72072350947	2
0	2122	68029.606986303365	1
0	2126	68093.426669704796	0
0	2301	73767.033682411704	1
0	2303	73834.739963048764	2
0	2305	73864.43877809096	3
0	2312	74039.847915859467	2
0	2316	74077.833065031235	3
0	2318	74343.029952520973	2
0	2322	74344.782010436221	1
0	2330	74401.119674039182	0
0	3646	117862.327129155532	1
0	3653	117922.788165142936	0
0	4607	145247.662360917949	1
0	4609	145324.496387013041	2
0	4616	145366.355558320524	1
0	4620	145433.468812641429	0
0	4664	146153.472763010938	1
0	4666	146244.395555922033	2
0	4668	146244.482076808642	1
0	4672	146359.280220082898	0
0	4676	146396.771963671449	1
0	4682	146557.233131823914	0
0	4686	146564.518953204652	1
0	4688	146596.47322750056	0
0	5325	163990.258460001916	1
0	5332	164141.984333162255	2
0	5334	164157.13627065439	1
0	5342	164403.968225445853	0
0	6141	190139.616900838541	1
0	6143	190224.83021722718	2
0	6150	190317.63597199695	3
0	6152	190413.683954956497	4
0	6154	190417.100844053609	3
0	6158	190477.776976984565	2
0	6162	190491.803434164776	3
0	6164	190515.229495460263	2
0	6177	190812.436755693878	1
0	6181	190904.602901223808	0
0	6942	213578.951495675847	1
0	6944	213752.135067156688	0
0	8406	261879.851869589052	1
0	8413	261992.838633581228	0
0	8761	272929.517494941333	1
0	8763	272951.804907393078	0
1	0	0	0
1	26	2739.442644461837	1
1	29	2864.592196536636	2
1	35	3147.281168873073	3
1	37	3460.582463199439	2
1	42	3561.567930008958	1
1	48	4025.122715531393	2
1	54	4164.472092565315	1
1	70	4507.969155753462	2
1	73	4615.716396340387	3
1	75	4771.238165924068	2
1	87	5116.696181379425	1
1	98	5395.595299450423	0
1	114	5906.690461691869	1
1	131	6149.867127770244	2
1	140	6405.383508031417	3
1	143	6412.397581729774	4
1	145	6634.415966242718	3
1	151	6735.786332750611	4
1	154	6821.269518106858	5
1	159	6946.951513465236	4
1	168	7326.834049128753	5
1	171	7515.021816173257	6
1	177	7585.357435781675	5
1	187	7695.96127272879	6
1	192	7930.274145377542	5
1	212	8559.618157412277	6
1	217	8735.352421047332	5
1	223	8761.347218087621	6
1	225	8847.787248657759	5
1	231	8932.301716748267	6
1	241	9282.178148282905	7
1	244	9322.054729667302	8
1	250	9730.313752906563	7
1	256	9865.709589527279	8
1	258	10492.980341043066	7
1	268	10536.22298236072	8
1	286	11211.150373311879	7
1	295	11317.299491351756	8
1	301	11563.80222677099	9
1	311	11712.855968031115	10
1	313	11849.154233883809	9
1	334	12297.893074234569	10
1	338	12325.683648905881	11
1	340	12334.134989341887	10
1	353	12652.613792901601	9
1	360	12713.465265785954	10
1	364	12714.907381289366	11
1	368	12772.309272261179	12
1	374	12993.818760796614	13
1	378	13001.026385929164	14
1	381	13099.979271152831	15
1	387	13470.165520252402	14
1	397	13593.883604785049	15
1	399	13667.783183602782	14
1	405	13712.473090160367	15
1	425	14017.330850862625	16
1	428	14027.258908381364	17
1	437	14469.537630444837	18
1	440	14635.112473064707	19
1	446	14663.525681107469	20
1	449	14740.66571655459	21
1	451	14868.302812593224	20
1	457	14883.5081694639	21
1	459	14986.768084510903	20
1	468	15425.654523897449	21
1	475	15671.527825444634	22
1	481	16220.500060261901	21
1	489	16311.974848823788	20
1	495	16598.534891310148	21
1	517	17346.081077668558	20
1	522	17659.527066692876	19
1	528	17721.802466151704	20
1	531	17723.452158183451	21
1	540	17873.548434898617	22
1	543	18001.116797382654	23
1	550	18175.367294399042	24
1	556	18401.909170838239	23
1	565	18729.04567847368	24
1	570	18798.354061262424	23
1	576	18895.600252967401	24
1	593	19202.096497172337	25
1	595	19237.244826320725	24
1	601	19320.253431802354	25
1	607	19343.540968146924	26
1	612	19894.022735634561	25
1	621	20064.53694938945	26
1	631	20223.301933793838	27
1	642	20561.659211961295	26
1	648	20562.366540362551	27
1	654	20674.170564624621	28
1	660	20749.44421641359	27
1	666	20814.765335671846	28
1	669	20886.583119027507	29
1	675	21046.001533264748	30
1	678	21174.87070320573	31
1	689	21624.340319722358	32
1	694	21791.436138756316	31
1	706	22189.180269306297	32
1	712	22308.152037857267	31
1	717	22430.261495204385	30
1	726	22561.94659076597	31
1	736	22791.834898296028	32
1	743	22988.93667358063	33
1	745	23238.663218392226	32
1	751	23333.402858513722	33
1	756	23717.725499717261	32
1	776	24243.120346444963	33
1	778	24507.245552035216	32
1	784	24839.475122326631	33
1	791	25005.728320174526	34
1	793	25155.752685505639	33
1	799	25424.121400986619	34
1	805	26116.083848148752	33
1	816	26797.801236256699	32
1	821	26879.785383025352	31
1	840	27190.939359400481	32
1	851	27547.253141608713	33
1	854	27610.503712430128	34
1	860	27949.878098677637	35
1	868	28453.737457681615	34
1	873	28468.141322096552	33
1	879	28482.378312732193	34
1	893	29021.604859932319	35
1	896	29229.764723972925	36
1	899	29284.470337745799	37
1	901	29696.572097221132	36
1	906	29729.718451405112	35
1	923	30627.517984095707	36
1	925	30977.662776138802	35
1	936	31143.41991385233	34
1	942	31355.286916144463	35
1	958	32265.822463033464	34
1	964	32301.309511119626	35
1	967	32384.265618721628	36
1	970	32417.432136548997	37
1	975	32528.801756369119	36
1	981	32610.724398862299	37
1	994	33130.627098554233	38
1	1007	33377.959357907078	39
1	1009	33403.085801403713	38
1	1018	33664.722695022869	39
1	1024	33727.483478592539	40
1	1034	33833.740581069934	41
1	1037	34028.322713129132	42
1	1039	34039.58765204784	41
1	1044	34173.610924815928	40
1	1056	34397.278564837487	41
1	1066	34745.271703286686	42
1	1072	35008.740476991725	41
1	1081	35112.049173097996	42
1	1084	35185.973298609901	43
1	1090	35486.241549701741	44
1	1092	35632.206730934029	43
1	1104	35955.428851766256	42
1	1120	36369.025793983889	43
1	1122	36436.39822975563	42
1	1128	36531.838655757044	43
1	1134	36646.358173738909	42
1	1140	36878.716544034533	43
1	1143	37015.211410994413	44
1	1149	37066.469260807472	45
1	1151	37156.806580878963	44
1	1167	37745.93087013599	43
1	1173	37940.868952380579	44
1	1175	37941.496407667344	43
1	1195	38320.768569977351	44
1	1197	38553.992737473664	43
1	1205	38809.870519031008	42
1	1215	38893.620507344926	43
1	1218	38918.774992890083	44
1	1221	38962.61810844235	45
1	1240	39902.129365790804	44
1	1246	40002.992286411286	45
1	1249	40067.478834643791	46
1	1251	40093.8856546839	45
1	1264	40549.245079262911	46
1	1269	40730.989977165801	45
1	1288	41179.755818804895	44
1	1297	41383.779422945514	45
1	1302	41477.309084197251	44
1	1318	41869.402312972785	45
1	1321	42017.227794012963	46
1	1323	42107.400246381929	45
1	1329	42114.449009989669	46
1	1335	42213.507504572837	45
1	1344	42471.659308039785	46
1	1347	42502.840660554992	47
1	1354	42818.883920125468	48
1	1361	42865.097394039381	49
1	1364	43190.67736653762	50
1	1369	43262.888714222407	49
1	1378	43731.712174152701	48
1	1384	43879.523561718589	49
1	1393	44722.976071832447	48
1	1398	44876.101683851501	47
1	1421	45520.787795342888	48
1	1424	45576.833458251312	49
1	1426	45622.158060463315	48
1	1435	46064.93967560903	49
1	1445	46326.056549863317	50
1	1447	46346.495199601843	49
1	1458	46481.500075625425	48
1	1478	46943.344640838005	49
1	1481	47204.943237874091	50
1	1483	47260.442220604217	49
1	1488	47337.303437662988	48
1	1494	47357.710228401712	49
1	1501	47768.918447273111	50
1	1504	47958.218213869273	51
1	1511	48225.731638929986	52
1	1513	48291.546628398991	51
1	1527	48795.841376714154	50
1	1537	49275.725772924561	51
1	1540	49414.682250985888	52
1	1542	49623.338852290234	51
1	1552	49831.500945573741	52
1	1560	50217.612828656777	51
1	1573	50356.634151289227	52
1	1578	50850.220339379951	51
1	1584	51039.852298725162	52
1	1596	51243.915105004034	51
1	1612	51520.862076079014	52
1	1615	51654.223716201159	53
1	1620	52018.766867069698	52
1	1626	52069.980865331129	53
1	1639	52422.620563741073	54
1	1642	52444.326939510034	55
1	1644	52501.043672801673	54
1	1650	52554.611943496343	55
1	1653	52561.221657796723	56
1	1664	52963.927053884173	57
1	1669	53048.898264400832	56
1	1675	53487.995571858402	57
1	1681	53657.814254237085	56
1	1687	53931.471216061451	57
1	1692	54258.33856970834	56
1	1697	54368.882172217339	55
1	1710	54645.696392114889	56
1	1717	55193.550031085139	57
1	1726	55661.23460125009	56
1	1731	55795.898770976558	55
1	1748	56293.027159883083	56
1	1756	56649.99106131325	55
1	1764	56866.544000308707	54
1	1770	56937.146496856595	55
1	1784	57244.296750753417	56
1	1787	57295.41933629316	57
1	1789	57344.147306287833	56
1	1802	57965.294075842036	57
1	1805	58045.489308652578	58
1	1807	58289.052238890648	57
1	1812	58315.466678019785	56
1	1834	58817.263270187931	57
1	1843	59383.011737333783	56
1	1848	59399.880088481799	55
1	1854	59403.222006988033	56
1	1860	59516.230305198916	57
1	1866	59891.334499039843	58
1	1869	60179.641382488798	59
1	1872	60189.64926853039	60
1	1885	60336.397801011548	59
1	1893	60427.421789363199	58
1	1899	60938.212600519631	59
1	1902	60970.889107952306	60
1	1905	61110.211454584905	61
1	1916	61268.032022700634	62
1	1918	61307.639874078081	61
1	1927	61999.597691547298	60
1	1932	62046.251519394786	59
1	1937	62716.991311970846	58
1	1942	62828.577885374599	57
1	1966	63451.758606929219	58
1	1969	63572.464239517688	59
1	1971	63694.495559649714	58
1	1989	64230.737131766723	57
1	1995	64267.148420131293	58
1	1998	64307.747063703123	59
1	2000	64368.933519402691	58
1	2016	65058.045745148993	59
1	2027	65201.303013552757	60
1	2029	65230.408660366879	59
1	2041	65944.636465924033	58
1	2047	66135.841471706975	59
1	2053	66525.928757006561	60
1	2059	66579.599864769475	59
1	2067	66783.133645447143	58
1	2098	67365.591481250262	59
1	2102	67435.153176740468	60
1	2104	67469.248727716254	59
1	2113	67908.945546483793	58
1	2124	68029.606986303365	59
1	2128	68093.426669704796	60
1	2131	68119.660190034342	61
1	2134	68159.044977469592	62
1	2141	68325.052903675043	63
1	2144	68476.538233029724	64
1	2146	68871.488236038186	63
1	2151	68908.67821026382	62
1	2157	68978.696732551516	63
1	2167	69328.748611879086	64
1	2172	69619.533006788911	63
1	2178	69737.821402625596	64
1	2191	70417.107290968471	63
1	2200	70556.156423784592	64
1	2206	70990.660609574587	65
1	2208	71010.258402524264	64
1	2214	71018.802155060445	65
1	2224	71418.509895473891	64
1	2230	71563.125404009188	65
1	2239	72106.476913735019	64
1	2257	72704.049294151538	63
1	2263	72959.258278857364	64
1	2266	73008.167002475966	65
1	2278	73203.062614879359	66
1	2291	73739.433319055434	67
1	2296	73753.74299427283	66
1	2307	73931.092107080096	65
1	2314	74039.847915859467	66
1	2320	74343.029952520973	67
1	2324	74344.782010436221	68
1	2332	74401.119674039182	69
1	2339	74687.244092047443	70
1	2342	74990.564277151174	71
1	2344	75017.254605570557	70
1	2353	75120.971063409006	71
1	2356	75258.648452915414	72
1	2359	75392.642091070411	73
1	2362	75400.747086616701	74
1	2367	75492.802816581154	73
1	2385	75884.928608329716	72
1	2395	76152.117790626796	73
1	2398	76159.372689450236	74
1	2405	76247.793326993316	75
1	2407	76396.173514926979	74
1	2413	76635.966419160697	75
1	2428	77063.922744037333	74
1	2433	77091.2121324038	73
1	2445	77342.658999073687	74
1	2452	77566.191857741626	75
1	2459	77625.649158281446	76
1	2465	78024.512281458839	77
1	2470	78209.188918022612	76
1	2476	78260.589412924456	77
1	2479	78387.980822471539	78
1	2481	78476.361249720427	77
1	2487	78615.30293797738	78
1	2490	78634.748583905758	79
1	2502	79148.865394776436	78
1	2517	79439.551838169048	77
1	2530	79551.185081242986	78
1	2533	79816.24396547956	79
1	2549	80485.64198648313	80
1	2552	80493.615149097706	81
1	2555	80555.205573331623	82
1	2558	80631.353607548894	83
1	2560	80643.781132891523	82
1	2566	80796.991071935626	83
1	2572	81060.764052530924	82
1	2581	81239.533430065432	83
1	2586	81722.611262330959	82
1	2599	81832.438912325098	83
1	2605	82105.853753283369	82
1	2621	82456.152217149746	83
1	2624	82573.120021412785	84
1	2626	82614.96709862555	83
1	2635	82949.781508553401	84
1	2644	83393.32753286886	85
1	2646	83407.766828236851	84
1	2651	83526.047282664279	83
1	2661	83688.953477809239	84
1	2671	83997.368649227252	85
1	2684	84637.455097738537	86
1	2687	84857.606198915085	87
1	2689	84884.737745158124	86
1	2698	85176.531587800185	85
1	2717	85714.078139865001	86
1	2723	85824.263283890897	87
1	2726	85859.934881287064	88
1	2729	85932.573546436104	89
1	2732	86044.51195797785	90
1	2734	86050.720197519037	89
1	2739	86094.646912969823	88
1	2745	86160.123608219693	89
1	2751	86833.450374033476	88
1	2763	87105.127084532502	87
1	2780	87724.524808424575	88
1	2785	87849.724942853424	87
1	2800	88213.356409825559	86
1	2806	88293.465102767343	87
1	2814	88718.200395701203	86
1	2824	89000.384395952434	87
1	2827	89039.059759535451	88
1	2830	89071.19199968807	89
1	2832	89105.430012939672	88
1	2844	89235.976016179819	89
1	2858	89475.533165562157	90
1	2864	90003.553457170945	91
1	2870	90051.295448993097	92
1	2873	90220.65028357659	93
1	2875	90301.769549807284	92
1	2884	90410.2413347263	93
1	2889	90537.129790632229	92
1	2905	90900.02908734557	93
1	2908	90903.751458950453	94
1	2911	91073.07923706269	95
1	2917	91285.804341033276	94
1	2923	91638.394091523052	95
1	2925	91749.345182597388	94
1	2934	91901.489120037967	95
1	2944	92462.926644960593	94
1	2950	92706.107628663545	95
1	2962	93260.99466185848	94
1	2967	93346.239800534893	93
1	2973	93461.648368721813	94
1	2985	94041.747966423859	95
1	2988	94061.169883804565	96
1	3001	94435.973474409182	95
1	3007	94506.940156216662	96
1	3009	94528.881028646778	95
1	3015	94705.971007536821	96
1	3022	94851.381734225811	97
1	3031	95818.591397272174	96
1	3036	95893.722405404027	95
1	3046	96243.419320674959	96
1	3048	96455.820557640617	95
1	3060	97082.71272457036	94
1	3074	97746.464989743144	95
1	3076	97835.861217023556	94
1	3084	98257.876349974599	93
1	3104	98878.764719716142	94
1	3106	99140.276514122014	93
1	3115	99288.692431884218	94
1	3120	99401.505362175581	93
1	3130	99591.704452332647	94
1	3136	100099.419900046413	93
1	3141	100301.217927325693	92
1	3147	100494.934754881152	93
1	3154	100764.309115840342	94
1	3163	101327.600592727018	93
1	3171	101547.215944032868	92
1	3180	101852.99971970218	93
1	3187	102078.186141921596	94
1	3193	102486.05007529979	93
1	3199	102790.528677009406	94
1	3201	102923.346995458183	93
1	3206	103130.51129209598	92
1	3232	104134.615461861467	91
1	3240	104390.019526526508	90
1	3249	104769.71066805323	89
1	3255	104955.072747949333	90
1	3261	105136.963122702944	91
1	3268	105344.800006880597	92
1	3271	105448.133430395908	93
1	3274	105656.791204293686	94
1	3276	105664.700077695948	93
1	3288	106112.554258776581	92
1	3297	106593.283050021333	91
1	3316	107356.344333261004	90
1	3322	107366.622996473519	91
1	3325	107545.44242963952	92
1	3327	107908.333082737578	91
1	3347	108660.145116615861	92
1	3349	109009.164113810039	91
1	3358	109469.101389079552	92
1	3360	109566.630073821349	91
1	3377	110002.391135269838	92
1	3386	110327.553442532208	93
1	3394	110549.234638938433	92
1	3402	110687.372458249507	91
1	3408	110877.569230563543	92
1	3411	110965.577482148742	93
1	3418	111111.77663088562	94
1	3421	111327.331545352673	95
1	3428	111359.110401973977	96
1	3430	111669.200549505404	95
1	3435	111706.472216814933	94
1	3441	111935.354739044861	95
1	3443	112312.583617100245	94
1	3455	112468.281812898991	93
1	3472	112935.729612288621	94
1	3493	113847.026285890666	93
1	3498	113941.208418493843	92
1	3504	114092.9444442883	93
1	3507	114154.465720739867	94
1	3513	114223.550387626475	95
1	3523	114387.188348050386	96
1	3530	114540.338424440182	97
1	3533	114583.664052199788	98
1	3538	114777.58531619626	97
1	3550	114828.251973229773	98
1	3553	114913.86180269349	99
1	3559	115077.215821412398	100
1	3562	115295.857652815139	101
1	3564	115496.059162940583	100
1	3569	115563.948167504919	99
1	3585	115963.696546199261	100
1	3588	116036.354402913407	101
1	3591	116050.036928334456	102
1	3598	116240.920081360271	103
1	3610	116942.103372484199	102
1	3615	116983.853791708303	101
1	3637	117739.580542219922	102
1	3648	117904.731400541715	101
1	3655	117922.788165142936	102
1	3658	118009.180694428139	103
1	3661	118123.98819868765	104
1	3670	118320.974831495611	103
1	3676	118405.128851601109	104
1	3679	118408.817643044693	105
1	3682	118470.845260570725	106
1	3685	118593.958323626638	107
1	3688	118594.118117527308	108
1	3700	119029.510135536767	107
1	3709	119277.142417998545	108
1	3711	119337.229052286772	107
1	3717	119492.374072283758	108
1	3740	120389.597987755739	109
1	3742	120407.168180791838	108
1	3748	120548.588526436664	109
1	3750	120579.935486817486	108
1	3756	120708.195267061502	109
1	3770	121266.644556018169	110
1	3782	121627.303409191551	111
1	3784	121708.294485283769	110
1	3792	121936.173223795546	109
1	3806	122593.132609149817	110
1	3812	122747.417184521509	111
1	3817	122821.281945657162	110
1	3823	122842.915038321079	111
1	3826	122923.242801759106	112
1	3835	123002.681728455798	113
1	3840	123353.209288844592	112
1	3850	123504.295656111284	113
1	3856	123773.103970366958	114
1	3859	123868.275105600537	115
1	3864	123969.060728902174	114
1	3873	124129.083618173268	115
1	3879	124250.699593433686	116
1	3886	124390.973670924092	117
1	3893	124654.736300081125	118
1	3896	124750.722452337804	119
1	3902	124931.592561727271	120
1	3904	124983.31445939628	119
1	3909	125545.074577478869	118
1	3915	125599.93671242185	119
1	3924	125878.071436861284	118
1	3937	126364.043650013382	119
1	3946	126613.997275669305	118
1	3954	127115.776491544895	117
1	3960	127124.920396063547	118
1	3963	127207.333096026309	119
1	3982	127882.210467782049	118
1	3988	127958.398690275766	119
1	3990	128033.292574843146	118
1	3999	128290.728175269323	119
1	4009	128518.924136830671	118
1	4015	128641.360750448823	119
1	4018	128731.000083299866	120
1	4024	128924.277462011427	121
1	4030	129301.403711585082	120
1	4044	129546.254701435743	119
1	4060	129988.254224806834	120
1	4063	130167.637850463364	121
1	4073	130461.917158297562	122
1	4076	130540.766373699096	123
1	4079	130568.416565074956	124
1	4082	130616.309799036209	125
1	4087	130688.530865421273	124
1	4096	130968.786248761097	125
1	4098	131053.066271979539	124
1	4112	131423.77345207185	125
1	4121	131787.288618621555	126
1	4124	131869.94803103748	127
1	4126	131936.565191427	126
1	4135	132248.792580916889	127
1	4137	132277.353604480802	126
1	4160	132788.243759410002	127
1	4162	132831.119570161902	126
1	4174	133034.453300600439	127
1	4180	133215.238814622342	126
1	4186	133420.937563903317	127
1	4189	133487.781971526598	128
1	4199	133830.23653834142	129
1	4207	134494.330418871471	128
1	4213	134521.31301953279	129
1	4215	134537.242509581327	128
1	4227	134730.594987301143	129
1	4236	134949.342213003017	130
1	4239	134974.171835299122	131
1	4252	135358.186675295931	132
1	4259	135490.097811993127	133
1	4261	135492.248128780851	132
1	4267	135600.26142322751	133
1	4274	135879.555193245717	134
1	4276	135893.80859829317	133
1	4282	135989.173249956057	134
1	4297	136264.287092534581	133
1	4306	136461.196493689402	134
1	4316	136963.769028588432	135
1	4319	136991.304288002599	136
1	4328	137289.672739328394	137
1	4331	137463.628324335087	138
1	4334	137479.5312885264	139
1	4336	137561.184424663141	138
1	4342	137735.905326008162	139
1	4347	137929.063124868775	138
1	4360	138290.881511307659	139
1	4367	138451.633159540252	140
1	4369	138464.105392497211	139
1	4374	138546.295962648222	138
1	4390	139262.904351805557	139
1	4396	139363.983845717961	138
1	4402	139426.627742192337	139
1	4404	139671.383526873022	138
1	4424	140504.310083505533	139
1	4429	140805.432694701234	138
1	4440	141089.371270461187	137
1	4449	141250.916238889184	138
1	4452	141273.813507167791	139
1	4466	141544.536790147618	140
1	4469	141554.201142892606	141
1	4472	141714.313314594828	142
1	4477	141790.960965424532	141
1	4483	141936.787352113807	142
1	4485	142061.492948241711	141
1	4491	142102.626850080686	142
1	4501	142269.848763992552	143
1	4523	142948.3429347966	144
1	4529	143060.53645975724	145
1	4531	143212.713390614593	144
1	4536	143291.550007796094	143
1	4542	143565.01387680652	144
1	4545	143716.505752940837	145
1	4555	143820.289937348306	146
1	4558	143870.118057947404	147
1	4568	144050.804447924229	148
1	4570	144250.221587287441	147
1	4584	144614.384770279506	146
1	4590	144620.38428915921	147
1	4599	145223.639223387644	146
1	4611	145330.440567310655	145
1	4618	145366.355558320524	146
1	4622	145433.468812641429	147
1	4625	145489.473632588123	148
1	4635	145572.55912397782	149
1	4638	145715.814826165067	150
1	4650	146034.282770611101	149
1	4655	146056.949348969564	148
1	4670	146244.482076808642	149
1	4674	146359.280220082898	150
1	4684	146557.233131823914	151
1	4690	146596.47322750056	152
1	4693	146857.587617765706	153
1	4696	146899.965209320971	154
1	4703	147211.329023948808	155
1	4705	147314.703878991485	154
1	4713	147468.120056323462	153
1	4719	147525.994853794407	154
1	4722	147614.790509862678	155
1	4728	147687.384536205159	156
1	4734	147809.725705854239	157
1	4747	148264.280012443841	156
1	4752	148277.275022741162	155
1	4764	148562.279968148972	156
1	4767	148569.333732000123	157
1	4777	148724.144907778276	158
1	4786	148889.547768476444	159
1	4788	148936.725161390558	158
1	4798	149004.762063423582	159
1	4807	149125.913201961278	160
1	4814	149332.833729830176	161
1	4816	149459.030246117839	160
1	4822	149496.252928494218	161
1	4835	150229.393302465895	162
1	4838	150230.663840715206	163
1	4841	150292.579949055037	164
1	4843	150454.123214192868	163
1	4864	151107.904265278706	162
1	4869	151126.281499125243	161
1	4875	151199.007720243511	162
1	4878	151296.830613701095	163
1	4887	151696.284820991382	164
1	4897	151821.048316621033	165
1	4907	152147.805448238126	166
1	4909	152182.155783882544	165
1	4915	152206.167258393408	166
1	4918	152396.745189182622	167
1	4923	152691.674531500542	166
1	4933	152931.700097359545	167
1	4940	153286.88174118017	168
1	4942	153451.9161007346	167
1	4953	153766.918692074896	166
1	4969	154131.158709792996	167
1	4971	154247.464683500805	166
1	4984	154462.310095869151	167
1	4990	154602.853215021783	168
1	4992	154837.857742233382	167
1	4998	155105.116997457451	168
1	5001	155120.041427022328	169
1	5008	155127.623352322983	170
1	5017	155493.949182618165	169
1	5023	155542.42608334632	170
1	5029	155816.183119834452	171
1	5031	155880.558638375433	170
1	5043	156083.118945864934	171
1	5052	156402.01022290414	170
1	5060	156540.163634678529	169
1	5084	157171.579626193642	170
1	5087	157207.135417693175	171
1	5089	157210.223820458854	170
1	5102	157572.554070313544	171
1	5105	157723.157988081818	172
1	5107	157771.749624030845	171
1	5113	157804.515334248662	172
1	5116	157839.906495026329	173
1	5124	157957.472733601684	172
1	5130	158233.06739043714	173
1	5149	158687.054549854005	172
1	5161	158998.544885998772	171
1	5167	159122.794147563016	172
1	5170	159256.942383344524	173
1	5173	159369.941700448276	174
1	5176	159379.412907552796	175
1	5182	159694.811727954912	176
1	5189	159882.518163866695	177
1	5191	160199.82846735766	176
1	5199	160452.370489163505	175
1	5208	160582.009141698697	176
1	5214	161032.689026377851	175
1	5220	161043.951658416068	176
1	5232	161396.316467577772	175
1	5238	161448.158949389326	176
1	5255	162032.862568516361	177
1	5258	162090.022066297066	178
1	5260	162158.484947502794	177
1	5266	162183.167240938647	178
1	5277	162585.046899111697	177
1	5283	162757.0215748896	178
1	5300	163348.173426763218	179
1	5302	163458.494137188601	178
1	5308	163487.344129188787	179
1	5314	163618.683632959224	180
1	5327	163999.33318042917	179
1	5336	164157.13627065439	180
1	5344	164403.968225445853	181
1	5347	164484.469506819029	182
1	5356	164596.735935852113	181
1	5362	164765.110318498855	182
1	5365	164890.839080031461	183
1	5370	165026.413912100474	182
1	5379	165171.967012796806	183
1	5382	165197.830766044619	184
1	5388	165257.011663706108	185
1	5394	165386.765740913341	186
1	5397	165436.968024436515	187
1	5403	165494.277969122114	186
1	5415	165637.441688129499	187
1	5421	166106.131615860144	186
1	5430	166193.003623781907	185
1	5439	166278.209041115531	186
1	5442	166383.137638905642	187
1	5445	166470.550539936598	188
1	5448	166502.491004186628	189
1	5458	166714.917297288917	190
1	5460	166721.734405399988	189
1	5470	167002.532816368268	190
1	5472	167018.061818916532	189
1	5484	167528.183360041807	188
1	5493	168010.515619617137	187
1	5512	168526.382624700422	186
1	5518	168839.597084092684	187
1	5524	169187.978823350223	188
1	5536	169429.583308816138	187
1	5545	169648.042886226229	188
1	5555	169806.575243642152	189
1	5557	169831.368037394936	188
1	5563	169904.419439306203	189
1	5569	170111.891383121479	190
1	5576	170261.949835082256	191
1	5578	170299.372759264144	190
1	5593	170625.510890945341	191
1	5596	170886.483577014473	192
1	5603	171340.451959658778	193
1	5605	171441.48988116322	192
1	5613	171587.035306001264	191
1	5619	171972.362992102969	192
1	5622	172077.503680671137	193
1	5625	172104.781832217643	194
1	5635	172312.892931781891	193
1	5640	172651.222763338815	192
1	5653	173605.549748360868	191
1	5658	173774.080887640077	190
1	5671	174606.30244590174	189
1	5680	175195.148919548597	188
1	5688	175280.426207751218	187
1	5705	175768.858723801135	188
1	5708	176050.894932967326	189
1	5713	176230.865428659823	188
1	5721	176353.986038554642	187
1	5737	176769.337519091407	188
1	5746	177154.237935885545	187
1	5757	177632.746662896309	186
1	5763	177680.008136661454	187
1	5766	177775.029030284609	188
1	5769	177829.590833233095	189
1	5772	177856.630793488343	190
1	5775	177935.89702973728	191
1	5785	178061.005707982523	192
1	5792	178615.870447535238	193
1	5794	178666.069298403096	192
1	5802	179139.714504217912	191
1	5824	180178.398167824556	190
1	5829	180325.961076400933	189
1	5838	180633.213779001115	190
1	5841	180747.894120631581	191
1	5855	180944.295627307705	192
1	5858	181094.650907864296	193
1	5861	181368.045742015971	194
1	5863	181457.272763837312	193
1	5869	181548.771745470441	194
1	5871	181591.742399034781	193
1	5883	182078.449229987662	194
1	5892	182297.349350357188	193
1	5902	182338.91762366733	194
1	5924	182939.630395225019	195
1	5926	183046.897174779509	194
1	5935	183083.60804631647	195
1	5938	183123.890965273361	196
1	5941	183250.966241744833	197
1	5946	183460.466237140579	196
1	5956	183588.002548762875	197
1	5969	184046.899740932016	198
1	5972	184109.955567691383	199
1	5978	184280.194186490944	200
1	5980	184591.533364642595	199
1	5986	184802.565113952598	200
1	5988	184845.007266148685	199
1	5994	184962.586558507544	200
1	5997	185200.510933106781	201
1	6007	185582.170997362767	200
1	6012	186214.358170849963	199
1	6025	186571.623638434078	200
1	6037	187091.799180319716	199
1	6051	187316.098532767727	198
1	6064	187640.204908757325	199
1	6067	187665.450737286598	200
1	6073	188128.603346736862	199
1	6079	188223.46737405512	200
1	6082	188553.217387113957	201
1	6085	188573.907261904935	202
1	6094	188627.795535734107	201
1	6100	189002.790003786643	202
1	6103	189003.134656262151	203
1	6108	189050.673315262182	202
1	6136	189888.209574565475	201
1	6145	190313.819577254115	200
1	6156	190417.100844053609	201
1	6160	190477.776976984565	202
1	6166	190515.229495460263	203
1	6172	190714.76595031861	202
1	6179	190812.436755693878	203
1	6183	190904.602901223808	204
1	6190	191146.781058546727	205
1	6200	191245.150868142119	206
1	6203	191299.079104369564	207
1	6205	191313.39338937564	206
1	6211	191437.938110030617	207
1	6214	191456.709057253389	208
1	6220	191722.124960493058	209
1	6223	191764.425292006043	210
1	6232	192017.744360219871	209
1	6238	192069.608225959806	210
1	6252	192567.382757764069	209
1	6262	192794.291714839059	210
1	6265	192809.314571734483	211
1	6268	193036.432156796845	212
1	6274	193091.840924322435	213
1	6280	193139.927268669193	212
1	6289	193344.915888331464	213
1	6291	193646.560602502657	212
1	6308	194314.804937350737	213
1	6313	194407.882177129572	212
1	6323	194955.774525915136	213
1	6326	195046.939335009446	214
1	6328	195199.966025629772	213
1	6336	195541.292125115355	212
1	6342	195795.555710640657	213
1	6345	195797.684577845522	214
1	6357	196037.546213546528	213
1	6366	196192.390132256036	212
1	6382	196778.684512328117	211
1	6388	197070.346554050433	212
1	6395	197139.863953976436	213
1	6398	197261.863852039942	214
1	6400	197359.074091071447	213
1	6415	197968.177303928685	214
1	6424	198394.485386589726	213
1	6430	198407.137867851921	214
1	6432	198444.512277289986	213
1	6438	198541.075103757154	214
1	6457	199046.354214333182	213
1	6463	199068.096878156366	214
1	6465	199550.059416236117	213
1	6471	199558.558435400963	214
1	6477	199602.255695341851	215
1	6480	199604.07057960649	216
1	6493	199954.217222349902	215
1	6505	200301.771396984271	216
1	6507	200370.334472458571	215
1	6527	201068.414414332522	216
1	6530	201173.586577783243	217
1	6533	201223.458012214511	218
1	6541	201489.148983357658	217
1	6547	201523.490903848717	218
1	6550	201632.173332319989	219
1	6555	201807.801935372636	218
1	6561	201941.295494086162	219
1	6568	202030.360423942207	220
1	6580	202286.146327879464	219
1	6586	202580.043287923041	220
1	6594	202972.048561803759	219
1	6600	203000.038528098531	220
1	6613	203298.792402397649	221
1	6616	203406.63360033764	222
1	6621	203613.992433070899	221
1	6627	203777.627739114183	222
1	6636	203901.664286766386	221
1	6642	203994.615357326406	222
1	6649	204117.405571450501	223
1	6652	204222.0907416379	224
1	6658	204600.78549676407	223
1	6668	204944.245552896275	224
1	6670	204998.580755626545	223
1	6682	205678.531328347105	224
1	6688	206018.02091165278	223
1	6693	206345.677342794598	222
1	6714	206630.19302551678	223
1	6724	206949.337468221233	224
1	6727	206967.867914702322	225
1	6734	207235.705711064528	226
1	6739	207289.555370452068	225
1	6745	207360.379346602153	226
1	6748	207750.668297798823	227
1	6751	207768.72869274115	228
1	6753	207980.418108299137	227
1	6762	208124.955041060883	228
1	6778	208832.940245939604	227
1	6784	208965.127927464249	228
1	6787	209070.400654217875	229
1	6793	209265.433891087711	230
1	6799	209622.080944281257	229
1	6804	209660.22423739335	228
1	6822	210539.968211192823	227
1	6835	210637.229654116996	228
1	6838	210776.212086693913	229
1	6848	211134.71229317175	230
1	6850	211160.754546744511	229
1	6856	211291.78665997022	230
1	6872	211890.5676152003	231
1	6874	211916.453863455168	230
1	6883	212221.078866214782	231
1	6885	212290.455306691811	230
1	6891	212428.388919828855	231
1	6894	212444.638017976668	232
1	6897	212530.614295288666	233
1	6916	213047.863945455984	232
1	6928	213394.687221394077	233
1	6934	213445.237061454169	232
1	6946	213752.135067156688	233
1	6949	213900.630868984102	234
1	6951	213915.15096806711	233
1	6957	213949.921573756043	234
1	6966	214160.785848657656	235
1	6968	214167.093156686239	234
1	6978	214313.932759051558	235
1	6995	214747.302354262869	236
1	6998	214809.126261872035	237
1	7000	215171.302035402269	236
1	7006	215183.725364788608	237
1	7015	215401.895826402752	238
1	7017	215443.720417021029	237
1	7023	215449.981543387275	238
1	7030	215648.976234112451	239
1	7036	215665.680589838657	240
1	7045	216675.552547115595	239
1	7051	216687.954064529924	240
1	7054	216844.617600441941	241
1	7056	217040.422687882744	240
1	7062	217089.15943638983	241
1	7072	217891.788606147976	240
1	7083	218187.28624726478	239
1	7095	218497.740681019466	240
1	7098	218563.829184796979	241
1	7107	218756.799888912449	242
1	7113	218950.237587259845	241
1	7119	218952.045015184458	242
1	7122	218990.073998812039	243
1	7129	219179.106965212942	244
1	7141	219814.308705458604	243
1	7147	219988.727710817635	244
1	7152	220391.074821676822	243
1	7162	220577.52515221181	244
1	7167	220662.256631598063	243
1	7180	221166.104067185401	244
1	7183	221175.051237058721	245
1	7189	221237.149786239253	244
1	7198	221648.605549592679	245
1	7204	221966.193312050961	244
1	7215	222441.275620272146	243
1	7224	222569.699540452012	244
1	7231	222798.60290881952	245
1	7238	222893.096095690393	246
1	7243	223101.758812114783	245
1	7249	223646.920957426994	246
1	7251	223659.224400602044	245
1	7259	223896.779893970304	244
1	7269	224024.303574031642	245
1	7289	224564.558170315429	246
1	7292	224689.431134295397	247
1	7300	224879.264042701759	246
1	7306	224956.144821178365	247
1	7308	224988.747901132093	246
1	7321	225452.584728845469	247
1	7324	225572.824176435055	248
1	7331	225588.680509985593	249
1	7336	225788.774607915618	248
1	7351	226219.558213782623	249
1	7353	226408.743363914774	248
1	7365	226549.556144528546	249
1	7370	226680.473079288565	248
1	7380	226715.43361257693	249
1	7387	227053.940386721565	250
1	7390	227069.480980856384	251
1	7396	227327.78473852966	250
1	7405	227587.955606052665	251
1	7411	227620.461507903175	250
1	7417	227675.539416244214	251
1	7420	227840.854914516206	252
1	7423	228066.064435343103	253
1	7428	228304.616079607742	252
1	7433	228441.649017034285	251
1	7457	229544.062663242806	252
1	7465	229855.743292651834	251
1	7471	229905.752390104406	252
1	7473	230086.410164468177	251
1	7482	230445.226714021782	252
1	7489	230721.000022088449	253
1	7496	230946.758600041659	254
1	7501	231341.333122894355	253
1	7506	231362.983598297225	252
1	7512	231491.19990822647	253
1	7525	231876.010166069541	254
1	7527	232001.332125308179	253
1	7532	232113.382469711588	252
1	7553	232811.546508643913	253
1	7555	232854.032631030493	252
1	7561	232879.83079749706	253
1	7570	233480.670684341528	252
1	7575	233743.149256713451	251
1	7581	233836.492936153613	252
1	7584	233881.472101905045	253
1	7598	234432.948208960671	254
1	7600	234525.110851468281	253
1	7605	234861.137642458268	252
1	7627	235601.838062496619	251
1	7632	235724.825162867271	250
1	7651	236265.448012433709	249
1	7657	236374.620929310577	250
1	7663	236478.695906963023	251
1	7666	236687.596128817734	252
1	7669	236719.906852711765	253
1	7672	236801.885534828664	254
1	7675	236815.769506443047	255
1	7684	237398.693129139208	254
1	7695	237663.079557593675	253
1	7701	238091.689732448289	254
1	7711	238444.453249035706	255
1	7713	238578.690539074825	254
1	7723	238619.911646397437	255
1	7732	238782.091316224938	256
1	7737	239043.402510609665	255
1	7743	239159.717455375488	256
1	7750	239397.830221336912	257
1	7756	239664.524528159016	256
1	7761	239827.093470755728	255
1	7767	239969.973980356425	256
1	7776	240501.434103388527	255
1	7789	241120.7040719606	256
1	7795	241170.463900387953	257
1	7807	241404.791906101393	256
1	7818	241688.473466279173	255
1	7824	242075.742328724082	256
1	7838	242409.517377849168	257
1	7841	242560.553110206888	258
1	7844	242613.12961756142	259
1	7846	242836.476476171749	258
1	7855	243158.785585224533	259
1	7857	243181.639006685654	258
1	7865	243444.852337751301	257
1	7878	243949.277043310642	258
1	7888	244038.063025836465	259
1	7891	244167.735926493962	260
1	7894	244340.424030432232	261
1	7903	244445.989757970164	260
1	7909	244558.11262036835	261
1	7912	244767.925850392285	262
1	7921	245100.175168242069	261
1	7929	245278.449436294104	260
1	7942	245816.239889726625	261
1	7949	246203.376510541509	262
1	7951	246294.946070274527	261
1	7960	246721.97711813985	260
1	7972	247337.631552312474	261
1	7981	247528.729858098315	260
1	7986	247574.739789998348	259
1	7995	247866.593072745775	260
1	7997	248240.296496718885	259
1	8011	248367.636262851983	260
1	8016	248687.291237915124	259
1	8022	248913.178068024472	260
1	8029	249122.945375790582	261
1	8036	249285.119725939039	262
1	8038	249656.53151284736	261
1	8043	249888.491962680356	260
1	8056	250750.95626693983	259
1	8064	251164.36107987328	258
1	8080	251962.94605374169	257
1	8088	252143.483710175143	256
1	8094	252225.149657847593	257
1	8097	252431.87140084376	258
1	8113	252833.785459015709	257
1	8119	252881.378196972008	258
1	8122	252910.043365573972	259
1	8124	253024.993427719684	258
1	8130	253061.691877967276	259
1	8152	254119.461100667906	258
1	8157	254214.827508402752	257
1	8170	254516.541755889044	258
1	8173	254545.78700343553	259
1	8176	254727.242541663999	260
1	8189	255206.405416325458	261
1	8191	255266.077977463367	260
1	8197	255360.551743511506	261
1	8200	255451.047877823551	262
1	8202	255571.192900313256	261
1	8217	256156.608546551081	260
1	8223	256196.746672274274	261
1	8233	256906.641043174348	262
1	8235	256916.855291126488	261
1	8245	257125.283514006148	262
1	8257	257764.852234393122	261
1	8265	258078.812553843676	260
1	8274	258400.109538651156	261
1	8281	258442.854743045253	262
1	8283	258555.108499003338	261
1	8289	258635.435681785931	262
1	8295	258831.916386949091	261
1	8304	259021.283939028936	262
1	8315	259512.004392194591	263
1	8323	259887.32991137332	262
1	8332	260056.662323064971	263
1	8338	260213.838035598589	264
1	8340	260281.315271768912	263
1	8352	260689.035953038719	264
1	8362	260922.357173368184	265
1	8367	260932.62762530497	264
1	8376	261131.026557850488	265
1	8383	261286.041984295012	266
1	8389	261418.78309102562	265
1	8398	261533.831731158176	266
1	8408	261918.758508179101	265
1	8415	261992.838633581228	266
1	8421	262150.700286383002	265
1	8427	262271.455637835619	266
1	8430	262365.849991090992	267
1	8433	262518.744594668917	268
1	8440	262790.078431530569	269
1	8443	262904.754144846625	270
1	8446	262966.335176952243	271
1	8452	263106.897161023456	270
1	8463	263550.369970256656	269
1	8477	263835.720877391621	270
1	8482	264361.903919035334	269
1	8490	264372.314991017997	268
1	8499	264798.407315000999	269
1	8505	265182.19769481872	270
1	8516	265266.485959509344	271
1	8521	265614.81524902229	270
1	8527	265715.787694352528	271
1	8532	266026.018909139324	270
1	8542	266217.292695680923	271
1	8548	266540.508073951547	272
1	8550	266614.822482148379	271
1	8566	267186.002368440617	270
1	8572	267196.486231981148	271
1	8578	267342.904102310358	272
1	8587	267710.375342729863	273
1	8602	268021.036031495545	272
1	8607	268046.45885443148	271
1	8613	268145.649482950739	272
1	8623	268448.542649746927	273
1	8626	268505.174299999018	274
1	8629	268627.456961211023	275
1	8641	268905.42141564912	274
1	8646	269024.92277099584	273
1	8652	269145.355101673119	274
1	8655	269153.367668171041	275
1	8661	269251.398457457792	276
1	8664	269389.522792341428	277
1	8671	269649.741517865842	278
1	8674	269777.652473616366	279
1	8680	270289.219713069264	278
1	8685	270672.012324881002	277
1	8708	271814.842517987976	278
1	8710	271888.773430444066	277
1	8716	271889.197665236688	278
1	8718	271981.456545114711	277
1	8730	272214.705180112916	278
1	8738	272643.720327129353	277
1	8765	272951.804907393078	278
1	8768	273126.813187735729	279
1	8771	273174.919902487569	280
1	8774	273215.931747988448	281
1	8777	273263.82095022296	282
1	8779	273321.083484104097	281
1	8785	273493.035144884668	282
1	8791	273621.026531204347	281
1	8803	274154.829395894329	282
1	8815	274481.636224415347	281
1	8821	274638.241424434981	282
1	8823	274661.188514342297	281
1	8837	274958.881960175458	282
1	8840	275274.784246871993	283
1	8849	275567.014806217271	284
1	8851	275698.135004563451	283
1	8859	275984.245897762243	282
1	8865	276347.433209843254	283
1	8879	276686.470969402112	284
1	8881	277089.236379701838	283
1	8887	277122.779231857926	284
2	0	0	0
3	52	4083.562021728347	1912.473805882
3	82	4911.559156019407	3382.2468473207
3	105	5477.470621464516	3114.599195041
3	118	6020.5698910618	3500.1454953119
3	128	6115.744447761889	2991.0220481262
3	184	7587.353575460779	3320.5774699652
3	199	8195.438566140997	2580.1157333588
3	203	8317.285296113904	2971.5107232407
3	238	9200.485759282227	3965.7051618751
3	305	11654.416288824918	5603.391372302
3	351	12481.12506932367	6279.935802864
3	385	13136.675483657213	6776.8123675224
3	394	13585.378327237185	6653.1767542421
3	409	13772.992591967548	5279.1622935032
3	422	14016.311922202053	6918.061514433
3	472	15488.212218450549	7086.1206329217
3	512	17172.435950578864	8008.1624440355
3	547	18048.413501296359	6978.8881418107
3	554	18281.92874119405	7241.2354550971
3	586	19082.460660019631	8544.0779861945
3	590	19138.990515077653	7617.0033086208
3	625	20121.78564297797	8126.1325913714
3	658	20706.399098613973	9626.080350291
3	686	21497.566472066733	10212.532087659
3	710	22262.192345212888	10045.038808184
3	740	22912.089245242741	10490.857707895
3	766	23965.55034598166	11969.305529125
3	770	24056.047903949137	11268.247856143
3	788	24956.049693225119	12722.288885686
3	803	25482.511867739002	13263.002115313
3	831	26980.606616407801	12802.423542456
3	844	27396.739056332205	14918.651444659
3	848	27408.832946017127	13628.222185461
3	883	28916.716785354282	15129.781895736
3	887	28940.674783203919	14616.898685572
3	916	30200.35884687465	16208.008773157
3	985	32618.060191439208	16335.520404593
3	1031	33819.849944047373	17042.004476328
3	1063	34712.289872707543	16965.719715724
3	1070	34909.33545015583	17707.20211234
3	1102	35907.076466593635	18075.553697787
3	1161	37270.643701839936	18488.311396534
3	1182	38015.448327714321	18694.353708711
3	1212	38888.07335970754	18755.527865618
3	1228	39147.667368108151	18614.431465866
3	1235	39657.750066358765	19021.772148978
3	1258	40498.212104130705	20509.400908019
3	1276	40811.193717520428	20529.633268447
3	1283	41010.46762362842	20074.368416684
3	1309	41516.143489515578	21265.781616366
3	1333	42212.102347405372	20129.305633957
3	1351	42797.168778570114	20926.540370571
3	1376	43562.044406233525	21882.49917158
3	1388	44000.602679120122	21385.605674139
3	1405	45108.975066018968	21747.921047625
3	1439	46098.211296962744	19558.149106784
3	1465	46604.577278148129	22442.899717814
3	1472	46747.586691992527	20588.16974215
3	1498	47624.943534674293	20472.712412632
3	1534	48953.779723586685	21966.00246743
3	1570	50244.358298059723	22232.283587548
3	1588	51068.224421281114	23289.99947848
3	1609	51444.960095330819	21467.858145892
3	1630	52105.885651976041	23116.559129145
3	1657	52880.006424410439	21147.043574761
3	1661	52954.503311773508	21091.061855014
3	1679	53497.778609831057	22409.191450452
3	1704	54529.064946507781	23401.863720903
3	1721	55194.54162884292	22238.89833361
3	1738	56070.767174119301	22811.303292038
3	1777	57076.357053572484	23915.430994404
3	1781	57145.490774910643	23712.607727099
3	1799	57702.960979880937	23993.19165272
3	1831	58784.18240738821	25049.95045844
3	1879	60259.484307680026	25900.885378945
3	1913	61140.493568692104	25327.060596385
3	1925	61731.62784161766	26314.97469654
3	1949	62830.173859249973	26544.097233639
3	1956	62993.673933723689	26686.20421484
3	1963	63249.073664869861	25201.132759655
3	1978	63695.139692396098	26678.011994822
3	2007	64441.70175794343	26167.036933831
3	2020	65091.10118523071	26493.992225699
3	2024	65097.127912256615	27852.188684891
3	2057	66562.051557710567	27440.105183019
3	2087	67076.282003659503	27821.081713137
3	2111	67738.065607890235	26689.727267182
3	2164	69218.908710775645	28277.129213117
3	2182	69770.072141716429	27917.417219824
3	2189	70203.500061331065	28924.604891648
3	2218	71319.395785954022	29481.118991321
3	2222	71323.890314547093	29874.402942717
3	2255	72700.319109510379	29460.228386612
3	2285	73266.619817361408	28683.644823916
3	2328	74363.541189290756	29050.169989494
3	2377	75670.934963503601	29786.321600825
3	2392	75889.177135870034	30481.748945428
3	2402	76169.321706237021	29799.931741102
3	2420	76933.817859383473	30705.436278014
3	2456	77590.625509841117	31122.114123512
3	2494	78704.425849000165	30284.645191873
3	2515	79342.330202216032	32535.203886087
3	2537	79921.568193098704	31299.345354516
3	2570	81001.938394333916	30955.214564914
3	2593	81740.334393249998	31505.626840791
3	2603	82059.724726563493	31899.830739033
3	2618	82371.469189513224	31652.876567176
3	2658	83530.197142305026	32449.12891268
3	2665	83772.07133337644	32341.166735875
3	2678	84353.663138689647	33276.018091418
3	2711	85560.861173754732	33359.194132357
3	2749	86326.79470831317	34070.782605873
3	2758	86984.535635642882	35034.37877828
3	2770	87252.23837866279	33190.347649053
3	2777	87498.618435652676	34500.550355204
3	2821	88953.184939760889	34319.267815217
3	2848	89309.115052202466	33049.002974897
3	2899	90596.933948172007	33577.42056545
3	2915	91196.933442818176	34533.918403953
3	2942	92237.54324606451	34571.492356889
3	2957	93147.848883828323	34730.620660277
3	2996	94121.146605301399	35634.370825141
3	3019	94847.365507788707	35887.986197896
3	3026	95155.941009110015	36413.771697822
3	3055	96489.116325711583	36604.030696429
3	3067	97199.75241055501	37699.570332008
3	3071	97347.122064612981	36949.707995377
3	3091	98301.981915531431	35109.964221107
3	3101	98780.67669511604	35915.259360386
3	3127	99410.548089852308	35384.929694615
3	3134	99862.643850732771	36161.376461533
3	3151	100716.068814069209	35778.260148372
3	3158	100834.368129053836	36854.750545273
3	3184	102007.104136383337	36222.787938226
3	3213	103179.752945665446	36725.51252491
3	3217	103362.582233424982	36283.34661107
3	3221	103784.358104903004	36701.576690619
3	3247	104747.760182020938	37975.149672935
3	3283	105710.731374665847	38747.211120838
3	3295	106443.603285884661	39400.266192695
3	3307	107038.544864186769	39085.824140677
3	3314	107302.825953139169	39948.483937636
3	3337	108201.673511199406	40283.302125354
3	3367	109701.147524730987	39591.556282746
3	3371	109867.269625382675	39444.065349371
3	3415	111063.828345377175	40495.514467495
3	3425	111357.780515251434	41823.85298726
3	3453	112459.37754097226	40771.365691547
3	3462	112487.506979562095	40052.369826082
3	3517	114243.464932933626	41123.607656082
3	3527	114534.77182160852	41429.914737437
3	3595	116208.916596563709	43200.286298664
3	3605	116409.598948739222	43201.968243274
3	3634	117360.23950286041	43708.604842613
3	3644	117793.296060494832	44026.262378083
3	3668	118283.571017615251	44419.132239524
3	3692	118875.085649367599	44797.252584336
3	3721	119557.911410702146	45723.171447653
3	3731	119784.902200985877	44129.892159493
3	3763	121212.673101963652	45735.187502389
3	3767	121223.118520041681	45527.620632175
3	3799	122201.932804768659	46374.037653732
3	3803	122372.779527640147	47312.526343284
3	3847	123430.159494400201	46521.108150008
3	3883	124265.235909947879	47245.63260182
3	3890	124415.506637225104	47318.784609599
3	3922	125731.307929789401	47990.842799776
3	3931	125918.142231794251	48621.397208591
3	3941	126480.385881492622	49459.869502412
3	3967	127317.27823327127	49111.304008331
3	3980	127834.527964543306	49108.795622748
3	4003	128442.513408304878	48970.031831861
3	4007	128489.369391434072	49271.644649771
3	4028	129031.471204085453	49969.559132133
3	4054	129857.314035387464	49803.902594609
3	4070	130364.692408524631	51171.246164189
3	4105	131369.998457466938	50893.215428987
3	4109	131416.99188089761	51321.2674753
3	4150	132652.018570088028	51413.492467128
3	4157	132771.569589821376	51234.377587316
3	4196	133716.09947875905	51960.078642194
3	4249	135346.504835279414	52435.247053249
3	4256	135445.424703572124	53255.16694832
3	4271	135790.021907815466	52785.58862276
3	4357	138074.068994948819	53832.277631165
3	4387	139113.649090004841	53890.797113993
3	4394	139324.91798725742	53851.20029719
3	4411	140237.254611540764	54646.555083319
3	4418	140290.034791107977	54488.384634696
3	4459	141428.445886129692	54355.436255236
3	4463	141444.786326883117	54078.141611653
3	4498	142234.438568752015	54161.129452639
3	4511	142420.962263018072	54663.803435675
3	4562	143932.349466874951	55808.812334322
3	4594	144787.808836063549	56096.175577616
3	4632	145521.34375508664	56384.939424539
3	4648	146007.427563730383	56811.003558556
3	4700	146923.492722677246	57285.706104663
3	4745	148109.985684536152	58059.74859751
3	4771	148583.446348782808	57840.018239324
3	4795	148950.056001439445	58401.022728628
3	4811	149221.716410348371	57388.977371004
3	4891	151804.14547144267	58688.189118163
3	4901	151868.017833882699	58055.454566374
3	4930	152746.766842527494	58376.195699135
3	4966	154067.46026053814	57124.997136517
3	4981	154437.993987675936	59186.824031742
3	5005	155123.603630454966	56979.143402542
3	5015	155301.891597973363	56848.951465443
3	5047	156208.369160972291	57635.199737485
3	5067	156719.785611264588	57379.198535887
3	5071	156877.770354131417	55662.60105017
3	5075	157056.897368196154	57895.09951253
3	5099	157487.555452778692	56056.051351623
3	5137	158516.302956341015	56729.011558724
3	5144	158544.68163386708	54669.977586951
3	5159	158983.701551154012	53965.41245772
3	5212	160827.640623550618	56992.687447629
3	5230	161344.043609386491	57278.986089782
3	5245	161770.332986692147	55664.304895932
3	5252	161841.930955711508	54810.078683043
3	5293	163104.368357572886	55037.840272707
3	5297	163327.775284236053	56240.595861504
3	5340	164381.116329299467	55959.856456511
3	5401	165454.191792465928	55153.372756072
3	5428	166189.555994205358	55830.468448624
3	5455	166697.640772832739	56823.683534605
3	5479	167056.294113116095	56539.743073721
3	5491	167827.391897037807	55407.386981788
3	5506	168307.818139892253	55516.142889797
3	5510	168482.664331773053	55416.009206732
3	5531	169313.502192970122	56198.927324323
3	5549	169748.33924873564	56633.813368605
3	5573	170244.677326854075	56054.10449627
3	5600	170937.454775430444	57999.831978302
3	5629	172117.423478213827	57857.851120988
3	5633	172169.706953836787	58625.803784812
3	5647	173059.123580482039	58266.897218162
3	5651	173444.723701810222	58658.240890273
3	5665	174209.893965216535	58640.744282417
3	5678	174848.307302257228	60230.070122145
3	5698	175615.96778874075	60639.177469044
3	5702	175765.991234339956	59388.241300406
3	5734	176744.856554332879	59756.185656583
3	5741	177040.430820629183	60535.336779419
3	5809	179323.31506196199	61460.987932806
3	5813	179927.83091345634	62178.414842702
3	5845	180811.947340730337	63679.890108553
3	5852	180906.240547726114	63726.559598849
3	5890	182292.025752745752	63414.895723386
3	5953	183564.71513110045	63502.348175262
3	6001	185377.587962083279	65174.555071947
3	6005	185390.708879724329	65782.644761083
3	6022	186412.399038307552	65368.011040041
3	6032	186954.785773174598	65383.703157213
3	6058	187470.975573713143	65589.405456348
3	6071	187968.668250309064	66616.240936836
3	6089	188599.101196953787	65525.810915669
3	6128	189701.540210952742	66725.318606267
3	6170	190708.588596813564	67143.075906771
3	6194	191177.149254183976	68232.769349815
3	6230	191902.801151012762	69153.362797353
3	6259	192794.055465523337	68697.103896868
3	6278	193110.817578758804	68926.665649728
3	6298	193865.660641201024	69973.285416173
3	6305	194286.369216961546	69520.774805841
3	6320	194883.253246739691	69263.482201497
3	6355	195964.788371993413	70017.533232919
3	6364	196114.728348718716	69603.390404632
3	6373	196445.24574331729	69446.23816075
3	6377	196509.131877541726	68752.270784309
3	6487	199902.814831089413	71129.095718023
3	6520	200691.410778488725	71192.203791377
3	6572	202053.711383973942	71725.510400223
3	6610	203104.262306679224	72175.666691324
3	6646	204047.014834273369	72621.345527131
3	6656	204392.388472322559	72858.49057879
3	6665	204849.667823527193	72157.99598649
3	6686	205680.422287842021	73455.071757261
3	6721	206691.902834221906	74374.571070552
3	6731	207147.641740690679	74857.270388497
3	6769	208217.347037809155	75369.293230351
3	6773	208425.829999901117	75459.633840602
3	6814	209875.719967734254	75236.70695445
3	6829	210611.930716696889	77058.395372403
3	6908	212673.34934387146	77530.818380912
3	6932	213410.396114939586	78513.095718717
3	6975	214176.470272055082	79593.611778224
3	7043	216329.683661757224	79121.387337678
3	7066	217138.52707949257	80007.610030175
3	7070	217582.019601928257	81271.438492405
3	7111	218792.911722052605	82087.158940982
3	7126	219013.863973904587	81131.003591199
3	7133	219291.94057866721	80616.232983761
3	7159	220561.698683349602	82495.239675201
3	7177	220961.42611251045	80210.097578794
3	7187	221218.977060846748	82306.345587562
3	7228	222685.163768229769	81709.772868348
3	7235	222841.55116906222	82603.35625344
3	7266	223969.109122034349	82639.089482639
3	7282	224391.024743726664	83409.035426752
3	7286	224403.960687562586	83301.466493652
3	7377	226684.160873357393	84301.602777271
3	7394	227217.71869040858	84847.873425194
3	7409	227597.647521633841	84701.491713778
3	7440	228512.110589498417	86018.888314479
3	7447	228931.282010541992	85137.530118148
3	7451	229047.870779035799	86549.418511444
3	7493	230809.570735793747	86273.311075508
3	7539	232211.283727836051	87701.260391828
3	7543	232302.45348643344	86977.95709942
3	7547	232447.249464595453	87494.270416694
3	7568	233365.435428021662	87875.186618007
3	7591	234094.53810510058	88846.875744183
3	7595	234368.730857882411	88558.93126755
3	7612	235246.709374159761	89433.427998301
3	7616	235250.508752071993	90025.640649744
3	7639	235937.418450822817	89693.022894901
3	7643	236131.357936242782	89977.885173232
3	7679	237182.415105130286	90785.643141459
3	7705	238148.323127569818	90815.818718266
3	7747	239167.566429393129	91543.437807481
3	7754	239436.69760181401	91747.975477641
3	7774	240476.32364019584	92172.03048801
3	7783	240536.954704474421	92111.052606916
3	7828	242167.974037898892	93320.542611742
3	7832	242195.6190536709	94163.065871669
3	7872	243763.425947667795	94739.838832553
3	7885	244016.194681402484	95184.730876111
3	7901	244364.898462395879	94594.986337542
3	7919	245015.019754290769	95908.006832939
3	7936	245685.938383152898	94956.941321514
3	7946	245982.838964469494	96134.27200381
3	7958	246655.415956469442	95730.199184173
3	7976	247375.015425977992	96432.516896169
3	8004	248270.032511835681	97656.855051817
3	8008	248302.067618107612	96494.565800363
3	8054	250434.981763919578	98312.046057946
3	8107	252651.184980513718	98161.47143099
3	8111	252813.421174825863	98786.720769677
3	8147	253855.376922961088	99501.565358332
3	8183	254971.696453017878	99238.982268736
3	8215	255966.474662337216	99893.595392275
3	8227	256518.794869424967	100575.45666597
3	8242	256989.330155577275	99679.023985444
3	8249	257437.908358646749	100935.10200742
3	8293	258691.31293331063	101573.55080382
3	8308	259210.690745299446	102153.7688991
3	8312	259348.362097142457	101402.94717015
3	8356	260711.627101532879	102231.18151182
3	8380	261184.609290369048	102295.66088043
3	8387	261370.552068415794	103452.03652477
3	8419	262001.47273497489	103469.81978706
3	8437	262673.944474931571	104059.77447864
3	8470	263665.443660763788	103185.0573086
3	8513	265245.43162243231	104811.12379964
3	8539	266110.059334121838	104773.3829073
3	8597	267959.337834750999	104867.9596074
3	8620	268422.107808532387	105871.59598843
3	8639	268895.795040752504	106334.09199584
3	8678	269871.891073014781	106845.43168666
3	8705	271416.378055948958	107682.63065549
3	8752	272768.089313998584	108626.10498084
3	8759	272906.405466103692	108385.44263061
3	8789	273571.914438231111	109581.65597823
3	8813	274400.482856489484	110634.58306195
3	8830	274766.425667487279	109735.61046222
3	8869	276385.793114963685	111176.47468719
3	8873	276607.080770990074	111068.6597193
4	67	4332.239486163648	2839.2367050424
4	175	7583.092150266956	3282.3265711539
4	248	9397.082870097997	4449.3684493797
4	265	10506.236797886135	4448.0376262742
4	275	10919.643053848039	5364.5751827397
4	479	15769.545648738484	8068.4678927227
4	505	16912.378075195643	8330.9604043559
4	682	21483.429343214001	9547.4435688442
4	733	22678.243049865755	10970.122268888
4	920	30585.490592884068	15924.528108365
4	946	31515.578870454546	16153.631372838
4	950	31524.441208213736	14413.201640243
4	1004	33354.724032765423	16573.174238218
4	1111	36241.333578599786	17326.760640797
4	1132	36596.94621525493	18153.07561177
4	1165	37345.42613229545	18336.899736627
4	1189	38051.919579848816	18212.018346818
4	1358	42856.817207176408	20316.811035708
4	1409	45218.112399734726	21429.243999122
4	1508	47990.068079380064	21037.465878142
4	1549	49724.844018861397	21728.796991833
4	1714	54979.573079932653	22528.477537523
4	1745	56281.783401377245	23159.411326362
4	1838	58937.388078428977	24754.669049558
4	1883	60328.389811178842	25767.878899311
4	1909	61115.783120420003	26063.713100341
4	2036	65514.869903649883	25770.235903299
4	2083	67065.548834147104	26555.550421673
4	2138	68201.440898439088	27520.887184843
4	2237	71986.217477925294	29638.98027959
4	2336	74664.887036008509	29439.60209529
4	2449	77494.974470360378	30835.652354665
4	2527	79484.320932810875	31073.179414384
4	2696	85155.874918184924	33839.796811254
4	2798	88163.57753127602	32839.80917754
4	2852	89361.65935912932	32836.564658794
4	2938	92141.842678382744	35570.069507065
4	2992	94098.38514081965	35464.555934151
4	3043	96150.052619248803	35915.625374553
4	3191	102401.639754630377	37809.983444253
4	3265	105291.931421932009	38439.827862539
4	3341	108295.641644856138	39149.002082457
4	3466	112733.316722323871	40086.302871621
4	3482	113095.1282360481	40664.83105652
4	3579	115674.821757849482	41935.1120588
4	4178	133105.523810393863	50931.095575583
4	4295	136244.896669218495	52411.063006087
4	4310	136661.440261954197	53463.841599562
4	4364	138339.196511719132	53926.795303492
4	4549	143772.822581136778	55419.187508211
4	4662	146076.783492041931	56608.117179715
4	4680	146467.174959283077	56098.57625325
4	4741	148105.027497641921	57655.241215106
4	4832	149882.401250598708	56722.743436806
4	4856	150922.225117672414	57269.856590789
4	4937	153119.17340284934	59576.362586528
4	5186	159835.185410769837	55476.023049677
4	5354	164563.340712038556	54529.041380506
4	5419	165798.819222690294	56333.564240301
4	5467	166888.816357383261	56251.677506285
4	5669	174486.512245561685	58762.955705349
4	5779	177971.747101608422	60846.297075166
4	5789	178379.595490701679	60226.10161019
4	5899	182303.10073252557	63388.04993016
4	5915	182575.226288342608	62977.502790667
4	5966	183904.030300469829	64682.485851138
4	6118	189437.842751050552	67860.816676966
4	6187	191009.328325361198	68283.692066109
4	6392	197106.523368850111	69708.335667382
4	6422	198145.113751197418	69922.099351056
4	6448	198862.497764805516	69235.114802847
4	6452	198914.814805190771	71252.622892675
4	6491	199949.760192202165	70009.898361126
4	6524	200883.436674827894	71486.234557931
4	6565	201954.792631881495	72411.144592177
4	6634	203855.08600349328	73186.727879359
4	6797	209387.864981813542	75192.769853518
4	6842	210863.627018805779	75841.409634541
4	6863	211635.334874985502	77328.245157013
4	6901	212600.03159593623	77794.961097823
4	6988	214578.893542427332	78387.32654031
4	6992	214689.145372880809	78583.765966649
4	7027	215627.46967064938	79488.544214608
4	7202	221906.816848514365	81575.429065987
4	7318	225298.330446330593	83539.575982712
4	7328	225587.023162998446	83438.756461425
4	7384	227043.509841670976	83995.922391089
4	7486	230602.169065017017	86661.45795681
4	7522	231810.037674883144	87299.195345382
4	7720	238605.999048415335	92041.480095211
4	7805	241346.011163599977	92664.018560705
4	8026	249062.164993209954	97495.034459977
4	8033	249152.668293479593	97610.380630429
4	8050	250146.558538804021	97541.765646237
4	8071	251443.888421131061	97657.660890236
4	8075	251678.720167901557	98085.71101192
4	8137	253098.6968287902	99552.214617189
4	8164	254374.346786204916	99138.977560084
4	8278	258415.198099238991	102085.12754094
4	8450	263072.759075964062	103535.19751115
4	8474	263822.496301232099	102737.09481448
4	8509	265212.741923367798	103415.50276899
4	8557	266759.839483832706	105141.63479095
4	8561	266906.083443796456	104370.64347859
4	8668	269444.57697852305	105839.15889051
4	8698	271011.340982548658	107373.89328746
4	8748	272738.152692437366	107800.66624875
4	8834	274927.938029447336	109411.47456109

