version 2
run Iteration-28-20200521-09:52:24-54716
attr configname Iteration
attr datetime 20200521-09:52:24
attr experiment Iteration
attr inifile omnetpp.ini
attr iterationvars "$i=3, $j=4, $0=15-(3+4)"
attr iterationvarsf i=3,j=4,15-(3+4)-
attr measurement "$i=3, $j=4, $0=15-(3+4)"
attr network Network
attr processid 54716
attr repetition 0
attr replication #0
attr resultdir results
attr runnumber 28
attr seedset 28
itervar i 3
itervar j 4
param **.resourcePool.amount 3
param **.resourcePool1.amount 4
param **.resourcePool2.amount 15-(3+4)
param **.source.interArrivalTime exponential(6min)
param **.delay.delay uniform(4min,28min)
param **.delay1.delay uniform(10min,28min)
param **.delay2.delay uniform(4min,16min)
param **.allocate.resourceModuleName "\"Network.resourcePool\""
param **.allocate1.resourceModuleName "\"Network.resourcePool1\""
param **.allocate2.resourceModuleName "\"Network.resourcePool2\""
param **.deallocate.resourceModuleName "\"Network.resourcePool\""
param **.deallocate1.resourceModuleName "\"Network.resourcePool1\""
param **.deallocate2.resourceModuleName "\"Network.resourcePool2\""
param **.router.randomGateIndex "uniform(0, 1) > 0.2 ? 0 : 1"

vector 0 Network.allocate queueLength:vector ETV
attr interpolationmode sample-hold
attr title "queue length, vector"
vector 1 Network.allocate1 queueLength:vector ETV
attr interpolationmode sample-hold
attr title "queue length, vector"
vector 2 Network.allocate2 queueLength:vector ETV
attr interpolationmode sample-hold
attr title "queue length, vector"
vector 3 Network.sinkStat lifeTime:vector ETV
attr interpolationmode none
attr title "lifetime of arrived jobs, vector"
attr unit s
vector 4 Network.sink lifeTime:vector ETV
attr interpolationmode none
attr title "lifetime of arrived jobs, vector"
attr unit s
0	0	0	0
0	11	724.379140674689	1
0	13	906.521475825167	2
0	15	957.435827478296	1
0	20	1453.754551566329	2
0	22	1461.551940889987	3
0	24	1472.320047866823	2
0	29	1518.232405375543	1
0	34	1534.178674689054	2
0	36	1649.280908330805	1
0	45	2160.628806368738	2
0	47	2413.976917963745	1
0	60	2956.877482481725	2
0	62	2966.492122534009	3
0	68	3104.126182090345	2
0	77	3306.548302471168	1
0	82	3366.759085564845	2
0	84	3432.225124255086	3
0	86	3708.117163404627	4
0	96	3889.278514478447	5
0	106	3969.873401224144	4
0	111	4051.921857062997	3
0	116	4182.54470325916	4
0	118	4480.061422491954	5
0	120	4498.104570809606	4
0	129	4666.90012429639	5
0	135	4828.45251467032	4
0	144	4866.764272464239	5
0	150	5401.895361292119	6
0	160	5460.141259461054	7
0	162	5487.221797619285	6
0	167	5497.770529242384	7
0	173	5525.096339898695	8
0	183	5738.465326831348	9
0	185	5751.978785702356	10
0	187	5808.601458739369	11
0	189	5934.58373517156	10
0	194	5952.694971225687	9
0	199	6077.516177059216	10
0	221	6482.218022190352	11
0	223	6866.403072465365	12
0	229	7102.632665287973	11
0	238	7276.57474309564	10
0	243	7318.465250022241	9
0	256	7643.677601143249	8
0	261	7730.191487322853	9
0	267	8284.646326716844	8
0	276	8428.689846944334	7
0	285	8544.236879756633	8
0	291	8757.817851159576	7
0	300	8786.809268258043	6
0	313	9062.930914374372	7
0	319	9193.059487168609	8
0	321	9212.539161697753	9
0	323	9222.864048186544	8
0	327	9253.203310965848	9
0	338	9522.838893201057	8
0	343	9628.746298168125	7
0	347	9656.381442127224	8
0	353	9896.764166451989	9
0	360	9940.649914368518	8
0	377	10331.35261795778	9
0	387	10590.663919560142	8
0	400	11024.061991911236	7
0	405	11064.320778995283	6
0	417	11304.610105220499	5
0	431	11334.457386251394	4
0	440	11507.347385329334	5
0	454	12008.296661783878	6
0	456	12050.531477372948	5
0	473	12311.76239806189	6
0	475	12313.106886110731	5
0	480	12341.224948156896	4
0	485	12357.551146289256	5
0	491	12488.260227236519	6
0	509	12800.5525703764	5
0	518	13026.02249919732	6
0	520	13478.69236784828	5
0	529	13550.39854195327	4
0	538	13643.600674571038	5
0	544	13779.611744582184	4
0	549	13845.038078160888	5
0	567	14340.665193836991	4
0	580	14941.714015136988	5
0	586	15092.083724912527	4
0	591	15114.895822330806	5
0	593	15133.095420453552	4
0	602	15325.791686970174	5
0	604	15335.186499468513	4
0	609	15421.389381145142	5
0	615	15518.97726133626	6
0	617	15559.219013098216	7
0	623	15639.065538201336	6
0	632	15751.966812592074	7
0	638	15912.046891533519	8
0	640	16095.555450580545	7
0	645	16239.49926975024	6
0	653	16506.751172563574	7
0	655	16525.999964352968	6
0	663	16600.099512909891	7
0	670	16735.577623475198	6
0	679	16967.18725424213	5
0	683	17007.565376343752	6
0	685	17173.109022308367	7
0	687	17202.304593711527	8
0	702	17425.7041501126	9
0	713	17747.407098486551	8
0	718	17766.897934310795	9
0	720	17809.15627597672	8
0	724	17843.072056819999	9
0	735	18005.488206283563	10
0	745	18141.19369097412	9
0	766	18744.915824745121	8
0	779	18924.173881560096	7
0	792	19304.633372238683	8
0	794	19415.286896791164	7
0	803	19669.81082162072	8
0	809	19745.280595780563	9
0	811	19821.921185627112	8
0	820	20060.163948152485	7
0	833	20258.766663897221	8
0	839	20300.207156170015	7
0	844	20341.886863928042	8
0	846	20394.299290172042	9
0	852	20601.51813871068	8
0	861	20995.785280428359	7
0	874	21130.418035503332	6
0	879	21268.719822999087	7
0	893	21658.282776799324	6
0	898	21793.401029911625	7
0	916	22208.954050726721	6
0	921	22368.978144382154	7
0	927	22413.792003663612	8
0	929	22432.423495542113	7
0	942	22606.417477962381	8
0	944	22686.180441744093	9
0	958	23281.671910051528	8
0	967	23356.37357416357	9
0	969	23453.552917939047	10
0	975	23513.45615209172	11
0	977	23530.890907036794	12
0	979	23554.298234921225	13
0	981	23587.654416586617	14
0	983	23642.429235098425	15
0	985	23672.624553218016	14
0	994	23947.68891632915	13
0	999	23954.401205409405	14
0	1005	24098.963652993645	15
0	1007	24243.534574880728	14
0	1012	24297.924841877091	15
0	1022	24545.52030984488	16
0	1028	24938.156308036569	15
0	1033	25308.821154697178	16
0	1039	25360.310660739274	17
0	1041	25420.932451452916	16
0	1046	25451.640350025419	15
0	1055	25498.561058598529	16
0	1057	25771.34544528974	15
0	1066	25836.764168878014	16
0	1068	26068.511430397162	15
0	1072	26144.454507648185	16
0	1083	26350.775745497092	17
0	1085	26355.653587717835	16
0	1094	26393.507861349588	15
0	1107	26724.420945085117	14
0	1115	26867.513539742951	13
0	1128	27175.314478230004	12
0	1137	27369.131874509509	13
0	1148	27560.367102771529	12
0	1152	27573.693600263303	11
0	1156	27748.894844301496	12
0	1158	27862.207838236704	13
0	1165	27952.825081910794	12
0	1183	28094.904518223717	13
0	1193	28353.643841258713	12
0	1197	28421.07783445507	13
0	1204	28491.327377161171	14
0	1206	28581.992704186861	13
0	1231	28863.59189267312	14
0	1241	29094.392825279657	13
0	1258	29479.77579471082	12
0	1263	29677.083416563718	13
0	1265	29768.377531133124	12
0	1269	29771.299435464373	13
0	1271	29797.997956909612	14
0	1278	29875.316310267752	13
0	1282	29963.570172328774	12
0	1291	30020.272706775198	13
0	1293	30184.155267035838	14
0	1295	30193.238364877241	15
0	1297	30334.617618023881	14
0	1315	30746.471680162962	15
0	1333	31189.999413605636	14
0	1342	31405.773234766249	13
0	1347	31526.501732430884	12
0	1360	31780.641613993381	13
0	1366	31956.436302028128	12
0	1374	32268.822087265702	13
0	1376	32272.178872514789	12
0	1390	32349.55710381146	13
0	1392	32562.353647061365	14
0	1394	32622.529703381341	15
0	1400	32794.696368019885	14
0	1405	32862.950844010376	15
0	1419	33131.197286586037	16
0	1425	33304.021648283905	15
0	1434	33603.685421533414	14
0	1443	33882.1457497294	13
0	1460	34081.949736976979	14
0	1462	34126.23205342893	15
0	1468	34353.427302863722	14
0	1481	34557.127467807697	15
0	1483	34622.829198166259	14
0	1492	34829.991013560301	13
0	1501	35227.222588806875	12
0	1510	35379.913249824469	11
0	1514	35524.829716858567	12
0	1516	35559.566322391739	13
0	1518	35571.880461729851	14
0	1520	35678.147026900059	13
0	1533	35760.66710282309	14
0	1548	36088.780576996036	13
0	1557	36202.271642077987	12
0	1562	36234.409204473194	13
0	1564	36281.002301428324	12
0	1577	36375.908213420651	13
0	1583	36611.760214570767	12
0	1600	36816.343461479492	13
0	1610	36993.154158655827	12
0	1619	37097.207377201346	13
0	1625	37236.451058898394	12
0	1638	37571.77760145468	11
0	1643	37651.820081346476	12
0	1645	37660.142323192066	11
0	1649	37700.147041268178	10
0	1675	38178.300942526347	11
0	1681	38364.670166837967	12
0	1683	38509.015509709247	11
0	1708	38783.948853727287	10
0	1717	39011.162856080039	11
0	1719	39100.305127575214	12
0	1721	39145.340587411349	11
0	1730	39328.358758190459	12
0	1736	39416.316918382334	13
0	1738	39637.860677502581	12
0	1751	40168.559237867125	11
0	1760	40208.384317707544	10
0	1765	40231.601692915448	11
0	1767	40247.653592269725	10
0	1771	40526.453029035123	11
0	1786	40704.424612033929	12
0	1796	40953.230913526537	13
0	1798	41051.271681487092	12
0	1803	41288.997325250998	13
0	1809	41379.785674394926	14
0	1815	41646.262468422	15
0	1817	41749.097429405755	14
0	1826	41828.356788743561	13
0	1831	41952.51925504422	14
0	1845	42375.60523003293	13
0	1850	42465.451851927544	14
0	1856	42511.82951897741	13
0	1861	42532.208597349608	14
0	1871	42841.367451477653	13
0	1876	42909.668961826986	12
0	1880	43086.761432587633	11
0	1889	43258.652233024806	12
0	1904	43663.261262912577	11
0	1913	43834.380544721613	10
0	1918	44009.391353611547	11
0	1920	44047.852131148365	12
0	1922	44058.846274841434	11
0	1930	44096.067050801693	12
0	1945	44345.165824442635	11
0	1957	44568.278824406199	12
0	1959	44577.569984312958	11
0	1963	44595.472479691095	12
0	1965	44653.305460240966	11
0	1969	44699.135669634658	12
0	1998	45607.418723664711	11
0	2007	45695.763794691877	12
0	2009	45792.22232973534	13
0	2027	45962.856779325611	12
0	2036	46069.541974827551	13
0	2038	46132.313197627197	12
0	2043	46267.77732207281	11
0	2052	46386.713660617691	12
0	2062	46658.433996969467	13
0	2072	47075.457443209037	14
0	2074	47125.405523780591	13
0	2079	47329.687342501745	14
0	2085	47558.854142244763	13
0	2090	47585.385036718375	12
0	2099	47718.215139992069	11
0	2103	47859.940380371835	12
0	2114	48046.98487542523	11
0	2119	48198.22946376846	12
0	2121	48205.022779616049	13
0	2123	48211.557813327617	12
0	2131	48266.366967841627	13
0	2133	48307.345762363513	14
0	2143	48772.080403704471	13
0	2161	49281.509854234289	12
0	2178	49626.314084130772	13
0	2184	49720.02592571438	12
0	2193	50154.701750017237	11
0	2206	50285.281018082327	10
0	2210	50350.782637350962	11
0	2237	51223.359930630631	10
0	2242	51252.293417848589	11
0	2244	51260.115648377794	12
0	2246	51307.089187156684	11
0	2251	51504.184036041501	12
0	2261	51640.430217086803	11
0	2266	51758.573756877608	10
0	2275	52021.025108955335	9
0	2279	52055.871716660542	10
0	2294	52595.045791430973	11
0	2296	52626.972667615647	12
0	2298	52675.835877064473	11
0	2303	52741.179298689575	12
0	2305	52907.615718035732	13
0	2307	52928.082334270793	14
0	2309	52971.757314390969	13
0	2313	52973.370255556233	12
0	2326	53050.073731175863	13
0	2337	53465.644861720037	12
0	2346	53672.407878789908	11
0	2354	53740.724167440362	10
0	2372	54036.710743289364	11
0	2390	54323.376577299364	10
0	2395	54333.583801578588	9
0	2400	54487.837692411882	10
0	2402	54572.178972725101	9
0	2419	54787.93551716907	8
0	2432	54996.455216244424	9
0	2434	55055.156290087707	8
0	2447	55367.353737021928	9
0	2453	55463.450648401208	8
0	2462	55878.139471759842	9
0	2476	56130.013097391976	10
0	2478	56158.861298762463	11
0	2480	56211.039875447285	10
0	2493	56402.107896398611	9
0	2498	56402.180745377163	10
0	2508	56620.340436063242	9
0	2513	56668.218192900666	10
0	2515	56669.562521469115	11
0	2525	56888.066313866384	10
0	2530	56988.970921699233	9
0	2543	57475.347056984437	8
0	2556	57744.000170667	7
0	2561	57764.006036125172	8
0	2563	57869.127978048754	7
0	2571	58011.387760088249	8
0	2586	58174.302717078335	7
0	2603	58752.724199284144	6
0	2620	59084.977755684185	7
0	2630	59276.143656045296	8
0	2636	59401.078074983788	7
0	2641	59415.018322471387	6
0	2646	59438.491832714804	5
0	2659	59863.260608970218	6
0	2661	60093.158589977629	5
0	2670	60217.552759762142	6
0	2676	60436.584586266704	5
0	2681	60470.275521430976	4
0	2706	60921.105765592165	3
0	2711	61062.584692090285	2
0	2716	61087.00905505059	3
0	2718	61149.456668846799	4
0	2720	61281.641590937339	5
0	2722	61423.758289877601	4
0	2743	61675.882126526419	5
0	2749	61757.070878241023	6
0	2755	61999.2669782466	7
0	2757	62000.260039497025	6
0	2774	62485.418197884691	5
0	2779	62500.701171978934	6
0	2789	62801.780171560041	7
0	2791	62808.390533752929	8
0	2801	63095.783518877156	7
0	2806	63143.566908169396	6
0	2823	63638.728807977867	5
0	2828	63747.573508913619	6
0	2842	64217.559432263528	7
0	2844	64311.915920589395	6
0	2853	64421.49923068153	7
0	2859	64709.270897264558	8
0	2861	64762.469047386058	7
0	2874	65049.042675297983	6
0	2879	65065.66006769366	7
0	2881	65078.571417745062	6
0	2890	65246.882269869848	7
0	2896	65271.540193818045	6
0	2901	65412.553037356861	5
0	2905	65516.269576556761	6
0	2907	65765.931423522856	7
0	2909	65887.009326677665	8
0	2911	65984.390657176391	9
0	2926	66521.024611171611	8
0	2931	66598.413149457284	7
0	2952	66816.889960914386	6
0	2957	67057.340872574874	5
0	2970	67104.440678993825	6
0	2972	67149.323730892969	7
0	2974	67232.97682371349	6
0	2982	67341.173322721852	5
0	2986	67361.178106454792	6
0	2988	67382.112720043985	7
0	2990	67828.938283004549	8
0	2997	67992.307029080397	9
0	3004	68116.09552514069	10
0	3014	68227.163288566837	11
0	3016	68231.991931338955	12
0	3026	68499.436559987071	13
0	3028	68508.496056039163	12
0	3033	68575.239385962023	11
0	3038	68647.392716380484	12
0	3044	68774.023391123721	11
0	3048	69095.709003382436	12
0	3050	69140.120494054701	13
0	3056	69277.192739417969	14
0	3067	69408.897561248252	13
0	3072	69451.001650889032	14
0	3078	69533.264331192894	15
0	3080	69607.596544073273	16
0	3090	69802.425434216394	15
0	3107	70137.200386911175	16
0	3109	70157.005063433477	15
0	3118	70368.532797023191	14
0	3123	70497.394962821433	13
0	3127	70501.634935617988	14
0	3133	70727.665536481747	13
0	3142	71100.594135666247	14
0	3144	71113.997850673873	15
0	3146	71142.648882519731	14
0	3150	71193.024793568859	13
0	3163	71352.647200583853	14
0	3170	71421.911596197912	13
0	3179	71776.061487201462	12
0	3183	71887.652998081877	11
0	3200	72101.633228089938	10
0	3208	72359.596449023446	11
0	3214	72755.883586284051	10
0	3218	72781.740494138588	11
0	3220	72825.045212506785	10
0	3239	73078.479575257609	9
0	3243	73235.853941951225	8
0	3252	73388.591684116594	9
0	3266	73804.154384532029	10
0	3268	73841.091132055829	9
0	3272	73939.619566637508	10
0	3279	73975.580556828807	9
0	3292	74226.453978679611	8
0	3310	74482.894862931083	7
0	3318	74755.074462619607	8
0	3320	74805.215732547968	9
0	3326	75134.777789098013	10
0	3328	75149.285674951507	9
0	3332	75208.099560599992	10
0	3334	75213.322933729599	9
0	3347	75383.104478401202	10
0	3354	75465.338059610682	11
0	3361	75612.896294955443	10
0	3365	75691.240714207624	11
0	3393	76518.624451122715	10
0	3411	76664.929374184738	9
0	3415	76730.772547846209	10
0	3417	76790.15949208648	9
0	3421	76829.099699843594	10
0	3445	77653.800173666189	9
0	3454	77909.337775993997	10
0	3460	77963.058122958849	9
0	3468	78036.694095086585	8
0	3472	78053.635214490116	9
0	3474	78136.027739365884	10
0	3476	78175.112982391848	9
0	3485	78538.580770220886	8
0	3508	79290.049508292089	7
0	3512	79299.417963277827	6
0	3516	79358.089307577044	7
0	3526	79492.137469797864	6
0	3544	79638.488861250264	7
0	3546	79716.438880955055	8
0	3548	79741.142360485025	9
0	3550	79752.414291831615	10
0	3552	79808.956515525432	11
0	3554	79866.639026206265	10
0	3558	79917.408485155414	9
0	3566	80055.872816703751	8
0	3579	80245.212524224351	7
0	3587	80480.451462174414	8
0	3589	80520.259349791851	9
0	3591	80561.507664374159	10
0	3593	80637.602264609466	9
0	3607	80834.822722974791	10
0	3609	80843.828897293519	9
0	3613	81006.242034755046	10
0	3620	81308.764521143868	9
0	3624	81414.832577694486	8
0	3636	81458.022860222585	9
0	3647	81624.374525167166	10
0	3649	81682.145001168641	11
0	3651	81706.491747833326	10
0	3655	81817.933943074475	9
0	3674	82301.43184367926	8
0	3678	82357.265320659188	9
0	3685	82391.322826313963	10
0	3695	82571.815613080446	11
0	3705	82760.585477862786	10
0	3713	82864.425368685137	9
0	3722	83025.453196864854	8
0	3726	83055.108467196124	9
0	3728	83141.919176800712	10
0	3730	83166.626132912472	9
0	3734	83503.266644295167	8
0	3752	83772.663123905197	7
0	3761	83958.04670017295	8
0	3768	84181.866063078726	9
0	3778	84307.331454333197	8
0	3786	84575.89861146016	7
0	3795	84753.412061184183	6
0	3813	85152.951902937006	5
0	3817	85230.251886896715	6
0	3819	85233.850768551726	7
0	3821	85248.401954535674	6
0	3825	85317.948060735094	7
0	3840	85562.015687890841	8
0	3842	85584.081284332882	7
0	3850	85727.900073292614	8
0	3852	85837.581774842273	7
0	3856	85879.473553872625	8
0	3867	86277.380275329676	9
0	3879	86406.052972338632	8
0	3888	86470.562495481084	7
0	3892	86715.665003511916	6
0	3900	87030.198037610323	7
0	3924	87342.944880486756	8
0	3926	87384.838308654264	7
0	3930	87511.149786662589	6
0	3939	87568.20962310196	5
0	3947	87624.8123339326	6
0	3954	87887.08572237594	5
0	3962	88291.560684740082	4
0	3974	88399.777732853125	3
0	3998	89138.595148589323	2
0	4002	89206.562016260158	1
0	4010	89549.610220127543	2
0	4025	89647.455362173906	3
0	4036	89705.478670600663	2
0	4040	89710.297408289746	1
0	4049	90015.691971916985	0
0	4057	90026.347937575144	1
0	4063	90346.362887995663	2
0	4070	90574.250478710841	1
0	4083	90729.92203227086	0
0	4117	91312.013312522884	1
0	4128	91665.512238807142	2
0	4139	91964.035526670599	3
0	4141	91970.066382364083	4
0	4143	92060.818621393573	3
0	4147	92064.105621891394	2
0	4164	92395.738367013061	1
0	4173	92442.853530442894	2
0	4175	92544.722043972742	1
0	4192	93171.107708270028	0
0	4201	93263.307001455359	1
0	4221	93642.935966344848	0
0	4273	94853.714386186152	1
0	4275	94855.447149153195	2
0	4277	94905.265053086848	3
0	4283	94984.702978853958	2
0	4287	95052.499466331974	1
0	4291	95139.892486545047	2
0	4302	95602.661200002897	3
0	4319	95836.000513073879	2
0	4323	95908.676671709828	3
0	4325	95930.346584162783	4
0	4331	96082.3036130677	5
0	4333	96200.709462050946	4
0	4346	96329.788140655411	5
0	4361	96475.225298533515	4
0	4365	96553.709146861584	3
0	4374	96708.903379652703	4
0	4393	97150.244117353934	3
0	4397	97166.645306922519	4
0	4412	97301.450223062785	3
0	4425	97708.541714460186	4
0	4431	97831.793210847166	5
0	4437	97983.079846327084	4
0	4446	98126.055911051408	3
0	4451	98156.075877975587	4
0	4457	98183.236467723401	3
0	4466	98600.525751833695	2
0	4475	98788.927005489023	1
0	4492	99090.43303744711	0
0	4512	99356.638102030525	1
0	4514	99434.327642832848	2
0	4516	99456.207590939775	1
0	4524	99488.313703889482	2
0	4534	99680.333200751987	1
0	4538	99853.416865634099	0
0	4583	100946.539688575019	1
0	4597	101147.752440858243	2
0	4599	101149.483780578309	1
0	4608	101304.720103347973	0
0	4625	101973.641722471119	1
0	4631	101985.703498451831	2
0	4637	102166.022593954116	3
0	4643	102282.662376553351	2
0	4652	102444.412573906929	1
0	4657	102717.427164169113	2
0	4663	102877.294144759254	1
0	4668	102895.078645550333	2
0	4670	103050.502091604621	1
0	4691	103502.792345934147	0
0	4799	105872.365192152859	1
0	4805	106213.45780109758	2
0	4807	106273.463046800472	1
0	4812	106397.081678471633	0
0	4817	106427.085929224092	1
0	4819	106483.430329839171	2
0	4821	106613.898297868274	1
0	4830	107174.09025768861	2
0	4832	107290.905779259518	3
0	4846	107760.39932767687	2
0	4851	107867.787376030885	1
0	4856	108003.795310742327	0
0	4899	108928.790455211076	1
0	4905	109056.736065298834	2
0	4911	109330.85670470178	3
0	4917	109406.662316754005	2
0	4922	109432.361067447938	1
0	4931	109692.352201364479	0
0	4993	111405.276624757937	1
0	4995	111478.636743184976	0
0	5012	111848.144769236854	1
0	5018	112140.419396586543	0
0	5023	112145.659822269114	1
0	5025	112173.402529378287	0
0	5252	121543.343842157591	1
0	5258	121714.852715906741	2
0	5260	121926.099772591549	1
0	5269	122178.978583737497	0
0	5285	122577.850004155437	1
0	5287	122594.19547650892	0
0	5291	122634.974748481448	1
0	5298	122922.101287165221	2
0	5308	123167.93815805431	1
0	5325	123495.105570661701	0
0	5330	123660.516167293917	1
0	5336	123966.605040202714	0
0	5349	124197.075307965036	1
0	5355	124266.592936440592	0
0	5360	124384.9326745649	1
0	5370	124622.683830967141	2
0	5380	124799.594571088759	3
0	5382	124823.264828127283	2
0	5399	125467.253393488802	1
0	5408	125643.358295410161	0
0	5428	125915.949207095151	1
0	5434	126349.459927443821	0
0	5458	127012.183235806679	1
0	5468	127142.631945162301	0
0	5496	127769.637002069328	1
0	5502	127872.249634251434	2
0	5504	128179.409094220149	3
0	5510	128296.037202271591	2
0	5515	128359.262372569276	3
0	5517	128402.55475332816	4
0	5523	128647.450119591539	3
0	5528	128674.231006117635	4
0	5530	128746.74554100942	5
0	5540	129392.526888492535	4
0	5545	129506.354611813312	3
0	5550	129518.728510659007	4
0	5556	129533.883744570385	3
0	5565	129994.929864796828	2
0	5578	130280.462097878586	1
0	5583	130286.151360138287	2
0	5589	130357.538963579411	3
0	5599	130674.722980371898	2
0	5604	130742.226078080963	1
0	5609	130823.01480964682	2
0	5627	131066.990775163462	3
0	5629	131074.853673967551	2
0	5638	131182.116613517474	1
0	5642	131303.00564698804	0
0	5657	131656.997358419126	1
0	5668	132188.903708921625	2
0	5675	132531.77692523976	3
0	5677	132557.294622458044	4
0	5695	132660.057247978065	3
0	5700	132667.352471518349	2
0	5709	132976.097266636079	1
0	5722	133260.959556158187	2
0	5724	133392.853798101675	1
0	5733	133453.3052926876	0
0	5741	133581.631069782641	1
0	5748	133758.813024863056	2
0	5758	133921.318033730802	3
0	5760	134071.189292397711	2
0	5773	134217.008640519918	3
0	5783	134445.467288158124	2
0	5788	134545.787163021207	3
0	5794	134680.133429048981	4
0	5796	134701.812790463698	3
0	5817	135206.466676358495	2
0	5830	135748.52810374311	1
0	5843	136052.816962274582	2
0	5845	136065.054203382915	1
0	5850	136065.08342465873	2
0	5852	136223.569259421926	3
0	5854	136226.358328224164	4
0	5856	136262.088508251143	3
0	5865	136445.898153171504	4
0	5871	136575.377338918877	3
0	5876	136635.792376760755	2
0	5885	136770.111219878939	3
0	5887	136799.644021204895	2
0	5895	136926.965260532115	1
0	5908	137210.356141053929	2
0	5910	137260.186340425525	1
0	5928	137630.954541444716	2
0	5934	137944.033903240261	3
0	5940	138028.624074774814	2
0	5953	138170.472877669258	3
0	5955	138263.900720811671	2
0	5964	138508.617199560855	3
0	5974	138718.820736322914	2
0	5979	138853.515988291601	3
0	5985	139039.074694744634	4
0	5991	139300.60870522542	3
0	6000	139405.43994771019	4
0	6002	139422.00674276728	3
0	6007	139432.626130905364	2
0	6016	139738.877364982347	3
0	6038	140395.885005213547	4
0	6040	140546.517571051035	3
0	6049	140639.810887115065	4
0	6055	140749.200782737916	3
0	6064	140764.44224713279	2
0	6069	140780.662654326381	3
0	6075	141190.170631129857	4
0	6085	141732.125627827055	5
0	6095	141902.35825454725	4
0	6100	141906.177285526309	3
0	6105	142006.039477437025	2
0	6110	142033.127972160793	3
0	6116	142167.282121847616	4
0	6118	142260.156933008468	5
0	6120	142285.199804444227	4
0	6124	142376.054212450272	3
0	6133	142577.032244842108	4
0	6148	142848.550678755275	5
0	6150	142927.157896661794	6
0	6168	143345.797133472178	5
0	6177	143550.783602631873	4
0	6186	143579.027401897144	3
0	6191	143646.34631554446	2
0	6196	143830.269970297104	1
0	6204	143978.510804261983	2
0	6214	144460.517210834006	3
0	6221	144662.576586120454	4
0	6223	144788.270070645046	3
0	6236	145004.505527912861	2
0	6241	145048.514981706057	1
0	6266	145583.787516121183	0
0	6271	145661.304818782889	1
0	6277	145681.270989906924	2
0	6291	146276.059291660076	1
0	6300	146351.424995641243	0
0	6324	146996.022002016454	1
0	6330	147066.196511517298	0
0	6335	147191.772915129022	1
0	6337	147313.722332545279	2
0	6351	147633.415236360615	1
0	6356	147642.272773488527	0
0	6391	148418.823791830183	1
0	6397	148725.641459076887	0
0	6433	149200.88266655627	1
0	6443	149458.039734437352	0
0	6474	150372.469209031131	1
0	6480	150468.261655419355	0
0	6496	150754.64273014236	1
0	6514	151159.366173697125	2
0	6520	151227.689571123105	1
0	6529	151292.323047721869	0
0	6538	151431.667218340649	1
0	6540	151605.510713457351	0
0	6545	151834.122463651282	1
0	6555	151927.689487520421	2
0	6557	152114.703008528703	3
0	6563	152186.894183215094	4
0	6565	152215.513449652044	5
0	6571	152241.938921957498	4
0	6580	152383.012083633984	5
0	6586	152465.562452020234	4
0	6595	152566.658033886466	5
0	6597	152685.635520074051	4
0	6602	152895.066533534843	5
0	6604	152971.816138354803	6
0	6618	153208.81846640585	5
0	6627	153464.856373870856	4
0	6632	153540.89536663837	5
0	6634	153632.944744489377	4
0	6647	153813.309345285874	3
0	6652	153909.377213634479	4
0	6658	154015.139347212546	5
0	6660	154255.10390419839	4
0	6668	154476.321648599691	3
0	6677	154963.83792324577	4
0	6684	155038.398691899365	3
0	6697	155199.156521799154	2
0	6706	155591.35620046336	1
0	6710	155600.50192643283	0
0	6714	155625.681961101809	1
0	6733	155921.86872702021	0
0	6737	155924.450413028808	1
0	6739	155936.643652726096	2
0	6741	156034.138960510511	3
0	6748	156236.243729563691	4
0	6763	156455.339806320257	3
0	6772	156742.104095182604	2
0	6777	156822.653961533792	1
0	6781	157062.545684523155	2
0	6800	157195.323558564764	1
0	6804	157403.243973565362	2
0	6810	157617.038558291383	1
0	6823	157746.899974964747	2
0	6825	157786.942934663885	3
0	6827	157819.050909211469	4
0	6834	157907.840875568662	5
0	6836	157999.801525919921	4
0	6853	158287.476323991305	3
0	6878	158736.391787547447	4
0	6880	158789.880814741832	3
0	6893	159266.249771358557	2
0	6902	159338.767317467036	3
0	6904	159340.976349942505	4
0	6906	159432.942967931243	5
0	6908	159444.385702610701	6
0	6910	159548.544195274003	5
0	6915	159611.739652135633	6
0	6921	159714.495728900608	7
0	6923	159763.888240977413	6
0	6940	160034.221596530861	5
0	6945	160226.425754915458	4
0	6953	160385.600516254194	3
0	6957	160469.482322986183	4
0	6969	160815.44596792735	5
0	6975	160956.78795897806	6
0	6989	161318.192850028276	7
0	6991	161345.86200815414	8
0	6993	161427.326684313007	7
0	6998	161599.579826480932	6
0	7007	161637.507916617674	5
0	7024	162111.256927702111	4
0	7033	162172.820624770547	5
0	7035	162240.129799837319	6
0	7037	162288.474512621052	5
0	7046	162423.582902865596	4
0	7055	162591.378951571352	5
0	7061	162718.481874970087	6
0	7067	162848.559352480297	7
0	7069	162851.725515689236	6
0	7074	162887.855707830089	7
0	7084	163191.061735450513	6
0	7097	163585.135852121887	7
0	7099	163623.979805722125	8
0	7101	163671.591969856984	9
0	7111	163831.961380268964	10
0	7113	163843.784539096874	11
0	7119	163953.796227553971	10
0	7124	163963.853212305776	11
0	7138	164392.134941447061	10
0	7151	164649.473587821343	11
0	7153	164720.700112039335	10
0	7158	164763.775035477466	9
0	7163	164764.127198886577	10
0	7169	165074.549970568721	11
0	7175	165355.232861343306	10
0	7196	165829.015060672372	11
0	7206	166057.657965475805	10
0	7211	166184.279146980029	9
0	7216	166333.049715248043	10
0	7218	166348.418052866346	9
0	7223	166643.458851853497	8
0	7236	166793.821203786415	7
0	7240	166855.575037737986	8
0	7247	167101.021629476901	9
0	7249	167262.987751224295	10
0	7259	167560.431372706302	11
0	7265	167689.799888603027	12
0	7279	167834.444563984162	11
0	7288	168002.873511400598	12
0	7290	168037.664157503912	13
0	7292	168079.688792729862	12
0	7301	168230.515877123604	13
0	7303	168306.75353255449	12
0	7308	168468.701001310833	11
0	7321	168624.129724401991	12
0	7323	168624.295537432361	13
0	7325	168867.035256492086	12
0	7329	169092.720644436068	11
0	7338	169187.482833081201	12
0	7340	169222.32677122403	11
0	7358	169466.435138935336	10
0	7363	169491.411200910098	9
0	7367	169546.462905990826	10
0	7369	169602.184046084868	11
0	7371	169637.640963459023	12
0	7377	169865.285509380979	11
0	7385	169926.506645047677	12
0	7396	170066.275224945363	13
0	7398	170088.187790962744	14
0	7405	170247.300531644782	15
0	7411	170452.716541941332	16
0	7417	170579.523690253712	17
0	7435	170832.829002662785	16
0	7440	170877.843089455852	15
0	7445	170933.835021186156	14
0	7462	171331.728084742295	15
0	7464	171362.015433318907	16
0	7466	171460.330080779383	15
0	7470	171678.389518446512	14
0	7479	172064.786986979411	15
0	7490	172177.670132658252	16
0	7492	172291.411065946801	15
0	7505	172636.750135699401	14
0	7514	172971.563785857744	13
0	7522	173046.721976985858	14
0	7533	173172.80260044805	15
0	7539	173355.066072348042	14
0	7544	173442.763001880832	13
0	7548	173611.102330932536	14
0	7563	174004.966850768312	13
0	7568	174008.129685810339	14
0	7578	174203.988152610252	13
0	7603	174897.35376249928	12
0	7620	175278.271392949033	13
0	7622	175315.63599464294	14
0	7624	175323.845155573673	13
0	7629	175372.463981234849	14
0	7631	175412.703164260372	13
0	7636	175498.528513329218	12
0	7641	175521.375837994234	13
0	7647	175580.971842351872	14
0	7653	175822.625598539138	15
0	7659	176038.372025824375	14
0	7663	176093.182441609095	13
0	7667	176099.449804592286	14
0	7683	176692.034272012062	15
0	7685	176710.814435336276	14
0	7698	177041.933792158253	13
0	7703	177097.277650030445	12
0	7719	177370.694627275855	13
0	7726	177801.501892510339	12
0	7739	177979.050782023866	13
0	7749	178334.413031823225	12
0	7762	178442.314066233229	11
0	7767	178505.949253294154	10
0	7775	178747.926943430793	9
0	7779	179267.484889890536	8
0	7802	179542.183436911442	9
0	7816	179958.937332592197	8
0	7829	180140.939623581362	7
0	7838	180281.786754649211	8
0	7840	180343.580551672264	7
0	7845	180354.464271613145	8
0	7855	180536.133901570522	9
0	7865	181042.855951919367	10
0	7867	181072.68070843	9
0	7888	181652.218233275075	10
0	7890	181654.00985516537	9
0	7899	181814.538502263022	8
0	7904	181828.152713741644	7
0	7917	181959.063406819929	8
0	7919	182161.975058259559	7
0	7924	182245.998851622923	6
0	7933	182627.981572985692	7
0	7943	182749.893612190373	6
0	7948	183018.934384600245	7
0	7950	183044.566222781432	6
0	7971	183493.597189671583	5
0	7976	183524.499316777571	4
0	7980	183663.971723650556	5
0	8003	183975.884508172167	4
0	8012	184159.082680179264	5
0	8014	184379.818877986855	4
0	8035	184796.729099791034	3
0	8040	184799.394218905753	4
0	8046	185002.039472812723	5
0	8048	185127.807349020732	4
0	8061	185201.394534219868	5
0	8063	185219.482891503124	6
0	8069	185360.856859161741	5
0	8074	185365.436431731566	4
0	8078	185405.130217822124	5
0	8080	185451.088033833535	6
0	8087	185671.290314718372	5
0	8104	186195.71072988431	6
0	8110	186405.497822872585	5
0	8119	186614.465391222336	6
0	8125	186710.048904882861	5
0	8130	186724.225241690165	4
0	8135	186745.409726429268	3
0	8156	187310.272533724202	2
0	8161	187324.207452388633	3
0	8167	187443.975979812693	4
0	8173	187507.093899308192	5
0	8175	187610.888985933854	4
0	8179	187642.744520864672	3
0	8183	187700.616144845558	4
0	8194	187889.764151494537	5
0	8196	188028.198492581143	4
0	8205	188288.600307557269	3
0	8218	188576.728580983474	2
0	8232	188800.507074998002	3
0	8238	189058.652302506423	4
0	8244	189090.90715467859	3
0	8252	189328.129217702433	2
0	8260	189351.84077751392	3
0	8267	189548.56047212785	4
0	8269	189648.800202699497	3
0	8291	190339.806833899803	2
0	8308	190810.098179582044	1
0	8317	190940.623307319477	0
0	8321	191016.8266909226	1
0	8328	191122.380320544824	0
0	8459	194875.988610916793	1
0	8461	194887.41818496582	2
0	8463	195215.269537671818	3
0	8465	195322.253009593601	2
0	8470	195384.618942923054	3
0	8480	195527.179720286931	2
0	8485	195536.258574621972	3
0	8487	196014.067643685753	2
0	8492	196028.178304229224	1
0	8497	196092.918050896625	2
0	8503	196362.351369839454	1
0	8520	197100.934516039397	0
0	8624	199784.218273201548	1
0	8626	199911.805120143058	2
0	8628	199975.851861313478	3
0	8634	200164.495449051238	2
0	8643	200389.422152435508	1
0	8648	200627.009821985092	2
0	8650	200668.010018192209	1
0	8655	200716.432002356377	0
0	8660	200773.456518871277	1
0	8666	200874.639760122545	0
0	8928	209920.483241106549	1
0	8930	209935.557157056006	2
0	8936	209973.870086447518	1
0	8941	210056.438348153412	0
0	8964	211153.524051432805	1
0	8974	211241.372504280686	0
0	8979	211375.09642610457	1
0	8981	211691.200295199765	2
0	8987	211874.970032432854	1
0	9000	212071.722127608461	2
0	9002	212127.059088124513	3
0	9004	212141.210488824756	4
0	9010	212175.801378617429	3
0	9019	212297.143463277995	2
0	9024	212336.434102308501	1
0	9028	212352.534729950992	2
0	9034	212438.745314188087	3
0	9041	212768.343939539496	4
0	9043	212810.549880461573	3
0	9047	212917.523904134084	2
0	9060	213167.361703976209	3
0	9067	213590.859538008024	2
0	9080	213801.854879165434	1
0	9084	213869.545189747393	0
0	9098	214262.213735314976	1
0	9104	214275.403636081595	2
0	9106	214344.638305249058	1
0	9122	214526.460268629386	2
0	9129	214592.206082648543	3
0	9131	214651.01955093949	4
0	9133	214690.2296497566	3
0	9137	214840.479250335872	2
0	9141	214872.631723471685	3
0	9143	214903.459550867223	2
0	9147	214989.97387238903	3
0	9159	215222.416117872968	4
0	9170	215477.421043271565	3
0	9174	215486.508420173575	2
0	9191	215932.546096422964	3
0	9210	216443.942480804205	2
0	9227	216830.881155210564	3
0	9229	216890.060883563508	2
0	9238	216994.268023910367	1
0	9251	217307.146778243222	2
0	9253	217507.118124480532	3
0	9259	217716.228693136752	2
0	9272	217853.420537603841	3
0	9274	217891.674863888586	4
0	9276	217930.652249556531	3
0	9285	218150.31578337624	2
0	9294	218275.43179421549	1
0	9302	218393.386822670089	2
0	9317	218933.929652970205	3
0	9331	219304.662338727892	2
0	9340	219403.094082334662	3
0	9342	219449.490394337621	4
0	9348	219530.708696607997	3
0	9353	219552.799178865722	4
0	9363	219830.017389299714	3
0	9368	219910.944804914234	4
0	9370	219935.521353249004	3
0	9379	220240.587257285168	2
0	9384	220479.243885924335	3
0	9386	220681.56249512899	2
0	9390	220827.554817701108	3
0	9405	221095.816326624621	4
0	9407	221099.923067682615	5
0	9409	221386.971470171952	4
0	9414	221395.778769546677	5
0	9416	221395.78427364929	6
0	9426	221524.011032389384	7
0	9432	221598.624025555135	6
0	9437	221682.228801612308	5
0	9458	222152.267971167936	6
0	9460	222168.044863898924	7
0	9470	222613.651335964346	6
0	9475	222681.449091592611	5
0	9484	223134.410690766325	4
0	9497	223216.617279359878	3
0	9514	223820.216995635808	2
0	9519	223843.426336310797	3
0	9521	223974.969387183333	2
0	9534	224271.92413959666	3
0	9536	224295.353550080707	2
0	9549	224733.553474162271	1
0	9558	224925.217201764131	0
0	9594	225932.047834983401	1
0	9596	225949.047002633343	0
0	9646	227101.447721691419	1
0	9664	227223.074962517404	0
0	9669	227225.318316358927	1
0	9671	227331.639864475271	2
0	9673	227339.945723141054	3
0	9679	227423.984330621789	2
0	9688	227522.727416740288	3
0	9694	227738.292023411613	4
0	9696	227793.010458184564	3
0	9701	227856.985937074509	4
0	9707	228246.829691254598	5
0	9721	228442.876355913685	4
0	9726	228598.833681961679	3
0	9735	228784.685790938566	2
0	9756	229166.668919091354	1
0	9761	229239.827999069074	2
0	9763	229305.474025983928	3
0	9765	229427.523664054678	2
0	9769	229497.190214374218	3
0	9771	229660.587078817414	4
0	9773	229784.144404669533	3
0	9782	229945.807782215931	4
0	9784	229993.251951953554	3
0	9793	230043.365844340879	4
0	9795	230056.769133736597	3
0	9804	230273.201852945769	2
0	9812	230449.785533239374	1
0	9816	230591.820736942099	0
0	9833	230961.001100936638	1
0	9839	231150.995756541596	0
0	9924	233327.884221814288	1
0	9930	233398.902486382315	2
0	9932	233414.801398907382	1
0	9937	233491.22349290921	2
0	9939	233618.638174589862	3
0	9961	234124.687923923434	2
0	9966	234189.885400754671	1
0	9975	234231.266542232477	2
0	9977	234251.422817465443	1
0	9986	234494.591247607548	0
0	10068	237261.868986235197	1
0	10078	237481.842633630537	2
0	10080	237691.070605716268	1
0	10085	238126.958947593506	0
0	10112	239126.321050900234	1
0	10114	239180.370200799938	0
0	10127	239457.172231273852	1
0	10129	239609.523032511006	0
0	10229	242294.82821858538	1
0	10235	242399.686209585637	2
0	10237	242448.62849855497	3
0	10239	242464.39813991978	2
0	10244	242503.414841499047	3
0	10246	242657.71264937279	4
0	10248	242857.351427089201	3
0	10253	242880.339350529205	4
0	10255	242913.214853620699	3
0	10260	242960.220840390796	4
0	10262	243070.724736113851	5
0	10268	243196.780318015099	6
0	10270	243506.838383573817	5
0	10275	243566.22296377985	6
0	10277	243590.350675137987	7
0	10279	243698.151506874405	6
0	10300	244217.365343934468	5
0	10309	244503.825454462098	4
0	10314	244516.108647568634	5
0	10328	244850.273158143093	6
0	10338	244999.25758266791	5
0	10343	245083.898899248413	4
0	10348	245241.796558622052	5
0	10358	245558.954877669905	6
0	10360	245622.595769344441	5
0	10365	245735.300855213071	6
0	10379	245868.954879093694	5
0	10388	245905.879109599805	6
0	10394	245953.803139245681	5
0	10399	245960.118210284053	6
0	10401	246147.468706603872	5
0	10406	246285.513509008729	4
0	10410	246287.829603305955	5
0	10412	246417.597056729593	6
0	10423	246704.591018531302	7
0	10433	246805.38307898842	6
0	10438	246888.188110802615	7
0	10452	247087.516138125992	8
0	10454	247171.142547819459	7
0	10463	247333.58336903209	8
0	10469	247491.603013630652	7
0	10474	247598.978181268798	6
0	10479	247599.486109195821	5
0	10504	248001.976334880733	4
0	10509	248096.507061752665	5
0	10511	248178.320594363661	6
0	10513	248341.242761324869	5
0	10517	248392.472488039195	6
0	10523	248529.857247976071	7
0	10529	248737.198556158079	8
0	10536	248973.067020357072	9
0	10538	248983.576698666982	8
0	10542	249005.588512357102	7
0	10556	249090.842587649516	8
0	10562	249348.524954709851	7
0	10575	249557.67449322211	6
0	10583	249618.037198686046	7
0	10594	249828.879109059116	8
0	10596	249934.817622759752	9
0	10598	250123.293714781583	10
0	10600	250180.022535352681	11
0	10602	250282.800822127306	10
0	10619	250363.996077116357	9
0	10624	250633.016648808352	10
0	10630	250699.057883892241	11
0	10632	250756.515455868916	12
0	10638	250920.375264490727	13
0	10640	250957.218155852132	12
0	10653	251301.436960193955	11
0	10658	251408.546245481597	10
0	10666	251568.452656212889	9
0	10684	251834.629570629226	8
0	10689	251922.480648327314	7
0	10701	252015.194087243252	6
0	10705	252143.446016658759	7
0	10707	252144.091366871361	8
0	10717	252476.111553898626	7
0	10731	252653.986380456339	8
0	10738	252709.257709879207	7
0	10742	252799.916936522895	6
0	10746	252876.336747756576	7
0	10753	253158.405522911133	8
0	10768	253365.003494653783	9
0	10774	253464.104109611058	8
0	10783	253533.269053436862	9
0	10801	253886.314046150619	8
0	10806	254178.682825762557	7
0	10823	254548.449560012364	6
0	10832	254703.373888386959	5
0	10841	254757.843297687064	6
0	10847	254856.990065667474	5
0	10856	255047.708238333937	6
0	10858	255061.731165434944	5
0	10867	255523.173948443109	4
0	10888	255720.06370009824	3
0	10893	255784.712919832079	4
0	10895	255868.646052039052	5
0	10897	255915.787656026152	6
0	10903	256001.827148286342	7
0	10905	256123.631639583582	6
0	10913	256240.471219564944	7
0	10928	256429.474770296061	6
0	10933	256433.997116926101	7
0	10939	256608.850720088708	6
0	10948	256809.308520799789	7
0	10950	256872.441847409832	6
0	10954	256926.794471098656	5
0	10976	257232.65777174994	6
0	10978	257299.611520375752	5
0	10991	257814.485441466025	6
0	10997	257944.985348776318	7
0	11007	258442.636099113697	6
0	11012	258490.933979127335	5
0	11025	258640.428993124211	4
0	11034	258809.265446147384	5
0	11044	258985.202898789349	6
0	11046	259511.034218982214	7
0	11056	259698.831357191944	6
0	11061	259719.458413439328	7
0	11063	259764.327454812209	8
0	11069	259870.195707551155	9
0	11071	259882.946248530025	8
0	11076	259944.967186946201	7
0	11080	260105.942087936842	6
0	11098	260271.522892948019	5
0	11102	260283.434396512112	6
0	11108	260658.906715019221	5
0	11112	260690.346330860657	6
0	11114	260726.016029547596	5
0	11123	260804.672170245017	6
0	11125	260828.982581214962	7
0	11127	260885.420075298112	8
0	11138	261110.129391840274	7
0	11147	261201.670153375494	6
0	11168	261637.44707578026	5
0	11172	261815.209989826822	4
0	11176	261969.086389951254	5
0	11197	262402.529286380636	4
0	11201	262464.116749693561	5
0	11216	262706.453702068503	4
0	11229	262917.953844217313	5
0	11231	263046.153252999925	4
0	11239	263128.64646994673	3
0	11257	263518.204241982277	2
0	11265	263724.822906087779	1
0	11283	264047.383850521822	2
0	11297	264459.676569393452	1
0	11306	264666.767373028838	0
0	11326	265175.91899499873	1
0	11328	265216.423780611332	0
0	11627	273579.649504101361	1
0	11645	274149.865675186284	2
0	11647	274265.662976726728	1
0	11652	274285.847345784324	0
0	11657	274585.354810897395	1
0	11663	274610.580204928756	2
0	11665	274612.24994978899	1
0	11670	274667.402421310382	0
0	11675	274748.977859332625	1
0	11681	275103.662603355962	0
0	11700	275527.890934722137	1
0	11707	275817.730336254778	0
0	11724	276156.831850734666	1
0	11726	276181.700740516449	2
0	11732	276416.764054641146	1
0	11737	276450.879001934796	2
0	11759	276926.941685816592	3
0	11761	277013.947408187326	4
0	11763	277047.601370237103	3
0	11768	277146.122474834146	4
1	0	0	0
1	122	4498.104570809606	1
1	124	4600.750235383861	0
1	269	8284.646326716844	1
1	271	8308.04443330862	0
1	278	8428.689846944334	1
1	280	8475.750296301671	0
1	325	9222.864048186544	1
1	329	9370.953809156869	0
1	345	9628.746298168125	1
1	355	9924.444623067506	0
1	362	9940.649914368518	1
1	372	10150.290923941735	0
1	407	11064.320778995283	1
1	419	11304.610105220499	2
1	421	11311.833863066364	1
1	426	11326.491781472691	0
1	433	11334.457386251394	1
1	435	11368.115583788134	0
1	625	15639.065538201336	1
1	627	15677.470316257183	0
1	647	16239.49926975024	1
1	657	16525.999964352968	2
1	665	16655.801265210184	1
1	672	16735.577623475198	2
1	674	16776.774830948092	1
1	681	16967.18725424213	2
1	689	17277.357560790931	1
1	704	17481.674881558396	0
1	722	17809.15627597672	1
1	730	17963.156273647999	0
1	1048	25451.640350025419	1
1	1050	25479.608858529334	0
1	1059	25771.34544528974	1
1	1061	25814.365966654846	0
1	1070	26068.511430397162	1
1	1074	26198.742542675037	0
1	1087	26355.653587717835	1
1	1089	26376.225746864309	0
1	1096	26393.507861349588	1
1	1102	26627.188766369452	0
1	1109	26724.420945085117	1
1	1117	26867.513539742951	2
1	1119	27059.592424667904	1
1	1130	27175.314478230004	2
1	1132	27328.634531719882	1
1	1139	27406.184460896855	0
1	1150	27560.367102771529	1
1	1154	27573.693600263303	2
1	1160	27909.572273561587	1
1	1167	27952.825081910794	2
1	1169	27968.882350110913	1
1	1178	28031.270160678631	0
1	1195	28353.643841258713	1
1	1199	28477.799659788881	0
1	1208	28581.992704186861	1
1	1210	28694.142544459409	0
1	1267	29768.377531133124	1
1	1273	29852.965096508942	0
1	1280	29875.316310267752	1
1	1284	29963.570172328774	2
1	1286	29971.991746880387	1
1	1299	30334.617618023881	2
1	1301	30543.645145314087	1
1	1310	30681.653870333259	0
1	1349	31526.501732430884	1
1	1351	31550.991157533874	0
1	1368	31956.436302028128	1
1	1378	32272.178872514789	2
1	1380	32283.54361959574	1
1	1385	32346.593922850018	0
1	1503	35227.222588806875	1
1	1505	35284.002313966205	0
1	1512	35379.913249824469	1
1	1522	35678.147026900059	2
1	1528	35743.503805769881	1
1	1535	35975.766405183353	0
1	1566	36281.002301428324	1
1	1572	36366.358540484955	0
1	1585	36611.760214570767	1
1	1587	36682.296011177354	0
1	1647	37660.142323192066	1
1	1651	37700.147041268178	2
1	1653	37705.907148968701	1
1	1662	37794.178537119453	0
1	1769	40247.653592269725	1
1	1773	40572.348348488563	0
1	1878	42909.668961826986	1
1	1882	43086.761432587633	2
1	1884	43201.618572201854	1
1	1895	43389.562087928734	0
1	1924	44058.846274841434	1
1	1940	44193.527043180814	0
1	1947	44345.165824442635	1
1	1961	44577.569984312958	2
1	1967	44653.305460240966	3
1	1971	44704.5278093121	2
1	1976	45041.768378511345	1
1	1981	45051.273127835102	0
1	2101	47718.215139992069	1
1	2105	47886.353711111745	0
1	2125	48211.557813327617	1
1	2145	48772.080403704471	2
1	2147	48824.017226397525	1
1	2152	48935.289823802463	0
1	2208	50285.281018082327	1
1	2212	50506.232709674022	0
1	2277	52021.025108955335	1
1	2285	52456.801934464178	0
1	2311	52971.757314390969	1
1	2315	52973.370255556233	2
1	2321	52995.917543906994	1
1	2332	53157.390184103977	0
1	2339	53465.644861720037	1
1	2341	53624.128350712217	0
1	2348	53672.407878789908	1
1	2356	53740.724167440362	2
1	2358	53896.58707706099	1
1	2367	53927.304827476195	0
1	2404	54572.178972725101	1
1	2410	54629.578224409646	0
1	2421	54787.93551716907	1
1	2427	54992.824307883434	0
1	2436	55055.156290087707	1
1	2438	55234.780528553106	0
1	2532	56988.970921699233	1
1	2534	57316.847386396956	0
1	2545	57475.347056984437	1
1	2547	57610.478239444874	0
1	2565	57869.127978048754	1
1	2581	58108.064742907417	0
1	2588	58174.302717078335	1
1	2590	58198.530968669337	0
1	2663	60093.158589977629	1
1	2665	60211.619786269821	0
1	2683	60470.275521430976	1
1	2689	60664.725939508804	0
1	2724	61423.758289877601	1
1	2734	61571.139480684229	0
1	2903	65412.553037356861	1
1	2913	66041.142876529602	0
1	2976	67232.97682371349	1
1	2984	67341.173322721852	2
1	2992	67857.132740037792	1
1	2999	68098.293652318694	0
1	3046	68774.023391123721	1
1	3058	69312.515316054502	0
1	3125	70497.394962821433	1
1	3135	70727.665536481747	2
1	3137	71049.484553843597	1
1	3148	71142.648882519731	2
1	3152	71193.024793568859	3
1	3158	71309.355661579876	2
1	3165	71419.943548439348	1
1	3172	71421.911596197912	2
1	3174	71480.430437884762	1
1	3181	71776.061487201462	2
1	3185	71887.652998081877	3
1	3191	71980.158877981687	2
1	3202	72101.633228089938	3
1	3216	72755.883586284051	4
1	3222	72825.045212506785	5
1	3224	72879.678919557019	4
1	3229	72933.02719145967	3
1	3234	73000.176517160887	2
1	3241	73078.479575257609	3
1	3245	73235.853941951225	4
1	3247	73301.582980932528	3
1	3270	73841.091132055829	4
1	3274	73941.353409587874	3
1	3281	73975.580556828807	4
1	3283	74032.049005347772	3
1	3294	74226.453978679611	4
1	3296	74269.112812875116	3
1	3305	74391.007396023581	2
1	3312	74482.894862931083	3
1	3330	75149.285674951507	4
1	3336	75213.322933729599	5
1	3338	75265.578422433043	4
1	3349	75387.001998414754	3
1	3356	75468.298051263674	2
1	3363	75612.896294955443	3
1	3367	75725.014544030512	2
1	3380	76097.052316553428	1
1	3395	76518.624451122715	2
1	3397	76525.760917979761	1
1	3406	76641.005270842741	0
1	3413	76664.929374184738	1
1	3419	76790.15949208648	2
1	3423	77016.74929333278	1
1	3432	77200.914819444998	0
1	3447	77653.800173666189	1
1	3449	77667.143088615968	0
1	3462	77963.058122958849	1
1	3470	78036.694095086585	2
1	3478	78175.112982391848	3
1	3480	78195.268278083111	2
1	3487	78538.580770220886	3
1	3489	78686.487710488821	2
1	3494	78783.335311254024	1
1	3503	79191.295913168698	0
1	3510	79290.049508292089	1
1	3514	79299.417963277827	2
1	3528	79492.137469797864	3
1	3530	79502.187346302251	2
1	3535	79605.080166635572	1
1	3556	79866.639026206265	2
1	3560	79917.408485155414	3
1	3568	80055.872816703751	4
1	3570	80062.095368368412	3
1	3581	80245.212524224351	4
1	3595	80637.602264609466	5
1	3597	80731.839068586285	4
1	3602	80794.670234694615	3
1	3611	80843.828897293519	4
1	3615	81098.595552257731	3
1	3622	81308.764521143868	4
1	3626	81414.832577694486	5
1	3642	81604.539045229415	4
1	3653	81706.491747833326	5
1	3657	81817.933943074475	6
1	3659	81950.499043258185	5
1	3664	82109.497049366593	4
1	3669	82263.831046348299	3
1	3676	82301.43184367926	4
1	3680	82357.826706571043	3
1	3707	82760.585477862786	4
1	3715	82864.425368685137	5
1	3717	83012.196738788719	4
1	3724	83025.453196864854	5
1	3732	83166.626132912472	6
1	3736	83503.266644295167	7
1	3738	83530.043233111039	6
1	3743	83569.127392888347	5
1	3754	83772.663123905197	6
1	3756	83919.593861149163	5
1	3763	83977.995214596252	4
1	3780	84307.331454333197	5
1	3788	84575.89861146016	6
1	3790	84698.114701666216	5
1	3797	84753.412061184183	6
1	3803	85057.318027870591	5
1	3808	85137.223330866084	4
1	3815	85152.951902937006	5
1	3823	85248.401954535674	6
1	3835	85419.901739097671	5
1	3844	85584.081284332882	6
1	3854	85837.581774842273	7
1	3862	86256.752628850098	6
1	3869	86320.219369865493	5
1	3874	86385.872991494373	4
1	3881	86406.052972338632	5
1	3883	86435.662529937785	4
1	3890	86470.562495481084	5
1	3894	86715.665003511916	6
1	3910	87175.36007030821	5
1	3919	87310.112735683377	4
1	3928	87384.838308654264	5
1	3932	87511.149786662589	6
1	3934	87534.319541299578	5
1	3941	87568.20962310196	6
1	3949	87653.234250237704	5
1	3956	87887.08572237594	6
1	3964	88291.560684740082	7
1	3976	88399.777732853125	8
1	3978	88766.509192017377	7
1	3983	88797.586419767048	6
1	3988	88845.005270055966	5
1	3993	88945.391846889492	4
1	4000	89138.595148589323	5
1	4004	89206.562016260158	6
1	4020	89604.85453280979	5
1	4031	89670.056105124112	4
1	4038	89705.478670600663	5
1	4042	89710.297408289746	6
1	4044	89813.49450928113	5
1	4051	90015.691971916985	6
1	4065	90375.325641789944	5
1	4072	90574.250478710841	6
1	4074	90607.821262104716	5
1	4085	90729.92203227086	6
1	4092	90986.549564603578	7
1	4098	91025.720921516281	6
1	4107	91092.555438465909	7
1	4109	91204.795247148262	6
1	4123	91490.840846484806	5
1	4134	91939.040896594064	4
1	4145	92060.818621393573	5
1	4149	92064.105621891394	6
1	4155	92360.049433451009	5
1	4166	92395.738367013061	6
1	4168	92426.532003701012	5
1	4177	92544.722043972742	6
1	4187	92856.157759651081	5
1	4194	93171.107708270028	6
1	4196	93213.488137241316	5
1	4203	93404.008091659756	4
1	4212	93479.890499448683	3
1	4223	93642.935966344848	4
1	4226	93825.911628518533	5
1	4229	93917.186650059545	6
1	4238	94039.08346417314	5
1	4243	94070.501434560405	4
1	4248	94233.008530324604	3
1	4257	94635.297329373521	2
1	4285	94984.702978853958	3
1	4289	95052.499466331974	4
1	4297	95446.448542419361	3
1	4304	95613.310428205418	2
1	4309	95656.617270022494	1
1	4314	95820.441684795823	0
1	4321	95836.000513073879	1
1	4335	96200.709462050946	2
1	4341	96283.200051215949	1
1	4348	96336.122945025104	0
1	4363	96475.225298533515	1
1	4367	96553.709146861584	2
1	4369	96604.514522373956	1
1	4384	96952.146823191556	0
1	4395	97150.244117353934	1
1	4399	97170.724558386815	0
1	4477	98788.927005489023	1
1	4487	98852.720052775294	0
1	4494	99090.43303744711	1
1	4496	99111.607918615119	0
1	4502	99166.61361095764	1
1	4507	99245.812409094426	0
1	4518	99456.207590939775	1
1	4536	99680.333200751987	2
1	4540	99853.416865634099	3
1	4542	100016.000494842084	2
1	4548	100028.041235205384	3
1	4550	100098.767535074505	2
1	4558	100515.874711133838	1
1	4563	100624.484514745775	0
1	4610	101304.720103347973	1
1	4616	101594.93811121054	0
1	4672	103050.502091604621	1
1	4678	103254.951409370005	0
1	4697	103559.212927739472	1
1	4700	103591.13583532937	2
1	4709	103943.920158313887	1
1	4714	104076.176175917835	0
1	4720	104186.312694581283	1
1	4722	104188.573345763907	0
1	4735	104729.089923851723	1
1	4741	104842.837094858589	0
1	4882	108370.794382169017	1
1	4884	108559.769748242699	0
1	4937	109901.76280262565	1
1	4943	110206.77383110685	0
1	4949	110271.588627606175	1
1	4952	110281.86816378323	2
1	4958	110631.913759395025	1
1	4972	110944.316737780474	0
1	5035	112373.082320124362	1
1	5037	112396.151204584963	0
1	5043	112400.212457939809	1
1	5048	112593.3054133301	0
1	5289	122594.19547650892	1
1	5293	122756.521904241132	0
1	5640	131182.116613517474	1
1	5644	131303.00564698804	2
1	5647	131519.411505217623	3
1	5652	131647.752105993237	2
1	5659	131863.25618473742	1
1	5670	132242.841626861151	0
1	5726	133392.853798101675	1
1	5728	133415.556243973803	0
1	5735	133453.3052926876	1
1	5743	133673.073120814178	0
1	5889	136799.644021204895	1
1	5897	136926.965260532115	2
1	5903	137110.534946824444	1
1	5912	137260.186340425525	2
1	5914	137346.252585825732	1
1	5919	137488.075291038511	0
1	5942	138028.624074774814	1
1	5944	138065.904240616028	0
1	6009	139432.626130905364	1
1	6011	139525.801213057003	0
1	6122	142285.199804444227	1
1	6126	142376.054212450272	2
1	6128	142423.463128031453	1
1	6135	142635.749897499588	0
1	6198	143830.269970297104	1
1	6216	144654.260458889436	0
1	6225	144788.270070645046	1
1	6227	144890.816772570125	0
1	6243	145048.514981706057	1
1	6253	145313.810132535536	0
1	6362	147771.18646206243	1
1	6365	148045.112695238655	2
1	6377	148242.88984047178	1
1	6382	148277.536640808937	0
1	6403	148756.86309344265	1
1	6409	148779.072711887872	0
1	6457	149546.999776854049	1
1	6459	149824.357441580957	0
1	6662	154255.10390419839	1
1	6670	154476.321648599691	2
1	6672	154856.405684057158	1
1	6679	155016.111267519649	0
1	6686	155038.398691899365	1
1	6688	155128.85317712847	0
1	6708	155591.35620046336	1
1	6712	155600.50192643283	2
1	6724	155830.434241404868	1
1	6735	155921.86872702021	2
1	6743	156230.63197300164	1
1	6754	156262.520092328545	0
1	6779	156822.653961533792	1
1	6791	157152.759288832079	0
1	6802	157195.323558564764	1
1	6812	157617.038558291383	2
1	6814	157643.009754003492	1
1	6829	157851.651625184454	0
1	6838	157999.801525919921	1
1	6840	158031.748272943533	0
1	6947	160226.425754915458	1
1	6955	160385.600516254194	2
1	6959	160600.255838155858	1
1	6964	160737.161634693034	0
1	7026	162111.256927702111	1
1	7028	162138.455449769385	0
1	7039	162288.474512621052	1
1	7041	162415.885615357421	0
1	7048	162423.582902865596	1
1	7050	162457.450669443347	0
1	7086	163191.061735450513	1
1	7092	163523.037428928651	0
1	7225	166643.458851853497	1
1	7231	166792.400694772136	0
1	7238	166793.821203786415	1
1	7242	167040.478689529113	0
1	7327	168867.035256492086	1
1	7331	169092.720644436068	2
1	7333	169157.119255605376	1
1	7342	169222.32677122403	2
1	7344	169276.312132811286	1
1	7349	169399.676037903987	0
1	7365	169491.411200910098	1
1	7379	169865.285509380979	2
1	7391	170009.747925846018	1
1	7400	170161.21288127195	0
1	7468	171460.330080779383	1
1	7472	171678.389518446512	2
1	7474	171808.463920400701	1
1	7481	172072.603208314164	0
1	7494	172291.411065946801	1
1	7496	172423.412612116078	0
1	7516	172971.563785857744	1
1	7528	173153.162065538801	0
1	7546	173442.763001880832	1
1	7550	173638.037595598141	0
1	7580	174203.988152610252	1
1	7586	174352.644088113217	0
1	7661	176038.372025824375	1
1	7665	176093.182441609095	2
1	7669	176168.928882413767	1
1	7674	176605.513835985328	0
1	7705	177097.277650030445	1
1	7721	177773.414948814772	0
1	7728	177801.501892510339	1
1	7730	177847.526920729785	0
1	7769	178505.949253294154	1
1	7777	178747.926943430793	2
1	7781	179267.484889890536	3
1	7783	179281.69740142627	2
1	7788	179396.766507950835	1
1	7793	179415.978212123029	0
1	7926	182245.998851622923	1
1	7928	182619.007698449774	0
1	7952	183044.566222781432	1
1	7954	183053.045703571407	0
1	7978	183524.499316777571	1
1	7982	183664.523422162516	0
1	8076	185365.436431731566	1
1	8082	185527.309608328379	0
1	8089	185671.290314718372	1
1	8091	185712.899311290591	0
1	8137	186745.409726429268	1
1	8143	187073.984205964244	0
1	8177	187610.888985933854	1
1	8181	187642.744520864672	2
1	8185	187797.641780672712	1
1	8198	188028.198492581143	2
1	8200	188253.400199282205	1
1	8207	188288.600307557269	2
1	8213	188561.565316457419	1
1	8220	188576.728580983474	2
1	8222	188580.846009086109	1
1	8227	188629.498059785111	0
1	8246	189090.90715467859	1
1	8254	189328.129217702433	2
1	8262	189450.251800994611	1
1	8271	189648.800202699497	2
1	8273	189703.57896752481	1
1	8278	189800.901357818512	0
1	8310	190810.098179582044	1
1	8312	190846.564717020957	0
1	8319	190940.623307319477	1
1	8323	191067.685600983096	0
1	8330	191122.380320544824	1
1	8336	191126.949807991496	0
1	8342	191147.888243979998	1
1	8345	191313.118963966265	2
1	8347	191515.124530838094	1
1	8352	191597.687745390578	0
1	8505	196362.351369839454	1
1	8507	196384.754034063499	0
1	8526	197116.912188101852	1
1	8532	197205.759697870072	0
1	8668	200874.639760122545	1
1	8671	200963.116038612999	2
1	8677	201445.814158261664	3
1	8680	201508.056685498085	4
1	8685	201644.670665824887	3
1	8694	201713.801895805545	4
1	8696	201750.640550259478	3
1	8701	201946.985382644561	2
1	8711	202107.459539809882	3
1	8713	202264.038402143843	2
1	8723	202588.206337660879	3
1	8736	202787.831540100378	2
1	8741	202907.066269015995	1
1	8749	203273.976332874946	0
1	9026	212336.434102308501	1
1	9036	212479.255012990713	0
1	9045	212810.549880461573	1
1	9049	212917.523904134084	2
1	9051	212977.506637265712	1
1	9062	213476.37350354194	0
1	9069	213590.859538008024	1
1	9071	213716.830138256579	0
1	9082	213801.854879165434	1
1	9086	213869.545189747393	2
1	9088	213980.964554752961	1
1	9093	214016.00989929381	0
1	9108	214344.638305249058	1
1	9124	214545.036382600471	0
1	9135	214690.2296497566	1
1	9139	214840.479250335872	2
1	9145	214903.459550867223	3
1	9149	215019.31646827589	2
1	9154	215100.802025895932	1
1	9165	215414.151414250762	0
1	9172	215477.421043271565	1
1	9176	215486.508420173575	2
1	9186	215855.179095826849	1
1	9193	216177.107050968141	0
1	9296	218275.43179421549	1
1	9304	218481.920246927564	0
1	9388	220681.56249512899	1
1	9396	220914.883225894099	0
1	9523	223974.969387183333	1
1	9525	223985.842937640653	0
1	9551	224733.553474162271	1
1	9553	224875.771796721772	0
1	9560	224925.217201764131	1
1	9567	225037.28358861971	2
1	9569	225041.702196635113	1
1	9578	225480.917281564132	0
1	9602	226094.689595381165	1
1	9607	226203.685779478208	0
1	9613	226256.111647587767	1
1	9622	226454.804025012807	0
1	9767	229427.523664054678	1
1	9775	229784.144404669533	2
1	9777	229876.899249189774	1
1	9786	229993.251951953554	2
1	9788	230012.845981843056	1
1	9797	230056.769133736597	2
1	9799	230179.204471299582	1
1	9806	230273.201852945769	2
1	9814	230449.785533239374	3
1	9818	230591.820736942099	4
1	9820	230696.603211731891	3
1	9841	231150.995756541596	4
1	9844	231167.256394906128	5
1	9846	231224.109922652351	4
1	9851	231455.772299104611	3
1	9856	231551.374838398079	2
1	9862	231658.233353485594	3
1	9864	231661.937798123964	2
1	9873	232173.047090088258	1
1	9878	232240.07038975622	0
1	9896	232495.805996139751	1
1	9905	232699.057321652927	0
1	9988	234494.591247607548	1
1	9991	234801.589117963393	2
1	9993	235019.236532422308	1
1	9998	235065.451167437519	0
1	10004	235230.541573562027	1
1	10006	235321.77984100819	0
1	10154	240221.670499974152	1
1	10165	240668.59086336417	2
1	10167	240687.981264844697	1
1	10172	240850.988656237881	0
1	10281	243698.151506874405	1
1	10283	243715.77978220001	0
1	10408	246285.513509008729	1
1	10418	246581.287929090283	0
1	10481	247599.486109195821	1
1	10483	247669.187581764313	0
1	10515	248341.242761324869	1
1	10531	248918.181860288301	0
1	10540	248983.576698666982	1
1	10544	249005.588512357102	2
1	10546	249031.218018226105	1
1	10551	249031.775878725352	0
1	10577	249557.67449322211	1
1	10589	249789.454102378117	0
1	10604	250282.800822127306	1
1	10606	250296.76741066553	0
1	10660	251408.546245481597	1
1	10668	251568.452656212889	2
1	10670	251589.102508407631	1
1	10675	251640.292134761589	0
1	10691	251922.480648327314	1
1	10703	252015.194087243252	2
1	10719	252476.111553898626	3
1	10721	252486.574852355369	2
1	10726	252586.497041025909	1
1	10733	252675.073503991284	0
1	10740	252709.257709879207	1
1	10744	252799.916936522895	2
1	10748	252882.404812110366	1
1	10755	253256.627912392619	0
1	10776	253464.104109611058	1
1	10778	253487.750734632613	0
1	10825	254548.449560012364	1
1	10827	254650.310860706272	0
1	10834	254703.373888386959	1
1	10836	254707.58229294956	0
1	10860	255061.731165434944	1
1	10862	255231.578762914764	0
1	10869	255523.173948443109	1
1	10879	255608.292000621336	0
1	10907	256123.631639583582	1
1	10915	256264.662321723777	0
1	10952	256872.441847409832	1
1	10956	256926.794471098656	2
1	10958	257037.510814014518	1
1	10971	257139.317457631009	0
1	10980	257299.611520375752	1
1	10986	257676.291729250702	0
1	11014	258490.933979127335	1
1	11020	258582.818266078526	0
1	11027	258640.428993124211	1
1	11029	258750.484194896894	0
1	11078	259944.967186946201	1
1	11082	260105.942087936842	2
1	11084	260122.419077056074	1
1	11089	260126.970602536353	0
1	11100	260271.522892948019	1
1	11110	260658.906715019221	2
1	11116	260726.016029547596	3
1	11118	260802.119127810547	2
1	11133	261024.544277658465	1
1	11140	261110.129391840274	2
1	11142	261170.672256248618	1
1	11149	261201.670153375494	2
1	11151	261342.709534410083	1
1	11170	261637.44707578026	2
1	11174	261815.209989826822	3
1	11178	262090.251941811839	2
1	11187	262137.97546740676	1
1	11192	262199.203680287742	0
1	11199	262402.529286380636	1
1	11207	262596.585995547253	0
1	11218	262706.453702068503	1
1	11224	262900.011335573786	0
1	11233	263046.153252999925	1
1	11241	263128.64646994673	2
1	11243	263228.493329343001	1
1	11252	263479.23285269233	0
1	11259	263518.204241982277	1
1	11267	263724.822906087779	2
1	11269	263848.906597392329	1
1	11274	263989.491866157005	0
1	11308	264666.767373028838	1
1	11311	264678.318879391778	2
1	11313	264889.632667769293	1
1	11318	265026.808233513111	0
1	11330	265216.423780611332	1
1	11337	265349.463289168501	2
1	11339	265378.197939637744	1
1	11344	265595.425453680183	0
1	11350	265640.960333998942	1
1	11353	265731.590314983006	2
1	11363	265918.044877248432	1
1	11368	265983.235335890749	0
1	11695	275524.053952172237	1
1	11702	275760.334777822557	0
1	11709	275817.730336254778	1
1	11711	275987.052419835719	0
2	0	0	0
3	54	2488.052953341506	1950.5697432999
3	94	3737.512418301306	3013.1332776266
3	100	3915.277389938282	3255.4903497454
3	142	4864.331040809201	3957.809564984
3	148	5179.045758213702	3725.2912066474
3	181	5558.53932469105	4096.9873838011
3	203	6109.389615477525	3142.8974929435
3	236	7260.367187977108	3893.6081024123
3	254	7499.812075150662	3791.694911746
3	265	8214.030404336605	4781.8052800815
3	307	8987.519168028463	4804.9744647693
3	311	9015.617046588563	4535.5556240966
3	317	9170.908441897013	3769.0130806049
3	351	9679.643568367036	5790.3650538886
3	366	10027.821748874937	5161.0574764107
3	370	10127.059373892375	5460.159249596
3	394	10743.861568350199	4935.2601096108
3	411	11213.443024422828	5715.6724951804
3	415	11292.635974561651	5554.1706477303
3	444	11822.147016189524	6297.0506762908
3	448	11929.385302768875	6177.4065170665
3	499	12598.927085091821	4054.6902053352
3	503	12750.142053914719	6267.9240317244
3	507	12756.944102788199	6679.427925729
3	542	13760.739068135891	4567.6795809673
3	557	14241.020233518907	5178.0893191445
3	578	14931.121226319899	5677.9179153541
3	600	15142.120027927537	4810.7674099698
3	621	15585.882469750472	5929.5010276232
3	651	16365.261356592033	4007.7102103028
3	696	17281.530972261253	5774.1835869319
3	700	17390.662528536744	5078.9001304749
3	728	17952.873690113281	4926.851190916
3	739	18045.056510389122	5556.7962831526
3	773	18766.707057300486	3824.9930421635
3	818	19882.161425644388	4556.3697386742
3	827	20110.116063248221	4688.7266821031
3	925	22388.808274397898	5186.5036806864
3	956	23241.81620802157	5816.112057909
3	973	23456.21498889243	5613.1429320724
3	1003	24026.311442892854	6020.8232366093
3	1037	25324.918675673657	5655.1078540529
3	1081	26238.338670808678	6493.0580750281
3	1100	26573.102173823395	6231.2153098954
3	1113	26793.757482709635	6534.9908188124
3	1146	27433.738597383579	5640.337567472
3	1176	27977.690562493632	6708.9707394945
3	1187	28129.139773881335	5522.722295919
3	1191	28157.745868753498	5788.7677243713
3	1229	28847.965202005113	6161.784760261
3	1235	28934.642469774789	5403.751562738
3	1239	29051.680322483454	5695.3067483199
3	1248	29170.362324206015	5656.9061721143
3	1252	29263.890061666722	5810.3371437277
3	1256	29420.72912834943	5778.299893251
3	1308	30586.380152379952	7032.0819174587
3	1319	30878.581891067599	7290.927474481
3	1323	30963.129742926259	6665.2049010492
3	1327	31006.341652449493	5697.5204977523
3	1358	31626.252580437666	7671.8513750283
3	1364	31799.460746309062	7253.9404364642
3	1372	32003.350048860393	7904.3863958667
3	1409	32982.164172482017	7145.400003604
3	1413	33017.811257176375	7657.5005964371
3	1417	33079.499741814887	7580.9386832164
3	1450	33896.416163815459	6527.2842893059
3	1466	34345.092300547559	6596.1974562461
3	1475	34510.889646665982	8160.1139011689
3	1499	34984.398368950465	7122.1905307138
3	1526	35742.339722452542	7321.2618879975
3	1555	36135.846289934864	8040.9417717111
3	1581	36545.14055305933	6868.0571364956
3	1604	36872.246886430165	8380.919509269
3	1608	36907.235298957207	8043.6434062841
3	1617	37047.356034161796	7276.0565986974
3	1623	37150.551699081709	6957.3133342045
3	1632	37345.483232317023	7325.2105255418
3	1660	37712.205322160848	7528.050055125
3	1669	37877.886516469994	5528.3294126585
3	1673	37995.470497783546	5726.6484105178
3	1694	38546.327320084249	7799.8556399213
3	1698	38595.960524127161	5973.4308207458
3	1715	38790.187393835087	6227.8337467737
3	1728	39170.683216637274	6307.7323726269
3	1734	39388.966553600778	7608.3249396074
3	1758	40201.323620997226	6119.3738840202
3	1780	40677.480527525299	6551.2484740964
3	1790	40835.51458171522	6278.3871139075
3	1843	42063.177654724099	6491.2971929942
3	1865	42549.271207496798	6989.7048851051
3	1893	43328.585082538283	6952.6768691176
3	1928	44089.4655485901	7855.0563441169
3	1934	44106.455724214992	5741.785557377
3	1938	44150.399698069177	7053.1923208678
3	1951	44421.426037214229	7605.0825757347
3	1996	45553.444116924232	6542.2812608442
3	2013	45799.653163690394	6699.3480361152
3	2017	45905.765320788602	5674.1636278732
3	2025	45949.525177035339	7771.224234509
3	2050	46344.158838026499	5817.7058089914
3	2056	46429.083014068983	7012.7660956866
3	2097	47592.712378566618	6212.9267041717
3	2129	48254.616948891289	7301.3860353648
3	2137	48376.919890752336	7087.9225655013
3	2182	49652.555775399785	5604.7036442514
3	2191	50003.800870025388	7471.5922726758
3	2200	50224.12818006081	8271.6089250166
3	2204	50225.49505816726	6966.8428251425
3	2227	50867.345546347878	6299.0667219417
3	2231	51070.477722221519	6974.4106714198
3	2235	51092.174956731773	7082.7836031202
3	2273	51853.127434933093	7153.9917652984
3	2283	52131.104961907349	7535.6324822163
3	2352	53734.308693427127	7942.0863636918
3	2365	53925.549343943871	7267.1153469744
3	2376	54070.078436773128	7683.3647761554
3	2384	54210.430149453036	7134.972706244
3	2408	54625.362142985221	7295.6748004835
3	2417	54756.187425138287	6551.1646455222
3	2425	54797.161407804392	6937.2210274326
3	2451	55443.763020213968	7177.3960523723
3	2460	55773.053049182795	5422.2704118318
3	2470	56036.682894833662	7838.4534310652
3	2519	56750.12860907083	5245.9445730293
3	2523	56788.531244488709	5528.4155961109
3	2569	57917.486398722511	5861.614682062
3	2575	58029.633984289922	5122.0182662542
3	2579	58097.124351331822	5502.0785599008
3	2601	58704.823157861364	5963.6438591718
3	2610	58783.230449333322	6156.2577817177
3	2624	59089.307357853555	5052.5966145642
3	2634	59365.853176693898	6315.779445518
3	2657	59778.183798184153	5290.3461057723
3	2687	60652.256314007842	5655.8010977634
3	2700	60849.00159299732	4970.8621212375
3	2732	61541.782623612789	6174.4288865909
3	2741	61592.417715870121	5462.4046184781
3	2768	62176.966776301943	4165.5790162137
3	2772	62240.799355645009	5571.2368341759
3	2795	62844.578470576831	6176.3602776762
3	2817	63374.899654168494	4289.9218984843
3	2821	63431.185194047444	5667.1791579223
3	2832	63765.217311335263	4489.07365529
3	2851	64417.066719996087	4553.8061110259
3	2857	64441.57365621426	4224.0208964521
3	2894	65252.704655237772	4103.247986391
3	2938	66674.301813220464	5392.6602222831
3	2950	66749.215053868947	5073.3329273425
3	2964	67087.819134224066	5088.5521559775
3	2980	67299.949959069026	4799.2487870901
3	3008	68123.391701242231	4375.8181923286
3	3020	68401.125791732498	4183.566359469
3	3042	68690.397675599762	5888.6175040397
3	3054	69157.342093120796	6348.9515593679
3	3097	69926.161512740232	5216.8906154757
3	3101	69946.265774825124	4429.9961982684
3	3131	70560.981119692603	5314.0988498228
3	3156	71305.868377838144	5321.4777206618
3	3189	71949.954065028115	4800.6303341351
3	3198	71997.023641438692	6110.014314761
3	3206	72101.693730818385	6335.7623072955
3	3212	72446.522309867526	5085.3442034127
3	3256	73442.9438339903	5614.0055509858
3	3260	73607.02294161497	6502.5822626211
3	3264	73621.066537461712	5628.7595083813
3	3290	74208.236248561973	6092.1407234213
3	3303	74278.289374336137	6051.1260857693
3	3316	74693.288581594362	7311.1758615504
3	3324	74839.735502561832	6607.7435712229
3	3374	76048.405677629172	7401.0129612487
3	3378	76085.592003403092	6634.5903525141
3	3387	76194.713344591016	7054.5928505363
3	3404	76620.996837913527	7343.8040984956
3	3430	77153.651713941525	7620.3873827486
3	3439	77300.984816992516	6799.3498813745
3	3443	77362.599613572939	7755.0030694997
3	3466	77970.052237715109	6869.4581020489
3	3501	79150.585882103349	8036.5880314295
3	3520	79375.276099344576	7015.6796503211
3	3524	79437.382192937195	5633.2278084052
3	3542	79633.226729584395	8280.5795290005
3	3564	80006.020208494275	7224.2797143557
3	3577	80166.366674311737	6226.7471076742
3	3585	80367.128596896167	6978.5369127796
3	3634	81457.457507792398	6652.2417752444
3	3640	81484.568901172186	6729.4944385526
3	3689	82420.228541763037	6728.9878275554
3	3693	82521.926157608489	7387.1483685105
3	3699	82608.812646949202	7225.708168548
3	3703	82691.469222916152	5960.6966750699
3	3711	82829.536768326814	7364.1987087161
3	3750	83693.228718967969	5783.890942974
3	3772	84187.259407378271	7358.1597075347
3	3776	84258.458793619187	6122.4310542533
3	3784	84342.029796269069	6288.394581779
3	3848	85596.026800404773	5879.5879194497
3	3860	85984.063506777869	6231.6492149463
3	3904	87144.955035316105	6664.5035731417
3	3908	87160.764098297344	6325.9413753226
3	3917	87238.896753139656	7497.7543926546
3	3945	87624.365445235284	5999.9909200681
3	3960	88223.791028911526	7662.2833645374
3	3968	88300.143723836031	7293.901689081
3	3972	88334.23151240638	6876.2086521838
3	4008	89391.626899605156	7034.361578946
3	4018	89603.635004254337	7212.3121779404
3	4055	90018.813528696354	5836.9474656176
3	4061	90171.338786216315	7029.4196094156
3	4081	90652.722068735869	6694.6753685629
3	4089	90925.858292056527	5607.9102313214
3	4096	90996.800276366533	7941.6918091704
3	4121	91312.625552438062	6082.3736655413
3	4132	91678.287824131088	6444.4370555794
3	4153	92233.335447199182	6505.4353739066
3	4162	92372.450730873551	6810.4350429827
3	4181	92687.008110008997	6409.6278346793
3	4185	92831.048202149849	6951.5746482772
3	4219	93609.788093291086	5984.9757593585
3	4255	94280.103325480135	6937.1584449934
3	4264	94680.65359861544	4334.2907106198
3	4268	94710.398971624212	4684.0510340491
3	4295	95203.156499884886	5653.5462797573
3	4329	96003.66386719002	4691.6505546671
3	4339	96281.71773060998	4616.2054918028
3	4355	96384.476003520054	3941.6224730772
3	4378	96819.703449252534	4855.6679225819
3	4382	96895.775913567754	4925.7095312037
3	4391	96953.423150282633	3690.1161488273
3	4406	97236.063816090586	2382.3494299044
3	4423	97545.161010399001	2788.8057632026
3	4429	97724.768543656779	3764.5176922446
3	4481	98804.607039128097	2895.9303674183
3	4522	99483.900574116634	3401.5969610489
3	4532	99588.544681950364	3658.1980977876
3	4587	100956.206317857506	4247.3029382048
3	4595	101049.610053452555	1877.6695221846
3	4606	101175.913248386532	4009.267941464
3	4614	101387.221611834023	3678.6798973738
3	4623	101646.596431663858	3490.5205536883
3	4629	101977.616437932775	2620.9783359022
3	4650	102299.906459183324	4468.1132483362
3	4676	103081.739792081711	3647.4121492489
3	4689	103499.500196721936	2990.6163384207
3	4704	103815.929912167201	2869.3902235922
3	4729	104205.279514201283	4716.9658103118
3	4739	104816.942745352464	3669.1903044942
3	4748	104899.997324939222	4017.389052026
3	4755	104969.038443489298	2983.3349450375
3	4771	105238.178164370658	2520.7510002015
3	4794	105689.667067086855	3716.0253446157
3	4803	106122.799312768805	3227.7206672185
3	4867	108050.027344131969	3118.0004567932
3	4871	108193.003429983848	2610.9004892316
3	4879	108340.10447357183	2559.3124617822
3	4894	108801.122277619444	2928.7570854666
3	4929	109584.676926759177	3371.2191256616
3	4941	110115.337619738259	2941.2473620496
3	4956	110333.171601419874	3906.0856721958
3	4979	110997.919296536722	3707.0135172772
3	4983	111040.551338124565	2450.4372091033
3	4991	111382.082246712885	2453.2917915018
3	5006	111626.377627084158	5142.947297245
3	5016	112014.174427099654	3165.4036718807
3	5032	112281.17257418438	2950.3158694826
3	5070	113438.905021974943	4382.1689566761
3	5086	113641.735268170811	2236.4586434129
3	5109	114381.365034550554	2533.2202653137
3	5125	114922.154391613654	2776.4945693445
3	5136	115454.975695119846	2927.9251197539
3	5140	115704.003653838056	2387.5706519187
3	5155	116664.077777575945	2949.4700506702
3	5189	119075.176232560116	2291.0197563004
3	5193	119190.793921626655	3150.614222344
3	5256	121626.576509972385	1936.8859926704
3	5267	121995.849124830097	2501.0867509805
3	5302	123039.773999178215	3564.4029259309
3	5323	123426.065961474958	2090.8787095081
3	5347	124057.344997366179	3176.2124534603
3	5368	124484.650529702964	2769.7978137962
3	5378	124780.752053069748	2231.3362411782
3	5389	125068.74228793982	3525.3984457822
3	5406	125619.95239940401	3042.1023952486
3	5419	125848.925397381983	2926.8241102168
3	5441	126394.391620554827	2733.8754532609
3	5449	126555.869339339841	3920.8945908584
3	5479	127310.932080847432	3113.8567728824
3	5483	127601.671223238517	3216.7385486736
3	5491	127713.262903697554	1804.1460140236
3	5500	127813.959149629675	3191.2753186625
3	5563	129556.265025603061	3640.3158185079
3	5572	129995.779980056878	3371.9713225868
3	5597	130474.725818922033	3462.5425831154
3	5617	130919.620763248782	3154.5427690633
3	5625	131055.853269564878	3286.2162674955
3	5636	131075.873202680629	2896.4641084605
3	5666	132177.802491103317	3503.5714849857
3	5689	132649.874821639842	4290.6124490706
3	5707	132897.767671727594	4495.2129183994
3	5720	133166.723965023663	4419.9784240142
3	5739	133519.582450631297	4000.8539399723
3	5767	134181.582981709752	2582.1828310937
3	5792	134550.489480615815	3483.4987054524
3	5828	135585.818474151555	3928.8211157324
3	5841	136039.056850233337	2778.0972940751
3	5883	136685.81070047712	4128.5160780191
3	5893	136800.06490512601	2583.0562646061
3	5901	136954.600288028259	3372.9692182456
3	5926	137594.349018641969	3835.5359937789
3	5932	137903.412417209727	3982.0943834789
3	5972	138661.922729908509	3981.7893008595
3	5983	138948.859319788626	2725.2900603667
3	6020	139772.586521430303	3707.5030967716
3	6024	139979.391099269522	3533.492946098
3	6032	140157.159073212407	3930.8007449882
3	6047	140617.970888724912	3847.859668846
3	6053	140713.63039864136	3503.2742575874
3	6079	141509.497383021972	3565.4634797817
3	6083	141711.766524453869	4080.8119830092
3	6114	142143.322450125951	3289.8064618344
3	6142	142666.904406313804	4496.4315286445
3	6154	143033.12636368837	4524.5091641275
3	6175	143404.164351978359	3665.286986996
3	6202	143937.068968423864	4531.6290207137
3	6208	144004.78897058334	3364.9780834683
3	6212	144171.576542983783	3390.9138886574
3	6251	145215.169610147587	3483.0439823205
3	6275	145673.187888598431	3640.0599164376
3	6289	146181.126831107791	4013.8447092602
3	6307	146396.710820737518	4136.5538877291
3	6375	148206.770590160993	5279.6126934992
3	6395	148447.10704122599	4468.596236964
3	6437	149257.51100120995	2261.4889991935
3	6441	149325.025746944463	2522.6582956128
3	6450	149478.999508804662	2165.2771762594
3	6504	150913.72123493742	2494.8974431072
3	6508	151069.625988387724	3877.8530732587
3	6512	151081.846333241119	3028.3748117834
3	6549	151855.971689579179	2845.7479523628
3	6561	152174.231239351665	2973.3485727954
3	6578	152287.179939386901	1577.3734905291
3	6612	153037.009895834361	2664.5406868032
3	6656	153961.788700608071	3207.1459704657
3	6666	154351.175194363331	2919.5079760227
3	6704	155573.640008944553	3458.9370004158
3	6718	155645.986563799437	3459.0923805843
3	6722	155824.952612797951	3990.8301491467
3	6731	155849.21850595448	3921.5290184341
3	6752	156245.728945059813	3273.912806705
3	6785	157097.358820059803	4530.7007861733
3	6789	157148.083282297588	4765.0711986636
3	6798	157179.286923393141	4963.7734737411
3	6808	157445.45057571318	3904.5552090748
3	6821	157738.307569123338	4843.2410355885
3	6851	158161.017752879766	4145.8784056672
3	6860	158351.675370260364	2725.9934091586
3	6872	158604.219010615255	2679.7685975864
3	6876	158605.430530903973	4696.0533172695
3	6887	158809.857402978	3846.0194797322
3	6930	159842.439589117877	3905.7959363918
3	6938	159958.292646625545	3722.0489170619
3	6951	160352.837247139997	2949.5932735746
3	7014	161671.941956754886	3884.999022091
3	7018	161680.632064043767	3933.732089079
3	7022	161950.365193690396	3213.9734061429
3	7082	162975.768360866346	3542.8253929351
3	7090	163249.469205224178	3910.7018877571
3	7117	163890.346782149859	4445.9610795392
3	7132	164045.314435416945	4330.8187065163
3	7145	164507.631935406011	4038.1496124198
3	7149	164549.219313719533	4937.4796615839
3	7167	165056.019566439204	4240.5735985119
3	7190	165628.004086341821	4671.2161273638
3	7204	166051.25929608766	3878.4386713171
3	7229	166646.209322077689	5328.0164720494
3	7257	167531.104902199936	5290.9751023626
3	7273	167716.591993746571	4998.1101187765
3	7286	167944.384904064349	5353.005952493
3	7315	168482.024354910013	5633.4650024297
3	7319	168602.754295773916	5017.618443652
3	7375	169754.381690512878	5922.4203102439
3	7383	169878.527184891737	6254.5473791696
3	7389	169965.937914027013	6002.0847017212
3	7409	170275.486742489152	6603.8947726322
3	7452	171153.096441457161	4820.0467262091
3	7456	171245.939918484651	5416.9248578123
3	7460	171294.969432994836	6220.4194624261
3	7488	172082.989272930882	7433.5156851095
3	7520	172989.102153981218	6133.5271162432
3	7526	173085.206489627473	5984.1848601506
3	7561	173751.778965517171	6061.9790769141
3	7572	174067.687499558667	6030.0233420548
3	7576	174143.64848073397	6140.7749693334
3	7584	174301.667177177503	6741.2358044712
3	7597	174681.710440994708	6057.5807165927
3	7610	174966.416549178995	6735.9006720554
3	7645	175575.916113866031	6029.4532078752
3	7651	175663.835979135243	7039.5404417029
3	7657	175876.143263725678	6688.6604306445
3	7696	176880.488601186536	7278.3045551017
3	7709	177205.717937809885	7568.0769743509
3	7713	177263.351141128804	7336.8444960811
3	7747	178330.64047100883	8242.4526800461
3	7760	178395.266950049906	8147.9664184051
3	7773	178695.056302182491	8242.3397602412
3	7810	179840.063178453711	7662.3930457955
3	7814	179876.805148692094	8545.0770639498
3	7836	180184.187676375024	8119.4006893956
3	7878	181182.36637234617	8009.5637718981
3	7911	181849.332837330294	6571.0614443813
3	7937	182665.511977830194	7293.0479965953
3	7961	183237.237944233699	7656.2661018818
3	7993	183841.565932285158	8320.1900942909
3	7997	183954.82946345408	7262.795191442
3	8010	184106.913221458091	6127.8624394342
3	8021	184389.007853570862	7018.313226295
3	8059	185163.491172406939	4809.0269007938
3	8067	185220.893698170318	5678.7102612589
3	8098	185955.01281722775	4912.1568653084
3	8108	186226.434630415625	5690.3007288451
3	8141	186805.654105845376	3141.6823821948
3	8154	187106.069085383079	5147.0056785631
3	8165	187387.405200804806	4759.4236278191
3	8192	187823.697961260787	3024.303742355
3	8211	188516.386747470243	5497.45236287
3	8236	188933.232947521029	3482.1449136875
3	8242	189063.166623914732	3861.7720896949
3	8250	189185.191282182223	4183.1518093695
3	8258	189339.838658738173	5180.7559785589
3	8289	190284.477546065337	5064.9946545622
3	8298	190510.653026819346	3186.4455744307
3	8302	190624.020353471152	5218.890135649
3	8306	190652.849888725324	4457.139158841
3	8366	191726.165869374982	5111.7004781526
3	8370	191940.683602390928	4433.5897030827
3	8374	192037.304544707878	4147.5403932133
3	8397	192468.470599920712	4767.8544550752
3	8401	192569.991468720255	3769.4843937223
3	8421	193228.492923964969	4169.8406214585
3	8425	193240.674060647598	3888.8332831337
3	8429	193306.325987115041	2289.4992961924
3	8437	193479.062144323974	1786.9681217987
3	8474	195433.323259417022	3280.2083544619
3	8530	197141.732329322677	2600.8605596144
3	8555	197686.698429538423	2810.7098186216
3	8565	198046.804369893218	3261.9494802877
3	8599	199123.54737279054	3908.2778351187
3	8607	199389.671398314369	3853.4128236924
3	8611	199409.045199078228	4521.6270141124
3	8622	199558.604629878725	1623.6088968068
3	8632	200031.371554794442	3938.4535038978
3	8664	200810.073534740479	3028.8769891206
3	8708	202003.418856302377	3255.5798298307
3	8720	202273.179284971185	3672.6417043246
3	8730	202748.264294978208	2964.0460217767
3	8760	203415.162115359781	2449.0038368341
3	8788	204453.265578350029	3826.2557563649
3	8799	204586.942160690305	3813.485641819
3	8810	204842.993439719059	3299.0411850583
3	8817	205319.491391338449	2333.3883578796
3	8821	205341.180093877119	3629.0681182132
3	8859	206835.51535033596	4118.47299546
3	8867	207083.998171355221	2473.7341924757
3	8886	207624.681528043613	3134.2936977278
3	8893	207953.980952123641	2126.4430451207
3	8909	208907.372663875891	2869.4226902258
3	8934	209952.335619193136	2129.9458142929
3	8948	210094.180101671663	2926.4598377701
3	8998	212045.886063482419	2940.3599083889
3	9008	212142.180159419026	2639.2679116409
3	9017	212292.862564733592	3118.560697753
3	9032	212392.532068920504	2472.048827814
3	9078	213755.061967698664	2601.5379162659
3	9102	214275.175893762886	2900.0794676583
3	9112	214354.636603491187	3383.4610124875
3	9116	214364.848553538129	2293.1264259297
3	9120	214425.036042405659	3839.164665509
3	9184	215806.539543326751	3665.329054502
3	9204	216295.475248899117	3527.1313093596
3	9221	216542.45963967386	4103.7143254858
3	9236	216913.883452238322	2651.6697169233
3	9245	217083.064483534351	2490.8584008858
3	9249	217244.142420383537	4076.7807164073
3	9283	218087.342842044116	3811.9392059625
3	9292	218223.500298967951	3572.4807480285
3	9300	218284.808360393897	3758.3480917645
3	9346	219507.112717841317	4284.6965999683
3	9361	219736.509134013703	2429.3623557705
3	9394	220873.112695645348	4042.2315404348
3	9430	221572.9791592141	2169.8850768794
3	9444	221721.801006755358	3328.4141840853
3	9448	221848.588764144605	3995.1682265408
3	9508	223621.211337083759	4068.412158218
3	9543	224434.392436947481	3955.1485510231
3	9547	224496.601381775359	4585.6565768611
3	9564	225029.578960890448	4202.0241431893
3	9576	225307.748358696506	4207.8252910139
3	9592	225849.830820802406	4454.0465471531
3	9620	226429.458347037242	5333.6420204126
3	9629	226468.854263693591	5073.0754941469
3	9641	227059.688173178391	4891.6433092795
3	9662	227192.463199663714	5668.4521672743
3	9692	227618.350561838405	3774.9242255276
3	9705	228119.905642633567	2606.3158038631
3	9733	228746.143201989363	2814.095367006
3	9746	228808.148568777525	1706.7008470861
3	9754	229133.458116823772	2841.8563775998
3	9827	230833.640925986002	3608.3226096271
3	9831	230885.367848223233	3553.727983748
3	9837	231125.657092751245	3387.3650693396
3	9871	231842.061078553306	3985.0751414788
3	9885	232242.108328518699	4902.1626053776
3	9893	232471.306682612904	4948.5792658726
3	9912	232776.051459898482	3278.8612455243
3	9943	233618.761326514341	3575.3954821735
3	9955	233980.185718582252	4740.3577195132
3	9959	234118.196704175481	3157.1956032388
3	9973	234218.892830497826	4558.3057516804
3	9984	234465.348373907837	4519.5405916919
3	10017	235485.267585485513	2379.4893614296
3	10021	235556.649683537487	2910.8490235638
3	10037	236276.327541316228	3087.6861581672
3	10045	236818.518014352109	2587.2514721196
3	10052	236912.198694684137	3293.5605200943
3	10076	237399.536698104154	3908.3132051949
3	10121	239332.086110992517	2483.7445031293
3	10158	240236.553450629558	3147.9971572291
3	10162	240571.332256379137	3309.4632701439
3	10187	241218.273488368999	2091.9524374688
3	10200	241496.222509771746	4014.3798761412
3	10208	241686.942665700247	2859.5243944041
3	10220	241995.070070241	2994.9769684765
3	10233	242313.146267451506	2333.0936300223
3	10294	243856.071008951133	2438.7643407471
3	10318	244518.008582024447	3104.5682417974
3	10322	244622.905410641582	3240.3927641641
3	10326	244785.042097728478	2385.3558881428
3	10369	245792.039356335776	3497.2111377504
3	10373	245814.428101882117	3311.0132603831
3	10386	245896.172297336704	3447.5437987817
3	10416	246474.719125042281	3594.3797745131
3	10446	247003.060890511222	3436.8379267314
3	10494	247841.008056040632	4250.6573809026
3	10498	247918.8678375637	4848.1431014498
3	10521	248464.026156479272	3613.7529983362
3	10527	248537.547798584843	3295.7512399628
3	10569	249518.531830005127	5002.4231824365
3	10573	249544.38222860887	3638.5031190091
3	10581	249615.812279602291	4056.8574019324
3	10587	249735.225768526712	3999.9249133136
3	10617	250362.0369344873	3657.445915956
3	10628	250642.513126909512	4354.6835236036
3	10647	251128.370607150414	5168.2523968664
3	10664	251437.720338282802	5020.1232815532
3	10695	251962.088956257107	5073.9008454545
3	10699	251981.640053596892	3885.1329918442
3	10711	252234.507047619449	5146.9909094935
3	10715	252400.442944859866	5066.8595758278
3	10762	253348.59241558403	4611.393859426
3	10766	253352.616500594266	4960.1440125551
3	10772	253375.707628400691	5197.387034037
3	10795	253741.627109052393	5211.7698610763
3	10813	254303.934733699703	4369.11711094
3	10854	255019.521831890347	5190.6427228312
3	10873	255535.282829331013	5411.9891145494
3	10877	255592.03667381833	4959.02002501
3	10901	255997.890423752146	5298.8325398599
3	10911	256130.97200873472	5950.949473382
3	10946	256793.751690678077	5873.3764261874
3	10965	257109.563300301948	4455.5769198456
3	10984	257381.898018635588	5237.8066517642
3	10995	257901.659566834265	4536.6560721805
3	11038	258866.662582847917	3818.954344514
3	11050	259664.249666455912	6130.980613019
3	11067	259849.982623385045	5092.139325698
3	11096	260216.236070599103	4431.523150767
3	11106	260478.36575554848	4562.5780995223
3	11158	261367.563151588442	4558.2546307887
3	11162	261623.189496732944	5189.1923798068
3	11166	261629.095279500434	5388.6240599355
3	11185	262101.773990644688	6099.9468423583
3	11205	262579.736304171079	3594.5334053817
3	11214	262678.182831891427	4863.6973904254
3	11222	262830.668291934381	4885.6829431581
3	11237	263061.458472769487	5828.8007010195
3	11250	263349.933097939634	3838.8988789574
3	11263	263609.135454241733	3844.8079994295
3	11287	264312.739479180205	4442.543771629
3	11295	264355.585394156792	4636.1269807175
3	11334	265264.963358156929	4435.980776942
3	11357	265864.659829577978	3400.5430798844
3	11375	266039.566022250497	5234.8938520055
3	11386	266475.828055367419	5590.4079800693
3	11397	266789.53179166707	4820.4454017158
3	11412	267071.318437577853	4153.3645933605
3	11416	267155.556246992748	3108.1723964709
3	11431	267465.357155968051	2409.0589636637
3	11438	267599.314733315805	2423.3957383171
3	11450	268512.186927512653	2286.2633519713
3	11462	268738.069728487464	2003.413785696
3	11524	270959.291416763518	3896.7881239951
3	11536	271421.221010303985	2587.6496458054
3	11555	271872.257829608151	2473.1029557902
3	11566	272140.81616184183	1793.6853547767
3	11599	272897.415688279633	2634.1614766046
3	11622	273366.674091587243	3426.3639807701
3	11639	274025.952718849367	2002.8800129425
3	11643	274121.332083089591	2470.4703854118
3	11688	275123.856001403075	2682.6163555216
3	11692	275330.617508653569	2597.1908820234
3	11722	276094.809511480692	3042.3594153207
3	11741	276560.087538370701	2980.4380342693
3	11745	276604.485365578922	2454.6196903926
3	11757	276884.525697194355	3507.776164161
4	90	3735.193192552629	3265.1458131149
4	207	6199.017685148396	4038.3888787797
4	211	6311.131732452931	4776.9530577639
4	215	6330.489523335822	3373.6120408541
4	398	10805.96821492491	5345.8269554639
4	467	12150.019943639167	5283.6168711738
4	495	12584.164801122475	4853.9733137996
4	553	14148.900099009131	4936.3609373114
4	613	15487.423318539086	5590.6591520871
4	661	16573.296771257971	4565.0001094741
4	752	18198.537331912197	4554.9366573412
4	764	18666.999759180002	3552.1039368492
4	777	18813.540980726337	4968.5029025654
4	790	19227.60957340663	3708.6323120704
4	837	20292.963701299855	4733.7446882016
4	868	21066.508342640745	5314.5415300487
4	887	21380.528244221438	5468.4813526879
4	891	21487.668334422166	4887.5688215123
4	902	21847.517682485138	4839.9523061414
4	914	21992.277043450894	5485.5258708873
4	936	22523.286119885275	5350.1770975769
4	992	23738.902795499462	5972.0048611887
4	1026	24802.141821457345	5497.5084492187
4	1126	27081.110649363925	6686.8113591919
4	1225	28819.802573354771	6406.0105696912
4	1458	34071.261110751232	7926.806603103
4	1570	36325.32014425685	6527.3221873472
4	1794	40948.555983061245	7817.3586964752
4	1839	42048.657148926982	6523.8274320684
4	1854	42494.466746244111	6733.799643421
4	1955	44478.783521371236	6826.9634400248
4	1992	45275.390347828622	5947.0315896382
4	2066	46975.155756752471	6270.7311447185
4	2141	48478.072451775751	6831.8099833538
4	2172	49477.940111065558	7012.488259138
4	2319	52991.561498561732	7295.7977038699
4	2330	53102.890460210196	7033.3484853826
4	2466	56032.341234510623	6406.0271503799
4	2506	56597.519686695463	5345.2262688469
4	2541	57426.445216907464	9119.099454544
4	2653	59464.061564052336	6535.9792297815
4	2728	61471.173580627747	5068.9928352506
4	2783	62520.036522289273	6361.1752235268
4	2888	65210.21050188644	4123.2014468359
4	2968	67099.947324430846	5342.8764461898
4	3088	69753.411958337107	5331.9127276556
4	3116	70189.044126782843	5123.3840590892
4	3345	75335.279915112863	6239.5709117304
4	3391	76382.899337876125	7883.4627778891
4	3458	77944.26449442236	7807.0641075112
4	3630	81455.330115723893	6247.2305551239
4	3801	84921.673280395429	5283.1844191452
4	3829	85341.279767894979	5532.3232523695
4	3833	85402.293216258566	6044.2039086815
4	3898	86885.558978504971	6365.2996287131
4	4014	89554.834398602929	6983.0187855225
4	4029	89660.36088462873	7978.2158834601
4	4210	93459.572069905238	6429.3740322949
4	4233	93923.135481996741	4275.6801198228
4	4281	94927.149588296469	3847.7375875786
4	4359	96449.394236690837	5215.2044056506
4	4444	98027.454638572689	3172.0074894195
4	4473	98770.687921354088	3630.795434809
4	4485	98836.992581192268	3931.7275281054
4	4528	99517.705530606509	3915.0443306036
4	4591	101034.887463099214	4705.0993224438
4	4779	105510.056056881622	1573.4959899488
4	4787	105541.335658771322	3375.3130648172
4	4836	107416.934698134491	2732.1663960535
4	5055	113064.471860966511	2158.7262994889
4	5097	114041.398256547576	3214.1387622803
4	5105	114272.295756983436	3330.0154825471
4	5166	117068.320813177693	2013.4239381831
4	5246	121340.559599660583	3007.7412122581
4	5315	123193.495509620594	2450.0245282799
4	5364	124442.218144340256	3339.4586693589
4	5521	128605.954882203823	3806.3603111151
4	5621	131003.301909574529	3131.0522753231
4	5716	133126.35357091112	2840.2022107728
4	5781	134362.961872368139	3539.9470627213
4	5803	134730.248889493775	4372.7099259144
4	5811	134986.578695474553	2454.8017702348
4	5815	135092.707425327059	2903.8037164054
4	5938	137958.693526507375	1905.8765642328
4	5968	138570.795060590272	4025.0078975691
4	6162	143195.614172255982	4156.5394775113
4	6247	145065.87494479401	4669.9899395805
4	6281	145848.789617957909	4658.6189868281
4	6311	146655.256976381306	4078.2247315392
4	6322	146842.867108489608	3994.3164297343
4	6345	147534.753253747139	3074.2360429131
4	6407	148771.470451940213	4108.8938658198
4	6424	148979.219537106362	3297.9485471994
4	6431	149109.723897072708	3448.4190782898
4	6491	150672.701645913637	2512.7380747532
4	6569	152218.034107460565	1982.9470881354
4	6608	153014.89869929675	3084.7721309401
4	6641	153690.387074628955	2531.0209009318
4	6900	159327.155913457386	3293.0169529469
4	6973	160938.286516115181	3119.2356069037
4	7005	161615.781437398978	4553.2357528758
4	7065	162732.089761605598	4824.2488860369
4	7078	162891.184604115319	3550.2082541728
4	7194	165826.205076574571	4480.3430684204
4	7299	168080.928168812302	5193.0724609822
4	7415	170570.482942489198	5806.3557436026
4	7433	170824.898622499891	6981.114083403
4	7512	172897.939540728463	5634.9517895042
4	7717	177368.605452095382	7302.33022715
4	7756	178360.76705241505	7781.2433621613
4	7806	179839.692440501883	8477.677007183
4	7849	180386.37296125222	6378.2432754419
4	7859	180865.599167588391	7254.4968366559
4	7874	181094.344089798167	8047.6221128123
4	7915	181927.17199826008	6611.5360036171
4	7969	183420.588087168746	7597.9624886296
4	8033	184747.744094086104	8648.2942894938
4	8055	185159.891221857853	4878.1044672086
4	8171	187459.09095412877	5806.8727208537
4	8334	191124.675708085416	3680.6997282727
4	8417	193118.351885190352	3569.7914130625
4	8501	196331.91726252415	2768.6444805656
4	8518	197062.830258943627	3108.7574959639
4	8547	197563.410635196324	2178.7916922733
4	8734	202766.498708354411	2854.6935882114
4	8756	203402.607322458279	3961.9853912249
4	8772	203939.213082561247	3963.3612212478
4	8863	207012.26829817079	2162.4564311374
4	9058	213100.48556453529	3164.9284074793
4	9163	215314.582502972141	2962.0477730211
4	9180	215568.540407743671	3441.4813196192
4	9200	216244.184084264369	4552.9837890646
4	9329	219205.011804392368	4215.0379320033
4	9338	219355.082472952579	4482.4507494809
4	9357	219706.61817217096	3774.072075748
4	9456	221982.106199169897	4474.9880746894
4	9468	222519.528653871765	4627.8537899832
4	9491	223142.083160233119	4208.1535072629
4	9504	223519.206551265469	4069.7161569278
4	9654	227147.894180081592	4995.6262089137
4	9677	227409.989362684817	3138.0652230882
4	9750	229048.524213714683	2875.3134771064
4	9810	230426.540850415112	3328.8613946456
4	9889	232246.870760162602	4000.041068908
4	9903	232670.209700749474	3364.7356747655
4	10029	235999.237465030108	2671.3532432158
4	10072	237330.062291063894	3931.1598046816
4	10144	239823.464464996542	2763.7087001558
4	10224	242028.307141430836	2571.134910157
4	10336	244967.665103152089	2816.2847057171
4	10431	246787.847147872367	4130.1344984996
4	10450	247081.973742703519	3885.1934246884
4	10490	247708.375852687063	4748.1550122963
4	10799	253820.596116447599	4847.5290960905
4	10817	254361.964829994144	4743.9276313081
4	10821	254502.771061957427	5411.9284743079
4	10922	256350.905846981028	4207.4598303223
4	10969	257119.132689267176	6362.6172333983
4	11001	257999.416479041579	4841.0109561304
4	11018	258520.800232926163	5644.4634851696
4	11131	260952.629555399144	5083.9835033601
4	11291	264314.607930696184	5505.3424845488
4	11304	264501.847374402533	4218.4129778904
4	11361	265900.681128753895	5210.3347978932
4	11492	269940.099324092921	2671.7911529727
4	11503	270228.513121253606	2761.4012351353
4	11610	273165.563549593093	2328.2711502537
4	11631	273624.746036951477	1388.0269722082

