version 2
run Iteration-41-20200521-09:53:13-6416
attr configname Iteration
attr datetime 20200521-09:53:13
attr experiment Iteration
attr inifile omnetpp.ini
attr iterationvars "$i=4, $j=6, $0=15-(4+6)"
attr iterationvarsf i=4,j=6,15-(4+6)-
attr measurement "$i=4, $j=6, $0=15-(4+6)"
attr network Network
attr processid 6416
attr repetition 0
attr replication #0
attr resultdir results
attr runnumber 41
attr seedset 41
itervar i 4
itervar j 6
param **.resourcePool.amount 4
param **.resourcePool1.amount 6
param **.resourcePool2.amount 15-(4+6)
param **.source.interArrivalTime exponential(6min)
param **.delay.delay uniform(4min,28min)
param **.delay1.delay uniform(10min,28min)
param **.delay2.delay uniform(4min,16min)
param **.allocate.resourceModuleName "\"Network.resourcePool\""
param **.allocate1.resourceModuleName "\"Network.resourcePool1\""
param **.allocate2.resourceModuleName "\"Network.resourcePool2\""
param **.deallocate.resourceModuleName "\"Network.resourcePool\""
param **.deallocate1.resourceModuleName "\"Network.resourcePool1\""
param **.deallocate2.resourceModuleName "\"Network.resourcePool2\""
param **.router.randomGateIndex "uniform(0, 1) > 0.2 ? 0 : 1"

vector 0 Network.allocate queueLength:vector ETV
attr interpolationmode sample-hold
attr title "queue length, vector"
vector 1 Network.allocate1 queueLength:vector ETV
attr interpolationmode sample-hold
attr title "queue length, vector"
vector 2 Network.allocate2 queueLength:vector ETV
attr interpolationmode sample-hold
attr title "queue length, vector"
vector 3 Network.sinkStat lifeTime:vector ETV
attr interpolationmode none
attr title "lifetime of arrived jobs, vector"
attr unit s
vector 4 Network.sink lifeTime:vector ETV
attr interpolationmode none
attr title "lifetime of arrived jobs, vector"
attr unit s
0	0	0	0
0	76	2861.056653332644	1
0	78	3101.357560139477	0
0	83	3300.516163161225	1
0	85	3351.78604424846	2
0	87	3394.413326140821	1
0	100	3419.52276595267	0
0	109	3844.121913034224	1
0	111	3867.098316622551	0
0	124	4041.31655016939	1
0	130	4142.878899839492	2
0	132	4195.971143054375	1
0	137	4204.294868950129	0
0	165	4714.877221831536	1
0	167	4743.992332272504	2
0	173	4884.364898508967	3
0	183	4924.886165482576	2
0	188	4973.121951776156	1
0	193	4994.894854690515	0
0	202	5255.098610236967	1
0	204	5284.687565360547	0
0	319	7373.992254345628	1
0	325	7635.739859877329	0
0	379	8352.708468550894	1
0	381	8524.924132894159	2
0	395	8834.016503593061	3
0	397	8967.571065173422	2
0	410	9233.384059680801	1
0	419	9284.561059716164	0
0	451	9773.991244296598	1
0	453	9836.932144881164	0
0	545	12140.339880295493	1
0	547	12207.032655642105	0
0	567	12485.833050608687	1
0	573	12507.67585914484	2
0	575	12654.54149567947	3
0	577	12666.368143769383	2
0	582	12740.275018712496	1
0	591	13002.408707827998	0
0	623	13477.155281409803	1
0	625	13488.411402901625	0
0	630	13545.625498062523	1
0	636	13696.892915593988	2
0	638	13725.446989030314	1
0	647	13818.266959525624	0
0	785	16238.694515030869	1
0	787	16297.107938135449	2
0	801	16527.341020803976	3
0	807	16839.022511595383	4
0	809	16860.476302876719	3
0	818	17018.727677317086	4
0	820	17146.789666637429	3
0	829	17228.243570562083	2
0	834	17298.93523581313	3
0	836	17300.025917599652	2
0	841	17344.334103793183	1
0	846	17804.367374181398	0
0	924	19349.782986785691	1
0	926	19437.928038797923	0
0	958	20170.602717577438	1
0	960	20190.781333632418	0
0	1040	21962.942206725352	1
0	1042	22088.633691663953	0
0	1963	47507.19965006133	1
0	1965	47559.070528659142	2
0	1967	47750.21477425695	3
0	1969	47853.166547057941	2
0	1978	47966.134779009056	3
0	1984	48038.467551156673	4
0	1990	48391.357730299096	3
0	1995	48406.870169722818	2
0	2000	48407.740710293079	3
0	2002	48477.995846266147	4
0	2008	48715.184128030996	3
0	2013	48800.618494352117	2
0	2018	48803.986677249802	3
0	2024	48904.139112109254	2
0	2029	48965.625649784587	3
0	2031	49022.669717231177	2
0	2048	49520.42243635217	3
0	2058	49656.024190879392	4
0	2068	49928.039537526529	3
0	2073	49951.796762851053	4
0	2079	50001.081043170701	3
0	2100	50392.177475773272	4
0	2102	50403.746207152046	5
0	2104	50417.687172045723	4
0	2109	50544.660871670924	3
0	2114	50850.832544609766	2
0	2127	51142.333397791841	3
0	2133	51369.071451065795	4
0	2135	51464.372687997233	3
0	2140	51499.338391952078	2
0	2157	51602.514566531197	1
0	2166	51894.939056957077	0
0	2251	53704.875483012547	1
0	2253	53762.255810690171	2
0	2267	53859.775294526876	1
0	2280	54363.528535567882	2
0	2282	54439.469779108967	1
0	2287	54768.301601903275	0
0	2292	54867.631043615473	1
0	2298	55016.562566223346	0
0	2303	55094.815341900351	1
0	2309	55181.881555152163	2
0	2311	55229.924496799172	1
0	2316	55289.100523603465	0
0	2329	55557.771377798469	1
0	2335	55710.044222674729	0
0	2348	55921.597955531828	1
0	2350	55956.978870805799	2
0	2352	55960.340104316582	3
0	2354	56118.161651360154	4
0	2356	56180.226461198708	5
0	2358	56226.094670469664	4
0	2363	56287.425893665985	3
0	2384	56404.079417712452	2
0	2389	56440.871855181958	1
0	2398	56581.647393282183	2
0	2404	56794.985318295111	3
0	2406	56851.825002483489	2
0	2411	56868.350338926162	3
0	2413	56926.222405988874	4
0	2415	57011.683463605482	5
0	2429	57388.443009654783	4
0	2442	57456.933599905805	3
0	2447	57514.683701147642	2
0	2468	57827.327494161927	1
0	2473	57882.757922211433	2
0	2483	58201.932901270153	1
0	2488	58352.491660164432	0
0	2523	58982.216987955321	1
0	2541	59266.229359976025	2
0	2543	59299.678725450204	1
0	2556	59402.081622155146	0
0	2694	62807.733767822939	1
0	2700	62910.595475822404	0
0	2791	64484.890262612325	1
0	2793	64485.696686392766	0
0	2802	64641.36051867982	1
0	2808	64890.63608774419	2
0	2814	65064.80004068673	3
0	2816	65108.26355621044	2
0	2821	65120.986317896177	3
0	2823	65315.006737079024	4
0	2825	65508.173333735467	3
0	2830	65538.129371997631	2
0	2835	65572.723221274319	3
0	2845	65748.50681940718	2
0	2862	65986.515911517132	3
0	2864	66129.180153856923	4
0	2866	66274.069280023666	5
0	2880	66600.355993321281	4
0	2889	66715.465204094663	5
0	2891	66814.684939048014	6
0	2893	66833.473350343473	7
0	2895	66879.541154202736	6
0	2904	66990.576705355602	7
0	2906	67048.617260412575	6
0	2911	67130.040115429319	7
0	2913	67138.917885877608	8
0	2923	67387.847274641231	7
0	2932	67457.003139483428	8
0	2934	67549.659573802055	7
0	2947	67945.386065733728	8
0	2949	67951.318016441541	9
0	2951	68171.112277208012	8
0	2960	68338.228350163699	7
0	2969	68363.500915235093	8
0	2971	68416.036118890154	9
0	2973	68422.948612240663	10
0	2983	68542.385611233032	9
0	2988	68554.798752206102	8
0	2993	68624.205373374861	7
0	2998	68829.533308773509	8
0	3012	69048.544819460512	7
0	3025	69208.573420296148	6
0	3038	69434.167621060619	7
0	3040	69517.606550852493	6
0	3045	69540.376795896591	5
0	3049	69621.773083841544	4
0	3053	69627.370253835535	3
0	3057	69657.863688559395	4
0	3078	69910.725870948946	3
0	3091	70174.652411189591	2
0	3103	70337.788693473862	3
0	3105	70401.118708166019	2
0	3119	70646.59401958365	3
0	3125	70791.222035909527	4
0	3135	70960.536572287516	3
0	3140	70972.061549609643	2
0	3144	71091.017005027534	1
0	3157	71197.548598508921	2
0	3180	71496.26327283374	1
0	3197	71638.17728299503	2
0	3207	71799.33799883036	3
0	3209	71818.237414887579	4
0	3231	72184.484675632129	5
0	3233	72411.154281633632	4
0	3238	72455.497021002811	3
0	3243	72539.839697622956	2
0	3252	72735.137829492617	3
0	3254	72841.174069453692	2
0	3259	72873.344594642532	3
0	3269	73255.325001181546	4
0	3271	73299.784267773326	5
0	3281	73587.711546268975	4
0	3286	73617.399837465579	5
0	3288	73619.205249274807	4
0	3301	73944.71881578982	3
0	3306	74014.607019859092	2
0	3315	74134.772242529434	1
0	3344	74880.679885406708	0
0	3353	75055.060880454671	1
0	3367	75284.927354703383	0
0	3391	75591.423466477563	1
0	3397	75648.857836013776	0
0	3402	75682.036757216312	1
0	3404	75688.13377692989	0
0	3413	75852.766512066106	1
0	3415	75916.036354290116	2
0	3417	76004.034401249801	1
0	3422	76142.167056834441	0
0	3654	82617.690723446589	1
0	3656	82765.370027603145	0
0	3698	83626.326387676123	1
0	3708	84121.716370202794	0
0	3717	84174.705865032664	1
0	3719	84184.132660621341	0
0	3863	88090.318788056522	1
0	3877	88374.074874632513	0
0	4011	93889.664219398069	1
0	4013	93917.346624477098	0
0	4018	93936.879320848966	1
0	4020	94138.110634985138	2
0	4022	94297.058241834746	1
0	4027	94345.251170438146	2
0	4029	94472.313708649189	3
0	4031	94607.767169644938	2
0	4036	94758.829188494483	1
0	4049	95077.526203942756	0
0	4088	95787.053775080583	1
0	4094	95878.45803925942	0
0	4595	110511.352969044033	1
0	4597	110645.246992570448	0
0	4602	110841.145745682338	1
0	4608	110908.296777692723	0
0	4613	110997.940575417422	1
0	4615	111152.404351878522	0
0	4631	111487.4980216268	1
0	4633	111493.534990263271	0
0	4642	111554.980390046995	1
0	4652	111917.389962409629	2
0	4658	111977.983567203937	1
0	4667	112074.991624589363	2
0	4669	112134.934076978309	1
0	4698	112815.533756663191	0
0	4722	113123.852487052199	1
0	4732	113475.605935092626	0
0	4835	115490.752488267767	1
0	4837	115515.056875916147	0
0	5176	127601.725194433855	1
0	5178	127656.958119787526	2
0	5184	127889.703234412945	1
0	5197	128360.040576413513	0
0	5235	129029.873874515009	1
0	5237	129161.852878050185	0
0	5246	129215.011274607582	1
0	5248	129242.116075079049	2
0	5254	129571.429960372084	1
0	5259	129583.072195519767	2
0	5265	129634.576394758749	1
0	5282	130142.644955157864	0
0	5287	130146.259637002468	1
0	5297	130271.532919286533	0
0	5352	131193.220994082353	1
0	5358	131488.615746246101	0
0	5510	135426.153796433272	1
0	5512	135561.251469294156	0
0	5554	136202.155699866802	1
0	5556	136295.697783748683	2
0	5558	136299.251660564256	3
0	5560	136320.224324933099	4
0	5562	136400.311814566795	3
0	5575	136762.783908099637	2
0	5588	136818.427118157689	1
0	5593	136979.097577663346	2
0	5607	137043.256678556932	3
0	5609	137056.899950618471	2
0	5614	137325.64565835679	1
0	5627	137458.025355053672	0
0	5636	137732.13805278259	1
0	5638	137738.20960240417	2
0	5640	137777.568014488325	1
0	5645	137799.041943047689	2
0	5655	138034.970703733691	1
0	5660	138043.797653847945	2
0	5666	138130.061804801263	3
0	5672	138246.148251119585	4
0	5674	138277.217595505144	3
0	5695	138518.576801886503	2
0	5700	138587.131757102522	3
0	5718	139004.818488397405	2
0	5727	139185.361445223392	3
0	5729	139407.216000718602	2
0	5734	139438.608007580743	1
0	5739	139701.786683308561	2
0	5741	139762.936799402506	3
0	5755	139900.505653564316	4
0	5757	139904.702075014438	3
0	5762	139967.430088428502	2
0	5771	140160.014613693186	1
0	5784	140261.662181940005	2
0	5794	140491.270321274723	1
0	5811	140940.20051084529	0
0	5881	142523.995676488701	1
0	5883	142570.331018046246	0
0	5911	143115.890900544245	1
0	5913	143135.268208885566	0
0	6046	145852.586027980005	1
0	6052	145930.995882541162	2
0	6054	145983.115908361387	1
0	6063	146034.721601896084	0
0	6068	146231.789823193011	1
0	6074	146372.784532182011	2
0	6076	146460.107815693186	1
0	6081	146520.538135693496	0
0	6135	147729.807485382656	1
0	6149	148057.416057653809	0
0	6183	148473.042831417386	1
0	6209	148741.499028233211	2
0	6219	149199.26210201938	1
0	6224	149258.987508717822	0
0	6274	150330.999073705388	1
0	6280	150346.910958338516	2
0	6286	150424.64591288545	3
0	6288	150471.305066421177	4
0	6298	150648.912421771695	5
0	6300	150698.502067331122	4
0	6313	150878.356325660382	3
0	6318	150997.048463634572	4
0	6324	151061.248056869193	5
0	6326	151091.921746831301	6
0	6328	151100.547680787671	7
0	6334	151393.151836363745	8
0	6340	151445.172904785602	7
0	6345	151517.300131392215	6
0	6354	151750.360588568048	5
0	6359	151763.858673501657	4
0	6364	151987.337051798201	5
0	6366	152063.344015550349	4
0	6370	152306.379977400591	5
0	6381	152340.487620594697	4
0	6394	152575.874328855305	3
0	6407	152815.592508126531	2
0	6412	152833.764644101365	3
0	6418	153007.144372637169	2
0	6427	153142.583486404167	1
0	6431	153247.332035880416	0
0	6553	155482.114656739992	1
0	6559	155553.089105247492	0
0	6583	155788.161962870442	1
0	6585	155817.659678493976	2
0	6587	156005.704784192789	3
0	6589	156104.384510166218	2
0	6594	156109.479276980309	3
0	6596	156422.726673287251	2
0	6605	156590.705450056644	1
0	6610	156619.902649803991	0
0	6615	156738.389370174977	1
0	6621	156848.667109784582	0
0	6630	156940.858194707035	1
0	6632	156991.66859949215	2
0	6638	157045.29109606796	1
0	6643	157057.902537650021	0
0	6652	157296.977243101044	1
0	6654	157323.00490307961	2
0	6660	157463.531873923638	1
0	6673	157718.993815428784	0
0	6738	158630.333501933896	1
0	6744	158712.650851815555	0
0	6864	160709.811267066715	1
0	6866	160735.223915788768	0
0	6871	160878.629784418475	1
0	6873	160964.940524814544	2
0	6883	161064.597825394881	3
0	6885	161095.538079669325	2
0	6898	161360.605302270715	3
0	6900	161463.637240591882	2
0	6909	161561.675671018442	1
0	6918	161766.118534794763	0
0	7239	169775.400076275073	1
0	7249	170255.09175099368	0
0	7456	177861.543481267109	1
0	7462	177901.011209668384	0
0	7475	178214.677330506317	1
0	7477	178279.942270819754	0
0	7768	188380.072663162177	1
0	7770	188382.044252479096	0
0	7945	194074.512350529769	1
0	7947	194141.2125457721	2
0	7953	194691.34158333897	1
0	7958	195081.654029742777	0
0	8083	198909.279070769721	1
0	8085	198958.296855875972	0
0	8222	204168.129439934576	1
0	8228	204580.438311250169	0
0	8443	212362.657002696812	1
0	8449	212396.962417223259	0
0	8465	212717.424449045783	1
0	8467	212884.517626137241	0
0	8472	212911.54227282193	1
0	8474	213003.825119884806	0
0	8479	213308.730630024448	1
0	8489	213435.605854617553	0
0	8494	213599.624859431394	1
0	8496	213613.569509870989	0
0	8542	214260.904185108958	1
0	8556	214669.887375086231	0
0	8697	217448.073076240084	1
0	8699	217454.268936512137	2
0	8701	217569.755503686043	3
0	8703	217607.823440705591	2
0	8716	217951.335977303907	3
0	8718	218007.603087192621	4
0	8724	218041.74776328289	5
0	8726	218063.298361433784	4
0	8731	218135.505344177702	3
0	8736	218265.287208440356	4
0	8746	218398.389136602328	5
0	8748	218534.855493566213	4
0	8765	218732.540378404895	3
0	8770	218821.702482836162	4
0	8780	218957.580800068757	5
0	8786	219164.860026662403	4
0	8795	219247.985212820688	3
0	8812	219707.311029483729	2
0	8817	219792.265642373967	3
0	8823	219820.413892510453	2
0	8828	219974.420042185305	1
0	8833	219977.620994855692	2
0	8839	220166.221734775929	3
0	8841	220177.892314663271	2
0	8846	220234.055327785366	1
0	8850	220273.931820287313	2
0	8852	220302.318467449754	3
0	8859	220362.401808782669	4
0	8865	220424.307725188391	5
0	8879	221055.061940161625	4
0	8884	221214.860888069569	5
0	8890	221332.865075598879	6
0	8892	221348.760476385408	5
0	8901	221450.524180214027	4
0	8914	221585.086678898154	3
0	8931	221772.452629412631	2
0	8936	221811.832353671246	1
0	8949	222065.903590749125	0
0	8954	222165.248602433211	1
0	8964	222313.249349465708	0
0	8973	222428.805470036346	1
0	8975	222578.504777270476	0
0	8979	222579.516924707158	1
0	8998	222835.022356190101	2
0	9000	222851.418356707512	1
0	9021	223377.591650647276	0
0	9030	223472.166760517789	1
0	9036	223563.018395325283	0
0	9083	224262.168664356343	1
0	9085	224268.649288726204	0
0	9094	224318.021408393812	1
0	9096	224419.569015279861	2
0	9102	224465.912497594923	3
0	9104	224466.257459445847	4
0	9106	224506.151607481955	3
0	9123	225082.281178133084	2
0	9140	225234.275799480432	1
0	9149	225279.227986561449	2
0	9151	225502.140890232194	1
0	9156	225689.497249795316	0
0	9263	227764.994838668725	1
0	9273	228021.826601128926	2
0	9275	228093.809524905666	1
0	9288	228344.216917950262	0
0	9293	228485.556581172734	1
0	9303	228566.311396379993	2
0	9305	228603.773470060502	1
0	9318	228926.161106429065	0
0	9338	229128.219126416825	1
0	9340	229291.015167319756	2
0	9346	229391.177896115437	3
0	9348	229395.717638744975	2
0	9353	229415.463154550244	1
0	9362	229510.934203286453	0
0	9367	229511.836533413673	1
0	9369	229548.124670829391	2
0	9371	229646.509341089989	1
0	9375	229770.47195052801	0
0	9379	229817.125058823771	1
0	9381	229877.503111261477	0
0	9687	238643.901114527293	1
0	9693	238824.71596078627	0
0	9702	239057.041863002123	1
0	9704	239090.10186905705	0
0	9713	239208.955728498364	1
0	9715	239508.639894208558	0
0	9811	241523.32375737283	1
0	9813	241713.65792629886	0
0	9897	243477.642777812589	1
0	9899	243486.424842902775	0
0	9904	243623.69143718892	1
0	9910	243710.832346436973	2
0	9912	243957.631915899163	3
0	9918	244055.280145536114	4
0	9924	244108.023548325108	3
0	9937	244239.570637324209	2
0	9942	244240.069670929411	1
0	9955	244377.690392047011	0
0	9960	244431.150048093956	1
0	9962	244550.391714328284	0
0	9967	244575.789759912304	1
0	9969	244643.368630796601	2
0	9971	244743.670442983352	1
0	9980	244890.679673192607	0
0	10145	247900.448661871013	1
0	10155	248043.970251312708	2
0	10157	248131.995017257672	1
0	10162	248144.150257063285	2
0	10164	248174.100860054937	3
0	10166	248178.306283543131	2
0	10171	248214.838715380582	3
0	10173	248237.39311888537	2
0	10182	248410.423570243442	3
0	10192	248564.036970649999	2
0	10201	248827.539996767865	3
0	10203	248837.704420735356	4
0	10205	248897.827731275106	5
0	10207	248987.133180944032	6
0	10209	249009.961952602931	5
0	10214	249056.167137771787	6
0	10216	249115.40595848324	5
0	10221	249279.170019757313	6
0	10223	249289.322681097611	7
0	10229	249329.736688210138	6
0	10242	249611.73722072664	7
0	10244	249635.55949702582	6
0	10249	249781.894564900967	7
0	10255	249819.948871945184	6
0	10268	250206.922391245386	5
0	10277	250320.215784640269	6
0	10287	250397.58302576563	5
0	10304	250656.985914890679	4
0	10309	250728.932958504626	3
0	10314	250923.940111661574	2
0	10323	250975.681564723295	1
0	10336	251217.880346479139	0
0	10614	257960.334676510519	1
0	10620	257999.742285110901	0
0	10625	258225.323357185243	1
0	10631	258311.464072545923	0
0	10636	258502.25398668675	1
0	10642	258706.982076601039	0
0	10647	258756.080365355707	1
0	10649	258828.325519269265	0
0	10658	258920.775808845614	1
0	10660	259007.444466110753	0
0	10669	259156.974961964295	1
0	10671	259177.247659987375	0
0	10718	260129.352734513671	1
0	10720	260204.149551149892	0
0	10747	260622.781163645442	1
0	10753	260880.401741576664	0
0	10766	261007.349453375478	1
0	10768	261064.703848679053	0
0	10796	261330.064866403587	1
0	10806	261612.023456742339	0
0	10826	261904.629107773046	1
0	10848	262461.030525571592	2
0	10850	262608.695010042113	1
0	10863	262638.397497763478	0
0	10948	265133.438337895468	1
0	10954	265367.94990486856	0
0	10959	265384.73831556232	1
0	10961	265630.520528402669	0
0	10981	266089.235422037914	1
0	10995	266559.110862594847	0
0	11000	266656.328658848559	1
0	11002	266714.669814441843	0
0	11007	266766.60561455012	1
0	11009	266916.007858988118	0
0	11151	271213.202228398102	1
0	11153	271251.291185274806	2
0	11155	271263.252847310783	3
0	11157	271494.85003213325	4
0	11159	271660.421777699838	3
0	11164	271676.458766542867	2
0	11173	271929.22059633632	1
0	11178	271947.788985400265	0
1	0	0	0
1	218	5492.428533094534	1
1	220	5559.626987288103	0
1	852	17917.7967411953	1
1	854	17949.399900929653	0
1	2509	58618.089248972737	1
1	2514	58721.105459636801	0
1	3047	69540.376795896591	1
1	3051	69621.773083841544	2
1	3055	69627.370253835535	3
1	3063	69747.891493855706	2
1	3068	69822.047573473961	1
1	3073	69897.674426388111	0
1	3080	69910.725870948946	1
1	3086	69944.528339033277	0
1	3093	70174.652411189591	1
1	3107	70401.118708166019	2
1	3109	70554.681733635516	1
1	3114	70632.340422977419	0
1	3142	70972.061549609643	1
1	3146	71091.017005027534	2
1	3152	71152.842650792292	1
1	3159	71208.108671040536	0
1	4635	111493.534990263271	1
1	4637	111543.405614731002	0
1	5773	140160.014613693186	1
1	5775	140168.474664820079	0
1	6368	152063.344015550349	1
1	6372	152338.553143501179	0
1	6429	153142.583486404167	1
1	6433	153247.332035880416	2
1	6435	153277.739229038255	1
1	6445	153351.612460191147	2
1	6447	153432.0266882484	1
1	6457	153515.528228413194	2
1	6460	153672.403433952961	3
1	6466	153747.75233915995	2
1	6471	153747.774867393793	1
1	6476	153826.838909840928	0
1	6720	158379.356604426375	1
1	6730	158441.289599119278	0
1	6746	158712.650851815555	1
1	6748	158750.223600639873	0
1	7021	163637.651640310148	1
1	7027	163827.075184685889	2
1	7033	164153.697421206847	1
1	7042	164240.921569833888	0
1	7048	164268.405244482858	1
1	7050	164378.744327349188	0
1	8510	213718.741217779117	1
1	8512	213765.024938749849	0
1	8848	220234.055327785366	1
1	8854	220324.971521468008	0
1	8977	222578.504777270476	1
1	8985	222634.915269398237	0
1	9373	229646.509341089989	1
1	9377	229770.47195052801	2
1	9383	229877.503111261477	3
1	9386	230101.663742159291	4
1	9388	230199.325735229601	3
1	9397	230262.034654659753	2
1	9403	230369.239820786766	3
1	9405	230374.972696607003	2
1	9418	230615.174196485033	3
1	9420	230625.067699300854	2
1	9425	230737.759755239824	1
1	9434	230921.443888471996	0
1	9452	231324.093295285463	1
1	9458	231385.571592348425	0
1	9740	239881.086938769149	1
1	9742	239935.059154609443	0
1	9973	244743.670442983352	1
1	9975	244889.833849936108	0
1	9982	244890.679673192607	1
1	9984	244929.604495938251	0
1	9990	245147.953245370486	1
1	10003	245272.093295461814	0
1	10009	245273.949493117474	1
1	10012	245345.073557176943	2
1	10018	245362.070686951124	1
1	10023	245387.353787863211	0
1	10316	250923.940111661574	1
1	10318	250935.710747278449	0
1	10325	250975.681564723295	1
1	10331	251027.654721631693	0
1	10338	251217.880346479139	1
1	10341	251291.270474453481	2
1	10346	251351.278761669087	1
1	10355	251448.649864264077	0
1	10401	252261.956003092312	1
1	10403	252285.649937548184	0
1	11207	272669.638516389325	1
1	11216	273029.506285234119	0
2	0	0	0
2	8942	221977.108941611999	1
2	8944	221998.645877729335	0
2	9479	231720.667560142999	1
2	9481	231720.931380671983	0
2	9498	232082.230140487667	1
2	9500	232122.326988178103	0
3	45	2146.996549301146	2042.9873930477
3	57	2599.643479289305	2084.7930864617
3	94	3405.420550717458	2423.378562117
3	128	4092.15728244605	3154.675241271
3	156	4448.408902101546	2908.1762414239
3	200	5198.256500354364	2337.1998470217
3	211	5440.011884359219	2604.8951042164
3	215	5468.425174455743	2844.8314020317
3	234	5874.022317346716	3176.2175183091
3	250	6140.179256356905	2296.0573433227
3	270	6428.492518452503	3076.706474204
3	288	6708.734013563553	2667.4174633942
3	292	6755.398064423682	2612.5191645842
3	299	6880.097681063794	2306.9653102756
3	354	7931.634405991391	3187.6420737189
3	370	8217.062850995318	2961.9642407584
3	385	8617.482569792892	3902.6053479614
3	389	8686.786639815707	2126.1646462418
3	417	9280.946978343825	2419.778198339
3	437	9538.496566252739	2945.4545742273
3	441	9649.904164916747	2456.6526533291
3	449	9721.012537790146	2408.199760085
3	479	10481.480321659644	2240.2608279046
3	518	11206.302809891229	2853.5943413403
3	522	11239.47660769726	3865.4843533516
3	530	11651.477657748807	3885.0801506359
3	537	11800.590901743323	2435.2323073335
3	589	12907.300258394702	2605.7706619799
3	609	13129.106984342456	4295.0904807494
3	654	13824.113600977433	1979.4741884619
3	666	13990.844813533222	3183.3803265542
3	674	14143.609683768814	2352.4303991161
3	689	14486.127310829905	2345.7874305344
3	693	14487.590272786497	2404.9792163819
3	700	14566.605904370264	2128.460528478
3	711	14778.58419893681	2270.908339792
3	743	15137.666947540298	2651.8338969316
3	747	15168.811633825969	1623.1861357634
3	751	15307.020016840396	2652.4785211609
3	776	15876.974694896469	2787.7043651976
3	780	15908.120282320285	2211.2273667263
3	795	16383.238260152239	1854.4714774098
3	816	17017.771243284467	2414.4242669921
3	888	18663.599610767071	2824.7022896446
3	892	18784.55368085047	2980.4049260449
3	900	18873.155977120274	3218.7248038407
3	933	19461.227623242536	3222.5331082117
3	937	19605.200710260871	3077.8596894569
3	941	19617.402712404378	2598.6750350873
3	945	19719.643003977486	3422.535065842
3	953	19835.202007583086	2996.1794959877
3	997	21145.621436973684	3846.6862011606
3	1020	21511.089149079868	1340.4864315024
3	1024	21681.39447586576	2331.6114890801
3	1032	21733.214046998117	3240.3771484271
3	1049	22149.886343783563	3226.9649867155
3	1065	22510.033206583665	3233.5482221469
3	1077	23045.168704904566	2597.0692460239
3	1084	23182.709998964534	3036.7150198482
3	1102	23493.952641699017	2523.5809011664
3	1164	25090.590608728004	3190.7269982994
3	1182	25328.832045705551	1963.186654849
3	1186	25550.771219627019	2392.5932209007
3	1204	25814.116877516693	2257.5518315658
3	1208	25843.566074329527	3880.6238676042
3	1252	27251.247557144559	3157.473326074
3	1260	27470.134465244477	1751.9242415205
3	1283	28234.02348676695	1846.2430589553
3	1297	28474.418608188838	3210.7564025838
3	1313	29024.930013927043	3345.7296203915
3	1317	29086.722422684363	3123.7442439515
3	1325	29420.568222550532	2478.1104603969
3	1352	30380.636979769518	3164.4940934144
3	1359	30484.157168274534	2634.3731650896
3	1382	31561.999997545256	3292.9806094989
3	1393	32452.080455369169	2731.3087636605
3	1421	33228.027766525568	2769.4480761699
3	1462	34486.259947603132	2023.709492851
3	1470	34632.418390389926	3305.6393016502
3	1485	35185.228255674038	3337.8816172946
3	1507	35680.878026152023	2490.6499752123
3	1542	36376.71889945008	3902.744789198
3	1549	36394.248675566134	2123.1605687086
3	1553	36607.457427795029	1822.9957385268
3	1560	36711.033118567758	3065.4034890141
3	1598	37965.782646210596	3569.9367822893
3	1626	38361.570403945768	2507.2226691339
3	1640	38950.147089778816	2295.2833400946
3	1644	38985.114479821206	2604.6840451285
3	1648	39056.69629587686	3647.2818621621
3	1673	40336.540625804135	2806.6913249251
3	1724	41675.016822831982	3148.9663396776
3	1732	41766.131104287799	3277.4723144341
3	1736	41873.183315896031	2357.6082011964
3	1744	42095.756547186327	2437.8329924494
3	1763	42610.14806499022	2402.5664783455
3	1774	42900.392798941074	2278.2167904731
3	1808	43755.087657073251	2154.2085943278
3	1819	43948.498128516929	2699.9257045705
3	1841	44412.748640552567	2143.8765974622
3	1856	44650.69300016748	3205.7758778986
3	1887	45681.090166432734	2051.5369266551
3	1899	45775.688997776273	2990.2616381552
3	1922	46670.749955363199	2824.1575520206
3	1936	46788.192984480006	2571.3221321907
3	1940	46824.092518915544	2592.0487483777
3	1958	47442.079836924998	2609.3631300889
3	1988	48388.963094680684	1648.3342828788
3	2006	48546.879045752223	2303.8648474775
3	2056	49605.303245009267	2414.010456875
3	2077	49998.438986629183	2602.7788783517
3	2086	50035.449262268703	2476.3787336096
3	2098	50359.336014970928	2852.1363649096
3	2147	51509.730612959574	3543.5958339505
3	2164	51825.158971640624	3347.1631253745
3	2181	51994.80134891146	3190.8146716617
3	2196	52708.583493869544	4670.1159427129
3	2231	53499.778563080217	3547.9818002292
3	2239	53632.314994990618	4111.8925586384
3	2265	53777.189786414958	4121.1655955356
3	2274	54172.305006081031	3029.9716082892
3	2278	54329.412961767849	3925.6667546158
3	2333	55562.038323137294	1877.2176314425
3	2342	55738.036857522961	4368.9654064572
3	2370	56305.548150227801	4090.6526857708
3	2378	56345.297014647857	3071.1224710196
3	2402	56611.925893987845	2849.6700832977
3	2423	57121.720816257202	3453.6381679773
3	2436	57408.869598643319	2314.054256743
3	2458	57742.969359553735	2561.0878044016
3	2462	57791.780439773337	3428.2519042055
3	2477	58000.743264477166	2442.9718866787
3	2503	58429.631006388716	3561.9999627732
3	2527	59003.163281902433	3046.1844110966
3	2531	59019.463747791412	3059.1236434748
3	2535	59026.136308986079	2907.9746576259
3	2575	59762.002816923686	3840.4048613919
3	2591	60100.666598142521	3920.4401369438
3	2599	60319.41251006885	3524.4271917737
3	2621	60644.702569559941	3718.4801635711
3	2629	60810.864504788906	2304.5752584469
3	2637	61107.443642159687	3224.6857199483
3	2645	61399.596054878922	2417.3790669236
3	2659	61658.270983192983	2998.8070177753
3	2678	61998.886332079233	4987.2028684738
3	2682	62378.792622769015	3112.563262793
3	2727	63289.339139683441	2734.5834454894
3	2731	63305.898358739734	2723.4334972501
3	2738	63472.851880422798	2022.7022897545
3	2759	64172.93378681271	2563.3963606227
3	2782	64269.528269492935	2282.3846396897
3	2800	64608.947991640954	1801.214223818
3	2806	64646.942701565009	1935.3378845751
3	2812	64999.453820218981	2352.0259183925
3	2870	66389.132206524637	2503.3017535508
3	2874	66499.954874895629	2015.0646122833
3	2878	66569.08842738171	3038.0846032966
3	2921	67325.70728118837	3298.6443057284
3	2941	67560.046488369539	3143.9697225764
3	2981	68489.743530450505	3848.3830117707
3	3036	69395.182412813142	4274.196094917
3	3084	69913.209615300134	3784.0294614432
3	3097	70308.652480930746	3318.0757755751
3	3101	70313.455873119375	4740.7326518451
3	3123	70715.135055979044	4441.0657759554
3	3129	70791.626138322171	4076.1609342275
3	3150	71127.533674516441	3997.4935590871
3	3174	71295.702077330352	4481.0171382823
3	3187	71563.617726888624	4730.1443765452
3	3191	71596.330382668675	3180.2942637785
3	3201	71757.657198539666	4618.7393126621
3	3217	71858.174712179886	2424.0070911193
3	3221	71958.797477989719	3535.8488657491
3	3225	72151.930491036466	3788.4295758014
3	3229	72174.214795163558	4228.8287294298
3	3267	73006.001786667184	5054.6837702256
3	3279	73558.951655157571	4729.4183463841
3	3313	74077.603574435489	3431.0095548518
3	3322	74399.77621330705	4061.9875198332
3	3338	74787.583748592725	3996.3617126832
3	3374	75400.567267152207	2665.4294376596
3	3382	75548.64054552904	4351.0919470201
3	3395	75646.360055531105	3828.1226406435
3	3429	76190.786887590503	4006.3022119584
3	3457	76770.810139251989	3471.0258714787
3	3465	76938.394866321893	3683.0698651403
3	3487	77399.481768955739	4526.1371743132
3	3503	77613.990534261529	1931.9537770452
3	3523	78209.233819271164	3154.1729388165
3	3527	78219.735432415428	2647.6977098454
3	3538	78665.999524823119	2813.233012757
3	3553	79188.434951927629	3272.3985976375
3	3557	79426.467612052743	2247.8384208307
3	3567	79813.151012137484	2644.3585084844
3	3601	81123.413642332136	1460.1914791111
3	3617	81470.439661613047	2395.7773896586
3	3663	82797.510779762887	3040.984038217
3	3678	82977.089408369875	2900.9593943786
3	3689	83150.255119128636	2639.3870035652
3	3706	83988.651849041635	2215.8623757865
3	3754	85095.827923173317	2738.8512287848
3	3778	85510.225120989799	1921.989115281
3	3786	85722.317370941018	2749.5182560198
3	3837	87503.668893280934	3328.9630282483
3	3867	88144.109020212206	2038.4392241109
3	3896	88912.673548028623	2831.1024853494
3	3904	89045.39183751618	2287.3534440435
3	3908	89067.856242507396	2252.7694039419
3	3924	89473.484989405131	2077.1896431595
3	3928	89517.832720475323	1873.1363665313
3	3947	90726.631818442127	2636.3130303856
3	3951	90753.667680938788	2677.3293712735
3	3962	91175.610396951112	3282.4498085584
3	3974	91804.487239951593	4078.8317499217
3	3992	92809.399450620039	1687.1380735282
3	4082	95732.987208153934	3078.594706608
3	4086	95767.03544216446	2969.5740498696
3	4143	96726.285486581067	2836.621267183
3	4147	96767.991399055818	2422.7402286177
3	4155	96993.702526957268	3312.5893223751
3	4170	97219.544008792649	3406.6733863391
3	4178	97473.589123098061	3335.4784881129
3	4190	97787.418094779374	2334.5270427782
3	4194	97808.12990755708	3335.8161989079
3	4202	98002.769930932553	2215.716155852
3	4218	98523.181468291886	2051.7694720812
3	4222	98829.389587505125	2748.4382664878
3	4226	98905.291084220067	1859.772968553
3	4233	99293.265616844748	3866.0808136873
3	4272	101731.696780801321	2289.5232789684
3	4284	101801.433985888324	2422.8122217301
3	4302	102309.588626278177	3184.5384400338
3	4354	103978.525923076951	3802.2404246125
3	4361	104121.54869027407	3761.3194219675
3	4369	104377.471859877079	1786.2026801147
3	4395	105139.737368531825	3167.3134204745
3	4399	105195.198422711917	3000.4900389723
3	4403	105212.079732428511	2118.1840095855
3	4436	105796.896952539696	2337.2189633176
3	4448	106086.394044896907	2687.3346017394
3	4455	106259.178455909319	2265.9430509713
3	4481	106823.792515221153	1508.2161401678
3	4497	107343.715913615044	1949.1794567183
3	4520	108089.996127855686	2951.1891127098
3	4528	108310.994410307135	2548.9139058162
3	4543	108727.414077797877	2295.1449417137
3	4551	108992.767791657809	2796.4328987896
3	4555	109228.765626836545	2458.4731213935
3	4576	109953.208317943145	2514.4486661162
3	4626	111294.279941528772	2771.6655690875
3	4656	111934.350673419523	1662.9024967924
3	4680	112398.008003216911	2637.5826960616
3	4692	112537.431760906784	2951.9679535367
3	4709	112852.610786997813	2341.2578179538
3	4713	112862.258122938785	2021.1123772564
3	4730	113323.265092874012	3303.5869564489
3	4781	114524.549241562473	3037.0512199357
3	4808	115176.752103915022	3692.8536746744
3	4815	115249.613106969354	3694.6327169224
3	4829	115428.089911538718	2304.2374244865
3	4833	115450.330129481829	2399.1908390913
3	4844	115629.724417556493	3712.3344551469
3	4860	115910.669891855779	3835.6782672664
3	4871	116198.781764935878	2584.1228654981
3	4878	116379.163322582656	2308.8041572552
3	4928	117516.891860666856	2239.523330396
3	4936	117679.706926494145	2370.1021822449
3	4940	117889.961625318923	2399.2091370512
3	4967	118772.289776719033	3539.609641498
3	4974	118967.271853151677	2643.0653612036
3	4981	119496.621682358789	3316.536669787
3	5023	121108.585548254929	3992.0731988456
3	5031	121184.951965999605	2268.9386212919
3	5049	121748.549673045267	1936.7534512281
3	5053	121814.59852977888	2574.513538219
3	5087	123827.546769551811	2350.8010817785
3	5099	124105.80665364894	2439.6632857807
3	5117	125257.455974313715	1638.885591086
3	5124	125743.893641254555	2601.4684569743
3	5195	128286.668616865416	2234.1338301916
3	5230	128913.164319333995	2427.4244672153
3	5252	129337.760666320458	3894.6503441501
3	5295	130266.002068354056	3181.4958101045
3	5304	130361.94001069692	3133.4841352981
3	5312	130456.886072775588	2799.9279529881
3	5316	130523.626414399682	3080.6625895947
3	5339	130757.206223903382	2175.7080337219
3	5350	131135.050332161836	3533.325137728
3	5356	131236.082795276869	1993.9667201978
3	5377	131697.785440874848	2704.4877493288
3	5396	132139.522227412804	3373.9521471038
3	5419	132461.164640176348	3431.2907656613
3	5435	133076.648917249966	3493.5767217302
3	5442	133274.81880709474	2595.1533809211
3	5450	133435.506652249738	3289.2470152473
3	5471	134079.471328219403	1975.5018946622
3	5479	134309.015987306907	3175.1626391988
3	5487	134537.724256170364	3344.503262088
3	5495	134596.61615226456	2226.5782187227
3	5569	136588.822993193119	3491.1843251344
3	5573	136593.641187096364	2558.2361344714
3	5605	137041.214904877899	1924.2656734586
3	5621	137383.940922878323	1993.2583601587
3	5649	137931.269725578878	2600.4255757201
3	5685	138323.462072379609	2121.3063725128
3	5689	138356.553228582908	2682.4088732433
3	5708	138882.001052761997	3455.8472563287
3	5745	139791.118313159515	3491.8666525953
3	5753	139894.348732578338	3598.6509488297
3	5788	140316.228524113622	3996.0041991805
3	5818	140965.861990601525	2835.8001858003
3	5849	141758.14979622299	3714.352142375
3	5853	141905.217261278723	3659.0690101591
3	5857	141912.26372456419	4113.2217815165
3	5894	142629.549518026018	2866.6127186235
3	5898	142753.353089282836	3567.9916440594
3	5909	142902.704364741923	4315.5726076394
3	5943	143687.01658516432	3786.5109316
3	5961	144047.253425094069	3785.5912431541
3	5973	144275.174151194053	1751.1784747054
3	5989	144740.573181283349	3150.1560903154
3	6008	145105.318011026557	2629.0703483485
3	6012	145163.536562696659	2315.1695206203
3	6027	145400.174688359723	3082.827913966
3	6041	145622.288975425065	2506.3980748808
3	6072	146261.330132612535	2343.5477563553
3	6119	147352.374777182019	3438.6471497454
3	6123	147446.027829812255	1874.2454781476
3	6133	147709.322289679914	2369.6010832395
3	6143	147795.211354049019	2324.7105570976
3	6195	148510.114458177334	2579.1185756362
3	6213	148978.958077662678	2747.1682544697
3	6235	149422.73532549114	1934.3468967732
3	6262	150025.724594612694	3652.9400624307
3	6272	150317.719165598812	2203.3866003994
3	6307	150713.321674263188	2983.5141888805
3	6322	151060.389012113571	2646.4811429009
3	6332	151159.725355409425	2686.682523992
3	6352	151625.864473873647	3979.9349239748
3	6401	152620.294084005774	2508.482183693
3	6416	152863.626877874033	4122.1278496408
3	6425	153124.277975829197	3009.0980430599
3	6442	153280.104536075626	3690.349378176
3	6454	153467.061438818012	3120.1504804795
3	6464	153715.903210513191	3384.9041368078
3	6498	154175.500201647981	3750.8542887625
3	6502	154390.421386227728	3298.4996393964
3	6506	154437.915263294028	3789.0028415223
3	6529	154952.171914446979	2964.8348626488
3	6544	155235.725453940006	3842.5736175763
3	6566	155622.957112608958	4522.4094318213
3	6570	155637.955877747284	3331.5759003467
3	6581	155748.546434635194	4751.4979710006
3	6636	157017.277171282339	2855.8899363969
3	6650	157232.170185188735	2571.1447777413
3	6671	157490.196003153195	1752.3072552681
3	6696	157795.089483245249	2312.9748265053
3	6711	158137.248900628621	2027.7696236483
3	6724	158409.121945881196	2591.4622673872
3	6742	158646.018997273	3647.2535484284
3	6763	158938.923726408335	2933.2189422155
3	6790	159451.207978476977	3663.0460156065
3	6798	159537.486422675573	2799.0970525006
3	6821	159837.404287159967	2845.7356876678
3	6835	160324.461807877669	3027.4845647766
3	6839	160334.296480594727	3011.2915775151
3	6847	160410.16341854221	1779.8299166083
3	6862	160629.562700184905	2727.0625515239
3	6881	161055.929617556361	2818.8595154788
3	6951	162299.317270010336	2263.3790775854
3	6967	162613.804242012514	1903.9929749458
3	6992	163128.530625347734	2856.718376046
3	7000	163185.930973604104	2752.7812227979
3	7040	164201.165633478625	3236.2251086641
3	7060	164566.765106762184	2748.1213285401
3	7075	164931.823094888345	3571.2177926176
3	7083	165040.369075337207	3975.7712499423
3	7110	165743.672396336437	2730.23053888
3	7126	166069.726337932092	2997.2429808788
3	7137	166328.504631132244	2839.0662054667
3	7164	166866.787735150649	2216.2555375881
3	7171	167085.856775858528	3487.1057576872
3	7190	167848.541824404855	3367.4735536985
3	7198	168205.703344235158	2104.0632458031
3	7217	169021.415952763718	2521.5242982097
3	7247	169953.001379607766	2993.6533846613
3	7256	170288.261118751061	2559.1241153888
3	7283	171171.506182512531	2534.2607717402
3	7317	172117.575817353311	1484.8003185075
3	7335	172688.760692771948	3177.7375195362
3	7366	173350.396168650414	3574.9960923753
3	7389	174414.395883100329	2818.6233846098
3	7405	174959.411623931223	2321.6209654603
3	7484	178329.735455856118	2789.9615284055
3	7507	178732.890548511297	3221.3279052079
3	7551	180159.0352331789	3413.4582336992
3	7562	180399.286038584373	2942.6511491463
3	7581	181307.782905193837	3615.6010054518
3	7613	182832.614782615307	2640.9242980834
3	7637	183610.849648939371	1904.2250900622
3	7644	183811.422156701671	2601.5790025424
3	7677	185244.769031872609	3268.6129908822
3	7684	185300.147755000698	3375.3231948707
3	7692	185401.9464190457	3256.5391813964
3	7718	186500.221885476901	2096.4295090456
3	7722	186588.961203942527	1881.5461706277
3	7738	186909.375154138452	3107.6785498951
3	7763	188080.023671705538	2830.3415909316
3	7781	188544.648077768466	3693.9751544595
3	7785	188770.014347629363	2808.3846665919
3	7838	190185.501142996942	2741.3471023086
3	7849	190473.754352345165	2622.0556241926
3	7857	190778.125751639453	1766.7296527326
3	7861	190780.849463270867	3044.4636331033
3	7869	191064.996321914365	2684.9236587522
3	7888	191583.125545228044	3251.1928988714
3	7896	191701.709599453228	2031.791238226
3	7911	192538.199168012772	2927.0177234989
3	7940	193969.6285521819	2496.9098568521
3	7951	194655.362354076188	2846.3525585365
3	7995	196124.795137030476	2434.592892006
3	8026	196707.474831922874	2566.2622861508
3	8030	197015.734719673577	2943.7651785929
3	8057	197837.054484534482	3762.5421340047
3	8068	198288.914611128914	2208.7079170067
3	8072	198318.460565180344	2847.0305792335
3	8108	199746.433366321892	2396.2420889083
3	8146	200912.609744162521	2060.1160855126
3	8150	201006.588292971004	3019.2576533463
3	8181	202415.426922096193	2610.1604209933
3	8235	204662.633333086696	2274.1107650008
3	8254	204968.60358373442	2417.6088218205
3	8284	206036.856947635521	1868.7275077009
3	8288	206130.738755381886	2949.5317467581
3	8322	207013.243461393374	2863.132320838
3	8330	207190.199898846073	2336.3209526148
3	8353	208361.856775397974	3042.9270362109
3	8357	208533.648511392739	2575.248226868
3	8371	209024.91841166404	2225.244545443
3	8390	209923.761328597253	3243.1813080143
3	8414	211066.931779867629	2726.3912711386
3	8447	212366.87870144632	2548.8383033127
3	8463	212668.110875839552	3680.5333005264
3	8503	213619.725668270623	2113.3849302214
3	8537	214114.047767042104	2399.7186671477
3	8550	214601.563943474322	2238.9069407775
3	8554	214621.801274187984	2759.3804979231
3	8587	215162.65441723983	1853.9237872154
3	8591	215269.834919890511	2358.2926470686
3	8602	215437.327059991343	3352.9605044425
3	8631	215900.741969153035	3342.1197567321
3	8635	216021.089729171756	1960.0580828357
3	8651	216438.885058359859	2839.2601989285
3	8663	216864.032843420531	3041.8875435088
3	8685	217249.611643692165	2988.7074585832
3	8710	217702.180736408001	2393.7223567162
3	8722	218036.333675315371	3813.1180356815
3	8759	218618.825878927311	2722.9571622424
3	8763	218623.615971127938	3100.5396373663
3	8774	218945.850505273022	1950.9316730406
3	8802	219268.696245385448	1966.3832630217
3	8810	219619.162239021727	2473.6558557115
3	8837	219993.422571772901	2647.4531451054
3	8863	220414.879638722281	2960.6107022101
3	8873	220630.530742080057	3060.775238394
3	8888	221262.081316103333	2996.794107663
3	8921	221701.005993395278	4252.9329171552
3	8947	221998.645877729335	3956.8981144464
3	8962	222251.519423823996	4300.1834465201
3	8983	222621.33653852355	4613.7334513309
3	8996	222778.393314893522	2800.7723200378
3	9034	223502.282711927886	4680.5802290917
3	9051	223744.66406686149	3442.3455994117
3	9081	224124.139711938991	5166.5589118702
3	9092	224315.756598917882	4149.534864142
3	9121	224946.296344597989	3731.4354565284
3	9134	225164.69062419806	2999.4420217648
3	9138	225212.462245209257	1740.2954846915
3	9174	225997.393316284918	3162.3709600948
3	9178	226039.040387299951	3610.2349172636
3	9198	226544.892297413393	3965.3753727062
3	9209	226756.55837749427	2494.3897131379
3	9220	226930.068074855476	2510.4990595756
3	9247	227257.752569382532	3372.1474346705
3	9251	227530.747511306012	3064.8350137111
3	9267	227781.962216401665	3463.9408080079
3	9271	227791.551420477126	3792.416373929
3	9301	228502.069126794307	3222.8411402329
3	9312	228698.231463174242	4231.9740037284
3	9316	228907.817350505427	2337.0527687855
3	9329	229001.522744538365	3036.0611278005
3	9395	230246.390247309182	3144.0229371842
3	9412	230451.426587082048	1965.8700059093
3	9432	230798.572288327852	3184.3610508833
3	9441	231071.081037545179	3471.6187581047
3	9465	231399.570094891826	2833.2586985118
3	9488	231735.616848315114	2444.6016809954
3	9503	232122.326988178103	2574.2023173487
3	9507	232216.15177750734	3087.9326510905
3	9511	232259.156257738893	2867.9783616235
3	9515	232468.685841639528	3341.8911303766
3	9527	232845.757712471833	3028.6326536481
3	9531	232903.454318447768	3391.6177850341
3	9546	233348.148195967807	2893.5551216591
3	9550	233626.222490106621	2210.5161557067
3	9602	235844.127785452655	2628.6958572362
3	9620	236691.024034860797	3045.9278099332
3	9671	238506.187703654683	3144.1302733216
3	9700	238929.810273908068	2401.3282917906
3	9711	239153.230126667046	3156.6704104934
3	9722	239548.452637201249	2220.53846539
3	9749	240259.676715655477	2723.3259718493
3	9775	240742.788829437575	2106.5138713829
3	9779	240785.174251027929	2393.9396611601
3	9802	241170.913146264595	2623.2083193585
3	9820	241744.487886826195	3399.2771849222
3	9828	241840.540029562196	2783.4981665601
3	9840	242181.751894640423	2972.7961661421
3	9860	242534.379506266719	2659.2673974764
3	9916	244007.654779736868	3477.3049138114
3	9922	244093.877641229305	2760.6927298754
3	9931	244114.952848810885	2591.6290914381
3	9935	244152.317752620388	3688.2590504643
3	9949	244245.39413279059	3079.3738768436
3	9994	245151.612416270559	2315.0601388793
3	10001	245240.358522857855	2100.1828475017
3	10016	245348.944394073764	1871.3016162612
3	10030	245561.377822949867	1850.5454765129
3	10052	246151.191688239419	3342.4781493098
3	10056	246171.866372184412	2782.0223229937
3	10075	246329.018840722124	2273.738695186
3	10087	246548.688344574371	3826.0984179005
3	10091	246644.369917183499	2686.7380012843
3	10095	246850.23577039487	2274.4460104826
3	10107	246926.739383411909	3303.047946223
3	10122	247308.687917453752	2877.5378693598
3	10143	247704.069498229416	1749.0284848306
3	10153	247954.551914643079	1970.2917661797
3	10186	248450.401915315123	3807.0332845185
3	10236	249330.837121204626	1908.9484573714
3	10275	250250.240614469316	2349.7919525983
3	10281	250331.254367397191	3299.437525291
3	10285	250380.750891968853	2336.7806406561
3	10329	250988.485960977593	2773.647245597
3	10353	251359.383652348511	3724.6969829779
3	10366	251513.589688762245	3339.4888287073
3	10370	251605.52947937234	3461.3792223091
3	10382	251793.265042730632	2955.5606219953
3	10398	252196.984970352637	3140.8178325808
3	10413	252367.31978752861	3956.8962172852
3	10433	252680.790665864038	3782.9629345889
3	10445	252904.004667598999	3624.8346478417
3	10449	253041.977054819905	4214.437058052
3	10460	253248.557419136412	2928.3416344961
3	10475	253452.935686305606	4163.613005208
3	10479	253587.301160317871	3975.5639395912
3	10483	253694.236600992014	1399.5305599831
3	10490	253962.002551936698	4180.1079870357
3	10524	255724.880587212575	2004.3025071546
3	10561	256458.012569666524	3018.9724019263
3	10597	257487.248872966261	2852.5797369238
3	10609	257853.599651683672	2684.2670559324
3	10640	258600.130981741968	2626.3084908016
3	10686	259443.54193855534	2098.2498777844
3	10693	259568.619745222958	2611.7456095386
3	10697	259698.033135855503	2721.3266866095
3	10751	260747.937006354766	3330.2592366748
3	10760	260911.816061721097	2951.4813852106
3	10800	261393.648694442517	2637.5683290868
3	10817	261731.574520212512	3229.3205335258
3	10821	261769.942143898995	2612.9671819347
3	10830	261926.343683348659	2479.8048988357
3	10857	262618.546915508691	2362.4688798375
3	10890	263374.972884164476	2752.191720519
3	10894	263415.226877812789	3326.2071125396
3	10925	264366.453693523624	3090.261171693
3	10933	264823.823647547808	2924.1857526731
3	10946	265046.942130374225	4039.5926769987
3	10976	266008.959251737517	4104.3301439645
3	10989	266380.798074366145	3919.7675487946
3	11028	267212.469237471489	2385.8856033068
3	11044	267433.403640247146	2509.320202684
3	11055	267731.465611803163	2829.3500345852
3	11070	268030.840204410745	2646.1018888484
3	11078	268171.464096084987	2082.2286740471
3	11094	268618.433893298912	3484.9955554034
3	11106	269482.183579521474	3473.0806477647
3	11118	269740.118528425915	2973.5129138758
3	11129	270291.346547181277	3635.0178883327
3	11137	270569.744745850728	2767.7218155004
3	11196	272555.982966046903	2553.4564060718
3	11211	273022.756326467291	2315.329496786
3	11230	273576.207207168217	2942.997919796
3	11254	273867.645785825818	2616.354600551
3	11273	274333.690742841726	3750.0595458224
3	11285	274493.559001861876	2998.7089697286
3	11303	274975.630682862129	3712.3778355513
3	11341	275724.206181499368	1443.9239280391
3	11355	276139.197586892464	2884.0092816297
4	144	4224.720778781349	3303.2380694523
4	160	4518.902454860573	2541.6529777553
4	262	6319.107448114411	3018.5912849532
4	358	7948.648247312391	3064.2833488034
4	362	7975.402890439975	2159.6020870004
4	487	10668.611269676133	2798.1405096408
4	510	11126.748268617492	2601.8241357233
4	602	13015.969331729164	3241.9780874326
4	799	16460.465895311839	2249.5039993711
4	827	17176.318541424339	3699.1632600145
4	896	18819.963965966929	2623.5228209384
4	1144	24495.770042822796	3222.7567222249
4	1152	24686.026916292015	2734.5563803241
4	1178	25307.199319006784	2092.4136825744
4	1279	28169.549501504757	2968.168187784
4	1375	31246.1865425499	3000.4884911701
4	1515	35765.087979396551	2635.7171563245
4	1571	36935.283181448833	1688.4395774826
4	1633	38515.437929879258	1639.3846306577
4	1801	43610.316514214506	2660.3420692775
4	1891	45763.574551461856	2247.3472625948
4	1914	46414.312291994284	1827.6037420984
4	2046	49352.432262304961	2606.5738312807
4	2066	49873.982207940753	2428.3835872728
4	2121	50874.123332676821	3123.9085584199
4	2173	51920.555190896552	3512.8144806035
4	2223	53368.696365697246	4403.0707159127
4	2243	53655.409028656717	3263.2315528834
4	2382	56354.189889901713	2649.3144068892
4	2554	59358.622975243979	2776.9755819618
4	2587	60087.274795811009	3218.9244568848
4	2852	65914.899157730979	2590.4631804675
4	2930	67447.535892358711	3202.1645065863
4	3002	68886.306656139633	3821.5066154529
4	3006	68985.32492834449	2998.8090168274
4	3023	69124.185400040151	4233.549312296
4	3061	69694.591236867126	4379.5844997881
4	3170	71258.825312598333	3801.8221731149
4	3330	74518.091821285623	4860.2281327262
4	3351	74899.568392749207	3100.2303939188
4	3389	75575.785762675223	3937.6084796802
4	3495	77546.94894761472	3929.5491101491
4	3519	77923.936383769032	2332.5129172915
4	3627	82036.908772151237	3461.8246152252
4	3742	84710.367696949776	2441.9029093534
4	3746	84800.792138257838	3324.8251447454
4	3766	85399.314054022502	3056.5844718553
4	3770	85473.461301434936	2335.6225089077
4	3794	85923.051224875759	3305.3605014292
4	3826	87324.111330511242	3697.7849428351
4	3999	93538.125173016698	3443.0626903195
4	4068	95414.873699821794	2212.4413155857
4	4112	96137.178607435779	2200.2992865868
4	4342	103631.693452128707	2699.6211634576
4	4489	106935.410445169652	2327.9092906695
4	4696	112623.489244537133	2913.0974134337
4	4739	113597.553154262198	3098.8716330193
4	4754	113783.9210819654	2785.980506548
4	4912	117191.451378446022	2553.1824208517
4	4952	118290.14896986196	1586.8471463118
4	5027	121110.745367366265	2505.2243286185
4	5072	123378.971331374561	2675.8591502532
4	5182	127838.876298802224	3279.1007092595
4	5191	128223.83219650806	3499.943110859
4	5272	129815.715639607287	2987.5685119629
4	5389	132061.362146780053	2846.3508721725
4	5552	136172.941496085071	2456.8203208968
4	5625	137394.542402711312	3366.2291310076
4	5693	138368.981951205761	2332.2315578442
4	5704	138755.180295709127	2969.482964566
4	5769	140001.906130354458	2958.6494517975
4	5805	140794.273475849608	3056.0638734454
4	5809	140795.525187981085	3063.3871351985
4	5826	140990.063729455415	4010.9661517921
4	5939	143661.775573475009	3959.9888901664
4	6050	145858.253333262704	2393.79395728
4	6187	148483.975207283215	3687.505481746
4	6199	148656.067809202796	2918.8921530917
4	6207	148709.521673738372	2856.9356457584
4	6258	149879.021104259644	2830.9811894875
4	6338	151423.836531933736	3100.1675220206
4	6487	154049.93825088862	2988.6901940194
4	6510	154447.107637435096	3975.8025710139
4	6557	155493.354756661476	2659.5901125601
4	6728	158417.584719442674	3086.6655358113
4	6782	159319.996107074404	2379.1379123674
4	6892	161134.641152765879	2118.8805463258
4	6896	161340.870722251844	3024.6658032015
4	6907	161466.865850618275	2900.5448960233
4	6940	161972.61487907493	2258.8766963035
4	7031	164111.788941589741	3233.1591571713
4	7091	165180.825211235853	2459.6606777329
4	7102	165449.275053721877	3452.0319195651
4	7152	166629.73861178157	2831.3042972194
4	7194	168178.920635572559	2977.6660624892
4	7310	171919.898040435299	2492.448338354
4	7328	172297.019153590601	3157.0394979604
4	7355	173058.821202738812	3857.8429271188
4	7385	174250.043996046944	2238.3101247624
4	7401	174959.344073737471	2838.4417485818
4	7426	176639.55603376172	3348.7040331122
4	7460	177866.22347146536	3799.301749561
4	7511	179184.303316894034	3216.9989245478
4	7535	179573.669507247121	1358.9921767408
4	7547	180113.370964503573	3273.5898453835
4	7558	180331.790326008365	2470.2468447413
4	7574	181120.404776148382	2466.9138027448
4	7796	189040.653237548628	2942.2380627226
4	7915	192782.182237736498	2548.8610785361
4	8010	196396.282135195061	2513.6598287802
4	8034	197274.77990685803	3422.2589308675
4	8119	200067.798831731189	3907.6699328888
4	8158	201281.653774039181	2548.655148251
4	8170	201851.618671142552	3479.3614852522
4	8185	202431.336599869404	3522.0575290997
4	8210	203734.50188793351	2968.7966565974
4	8292	206389.253900619156	2793.2753866632
4	8315	206782.482232247971	3047.0724506769
4	8406	210831.193312843606	2068.6701506283
4	8546	214483.30449433881	2667.3043301795
4	8639	216042.112949889854	3324.6885008441
4	8806	219462.298755342692	3655.5685245339
4	8958	222201.90045873552	3803.5113221332
4	8971	222419.410322934502	2627.1446805605
4	9019	223336.484806266721	2912.1770810783
4	9055	223822.667443941512	3548.7356236542
4	9073	224031.616296794458	3669.2144880118
4	9100	224459.099209531317	3126.2341339324
4	9360	229415.652499609425	2490.996830184
4	9456	231324.704971342145	3559.7101326734
4	9484	231720.931380671983	3699.1047795431
4	9564	233925.518306168287	2082.1366751846
4	9598	235760.294143717311	1771.660850253
4	9628	236998.837816157132	3367.0632674173
4	9757	240367.296095258273	2457.5600362569
4	9856	242318.156461024882	3674.2553464976
4	10180	248345.190873462056	3141.9170963299
4	10227	249319.017256929643	3060.1814455725
4	10302	250587.991607330984	3269.7098622378
4	10417	252400.08721360859	3412.9540326646
4	10498	254077.705803689056	2761.6653607976
4	10539	255892.005625991255	2845.3452940844
4	10605	257845.758312577234	2064.7442117706
4	10629	258263.682122508558	1968.0214197468
4	10764	260922.497285023264	2697.173927838
4	10791	261204.922582055047	3346.2451185845
4	10834	261933.981875461029	3013.2060666154
4	10861	262623.024469251248	2493.6717347376
4	10874	262819.145360489659	2248.2433046401
4	10929	264808.989347976917	3478.9244815733
4	11032	267288.423121053906	3495.8582113031
4	11114	269714.60428051205	2198.107514251
4	11262	274268.236964474766	3170.512768859
4	11277	274342.504890707085	3129.302662309
4	11314	275382.900261829738	2828.3507975657
4	11334	275688.455963924746	2664.2158172093

