version 2
run Iteration-65-20200521-09:55:04-71620
attr configname Iteration
attr datetime 20200521-09:55:04
attr experiment Iteration
attr inifile omnetpp.ini
attr iterationvars "$i=7, $j=3, $0=15-(7+3)"
attr iterationvarsf i=7,j=3,15-(7+3)-
attr measurement "$i=7, $j=3, $0=15-(7+3)"
attr network Network
attr processid 71620
attr repetition 0
attr replication #0
attr resultdir results
attr runnumber 65
attr seedset 65
itervar i 7
itervar j 3
param **.resourcePool.amount 7
param **.resourcePool1.amount 3
param **.resourcePool2.amount 15-(7+3)
param **.source.interArrivalTime exponential(6min)
param **.delay.delay uniform(4min,28min)
param **.delay1.delay uniform(10min,28min)
param **.delay2.delay uniform(4min,16min)
param **.allocate.resourceModuleName "\"Network.resourcePool\""
param **.allocate1.resourceModuleName "\"Network.resourcePool1\""
param **.allocate2.resourceModuleName "\"Network.resourcePool2\""
param **.deallocate.resourceModuleName "\"Network.resourcePool\""
param **.deallocate1.resourceModuleName "\"Network.resourcePool1\""
param **.deallocate2.resourceModuleName "\"Network.resourcePool2\""
param **.router.randomGateIndex "uniform(0, 1) > 0.2 ? 0 : 1"

vector 0 Network.allocate queueLength:vector ETV
attr interpolationmode sample-hold
attr title "queue length, vector"
vector 1 Network.allocate1 queueLength:vector ETV
attr interpolationmode sample-hold
attr title "queue length, vector"
vector 2 Network.allocate2 queueLength:vector ETV
attr interpolationmode sample-hold
attr title "queue length, vector"
vector 3 Network.sink lifeTime:vector ETV
attr interpolationmode none
attr title "lifetime of arrived jobs, vector"
attr unit s
vector 4 Network.sinkStat lifeTime:vector ETV
attr interpolationmode none
attr title "lifetime of arrived jobs, vector"
attr unit s
0	0	0	0
0	2100	48719.079846133409	1
0	2111	49011.443647051439	0
0	3229	75869.965611837436	1
0	3240	76021.757808262892	2
0	3242	76090.456185837556	1
0	3260	76452.929614613141	0
0	3370	79275.5832743137	1
0	3377	79303.802402457214	2
0	3379	79398.499591718818	1
0	3383	79412.059640476566	0
0	3392	79684.866328548644	1
0	3394	79702.931888502073	0
0	5414	127536.863350223745	1
0	5421	127595.140712165079	0
0	7324	174429.651893693727	1
0	7326	174469.710616542558	0
0	7935	187993.99002529548	1
0	7945	188202.893624221235	2
0	7947	188332.022807348751	1
0	7951	188446.858796057193	0
0	8340	197739.641048778789	1
0	8342	197953.712712810373	0
0	9961	242278.626139552377	1
0	9963	242283.511644851246	2
0	9965	242285.963402321407	3
0	9967	242382.167484231133	2
0	9976	242468.086122757868	1
0	9980	242525.397540186652	2
0	9982	242548.931260287116	3
0	9989	242721.034923878268	2
0	10001	243020.787930762933	3
0	10003	243036.337379735657	2
0	10007	243124.108462810356	1
0	10011	243178.700737825812	2
0	10013	243222.007396387715	3
0	10015	243297.46119367722	4
0	10017	243359.833819694872	3
0	10021	243385.680284526993	4
0	10023	243411.704097948364	3
0	10027	243426.547323459998	2
0	10040	243453.888741169819	1
0	10054	243605.217447720308	0
1	0	0	0
1	50	2072.495348260012	1
1	57	2184.284545425169	2
1	63	2305.790446049565	3
1	66	2536.765046734726	4
1	71	3035.638091465523	3
1	83	3159.964792078377	4
1	85	3219.171771319583	3
1	90	3244.589446102868	2
1	96	3294.411226896916	3
1	106	3637.290502316502	4
1	118	3804.438854366606	3
1	124	3888.725979090117	4
1	127	3898.026460202641	5
1	144	4393.821802027055	6
1	146	4472.167884182185	5
1	151	4506.641143271367	4
1	167	4935.619196066461	5
1	170	5015.261228791358	6
1	176	5287.188911996568	7
1	179	5313.211350775052	8
1	181	5361.780809973965	7
1	186	5394.401208305797	6
1	192	5402.776017965168	7
1	205	5798.064813656733	6
1	211	5825.40660588854	7
1	217	5871.822485999116	8
1	219	5994.113170308659	7
1	224	6108.65567307367	6
1	252	6757.497178450323	7
1	260	6993.851685678587	6
1	265	7000.879294555301	5
1	271	7163.913554780079	6
1	278	7446.698019847413	7
1	290	7714.46541515558	6
1	296	7852.713649558993	7
1	301	7952.179638488219	6
1	307	7965.165056162351	7
1	310	7978.871593058321	8
1	313	8217.83935809223	9
1	316	8231.773397108548	10
1	319	8245.47780913225	11
1	324	8606.023658696563	10
1	329	8611.311002112592	9
1	351	9068.078161658784	8
1	360	9112.994045150549	9
1	362	9244.490032819698	8
1	386	9585.531307382282	9
1	389	9697.232317077891	10
1	396	9914.114300247868	11
1	399	10138.66684239576	12
1	401	10152.744388039822	11
1	406	10161.53504077904	10
1	414	10241.504453145032	9
1	420	10356.064734961257	10
1	437	10803.046840151213	11
1	439	10806.991975368933	10
1	444	10907.390252109284	9
1	452	11015.389379527484	8
1	458	11018.122624195349	9
1	461	11032.283977636254	10
1	476	11743.836669030146	11
1	485	12011.744446912447	10
1	490	12191.526484362845	9
1	499	12304.278992844267	10
1	501	12422.227127250285	9
1	511	12519.184474686382	10
1	517	12677.203016540924	11
1	537	13070.772393929431	12
1	539	13212.906929863681	11
1	544	13405.206938149409	10
1	549	13424.021832467655	9
1	555	13545.385168936562	10
1	558	13627.474188106735	11
1	561	13628.638552046061	12
1	587	14690.602182903925	11
1	595	14783.83991533338	10
1	601	14851.762333182097	11
1	603	14987.050382444637	10
1	609	14997.246690579755	11
1	612	15065.292278676448	12
1	618	15251.370979958185	13
1	632	15657.570046210664	12
1	637	15701.928419964055	11
1	649	16023.974356823916	12
1	655	16275.085487063977	11
1	664	16309.546791253676	10
1	670	16422.729555310826	11
1	673	16569.96003534326	12
1	675	16590.338526051159	11
1	687	17132.27531787387	10
1	692	17149.456253690648	9
1	702	17239.871175532665	10
1	709	17503.514098860024	11
1	734	18025.372465275292	10
1	739	18120.916934251788	9
1	744	18137.353033581416	8
1	757	18491.245600828432	9
1	768	18723.213125139218	10
1	771	18762.377989239846	11
1	773	18801.295935092161	10
1	779	18845.907936850196	11
1	781	18856.673541957577	10
1	787	18895.137429753245	11
1	790	18944.719820781093	12
1	792	18953.813472507524	11
1	812	20084.294155388738	10
1	823	20175.252232901755	9
1	828	20417.034768484597	8
1	846	20663.369953000915	9
1	855	20915.850329259078	8
1	861	20978.940393679127	9
1	868	21101.271337380894	10
1	871	21104.985756949244	11
1	877	21230.423969127302	10
1	887	21250.957615458028	11
1	893	21301.068049563428	12
1	896	21556.884754159198	13
1	902	21663.094251589853	12
1	907	21666.277384236123	11
1	916	21722.612917516973	12
1	919	21890.847473064986	13
1	932	22834.271159492497	12
1	938	22912.768268896726	13
1	940	22937.977945894006	12
1	945	23065.028381431143	11
1	967	23657.347562709826	10
1	973	23981.103677523498	11
1	975	23995.722842756327	10
1	984	24051.525683378865	9
1	993	24156.986373833266	10
1	999	24446.709490992132	9
1	1018	24879.105098759388	10
1	1029	25176.386120569667	11
1	1032	25266.490660764911	12
1	1035	25340.834125958315	13
1	1037	25454.302936074924	12
1	1042	25628.062769159739	11
1	1054	26086.765201013539	10
1	1060	26099.254641749685	11
1	1063	26138.550763886867	12
1	1065	26221.297772088688	11
1	1080	26517.011996241351	10
1	1096	26943.942278461535	9
1	1104	27127.541283256974	8
1	1114	27178.119268023902	9
1	1123	27237.874594631451	10
1	1140	27682.108890001103	11
1	1142	27739.678300758492	10
1	1148	27747.890107429259	11
1	1150	27766.345370974456	10
1	1156	27793.590800953034	11
1	1158	27916.569851707671	10
1	1164	28053.210619689461	11
1	1167	28061.95112851286	12
1	1177	28120.282537569305	13
1	1180	28213.115199113628	14
1	1182	28373.384991310601	13
1	1198	28628.045447895845	14
1	1204	28689.320018998947	13
1	1220	29028.120614927177	14
1	1222	29028.498671740297	13
1	1227	29062.098004141887	12
1	1237	29205.225496062768	13
1	1240	29270.167555148906	14
1	1246	29887.399848056626	13
1	1255	30012.730817388808	12
1	1261	30052.940201364728	13
1	1270	30493.696910362694	12
1	1279	30739.525657126054	13
1	1291	31074.593760822033	12
1	1310	31436.727025580567	13
1	1316	31550.244273487147	12
1	1322	31565.205465515761	13
1	1325	31627.956808929243	14
1	1328	31660.151425389157	15
1	1330	31722.40195881023	14
1	1341	32006.967100320387	13
1	1355	32252.882370522192	14
1	1358	32647.537177700972	15
1	1361	32675.469469685075	16
1	1363	32678.095797445628	15
1	1368	32708.509101871466	14
1	1374	32756.295827148586	15
1	1384	33112.550238258805	14
1	1400	33775.509272845847	15
1	1418	34064.77564282163	14
1	1427	34239.325916254871	15
1	1429	34254.935945604	14
1	1435	34439.811093327019	15
1	1437	34473.997990293097	14
1	1443	34507.888616660568	15
1	1449	34641.346213741287	16
1	1465	34872.248789252778	15
1	1470	35157.600798997697	14
1	1475	35173.964930322025	13
1	1484	35204.961337651175	14
1	1487	35311.977062056404	15
1	1512	35602.49547073598	16
1	1521	35938.568180259162	17
1	1527	36093.538766427793	18
1	1530	36101.56357059174	19
1	1533	36138.301930005841	20
1	1535	36153.741170805012	19
1	1540	36199.12188621797	18
1	1546	36251.607049958651	19
1	1549	36361.994758159516	20
1	1552	36417.491608417939	21
1	1554	36524.820500462916	20
1	1560	36547.306007351852	21
1	1565	36868.46162855253	20
1	1584	37171.847810385813	19
1	1594	37348.031004840685	20
1	1597	37543.913930775087	21
1	1603	37712.499452434484	20
1	1608	37757.026718295779	19
1	1624	37837.64700788361	20
1	1633	38222.855304502015	19
1	1643	38364.11036670872	20
1	1651	38886.478652897891	19
1	1662	39086.267283238474	18
1	1672	39139.668760017538	19
1	1674	39190.526397641813	18
1	1684	39227.432684400824	19
1	1690	39726.937363386158	18
1	1696	39736.463845180723	19
1	1704	40034.164527021017	18
1	1709	40088.015440352326	17
1	1723	40299.200763645016	18
1	1726	40494.820083176804	19
1	1729	40545.253208286436	20
1	1738	40710.862914746692	19
1	1754	41072.646622771302	20
1	1760	41210.767819229182	19
1	1768	41269.491638369862	18
1	1774	41329.14490710263	19
1	1777	41468.568906343509	20
1	1787	41694.426410636487	21
1	1793	41923.083950277422	20
1	1799	42013.27910358037	21
1	1801	42085.343996308809	20
1	1813	42342.424470056629	21
1	1816	42419.241673528574	22
1	1819	42552.286392294056	23
1	1834	42837.149254446518	22
1	1846	43119.674300389369	21
1	1852	43138.243746120017	22
1	1858	43437.473730945906	23
1	1860	43662.529285172066	22
1	1875	43851.884525489067	21
1	1881	43910.635230992611	22
1	1892	44221.707526598937	23
1	1897	44370.513096730825	22
1	1907	44397.642001088974	23
1	1912	44488.268010500823	22
1	1918	44490.80067682279	23
1	1920	44702.815098859435	22
1	1934	45052.799790549365	23
1	1944	45454.627514380192	24
1	1953	45733.881599616214	25
1	1956	45756.777597959715	26
1	1958	45885.7338901699	25
1	1964	45928.294185694383	26
1	1966	46007.155937790875	25
1	1977	46158.232761131665	24
1	1990	46462.960385195022	25
1	2000	46629.36574389786	24
1	2012	47056.353900216441	25
1	2015	47127.131957897753	26
1	2022	47294.849289394916	27
1	2025	47300.867288847719	28
1	2027	47320.206049978402	27
1	2036	47545.10258904754	28
1	2038	47556.980750994762	27
1	2044	47586.924740628847	28
1	2046	47762.048254827103	27
1	2065	48372.676952471626	26
1	2073	48467.712181141605	25
1	2088	48652.823146166346	24
1	2106	48978.839985076008	23
1	2113	49011.443647051439	24
1	2116	49081.204861163937	25
1	2119	49122.670656004063	26
1	2127	49361.880788387797	25
1	2137	49431.887534850647	26
1	2140	49701.431840855533	27
1	2142	49734.329784670515	26
1	2151	49857.137554004794	25
1	2157	49911.484629823573	26
1	2160	49928.121953958924	27
1	2163	49963.104857050271	28
1	2169	50290.631013175502	29
1	2180	50581.509001272008	30
1	2186	50674.172200983457	29
1	2201	51278.037220040342	28
1	2206	51367.987759327186	27
1	2215	51517.950257245904	28
1	2218	51665.641016941712	29
1	2224	51996.245000626959	28
1	2230	52069.916662113273	29
1	2236	52437.230409789836	28
1	2241	52477.795326532466	27
1	2250	52529.932695792373	28
1	2262	53120.761296987539	27
1	2275	53258.742479927905	26
1	2281	53300.464664657252	27
1	2287	53419.370681434861	28
1	2294	53485.317480915114	29
1	2296	53513.636536989031	28
1	2305	53640.518091785573	29
1	2308	53993.134997072061	30
1	2318	54416.717324163435	29
1	2323	54449.752545828005	28
1	2332	54888.833845485069	27
1	2344	55179.558233804671	26
1	2356	55328.344747513538	25
1	2368	55996.156807629459	24
1	2378	56061.26045986275	25
1	2384	56190.655209239041	26
1	2386	56399.743586191578	25
1	2394	56771.929287236189	24
1	2404	56846.164603117365	25
1	2407	56904.084135235619	26
1	2409	57025.549202229895	25
1	2442	57677.05738318771	26
1	2444	57721.02852023766	25
1	2453	57763.534029394587	26
1	2456	57808.439868364545	27
1	2459	57861.242668486943	28
1	2461	58046.627737097113	27
1	2466	58060.900735197656	26
1	2482	58383.924646903002	27
1	2487	58525.678876709199	26
1	2497	58690.113583031919	27
1	2504	58757.67186870419	28
1	2513	58968.688984602163	29
1	2516	58999.236138162976	30
1	2518	59027.154777081751	29
1	2524	59123.000692509685	30
1	2536	59207.36765006068	31
1	2542	59592.906762798919	30
1	2555	59763.181874329984	31
1	2558	59874.275045990828	32
1	2568	60031.142079031199	33
1	2570	60168.316857224336	32
1	2575	60236.296107949757	31
1	2584	60512.481938165631	32
1	2594	61042.679672194316	31
1	2599	61043.930982280591	30
1	2607	61146.618452701723	29
1	2613	61264.147278590712	30
1	2620	61595.102211731592	31
1	2629	61809.946893071427	30
1	2635	61839.434859589656	31
1	2637	61979.073587855393	30
1	2653	62416.728750798857	29
1	2659	62457.046736163498	30
1	2676	62738.676512900006	31
1	2679	62903.312647830949	32
1	2681	63060.438446243896	31
1	2687	63152.433871564714	32
1	2689	63161.96673907719	31
1	2695	63282.015112162175	32
1	2705	64028.945042822516	31
1	2713	64201.683941147893	30
1	2722	64365.463104084203	29
1	2740	64864.586739191792	28
1	2750	65250.259630860862	29
1	2752	65425.855962717577	28
1	2761	65538.554866682437	29
1	2764	65592.734260196912	30
1	2766	65640.547319674871	29
1	2772	65745.375680577182	30
1	2778	65767.86878548942	29
1	2794	66041.639826316893	30
1	2796	66114.167533348917	29
1	2812	66638.842936154462	28
1	2826	67134.366951489845	29
1	2832	67339.851926241216	30
1	2834	67348.27864421911	29
1	2840	67443.084631390956	30
1	2842	67476.075965845629	29
1	2860	67943.206724721502	30
1	2866	68152.077935099671	29
1	2871	68170.651849234484	28
1	2877	68185.945578427879	29
1	2880	68207.893278639259	30
1	2883	68311.723259036798	31
1	2896	68604.060851133993	32
1	2898	68650.541440238848	31
1	2908	68894.119825506871	32
1	2914	69159.027782041587	31
1	2926	69272.861865339473	30
1	2935	69333.549556895801	31
1	2937	69375.915013806964	30
1	2949	69981.272795870573	29
1	2962	70278.800933143132	28
1	2968	70572.552591458288	29
1	2971	70583.811762194756	30
1	2973	70685.38922281384	29
1	2982	71076.530620027006	28
1	2988	71080.370239364221	29
1	3014	71526.780985560338	28
1	3020	71548.573830548323	29
1	3022	71627.04489715957	28
1	3035	71936.739979354898	29
1	3040	72141.151192336947	28
1	3046	72262.74371260613	29
1	3049	72296.290783982678	30
1	3056	72325.297264914545	31
1	3058	72503.830206016148	30
1	3077	73029.019287671494	31
1	3079	73159.807698145517	30
1	3094	73368.615055335358	29
1	3100	73373.906594388218	30
1	3103	73653.216377268814	31
1	3119	74067.285490612724	32
1	3121	74075.332809448312	31
1	3130	74115.723749212593	30
1	3139	74169.037231753156	31
1	3141	74312.125224122786	30
1	3147	74369.678245964257	31
1	3164	74699.243453153769	32
1	3166	74912.725392015721	31
1	3174	75113.938892852523	30
1	3183	75183.12247659047	29
1	3189	75237.203285466149	30
1	3195	75260.096990551081	31
1	3204	75496.905854381202	32
1	3210	75581.311915085063	33
1	3216	75634.214774062882	34
1	3235	75964.438822129414	33
1	3244	76090.456185837556	34
1	3250	76339.417622532704	33
1	3255	76348.258250154625	32
1	3262	76452.929614613141	33
1	3265	76609.955633344536	34
1	3268	76645.494658841739	35
1	3270	76763.007207968876	34
1	3280	76797.516605708132	35
1	3283	76895.468090585399	36
1	3290	76955.358836029936	37
1	3293	76981.627261793613	38
1	3299	77449.509365675979	37
1	3305	77596.203232275631	38
1	3307	77764.236088380288	37
1	3319	78248.905331296519	36
1	3337	78568.991121003412	35
1	3343	78659.523608001079	36
1	3362	79217.157976621832	35
1	3372	79298.204940640972	34
1	3381	79398.499591718818	35
1	3385	79412.059640476566	36
1	3387	79463.173147100963	35
1	3396	79702.931888502073	36
1	3399	79721.502064393919	37
1	3402	79746.843828713548	38
1	3405	79816.353080838919	39
1	3410	79916.458540837885	38
1	3422	79932.564441748921	39
1	3437	80102.676234808764	40
1	3440	80279.499120000209	41
1	3445	80300.611930986936	40
1	3454	80383.445643850151	41
1	3457	80586.022020578592	42
1	3464	80717.827202942058	43
1	3466	80871.83558369615	42
1	3471	80905.731100747035	41
1	3484	81061.523346658295	42
1	3494	81269.065214496088	43
1	3499	81359.418524069781	42
1	3515	81581.286641301006	43
1	3517	81781.547772992411	42
1	3523	81811.429462178004	43
1	3525	81829.494341117935	42
1	3531	81842.701572138741	43
1	3534	81957.090207075166	44
1	3537	82123.783801188602	45
1	3557	82580.98640113105	44
1	3566	82658.141172841978	45
1	3568	82721.224862471292	44
1	3577	83104.092983053858	45
1	3588	83419.583111755559	44
1	3605	83715.665620748186	45
1	3615	83789.731055604473	46
1	3617	83831.545089840958	45
1	3623	84049.872600395708	46
1	3625	84148.948737103166	45
1	3634	84195.14110597636	46
1	3641	84392.845181343358	47
1	3644	84415.925242842129	48
1	3650	84527.964372370642	49
1	3655	84632.610905807534	48
1	3661	84737.668118826919	49
1	3663	84792.20578395729	48
1	3673	84870.514526985379	49
1	3675	85079.53244350479	48
1	3681	85374.101522707118	49
1	3684	85484.629002122416	50
1	3698	85730.018358202326	49
1	3710	86147.956694545293	48
1	3716	86253.846836794146	49
1	3718	86459.257548624659	48
1	3734	86890.488551456268	49
1	3743	87096.363854491758	48
1	3752	87286.995682337291	49
1	3755	87341.686158977397	50
1	3757	87386.378218889305	49
1	3762	87574.335020106295	48
1	3775	88245.21919305996	47
1	3780	88360.112010975975	46
1	3786	88524.553802479779	47
1	3799	88856.211799247259	46
1	3811	89240.386005993608	45
1	3819	89595.558027779693	44
1	3828	89641.722684497082	43
1	3837	89720.491237616927	44
1	3840	89736.281746181326	45
1	3842	89859.263667380113	44
1	3855	90232.565877413627	45
1	3868	90606.494145155021	44
1	3886	91084.09981887416	43
1	3892	91121.777413930563	44
1	3895	91242.977668085528	45
1	3897	91342.229179879326	44
1	3909	91452.571468385005	43
1	3915	91457.746889498017	44
1	3918	91555.201350078875	45
1	3931	91821.779150740541	46
1	3938	92062.419908690324	47
1	3948	92295.289662769298	48
1	3950	92386.379954762825	47
1	3955	92387.925037396747	46
1	3961	92389.711602351041	47
1	3963	92427.491916228095	46
1	3969	92522.466820242637	47
1	3975	92725.450649140595	48
1	3992	93321.504920158545	47
1	4003	93574.516347497377	46
1	4009	93673.285397894112	47
1	4012	93688.280952796939	48
1	4022	94060.378735302084	47
1	4034	94193.64999725918	48
1	4036	94437.70991720819	47
1	4042	94469.815713617948	48
1	4056	94899.914142318506	49
1	4058	95154.789966270003	48
1	4066	95229.728086112077	47
1	4075	95307.438672360834	48
1	4077	95310.119875878164	47
1	4094	95830.390582412559	48
1	4097	95974.249905693876	49
1	4103	96509.195529693748	48
1	4112	96744.126790346605	49
1	4114	96795.711024658823	48
1	4119	96797.218061331335	47
1	4128	97188.002261792564	48
1	4130	97189.884371101867	47
1	4139	97410.632790922794	46
1	4149	97529.096281218034	47
1	4159	97780.993238831008	46
1	4164	97969.031330147769	45
1	4181	98306.786713556293	46
1	4184	98389.638283157148	47
1	4186	98677.355535138409	46
1	4201	98903.09050802109	45
1	4210	99044.86190813973	44
1	4222	99358.016657425101	43
1	4247	99971.909947380493	42
1	4252	100019.351923964928	41
1	4258	100023.92281513324	42
1	4261	100031.95786684849	43
1	4264	100046.661405284708	44
1	4267	100086.607708692766	45
1	4270	100235.385055211768	46
1	4279	100326.575348125447	45
1	4295	100712.045013677365	46
1	4308	100831.773837803855	47
1	4311	100961.612313329475	48
1	4313	100983.866614032606	47
1	4319	101014.963777877729	48
1	4321	101086.635560467516	47
1	4329	101515.749030528601	46
1	4342	101796.532595927457	47
1	4349	102063.349507735843	48
1	4352	102180.449056911734	49
1	4354	102182.395036751081	48
1	4359	102189.207255648518	47
1	4365	102215.846060600123	48
1	4375	102459.42513905117	49
1	4394	102932.708306299534	48
1	4403	103155.614887020774	49
1	4405	103246.555500914951	48
1	4410	103362.43270080916	47
1	4420	103619.539732786568	48
1	4422	103761.001291271311	47
1	4428	103767.00552977946	48
1	4431	103809.689991529386	49
1	4444	104145.926957223241	48
1	4457	104534.939138320298	49
1	4467	104670.974338075802	50
1	4470	104730.521642457438	51
1	4476	104974.979570504882	52
1	4478	104978.757617952371	51
1	4483	105053.81761839242	50
1	4503	105678.764646168867	49
1	4513	105706.873631481037	50
1	4520	105746.408546920461	51
1	4522	105774.010334023883	50
1	4528	105790.300952352119	51
1	4534	106023.471464177074	52
1	4541	106122.276525199279	53
1	4553	106357.894969194632	54
1	4560	106431.188081900215	55
1	4562	106564.413506822673	54
1	4568	106661.761750748853	55
1	4573	107072.916751075213	54
1	4585	107149.963307635928	53
1	4590	107227.898202460272	52
1	4606	107608.304188902592	53
1	4609	107632.139819709494	54
1	4619	107756.883856261293	55
1	4631	107991.91609429575	54
1	4637	108232.434606813299	55
1	4644	108258.802263916475	56
1	4649	108345.531112957759	55
1	4655	108404.937103641254	56
1	4658	108464.410657857541	57
1	4670	108733.912243665804	56
1	4676	108749.762383114382	57
1	4679	108792.645136104309	58
1	4685	109005.447761995453	59
1	4692	109081.200458106196	60
1	4694	109088.975932667101	59
1	4700	109135.943463244408	60
1	4705	109459.787592111169	59
1	4715	109730.780909164262	60
1	4724	109859.568313479699	61
1	4726	109946.253485008751	60
1	4741	110343.799771735514	59
1	4747	110355.579664750003	60
1	4753	110518.942148504792	59
1	4762	110615.95794238489	60
1	4768	110674.547949311932	59
1	4774	110850.582824939437	60
1	4780	111176.912503452985	59
1	4786	111220.612014730889	60
1	4801	111692.638709377175	59
1	4807	111729.574801375526	60
1	4809	111750.015527274529	59
1	4815	111902.500348806849	60
1	4826	112011.59944612119	61
1	4832	112575.726377570395	62
1	4841	112792.358647199361	61
1	4846	112826.010344619001	60
1	4855	112939.690548366346	61
1	4864	113185.595628907582	60
1	4870	113396.205155357068	61
1	4873	113529.903857815127	62
1	4882	113891.122067188522	61
1	4887	113967.078616585652	60
1	4896	114081.755208620815	59
1	4906	114311.540303258581	60
1	4919	114647.502798797398	61
1	4921	114802.459369124523	60
1	4931	115085.636244811548	61
1	4934	115219.787980530132	62
1	4936	115385.445789568196	61
1	4948	115711.572803283124	60
1	4956	116064.15342716468	59
1	4966	116229.217164628761	60
1	4979	116416.045845592464	59
1	4985	116443.058918712976	60
1	4987	116617.145794048919	59
1	5009	117121.072775153122	58
1	5015	117229.382354637669	59
1	5018	117427.722569277516	60
1	5020	117581.651099693044	59
1	5026	117701.514124478371	60
1	5029	117828.876727328202	61
1	5035	117936.290533527802	60
1	5040	118124.070063726655	59
1	5053	118656.86800262339	58
1	5058	118724.308251092224	57
1	5063	118851.505068298108	56
1	5083	119413.581309110201	57
1	5096	119664.964060857571	56
1	5101	119859.096925757839	55
1	5107	120056.956046918704	56
1	5109	120062.06229367673	55
1	5125	120296.174182258225	54
1	5130	120489.730931041776	53
1	5139	120639.674763301352	54
1	5142	120643.78962225865	55
1	5158	121040.680064865998	54
1	5167	121326.373217185973	53
1	5176	121535.853177806433	52
1	5182	121626.546662898819	53
1	5185	121691.049503090892	54
1	5187	121957.268584460034	53
1	5199	122093.577185878209	52
1	5205	122112.960723750731	53
1	5211	122399.341824067827	52
1	5217	122415.83475748113	53
1	5223	122640.343050375595	52
1	5236	122754.410545061953	51
1	5252	123789.083718867987	50
1	5257	123906.281584169786	49
1	5265	124133.170144455187	48
1	5275	124348.673908588004	49
1	5278	124503.444936511884	50
1	5294	125076.148559633657	49
1	5299	125106.344648798998	48
1	5307	125203.788148276188	47
1	5330	125748.661450742331	48
1	5337	125808.939748164296	49
1	5339	125998.641112707236	48
1	5344	126160.938879897888	47
1	5349	126205.275292821243	46
1	5355	126279.903050096485	47
1	5358	126443.427722958684	48
1	5368	126696.593430697239	49
1	5378	126848.821789607476	48
1	5390	127005.362416339927	49
1	5409	127283.212506218459	50
1	5416	127559.597194436618	49
1	5423	127595.140712165079	50
1	5425	127719.545138642207	49
1	5431	127785.203161414943	50
1	5434	127808.822966324281	51
1	5440	127995.989922856936	52
1	5442	128126.176554545831	51
1	5452	128250.969867169195	52
1	5455	128336.745951306328	53
1	5457	128342.093663491324	52
1	5466	128502.931239185535	51
1	5476	128632.833921908552	52
1	5479	128654.867181107557	53
1	5481	128777.267718030211	52
1	5487	128879.352554843566	53
1	5500	129290.282952561655	52
1	5515	129898.188057398439	51
1	5520	129972.387159554359	50
1	5530	130210.581388256555	51
1	5533	130232.390489680889	52
1	5539	130376.446354612389	51
1	5547	130577.208733191729	50
1	5567	130990.325980445989	51
1	5569	131001.388897704032	50
1	5578	131228.58024426704	49
1	5584	131316.179079826251	50
1	5589	131490.187053434566	49
1	5605	131956.623972536632	50
1	5612	132026.510770249872	51
1	5618	132360.552648752609	50
1	5623	132440.313248209727	49
1	5629	132559.193092064798	50
1	5638	132758.844620274395	49
1	5644	132973.849527304153	50
1	5650	133085.189074156487	49
1	5663	133437.647603714466	50
1	5669	133696.345393940878	49
1	5674	134019.761011540905	48
1	5680	134269.655718033288	49
1	5682	134312.887135995233	48
1	5699	134651.267307100603	49
1	5711	134974.383210210145	48
1	5716	135173.019085558203	47
1	5721	135191.464840676317	46
1	5727	135218.7465067709	47
1	5737	135549.267861250258	48
1	5749	135800.249258428494	47
1	5755	135944.048912891147	48
1	5762	136002.504681139924	49
1	5768	136304.150265563918	50
1	5773	136332.221143947986	49
1	5778	136440.13767846489	48
1	5798	136802.447999933104	49
1	5801	136840.966241400094	50
1	5804	136928.212133823975	51
1	5809	137025.106453559975	50
1	5815	137078.608591860546	51
1	5820	137150.02117166856	50
1	5830	137438.511356807233	51
1	5836	137654.808350401194	52
1	5841	137774.641758933735	51
1	5846	137830.182375013511	50
1	5866	138192.508729850889	49
1	5872	138289.366374449394	50
1	5881	138594.64664413562	49
1	5900	138962.41596247655	50
1	5905	139253.215652346627	49
1	5911	139318.967410449804	50
1	5916	139414.593022227359	49
1	5922	139435.207113724783	50
1	5925	139492.456210944983	51
1	5927	139525.722257587742	50
1	5937	139671.012764143295	51
1	5947	139898.000610898383	52
1	5950	139906.620204091069	53
1	5953	139915.160770323427	54
1	5962	140173.009540630521	53
1	5972	140387.200555526353	54
1	5974	140387.632836317327	53
1	5979	140470.556510131878	52
1	5985	140479.448473113894	53
1	6011	141107.422118358386	52
1	6016	141209.007271561788	51
1	6022	141227.626591689739	52
1	6024	141527.405597809386	51
1	6030	141587.718507022643	52
1	6037	141790.555198882513	53
1	6042	141826.54299192691	52
1	6055	142010.723981078786	51
1	6067	142085.724660547466	52
1	6070	142089.852071320619	53
1	6073	142154.339640618414	54
1	6078	142608.338815100508	53
1	6087	142678.906763801035	52
1	6093	142797.053573590845	53
1	6107	143117.232323464484	54
1	6109	143211.221968917248	53
1	6128	143686.08956211807	52
1	6140	144037.403867426902	53
1	6143	144055.431382922094	54
1	6145	144076.9588183981	53
1	6151	144223.646603890984	54
1	6154	144241.634989035187	55
1	6160	144355.510443622263	54
1	6172	144725.195485375894	53
1	6181	144953.658250054099	54
1	6191	145205.093490819267	55
1	6197	145440.523924581723	54
1	6202	145586.427802862284	53
1	6211	145610.434543920318	54
1	6214	145692.559916938051	55
1	6219	145778.931431802062	54
1	6225	145790.475163458983	55
1	6234	146185.594601701962	54
1	6244	146273.458970513027	55
1	6260	146483.978204019462	56
1	6262	146692.735970923362	55
1	6278	146924.819762545625	56
1	6283	147076.326725738196	55
1	6289	147084.663473792982	56
1	6294	147237.017100607993	55
1	6300	147237.505651786897	56
1	6303	147364.749930237212	57
1	6310	147586.084440735737	58
1	6317	147641.799452190521	59
1	6320	147787.993817454797	60
1	6323	147817.955266597719	61
1	6325	148150.079648416506	60
1	6334	148189.861884386895	59
1	6346	148605.640944795756	58
1	6362	149088.216821364743	57
1	6371	149151.46829251103	58
1	6377	149502.641351257029	59
1	6379	149644.29633379543	58
1	6384	149815.001332009284	57
1	6394	150000.858084816026	58
1	6403	150359.112854990793	57
1	6408	150449.957439176811	56
1	6418	150743.26231470976	57
1	6421	150762.898640741626	58
1	6434	151106.626658052279	57
1	6439	151314.108060501533	56
1	6458	151994.773940387798	55
1	6466	152115.210742844286	54
1	6472	152390.447308275665	55
1	6475	152465.239556431075	56
1	6477	152720.00447894415	55
1	6482	152745.652662333174	54
1	6487	152798.609629903006	53
1	6508	153226.37302661789	54
1	6515	153262.15074938505	55
1	6521	153429.31746264768	56
1	6526	153602.497433429601	55
1	6531	153635.839945729506	54
1	6536	153697.644026599897	53
1	6549	153873.514702986376	54
1	6555	154035.219157514277	55
1	6558	154225.248405298516	56
1	6587	154667.513282982705	55
1	6595	154898.371762502623	54
1	6601	154919.670116039468	55
1	6604	154944.232675204542	56
1	6606	155242.896590843814	55
1	6616	155306.193541016637	56
1	6622	155425.141135314726	57
1	6632	155527.384733217628	58
1	6635	155690.147057150384	59
1	6647	155807.109338030292	58
1	6652	155850.446405335945	57
1	6658	155880.133137270559	58
1	6660	156151.241557622346	57
1	6670	156519.700205630697	58
1	6680	156795.161503846508	59
1	6683	156815.16132975806	60
1	6688	156870.814362097605	59
1	6698	157181.17694078047	60
1	6704	157402.53196808818	61
1	6707	157407.560182969903	62
1	6709	157455.983966234756	61
1	6722	157782.777753151971	60
1	6728	157794.166119161123	61
1	6737	158450.885486006421	60
1	6745	158498.858962705432	59
1	6751	158966.555165578188	60
1	6761	159462.293614005688	59
1	6766	159482.133869821279	58
1	6782	159980.320482974056	59
1	6787	160117.823156686184	58
1	6800	160496.009875370377	59
1	6806	160567.018656726945	58
1	6815	160936.980987024763	59
1	6817	161109.905767472534	58
1	6826	161191.177294540458	59
1	6833	161431.531256895644	60
1	6835	161548.721994496566	59
1	6845	161772.229686719278	60
1	6847	161995.906727431361	59
1	6855	162028.506748577653	58
1	6868	162304.467269891536	59
1	6881	162846.515094311592	58
1	6890	162905.559042937439	59
1	6892	163201.428886871804	58
1	6901	163214.047757092937	57
1	6907	163300.618248177402	58
1	6910	163326.381302429188	59
1	6916	163881.143399175276	58
1	6926	164002.042528440551	59
1	6931	164076.364107107817	58
1	6936	164099.460308989194	57
1	6952	164802.597222128903	56
1	6957	164947.890780329778	55
1	6975	165492.266156429014	56
1	6977	165544.534235648831	55
1	6983	165643.542706403577	56
1	6985	165644.153105462044	55
1	6993	165778.772358838153	54
1	7019	166475.904035545906	53
1	7024	166583.867392385453	52
1	7030	166801.913262504364	53
1	7035	166896.410579103661	52
1	7052	167159.243697755636	53
1	7055	167299.426559902026	54
1	7060	167465.540372651091	53
1	7071	167592.27985702835	52
1	7081	167819.153052243306	53
1	7095	167979.79356885407	54
1	7097	168371.785377142636	53
1	7103	168469.537247098582	54
1	7106	168498.896809627843	55
1	7112	168644.73804571287	56
1	7121	168742.597849169767	55
1	7127	168774.262532611363	56
1	7129	168861.130117954761	55
1	7135	168963.289780249155	56
1	7142	169134.107622889104	57
1	7152	169686.155005452386	58
1	7157	170030.85261248952	57
1	7162	170061.711785864106	56
1	7171	170528.25525643684	55
1	7177	170578.064236394279	56
1	7186	170839.060187475777	55
1	7196	171187.660746381378	56
1	7201	171356.840996909572	55
1	7217	171708.504426970697	56
1	7219	171775.887542277649	55
1	7224	171838.626712370685	54
1	7230	172115.419674120255	55
1	7232	172169.823066387011	54
1	7256	172601.452628040986	55
1	7262	172772.246088679901	54
1	7271	173115.696536957392	55
1	7273	173129.257263796479	54
1	7279	173158.146604705353	55
1	7288	173481.494074230699	54
1	7294	173535.794421648488	55
1	7306	173706.728784335798	54
1	7328	174469.710616542558	55
1	7330	174472.36897244679	54
1	7335	174508.526673745049	53
1	7341	174540.61511959836	54
1	7343	174542.23436518021	53
1	7349	174600.817941051584	54
1	7356	174867.767108035364	55
1	7370	175004.294857859327	56
1	7373	175018.10732130861	57
1	7380	175148.144086996828	58
1	7382	175223.566147428081	57
1	7387	175231.375054769239	56
1	7396	175466.727693638365	57
1	7406	175804.517768817256	58
1	7408	175918.585492266363	57
1	7416	175968.647517356707	56
1	7429	176327.019626955281	57
1	7434	176493.670282814727	56
1	7440	176519.896186064113	57
1	7453	176761.313652662581	56
1	7462	177110.34011580872	57
1	7469	177234.076751986898	58
1	7479	177311.268943299755	59
1	7491	177443.533331714166	60
1	7496	177567.38696853079	59
1	7501	177648.395932772814	58
1	7514	178046.281888734363	59
1	7520	178241.132952205316	60
1	7522	178259.125645939282	59
1	7531	178683.435590950848	58
1	7537	178706.235205474749	59
1	7540	178866.699683765374	60
1	7543	178932.316647515819	61
1	7546	178969.642071914792	62
1	7549	179050.897762934676	63
1	7551	179060.747902510709	62
1	7564	179326.130245504587	61
1	7574	179615.454421071797	62
1	7583	179902.269422052504	61
1	7591	180098.395982319175	60
1	7599	180445.171206096209	59
1	7609	180526.514205614472	60
1	7618	180816.009033275454	59
1	7627	181150.49660684921	58
1	7640	181196.524371115626	59
1	7650	181504.759619519698	60
1	7652	181539.903250314317	59
1	7658	181621.64038685764	60
1	7663	181735.873470361962	59
1	7679	182194.38721377715	60
1	7681	182233.338213147672	59
1	7694	182488.297040582407	60
1	7697	182583.374366536001	61
1	7699	182646.717332759558	60
1	7711	183029.240422077499	59
1	7717	183169.99269128811	60
1	7726	183502.212987020298	59
1	7732	183607.486309037511	60
1	7735	183629.310287576455	61
1	7741	183665.004408840112	60
1	7752	183781.790949398728	59
1	7758	183785.688391229479	60
1	7772	184600.711386519082	61
1	7782	184645.28342824796	62
1	7788	184779.124976625128	63
1	7790	185122.856190940052	62
1	7795	185215.817628415324	61
1	7803	185406.624583968969	60
1	7813	185748.244647384588	61
1	7826	185931.201889216587	60
1	7838	186040.671936773793	61
1	7844	186184.608668431672	62
1	7846	186345.851346725621	61
1	7856	186577.572523040546	62
1	7858	186684.761735782104	61
1	7864	186741.07582188284	62
1	7880	187183.69901316999	63
1	7883	187253.139912569983	64
1	7886	187276.336408684243	65
1	7888	187277.662149058678	64
1	7896	187345.896813207925	63
1	7902	187381.138891359065	64
1	7912	187672.120493572638	65
1	7920	187781.608577421012	64
1	7949	188332.022807348751	65
1	7953	188446.858796057193	66
1	7955	188507.502380177402	65
1	7960	188727.038439511941	64
1	7966	188749.029501733864	65
1	7969	189042.509662198554	66
1	7971	189085.270386854264	65
1	7977	189120.491129823206	66
1	7987	189298.659687597513	67
1	7990	189365.454145787897	68
1	7992	189369.208828300261	67
1	7998	189369.716869604074	68
1	8009	189889.802995829026	69
1	8011	190031.981705730804	68
1	8020	190074.46198980221	69
1	8022	190179.58317982933	68
1	8044	190704.659283511364	67
1	8049	190714.968706112432	66
1	8055	190778.684363606352	67
1	8061	190868.185513820187	66
1	8071	191062.810543585601	67
1	8085	191475.354947277676	68
1	8090	191946.240148242587	67
1	8095	192114.973480956706	66
1	8101	192136.608762124347	67
1	8103	192182.026822203458	66
1	8125	192868.217349730872	67
1	8128	192885.43980923476	68
1	8134	192977.443655071857	67
1	8144	193042.094446775416	68
1	8147	193117.141391095964	69
1	8149	193137.593866126636	68
1	8160	193615.042403461099	67
1	8169	193713.051775551946	68
1	8172	193769.031139173932	69
1	8185	194140.375790543931	68
1	8191	194258.352308445057	69
1	8194	194377.457848638951	70
1	8201	194531.265426206782	71
1	8203	194541.061541369209	70
1	8216	194739.122960748452	71
1	8221	194815.773961091491	70
1	8233	195130.135327195436	69
1	8239	195505.925471041784	70
1	8246	195841.223781476859	71
1	8248	195923.773483537162	70
1	8261	196140.154556466907	71
1	8266	196312.171039240512	70
1	8277	196409.523728005275	69
1	8289	196832.469425891576	70
1	8296	196942.952743821114	71
1	8303	197060.190608124189	72
1	8305	197101.954380193803	71
1	8317	197288.467571061129	70
1	8332	197629.237284017414	69
1	8344	197953.712712810373	70
1	8350	197959.981622513461	69
1	8356	197970.543805006527	70
1	8363	198099.45632655615	71
1	8366	198170.475563639052	72
1	8369	198209.069828111262	73
1	8372	198228.978312202528	74
1	8379	198472.050727789197	75
1	8381	198532.023373782659	74
1	8389	198741.870241248667	73
1	8395	198899.839685731566	74
1	8397	198960.394803447726	73
1	8420	199628.602684937442	72
1	8425	199967.890868512601	71
1	8430	200076.531275170001	70
1	8439	200301.398448216335	71
1	8457	200764.215784252096	72
1	8460	200843.237379508121	73
1	8465	200934.605140499458	72
1	8470	201013.065049868102	71
1	8479	201258.438820667865	72
1	8486	201341.528024842338	73
1	8488	201395.410945884961	72
1	8497	201645.889518849174	73
1	8509	201898.932154510195	72
1	8515	202063.204328058202	73
1	8517	202147.825320195094	72
1	8526	202313.177290599871	71
1	8536	202636.280362586533	72
1	8538	202678.502557246039	71
1	8544	202758.969250456969	72
1	8547	202792.932649280435	73
1	8567	203326.910393098057	72
1	8575	203499.006066111926	71
1	8588	204115.488762691213	72
1	8593	204249.291704228173	71
1	8606	204427.299514599262	72
1	8609	204547.970891174373	73
1	8616	204609.644117555014	74
1	8618	204698.404649933488	73
1	8626	204997.239864081223	72
1	8636	205217.499651407541	73
1	8642	205459.979194486202	72
1	8647	205690.483387285869	71
1	8653	205692.179544146433	72
1	8656	205828.736036969725	73
1	8672	206582.666155220629	72
1	8677	206670.882625881661	71
1	8685	207038.36272770169	70
1	8691	207164.705413030076	71
1	8698	207428.556374851332	72
1	8711	207993.811987116621	71
1	8717	208000.574363558297	72
1	8719	208190.105934072365	71
1	8728	208569.254734167855	70
1	8742	209093.715703696676	71
1	8750	209337.290339283333	70
1	8755	209624.688678927799	69
1	8767	209873.662375655051	68
1	8776	210308.337493622363	67
1	8786	210654.933328403271	68
1	8789	210655.88107656938	69
1	8796	211138.906963694398	70
1	8798	211175.507822731536	69
1	8803	211274.273675926109	68
1	8808	211393.929070168794	67
1	8828	211985.907861353856	66
1	8837	212393.103274478868	67
1	8843	212648.269467674275	66
1	8848	212710.474370373101	65
1	8859	213104.572159085449	64
1	8865	213369.609999822719	65
1	8872	213413.905282782492	66
1	8874	213418.682620491912	65
1	8880	213445.525268336204	66
1	8899	214191.432827269685	65
1	8908	214338.483734046729	64
1	8917	214631.822630123443	65
1	8919	214653.408957174127	64
1	8939	214977.715421295114	65
1	8942	215089.42214523549	66
1	8951	215202.793098518643	67
1	8953	215318.138111360398	66
1	8962	215487.707176273377	65
1	8968	215640.960820825357	66
1	8971	215646.004471054911	67
1	8981	215830.637667334784	68
1	8983	215904.480714904224	67
1	8988	215981.109233541441	66
1	8994	215991.717678659564	67
1	9003	216391.65177288434	66
1	9021	216906.512696897177	67
1	9023	217131.738972958204	66
1	9028	217284.758071605196	65
1	9046	217743.833893723474	64
1	9052	217929.962516222794	65
1	9055	218024.732518585302	66
1	9057	218044.59265929096	65
1	9071	218330.235208724707	66
1	9074	218470.177842731862	67
1	9076	218547.06365263651	66
1	9089	218918.40307646132	67
1	9095	219373.362855119319	66
1	9100	219398.604248179203	65
1	9105	219582.562820088145	64
1	9124	220365.34713321746	63
1	9129	220430.121660828279	62
1	9135	220437.883096372634	63
1	9141	220664.143570220125	62
1	9155	221123.85701660041	63
1	9157	221285.740449909148	62
1	9166	221547.594614787108	61
1	9178	222108.485525315316	60
1	9190	222390.637442141193	61
1	9205	222691.487504761693	60
1	9215	222876.395575754061	61
1	9218	222935.794395927172	62
1	9221	223177.160482562868	63
1	9223	223179.843122888437	62
1	9228	223378.250899463581	61
1	9234	223402.153347457243	62
1	9241	223669.500307614705	63
1	9254	224134.182032257399	62
1	9262	224170.044480521259	61
1	9267	224319.07030109285	60
1	9280	224785.113613732186	59
1	9293	225198.525183187894	60
1	9295	225225.974724739479	59
1	9301	225245.297834889057	60
1	9303	225454.178495345718	59
1	9321	225745.251180267941	60
1	9323	226155.557426702312	59
1	9328	226156.801239816499	58
1	9333	226411.554206944691	57
1	9338	226848.507361538735	56
1	9365	227678.712273267718	55
1	9371	227727.001993088918	56
1	9373	227731.907664019695	55
1	9378	228006.824790850309	54
1	9397	228565.132554950273	53
1	9405	228708.262249491798	52
1	9418	228810.654519357669	53
1	9429	229099.616810730168	54
1	9431	229309.482477284995	53
1	9437	229503.544372583524	54
1	9440	229682.886784281073	55
1	9442	229811.476758861995	54
1	9450	229992.837757048818	53
1	9460	230325.260297499812	54
1	9462	230430.608233496628	53
1	9475	230766.27935506965	52
1	9480	230873.525231014627	51
1	9493	231242.707585292808	52
1	9511	231732.722336534438	51
1	9521	231857.074710485735	52
1	9526	231953.666337225276	51
1	9532	232042.813724832733	52
1	9534	232069.386843223206	51
1	9543	232293.242869439422	52
1	9556	232597.043283572792	53
1	9562	232646.882318943851	54
1	9576	232989.283451005607	55
1	9578	232997.662243494791	54
1	9584	232999.351761607837	55
1	9586	233008.615457769173	54
1	9592	233071.65953104211	55
1	9594	233117.654101749963	54
1	9603	233266.695136119538	55
1	9617	233783.596866876181	56
1	9620	233851.846328288574	57
1	9626	233897.775848209548	56
1	9631	233907.588994089541	55
1	9636	233910.050926566205	54
1	9642	234031.177700867659	55
1	9662	234819.559110688073	54
1	9668	234879.06056523457	55
1	9671	235040.254258198458	56
1	9673	235085.509852621786	55
1	9683	235408.926206382703	56
1	9689	235542.954118959296	55
1	9703	235921.007876671878	54
1	9716	236506.365146075834	55
1	9718	236608.359904367558	54
1	9723	236680.455838512657	53
1	9736	237140.394333665881	52
1	9742	237159.473547053261	53
1	9745	237221.363235702251	54
1	9754	237437.633504150174	55
1	9756	237470.707901274813	54
1	9765	237682.832793736912	53
1	9774	237733.818563380484	54
1	9776	237858.265107525203	53
1	9782	237866.694844639578	54
1	9792	237989.684361291958	55
1	9802	238605.534103637643	54
1	9807	238724.07657850164	53
1	9820	238794.967558427824	54
1	9823	239070.218534328769	55
1	9832	239307.670312970567	54
1	9846	239508.593257455237	53
1	9862	240311.38776094283	52
1	9868	240340.503854772916	53
1	9874	240511.795276458997	52
1	9879	240593.091475417919	51
1	9885	240602.414596834497	52
1	9895	240825.320707564393	53
1	9898	240845.989370270322	54
1	9908	241055.516462434111	53
1	9916	241322.477942797977	52
1	9927	241513.684144573368	51
1	9933	241540.96970644357	52
1	9942	242119.095037322573	51
1	9969	242382.167484231133	52
1	9971	242444.817375602229	51
1	9978	242468.086122757868	52
1	9984	242605.382978627149	51
1	9991	242721.034923878268	52
1	10005	243036.337379735657	53
1	10009	243124.108462810356	54
1	10019	243359.833819694872	55
1	10025	243411.704097948364	56
1	10029	243426.547323459998	57
1	10031	243426.767682932346	56
1	10042	243453.888741169819	57
1	10044	243560.966390398953	56
1	10049	243585.019170720212	55
1	10056	243605.217447720308	56
1	10059	243697.627539706179	57
1	10062	243728.450793899651	58
1	10065	243771.182808688955	59
1	10072	243901.678334486441	60
1	10078	244064.168213113982	61
1	10085	244355.8507719955	62
1	10090	244390.830970801495	61
1	10106	244496.843699477009	62
1	10108	244697.292700558592	61
1	10114	244755.883366378376	62
1	10116	244811.125708255946	61
1	10125	244979.421113032342	62
1	10128	245090.965208626994	63
1	10139	245270.524590896343	64
1	10145	245567.134740142234	63
1	10150	245905.876959161524	62
1	10156	245956.636944575434	63
1	10162	246171.971543418273	62
1	10167	246192.652225703083	61
1	10194	246631.217546865409	62
1	10196	246644.620882980217	61
1	10202	246687.920568167179	62
1	10204	246995.910173865065	61
1	10228	247613.460161043023	60
1	10233	247667.264702137642	59
1	10239	247687.216629511295	60
1	10252	248140.257185971846	61
1	10255	248164.216053769205	62
1	10261	248359.823100818013	61
1	10267	248429.973174303877	62
1	10274	248553.023084242735	63
1	10279	248571.02613428238	62
1	10285	248715.978597423887	63
1	10294	248984.827462876298	62
1	10300	249031.09870383628	63
1	10303	249092.682955108378	64
1	10312	249334.563305936446	63
1	10317	249411.953432891547	62
1	10323	249447.543355999612	63
1	10341	250011.61227433118	64
1	10347	250231.668095729924	65
1	10349	250286.015623440995	64
1	10354	250303.517457995646	63
1	10366	250718.820738114286	64
1	10371	250874.630805784529	63
1	10377	251022.815837665892	64
1	10391	251248.862901403269	65
1	10394	251268.734281648278	66
1	10401	251463.957997908477	67
1	10404	251502.387630954523	68
1	10406	251654.879007652431	67
1	10414	251755.950802568429	66
1	10426	252038.322759605637	65
1	10443	252544.096127743654	66
1	10446	252578.309498980075	67
1	10448	252724.642776716193	66
1	10456	252808.464109735593	65
1	10461	253098.961243121036	64
1	10470	253425.791110349512	63
1	10475	253449.327539267048	62
1	10495	254010.589936276493	63
1	10501	254128.935915926627	64
1	10503	254205.325285200112	63
1	10520	254487.538879920531	64
1	10522	254549.192404113403	63
1	10528	254757.341073532723	64
1	10530	254831.180611621618	63
1	10539	255066.987945087336	62
1	10549	255135.063292922162	63
1	10558	255540.099402200124	62
1	10568	255672.956286639399	63
1	10570	255899.110065898009	62
1	10575	255921.691876580968	61
1	10591	256384.764504916659	60
1	10604	256545.862663494346	61
1	10609	256666.135202240281	60
1	10615	256742.168757160547	61
1	10631	257097.300868710532	60
1	10637	257102.332473913178	61
1	10645	257249.681954784012	60
1	10651	257810.246193013411	61
1	10664	257979.20025129615	62
1	10667	258012.709329529002	63
1	10674	258206.352330544604	64
1	10676	258248.816443741404	63
1	10682	258253.180030780483	64
1	10684	258358.398026199705	63
1	10690	258698.296755289353	64
1	10692	258708.331274991884	63
1	10714	259256.567250042847	62
1	10720	259471.360829808976	63
1	10723	259522.948505229754	64
1	10729	259731.50350090678	63
1	10738	259811.094520663925	62
1	10743	259896.831994428924	61
1	10749	259916.143717700941	62
1	10762	260494.379150127329	63
1	10775	260687.235848763651	62
1	10781	260775.264208711008	63
1	10786	260823.710540464177	62
1	10792	261078.080729185955	63
1	10802	261415.939636364662	62
1	10807	261494.276079116083	61
1	10812	261497.345892671525	60
1	10818	261498.756138665345	61
1	10827	261919.477980160478	62
1	10839	262138.815473098391	61
1	10845	262230.828053940753	62
1	10855	262394.657841442182	61
1	10865	262591.176393964993	62
1	10868	262689.278852200954	63
1	10880	262949.315665824422	62
1	10885	263052.908713882483	61
1	10891	263324.606196728495	62
1	10894	263382.56267653329	63
1	10897	263428.642485241773	64
1	10907	263780.248450102314	63
1	10912	263944.213333287902	62
1	10923	264295.293173616835	61
1	10932	264422.675251954813	62
1	10938	264587.107514729418	61
1	10948	264676.731933920648	62
1	10954	264839.421254485875	61
1	10980	265624.924320799171	62
1	10982	265670.300840604745	61
1	10987	265677.812813468361	60
1	10993	265873.481115535698	61
1	10999	266114.869235107705	60
1	11005	266120.008348774763	61
1	11011	266262.144784628153	62
1	11014	266367.72854831511	63
1	11016	266490.26537447206	62
1	11025	266616.781336985612	61
1	11031	266817.7218598357	62
1	11040	267117.68447679098	61
1	11046	267126.025409422454	62
1	11048	267239.341480158353	61
1	11060	267417.673481916704	60
1	11084	268192.608231629012	61
1	11089	268278.374982191333	60
1	11094	268308.707209108093	59
1	11104	268377.2151779518	60
1	11109	268476.836101418391	59
1	11115	268612.999774956277	60
1	11118	268653.226066888585	61
1	11127	268819.194114651482	62
1	11136	269168.410961646282	61
1	11153	269643.236672498286	62
1	11155	269689.449574487314	61
1	11164	269890.66551289902	60
1	11174	269992.279827296793	61
1	11176	270088.011932549694	60
1	11186	270351.254292580551	61
1	11199	270598.875512435579	62
1	11201	271011.40806077429	61
1	11206	271061.073471788347	60
1	11212	271124.724828397249	61
1	11222	271462.012389581346	60
1	11231	271567.696407516418	61
1	11239	271742.076147241548	60
1	11245	272060.039612447158	61
1	11247	272092.196680823424	60
1	11260	272450.383841810778	59
1	11270	272671.704690624396	60
1	11273	272808.311313388806	61
1	11275	272935.07094867497	60
1	11280	273070.329589840055	59
1	11285	273265.060259107583	58
1	11306	273982.907900422894	57
1	11311	274044.904700861939	56
1	11319	274291.951951632307	55
1	11344	274873.264941483819	54
1	11349	275004.868141431057	53
1	11359	275208.470370852591	54
1	11361	275244.494950152964	53
1	11371	275382.830521797036	54
1	11380	275674.235788690323	55
1	11393	276013.267842052535	54
1	11398	276016.376705685714	53
1	11404	276045.625016704148	54
1	11406	276052.238867906549	53
1	11412	276114.866933678015	54
1	11418	276161.793118697034	55
1	11424	276298.423542259337	56
1	11427	276416.905425588811	57
1	11450	277056.246876133689	56
1	11456	277180.998548336562	57
2	0	0	0
3	54	2101.652422575364	2012.8311536461
3	116	3764.999595930865	2943.8962182496
3	161	4841.566443197429	2943.442325663
3	424	10546.478469880299	5916.1180161662
3	473	11432.983249096201	4784.3581538823
3	480	11841.330270454352	5383.1356569373
3	575	14029.116919329057	6418.9458485511
3	706	17465.699071474041	6862.9179137173
3	717	17593.599848678338	6673.4503970151
3	761	18615.980370774929	6058.5237410641
3	799	19311.415833732178	6415.3420051219
3	853	20721.583134717907	6838.800032659
3	884	21249.360604257922	6476.5094933513
3	900	21608.933513727103	5898.9788514445
3	959	23306.718741931024	5447.524662754
3	1022	24908.209564866562	7222.7687640583
3	1111	27172.585158566078	6599.3310564621
3	1171	28069.30819028024	6392.2725577607
3	1202	28678.386912200664	8591.4543980206
3	1304	31267.196487296376	6544.8904624098
3	1378	32807.208425352353	6448.8374977402
3	1579	37070.879673236984	6924.9217466346
3	1640	38262.94292565402	6941.661765265
3	1885	43925.964008191666	9368.2205915218
3	1938	45059.166837003147	9146.1410097586
3	1998	46556.704445533459	9619.2943166847
3	2149	49835.249733738271	10845.204659917
3	2199	51179.090203469686	9920.3299678336
3	2342	55171.247850922873	12268.46711153
3	2644	62001.866640997722	13928.366384689
3	2651	62303.854815786773	13077.530872767
3	2663	62529.924514451667	14107.662975966
3	2703	64017.383851133356	13784.485818918
3	2747	65070.030116871068	13910.976790047
3	2807	66218.002722825924	13608.340933423
3	2887	68373.739185006961	12420.106384507
3	2956	70052.140463456519	12934.33612679
3	3086	73179.446705611492	14053.611330236
3	3128	74103.160670688048	14961.020359487
3	3161	74681.625251513044	15082.289977451
3	3181	75175.919985534632	15215.829673423
3	3287	76911.296967532556	14355.090322896
3	3461	80591.476197037519	12952.443312943
3	3509	81451.071706348703	13841.227561595
3	3552	82404.422457394795	13139.676256423
3	3670	84828.660425878735	13361.179454805
3	3692	85524.47792778171	13868.1983382
3	3708	86120.852853217768	13514.146886481
3	3741	87066.558655338371	13723.112224794
3	3773	87647.057519316742	13652.281707664
3	3826	89597.7585547921	15755.961606393
3	3945	92221.81523858949	16460.049140859
3	4046	94552.614010697299	16187.878614876
3	4146	97523.945730924282	18250.114045105
3	4153	97537.287249131197	18261.703974817
3	4220	99356.327143119717	18043.093554244
3	4277	100280.968464039336	18795.498515586
3	4292	100611.22396614031	19194.593364875
3	4346	101899.287520017544	19266.170889581
3	4461	104559.009697585975	20846.464955114
3	4538	106058.94280104346	19438.744344462
3	4597	107373.761255927061	20269.819427336
3	4626	107923.71914738418	18852.803901174
3	4641	108254.405830487678	18690.168149145
3	4668	108610.799961682422	18941.118116714
3	4862	113166.045293709333	19672.740249056
3	4977	116394.073708057082	20629.10524937
3	5000	116925.766052635456	20358.700277738
3	5051	118284.471194442376	18720.541768218
3	5120	120217.426895145006	19475.564927931
3	5150	120877.96765347391	21668.563020169
3	5165	121255.016360971755	21005.770567835
3	5272	124157.673482582043	21152.130171695
3	5282	124516.790835642867	19929.30761793
3	5324	125699.694958608278	20405.746113744
3	5334	125752.953945022091	20620.244960815
3	5449	128197.590800970473	22245.816663218
3	5616	132271.051809355632	23106.22019975
3	5759	135949.942337008265	24717.744895405
3	5785	136520.646149310897	23395.79262427
3	5857	137978.859419642032	23463.429611082
3	5897	138856.150249471904	23183.139218844
3	6049	141852.380281574708	20917.883263228
3	6053	141962.780698031203	21736.512455474
3	6272	146732.258251324313	20263.985077392
3	6307	147445.501414024887	20148.399528019
3	6415	150576.174579033701	21628.379714567
3	6505	153023.557924041209	20283.410705846
3	6674	156663.681700490099	20889.910538428
3	6914	163578.774099949821	23006.497200414
3	6946	164484.773936913964	23623.990806184
3	6950	164760.215744186212	24159.349316327
3	7085	167837.129541546181	22646.108048429
3	7149	169526.391434663981	23821.896781022
3	7181	170589.153763362823	24540.153907894
3	7193	170940.098295550868	24245.044978973
3	7208	171420.291736336446	24420.650032249
3	7250	172481.491396486834	25277.175028573
3	7322	174373.202000474243	25239.857301707
3	7558	179168.747961703709	24479.673099041
3	7616	180711.902393670439	25204.24727743
3	7625	180953.719529701419	25605.30623611
3	7670	182063.493279699258	25245.257601778
3	7810	185562.074389798589	25192.553064228
3	7853	186569.728946052179	24312.938388676
3	7909	187637.417461093592	24775.737417912
3	8006	189403.636094458425	23700.019843844
3	8122	192727.198275379861	24066.821902628
3	8213	194730.440301451909	23482.423942898
3	8415	199431.610459414929	25001.958565721
3	8443	200343.776497129375	25359.623986134
3	8555	203218.143877895573	25566.888829842
3	8585	203733.893178784908	26317.13724684
3	8613	204548.24786268736	27149.338993053
3	8667	206442.965988261651	26264.323495239
3	8765	209762.152116037593	26975.220854427
3	8774	210011.81859787934	27702.874114392
3	8783	210634.278583187636	27315.089818703
3	8960	215387.300764465784	29262.396400829
3	8998	216372.981668291302	29083.972183988
3	9014	216830.972852999424	29757.00082795
3	9041	217434.081364139941	29739.682225631
3	9093	219001.674043262404	29865.12916908
3	9148	220740.785680258727	28864.509852105
3	9176	221698.695405308184	29375.638042566
3	9212	222737.548855570765	30465.293208555
3	9274	224535.271069608656	30451.678058517
3	9360	227205.591666955528	30005.16080021
3	9388	228124.042090112032	31340.043927916
3	9469	230448.502444172359	31779.260813497
3	9570	232739.563974886823	31196.811885555
3	9624	233869.010798173052	32030.593369343
3	9646	234174.348088148671	30874.109027974
3	9660	234735.000274390063	31464.444352099
3	9687	235413.762208040885	31145.662366016
3	9710	236144.95315592705	31242.095676938
3	9734	237073.149160187773	31007.218324937
3	9800	238501.786688597955	29203.397524614
3	9814	238777.996945501927	29047.974934882
3	9889	240722.441668851329	26813.120314528
3	9940	241940.679558958886	28340.54039737
3	10038	243449.890581024502	28333.364191849
3	10187	246523.873965203844	24297.191117194
3	10259	248207.579034892534	24092.578384209
3	10338	249717.073380704661	22177.347745831
3	10398	251425.289232739871	22993.03649935
3	10440	252452.717316024088	20929.007892723
3	10510	254322.248348711088	22139.176740683
3	10537	254868.188120778343	22347.567814952
3	10601	256492.245608853206	22836.013301187
3	10661	257918.608884276851	22292.16824462
3	10736	259744.010914098165	21846.642796595
3	10796	261212.794675832643	21804.940647741
3	10837	262097.040979307228	22756.379565707
3	10936	264574.969292329319	22409.885637476
3	10961	264889.605273035981	22340.674012749
3	11067	267484.017667103642	24098.337382577
3	11146	269251.835045544126	24413.766659464
3	11368	275294.35312759512	24989.355292251
3	11434	276473.129284353622	24817.37820161
3	11442	276730.991364134559	25946.034027299
4	103	3531.671239776537	2588.7260127626
4	131	4152.452500639151	2947.1022854
4	141	4372.572305224901	3361.3995180948
4	196	5455.87032058243	4314.5539294059
4	203	5729.38822048683	3483.4826591753
4	231	6287.579462481329	3128.0914985151
4	235	6322.100191595098	4684.1423221432
4	242	6504.349959684536	4512.1159988865
4	246	6612.677088523349	3281.142119141
4	275	7388.557801717893	4424.6116403563
4	282	7567.673798575664	4477.5904965402
4	336	8638.081496464154	4927.4166890609
4	346	8752.06761047803	5003.3897807888
4	375	9446.481496296824	4532.9759568932
4	379	9473.088234415343	5157.2993598649
4	383	9567.634323201741	5211.0578974335
4	393	9827.9061004423	4268.6654500186
4	434	10769.490333217794	3930.5166982596
4	465	11052.922782696848	5781.3614841923
4	469	11396.705180070961	5530.4955334137
4	508	12429.001977881083	5554.9431241422
4	524	12792.866869870637	4939.970688371
4	531	12951.305685002358	5317.8943292832
4	568	13787.005108477612	5069.4032091396
4	585	14350.579417241739	5238.6596027466
4	622	15369.957140503453	7110.8953805206
4	626	15626.315488209615	6842.0717136444
4	630	15647.447234256257	6378.1094213977
4	653	16073.046653928238	5875.658476862
4	662	16278.145551746378	7533.9229386395
4	682	16754.982299203118	7368.0645809068
4	699	17186.72325055674	6577.9444450167
4	713	17592.612717434828	5384.6900757605
4	754	18486.483088485899	5515.9257295909
4	765	18623.371703019033	6739.1647814128
4	803	19490.157311549077	5255.437771328
4	810	19712.811582298952	6994.9645269619
4	865	21086.242472458695	7407.3409347282
4	875	21125.871056165549	7057.7221149532
4	923	21936.477426650006	6796.7688443957
4	927	22491.559995691891	6670.34870982
4	952	23236.424746871059	6197.8800587583
4	982	24011.155744110833	6218.6211173813
4	997	24395.883815741169	6168.448261429
4	1015	24824.714064653631	6851.9812758879
4	1026	24935.298701204363	7164.8267094805
4	1052	26042.789018442523	5885.3707031046
4	1075	26345.219613242959	6645.9272272771
4	1090	26699.676303450022	6263.104719741
4	1094	26874.089294736874	6223.4118898855
4	1133	27618.921448625293	6947.0198167776
4	1137	27671.131966436286	7190.6179961745
4	1192	28446.325963452462	7151.2283223322
4	1217	28917.574097927724	6114.3374173168
4	1234	29195.93875909191	5896.40814109
4	1244	29649.400672925701	6014.2921206591
4	1253	29981.740812096748	6339.5170302004
4	1268	30300.239087594342	6159.0749434204
4	1286	30838.603059858149	6374.999658122
4	1314	31535.724423699146	5705.8812884302
4	1348	32093.453529546102	5408.0048906409
4	1352	32114.686381127354	7338.307182572
4	1382	33039.121436007324	5428.0314483628
4	1397	33517.104739029025	6336.0099160291
4	1410	34028.678536470648	7760.3482800694
4	1453	34821.796149848094	7870.1748981784
4	1460	34853.832694530491	7669.4690327418
4	1491	35333.702579764318	7854.0503179759
4	1498	35478.036035908451	7372.0749079022
4	1505	35494.482475049798	6923.5430957862
4	1509	35589.190329108056	6869.0927165615
4	1572	36907.440194472735	8034.2824418218
4	1591	37254.663949608472	8855.513785466
4	1601	37632.890781456669	6652.3709215197
4	1618	37778.471143987034	6542.6200452804
4	1628	38109.578378476206	7313.2378935837
4	1669	39119.745836243098	8431.5309514125
4	1681	39206.400906648156	7419.5006841269
4	1688	39614.832302905623	7858.7403461743
4	1716	40122.966681741243	8952.6177403871
4	1720	40290.332094557587	6391.3808041867
4	1736	40616.120183732426	7226.6339625788
4	1745	40806.428780071106	7327.8552605633
4	1758	41190.945389265259	7127.3142485833
4	1784	41626.184566240761	7596.6556457747
4	1791	41852.539774980065	7913.8984665103
4	1832	42827.47754850984	7344.2775630543
4	1844	42965.131683446532	8809.9189396999
4	1867	43677.632439927798	8496.614221623
4	1889	44004.623592166235	8562.0852334119
4	1904	44375.024167221044	9530.1760753637
4	1927	44983.218088444327	9033.1278087838
4	1931	45038.132706824359	10179.054955945
4	1984	46323.653873940598	10547.123235808
4	1994	46476.021848017415	9663.3761491111
4	2019	47275.455166675155	9447.2439255648
4	2059	48138.253552484926	11051.47026329
4	2063	48251.069130046298	9685.5250531624
4	2086	48639.94806864678	10878.191281443
4	2098	48718.276611202997	10570.201309934
4	2104	48900.740097792885	9874.7474498413
4	2134	49397.573670303454	10701.816012177
4	2173	50318.195488354258	9746.3454234427
4	2177	50418.932546628309	10575.940820074
4	2184	50639.842589288956	10668.635781383
4	2222	51960.370366299531	9866.6394147698
4	2234	52136.994977807296	11182.850105176
4	2260	52920.795992709764	11856.980570399
4	2269	53126.759048411293	10346.846845796
4	2273	53173.976599104708	11636.660352893
4	2291	53481.10520887748	10786.104750029
4	2312	54192.2565351092	12047.868275033
4	2316	54213.337527084766	11646.007569893
4	2330	54786.612507253556	11374.654224281
4	2351	55226.263179726966	11412.985738285
4	2363	55635.577248796826	11313.223994676
4	2375	56018.975349999635	12185.95697048
4	2401	56792.523008169674	12306.776073127
4	2416	57066.915745986296	11406.915968278
4	2429	57243.667109102016	11586.821604387
4	2439	57632.828985884853	12230.151671149
4	2476	58279.256325099623	11618.309385847
4	2494	58682.219633496969	12640.25193434
4	2501	58750.82086186304	12405.121547659
4	2540	59406.218962535268	13289.948500604
4	2549	59599.136815493994	12194.896067824
4	2565	59972.009762404157	13011.756249067
4	2588	60740.38896589168	12248.202374915
4	2592	60901.964338230037	12979.882981428
4	2617	61481.37761768333	12846.183548485
4	2627	61623.443767089402	12920.781553671
4	2673	62693.826857429004	13544.1457355
4	2699	63704.332971954389	14985.253125821
4	2720	64361.239413633949	13381.32484648
4	2732	64578.464365005165	13137.347282482
4	2776	65763.127769147649	13284.966098306
4	2788	65775.342156501494	12996.046562222
4	2803	66134.228472026072	12826.781957156
4	2819	66818.204705752104	13266.167882984
4	2823	67132.668483383961	12149.286383673
4	2864	68133.222753558377	12881.886202396
4	2905	68748.158731950454	12169.711430547
4	2912	68966.194958187709	12824.688201926
4	2921	69182.846032427296	11933.417588287
4	2947	69638.467921623632	11564.020172065
4	2960	70188.936397260125	12944.743794838
4	2980	70865.592646449477	13668.758525274
4	2992	71115.222220016651	13887.221835511
4	3002	71207.963211642648	12920.606928113
4	3009	71475.503056384296	12950.949630068
4	3032	71923.524149157177	12970.188237177
4	3053	72313.895641291523	14584.646076949
4	3065	72604.586720838815	13446.522343059
4	3110	73973.89640733228	15011.529459147
4	3154	74438.40584214744	14142.683013952
4	3220	75736.453080428437	14655.13289802
4	3227	75795.278129031952	13656.364926354
4	3233	75963.812363013633	14356.928057682
4	3248	76228.110242718503	12084.399215146
4	3277	76787.764153718957	14187.83224751
4	3297	77288.647148282871	12785.947535684
4	3314	78208.129311394017	13371.005693838
4	3326	78299.684215882801	13522.200753218
4	3353	78811.693379530691	13037.975478999
4	3360	78962.488697981135	13425.969271966
4	3426	79945.648517511793	12446.956053306
4	3430	80032.869878755556	14056.110957408
4	3434	80094.440067982371	13748.222651521
4	3478	80913.145285857911	13581.412586596
4	3491	81173.65873508715	13265.022258595
4	3541	82158.700754022295	13726.248203683
4	3548	82208.053232073793	13770.224365481
4	3595	83434.411060372041	12228.144170044
4	3599	83483.924882881413	14173.362043549
4	3612	83767.997884970167	14351.149187075
4	3638	84340.874611180345	13148.456700953
4	3688	85510.604581674235	14001.716163488
4	3696	85713.907426033179	13736.714723043
4	3728	86671.098346928203	13973.66666262
4	3769	87631.893223831105	14933.400573156
4	3790	88528.260555133233	15217.152568257
4	3797	88775.714408621201	14170.470811181
4	3806	88896.609400277633	14495.332910637
4	3849	89948.532234932903	15826.658419547
4	3859	90288.284435072923	16282.768733957
4	3863	90423.941459426725	15321.50169341
4	3875	90779.67432535221	15532.204572941
4	3907	91430.484488256344	16111.604552136
4	3925	91722.172400202612	16290.984988482
4	3935	92039.65669223075	16420.42656128
4	3979	92785.095536414602	16763.337728152
4	3983	92855.182597906935	17287.493540126
4	3987	93188.299304578463	17318.333692741
4	4016	93740.791424732665	15194.615767891
4	4020	93900.550150274906	15223.736542728
4	4050	94782.403672417636	15885.586316379
4	4084	95619.477148208836	17386.247255912
4	4091	95803.372800890032	16499.570398433
4	4101	95975.121069705124	17279.182705505
4	4137	97316.086308533336	18853.668256496
4	4157	97567.989279996615	17648.631290461
4	4174	98108.284732433105	18248.584085623
4	4178	98162.177021242354	18239.668968428
4	4193	98780.901454171177	18432.056955198
4	4208	99040.027824562054	17972.964520929
4	4238	99628.560503888551	19943.69417534
4	4242	99737.844215730216	18692.197003579
4	4302	100781.872500767608	20497.779088535
4	4339	101702.557490300064	19138.965156102
4	4372	102410.034267274674	20228.602731274
4	4385	102833.037900430758	20094.994190709
4	4392	102899.790861899102	19554.119331127
4	4417	103504.505705637534	19333.659767371
4	4438	103888.216291168716	20130.459498261
4	4442	104021.594342082751	20704.02091302
4	4451	104234.401716817239	21064.629470825
4	4510	105681.979986554081	21185.759439004
4	4517	105719.99624656142	21186.980203831
4	4557	106428.073979792794	20696.69165227
4	4583	107094.590392453608	20110.384089251
4	4616	107689.824858600343	20894.036168696
4	4689	109009.229430565287	20426.179520345
4	4712	109498.924542138422	19490.329855376
4	4733	110254.605768794208	19381.587890579
4	4751	110369.870085287516	19876.080201174
4	4766	110663.224033149029	19747.219131135
4	4778	111170.027009719996	19443.028391278
4	4796	111313.758597457459	19929.311881866
4	4819	111903.306119168191	19795.002952925
4	4823	112002.283228691345	20412.620521998
4	4836	112594.231699112872	21718.567706814
4	4877	113584.935507500558	21004.127607363
4	4894	114007.38762210091	20559.620125246
4	4903	114305.341072272579	20202.987876746
4	4913	114463.962656901827	20350.205525999
4	4928	114968.624645886956	21740.267824719
4	4943	115650.344465439818	20431.476250289
4	4963	116115.990487212329	20834.078393534
4	4970	116245.5598321595	21360.964678184
4	5007	117002.625897131874	19871.147416256
4	5033	117869.440132742427	19861.199074995
4	5047	118182.781955268304	19300.495635651
4	5073	119065.204753661207	19683.515649353
4	5080	119321.510370894945	19497.208722051
4	5087	119477.49339850999	19923.117565269
4	5094	119603.231457905858	20793.754735442
4	5116	120134.310945678516	19785.107501876
4	5146	120819.399082610397	20013.052114994
4	5174	121326.482604099116	19804.846065024
4	5197	122030.487656308409	21438.356569695
4	5209	122235.938173072426	20765.176014742
4	5221	122441.531552966698	20172.678704293
4	5230	122683.444824320874	20073.965554012
4	5234	122690.935711557116	20202.432734361
4	5243	123051.701715401984	19232.960413593
4	5250	123578.670967496946	20708.462676142
4	5289	124672.802541727215	20432.953493541
4	5317	125451.145104797627	20376.793486489
4	5365	126525.957641875441	21213.137543438
4	5372	126701.693353984519	21472.835834211
4	5376	126797.224559653231	21996.317904029
4	5400	127138.073375880789	20793.563221471
4	5464	128442.327577326518	21354.881640045
4	5473	128603.488461390153	22280.082863604
4	5494	128959.05863031374	21384.545311626
4	5498	128974.582388652169	22839.48421863
4	5510	129338.748620649871	21671.640187074
4	5527	130004.984495304205	23098.869685332
4	5537	130299.917766893354	21984.126731588
4	5554	130616.656434107253	23078.904052744
4	5561	130710.267347121627	22723.949623999
4	5576	131058.540876718253	23276.81408957
4	5602	131892.025444222686	23370.612994411
4	5609	131962.784288180673	23400.124155995
4	5633	132687.498842309842	22893.925539007
4	5648	133017.443054230899	23206.133949852
4	5657	133146.611868482155	24266.583550941
4	5667	133562.552691129649	22972.81098697
4	5692	134567.323646094665	24225.009581617
4	5696	134594.78920633353	24281.879809471
4	5703	134658.60657866081	23347.499897872
4	5734	135398.718960346669	23945.643821516
4	5744	135739.662361144701	23407.061413565
4	5792	136626.95106049448	23712.978192176
4	5827	137307.240568013877	24569.867901499
4	5853	137889.821189529876	23512.208976609
4	5861	138043.116689141911	24270.299241747
4	5879	138298.075017910133	22548.882211539
4	5934	139540.612794821765	22835.057703785
4	5941	139729.525261424498	23343.860837255
4	5957	139938.914554956984	23030.689793552
4	5969	140345.19598862536	23357.032739224
4	5995	140711.793452225697	21146.441472431
4	6005	141003.820190345552	21786.43683761
4	6009	141103.470753790827	22166.48774595
4	6034	141636.319477971715	21007.97035493
4	6085	142653.689329275878	20633.723159736
4	6100	142942.498486753625	22001.758185703
4	6104	143059.266053950098	19976.337080226
4	6116	143300.799768358486	19378.640429901
4	6123	143488.728564748612	18919.119998473
4	6158	144316.658822815882	19391.043325119
4	6170	144696.819684064032	18982.214296444
4	6185	144984.600101522785	19813.724492943
4	6195	145228.008266933335	20017.152159142
4	6229	145910.432737646309	20382.727197341
4	6241	146253.591779150085	19356.819813372
4	6257	146452.886410536317	19306.632913442
4	6314	147632.769640529601	20673.947439324
4	6332	148185.598980417492	21152.790734826
4	6344	148547.570247273909	21425.078954059
4	6353	148623.232442019192	21473.500620135
4	6360	148965.156792545764	20999.324109512
4	6391	149823.314752001	20380.265683432
4	6398	150112.741642339172	22575.878292115
4	6425	150823.848208803368	21490.703110193
4	6432	151080.08688079573	20506.992512038
4	6446	151352.837558616026	19596.913123952
4	6456	151932.69498375805	21255.785888408
4	6494	152892.414856981171	21983.627353474
4	6501	153021.405512491258	21210.900989011
4	6512	153252.210459116919	21781.38898117
4	6543	153743.017779920268	20380.292251444
4	6562	154282.544684171749	19035.202794281
4	6566	154376.424504188838	20007.007806351
4	6573	154453.23359055413	19632.09022679
4	6613	155301.381684908716	19136.305335351
4	6629	155516.753351594937	20677.567580028
4	6645	155781.039368860441	20124.712061249
4	6667	156446.498663708641	19887.076711823
4	6695	156884.682944236341	20132.012003325
4	6716	157555.923121444954	21236.007246525
4	6720	157718.252270314527	20579.383664065
4	6732	158377.740224149096	21414.256775612
4	6755	158969.698950642793	21489.219209326
4	6759	159010.923448018414	21306.553912933
4	6773	159758.875138549207	21137.709999118
4	6794	160210.764897303674	21567.582640906
4	6804	160542.998782237676	22393.701566243
4	6830	161315.63342328744	23021.943065689
4	6842	161581.365022486149	22240.757853611
4	6862	162149.205009713453	23079.812618661
4	6872	162328.136658663003	22517.719774506
4	6876	162770.519352206979	23970.81545815
4	6899	163206.224932493326	23033.22965713
4	6923	163891.310753669609	23082.023372638
4	6964	164962.160887749939	23148.890453839
4	6968	165313.004618570282	23253.990546647
4	6972	165325.883621597683	23294.783199032
4	7000	165810.342318020781	22059.9756251
4	7013	166287.370853330624	23451.361434966
4	7017	166445.892403492778	23868.924400509
4	7042	166951.641966210753	23030.836950716
4	7049	167156.492432836464	23686.603106155
4	7078	167658.054047207964	24109.961273909
4	7092	167945.62583347412	23569.471428613
4	7119	168687.479710420279	23917.935068748
4	7139	169063.838564051336	23461.798718663
4	7169	170392.70553340765	23965.553519278
4	7239	172306.057918369456	26024.005832638
4	7246	172453.976988863221	26154.445031417
4	7260	172711.618742514087	25918.62636938
4	7286	173434.540208498091	25035.938302013
4	7304	173687.516912497601	24907.826986815
4	7353	174624.623925039566	25392.982808611
4	7360	174900.733631979359	23249.89749027
4	7364	174915.091267559698	23847.160091509
4	7377	175098.273847404943	24889.619940191
4	7403	175654.733864799217	23821.929257257
4	7423	176039.229909215144	23069.606941278
4	7444	176550.869798622711	24459.325572692
4	7451	176751.417016876882	23263.628833161
4	7466	177125.381840435809	23266.545116201
4	7476	177296.929853562341	23920.070962914
4	7511	177850.765215944574	23363.334662253
4	7529	178468.23712685114	23950.612866259
4	7562	179212.589692952187	25230.53552898
4	7571	179577.543495805955	25137.014836234
4	7581	179660.868612648605	25139.225927307
4	7606	180471.24431138307	25983.119968137
4	7634	181152.388413613348	25397.712781438
4	7647	181487.6092732922	25709.199301186
4	7691	182370.264351851924	25616.140917528
4	7706	182760.67425386429	25501.870994519
4	7724	183331.012399242877	24874.925968085
4	7739	183634.877865850948	25223.805481132
4	7762	184087.749800378533	24248.462639537
4	7769	184153.084213137313	24244.954631308
4	7776	184609.890252571575	24498.524966248
4	7820	185847.242684168428	25267.912907505
4	7824	185910.188522016706	24792.142743443
4	7868	186829.617901040264	24811.154666692
4	7933	187961.795513207116	23910.060734459
4	7939	188023.694034227789	25204.263047945
4	7943	188149.190551372322	23832.556322216
4	7984	189166.057450882779	23233.230604521
4	8002	189393.853861162516	23402.54932941
4	8029	190329.13741448524	24159.299762366
4	8042	190699.948970013917	23145.288000894
4	8059	190812.106742603727	23977.456295498
4	8068	191061.051883477795	23118.750089396
4	8075	191228.588487617359	23675.541148166
4	8082	191400.476272176975	24282.831719956
4	8132	192948.562692859829	24404.154715751
4	8141	192990.620123198333	25532.924450972
4	8176	193899.059477331194	24140.885438771
4	8180	194019.824740743289	24746.629625848
4	8198	194508.079146677316	23789.592144566
4	8231	195079.576764224121	23448.650778275
4	8243	195621.985893281254	23243.316285981
4	8258	196026.645051641077	24336.36044678
4	8293	196834.784359462584	24322.673706921
4	8300	197028.143020508888	23455.488643251
4	8312	197117.867666426733	24195.686024334
4	8330	197588.155223088417	24233.877886985
4	8348	197959.81399063921	23642.910492064
4	8360	198017.863997887845	24353.136299513
4	8376	198245.001686107445	24504.079782771
4	8404	199112.075743932301	25391.958402851
4	8411	199291.206009904	23990.459254891
4	8447	200349.487207708568	24759.871779973
4	8454	200751.411980124268	24700.753682987
4	8483	201317.463673110739	24276.007319061
4	8504	201765.261204332138	25817.381965538
4	8524	202278.177343648005	25547.066195015
4	8533	202600.730269286806	25313.610870641
4	8551	202884.717886373088	26513.898549911
4	8559	203220.779048189599	25873.245482188
4	8600	204252.246132301245	26709.899200936
4	8633	205141.522544724555	26984.837415218
4	8640	205397.791092082937	25757.913293248
4	8663	206389.421510705413	25717.514939853
4	8695	207246.437702480782	27273.737369094
4	8702	207449.751738654138	26280.056201412
4	8709	207990.871586646911	25838.685918066
4	8726	208279.983616918014	26838.988408335
4	8735	208909.244831375857	27235.280003784
4	8739	209014.193316461544	26880.23635807
4	8793	210977.507395045519	27240.77512194
4	8815	211426.157175550264	27328.096915395
4	8819	211880.266749937167	28123.140186443
4	8823	211908.990448033125	27283.002289247
4	8841	212572.649589540463	27811.122422272
4	8869	213413.21333366415	28153.099067806
4	8887	213600.60255710416	27654.204188718
4	8897	213969.23230841386	27931.319142289
4	8906	214318.167575564315	27390.843179556
4	8929	214724.955861685824	28917.768601329
4	8933	214813.146669128598	27817.311434179
4	8975	215688.106530994204	27956.384293329
4	9010	216811.229341724914	28900.756704546
4	9018	216834.050299552889	29316.560449374
4	9064	218240.413244873365	30301.567170869
4	9068	218290.67319175609	30087.779567535
4	9086	218642.831067293571	30648.841041998
4	9112	219617.170949866684	29213.501723307
4	9116	219740.062262708401	29373.919475151
4	9139	220542.307852819589	30470.353195144
4	9152	220971.770939472751	30272.060220616
4	9164	221368.340889276964	30115.035716385
4	9194	222434.420442184514	29883.866364093
4	9238	223540.479621995267	30893.675709578
4	9245	224101.024929028085	30722.123537268
4	9249	224113.702626544671	30695.147846955
4	9278	224682.770961787632	31000.983721996
4	9287	224788.484302665727	29996.120071761
4	9310	225609.911856293705	30759.886471437
4	9314	225648.105615917282	29671.608212738
4	9318	225711.299133556044	31162.002526074
4	9345	226858.727292107445	30502.453320669
4	9349	226915.185864832333	29394.957264829
4	9356	227074.465239680992	30822.192421523
4	9392	228249.095850236794	31863.269143556
4	9415	228790.812161598382	32062.845050484
4	9422	228861.407729661173	31508.186334835
4	9426	229094.922489337312	31370.79791054
4	9457	230081.937560118762	32342.29651134
4	9473	230704.583213766726	31101.759800573
4	9487	231179.761109730256	31975.557981122
4	9497	231384.908007759682	31137.910615641
4	9518	231812.020658459204	31440.056198722
4	9553	232543.25460822883	31625.512827152
4	9566	232661.006988924078	31492.257584271
4	9607	233464.237433983094	30100.91566193
4	9611	233506.781969684797	31843.925795809
4	9653	234697.599580172476	31029.467776302
4	9680	235085.692249132348	30886.221177111
4	9730	236720.760876718936	30211.632191675
4	9763	237484.503095593331	29633.525205191
4	9789	237943.270033361418	28685.573693312
4	9796	238095.270546665106	31305.451272405
4	9830	239200.625985614984	27080.234011278
4	9853	239511.57847495199	26476.332578059
4	9857	239559.546328819979	26688.459013609
4	9872	240389.056268664159	28425.24541152
4	9902	240878.313440549809	27194.954800536
4	9906	241048.040759967722	26630.983538053
4	9955	242171.044910023071	27022.836665224
4	9959	242201.149417422402	27313.54453673
4	9995	242880.38137754987	28163.435699622
4	9999	242933.995551265858	27120.032515282
4	10069	243871.925932947575	27489.540472346
4	10082	244284.203518507693	26967.461231933
4	10103	244494.455245122395	27115.48571315
4	10132	245184.315902642935	27625.26602063
4	10136	245195.800563119434	25030.641758839
4	10143	245469.395608678151	26858.001921319
4	10160	246124.358627529897	26018.250601994
4	10177	246313.847609469358	24756.443866046
4	10191	246593.643175704434	24337.815208836
4	10223	247559.375887661864	25059.703329198
4	10243	247706.812461582974	25192.324059885
4	10271	248440.78088077166	25765.493333337
4	10289	248752.2250388839	23741.903971648
4	10307	249127.521564211726	24987.391849923
4	10330	249632.453888481565	22681.209822915
4	10334	249697.330425415217	21127.246289534
4	10381	251099.288280928536	22308.617337489
4	10388	251175.234127421014	23119.343055264
4	10424	251910.780640874087	22093.35480398
4	10436	252396.464914343944	20731.298268294
4	10468	253251.653323657503	21679.388782404
4	10482	253450.874806406006	22212.280967607
4	10492	253711.804110830732	21766.490411557
4	10514	254378.73792943514	22074.997653881
4	10546	255129.938983306371	23671.521350943
4	10556	255458.372528437555	22303.880870487
4	10565	255622.056806277566	23013.87083305
4	10582	255929.727311525187	23181.016613675
4	10589	256244.185503641226	21594.851522196
4	10619	256746.003661062261	22038.644487762
4	10629	257069.23717530825	21418.239622849
4	10671	258129.177833674169	22295.484887064
4	10699	258795.829745628022	22623.843756834
4	10709	259059.223967780984	21664.749137624
4	10727	259546.403273088887	22239.744477418
4	10756	260347.444988569274	21558.056823534
4	10766	260560.939024835518	21419.099984296
4	10773	260673.78062433944	22971.276227083
4	10800	261243.946701148218	21915.007745671
4	10849	262367.181718345761	21637.340196934
4	10853	262392.112440904296	22530.00653597
4	10862	262567.925193015569	21326.181495045
4	10875	262736.816694052919	21286.890996424
4	10901	263530.714272400058	22079.86913053
4	10905	263626.029783183792	21347.403643631
4	10945	264635.968290058979	22728.372816643
4	10952	264678.908345611795	22516.329055438
4	10971	265160.560872383445	22635.163332197
4	10997	266093.864211537027	22796.40301786
4	11023	266578.017802424424	23557.229871661
4	11038	266867.212690791145	24583.70104594
4	11055	267257.086619259485	24971.123216938
4	11074	267738.715403756157	24516.708007368
4	11078	267771.75432211169	23362.935501409
4	11101	268347.184265544333	25168.483527719
4	11134	268958.77984212161	24594.763258605
4	11150	269388.598452346429	25432.112386874
4	11162	269744.244700316035	23525.376773167
4	11171	269954.352099007026	23523.022196232
4	11183	270288.662278963336	25881.606302298
4	11190	270378.228008998254	23860.132986098
4	11216	271337.23786998921	24086.726564746
4	11220	271411.535581849546	24007.432416977
4	11254	272344.426377601617	25081.544827625
4	11258	272417.359545310989	24922.370393931
4	11267	272475.687268780627	24436.024982711
4	11292	273290.143427513235	25222.211136127
4	11296	273304.952600659833	25710.408972683
4	11300	273716.599004432589	25159.372080448
4	11304	273723.687296290033	24814.878822317
4	11329	274556.514675533094	25267.80740313
4	11333	274719.169726878487	25153.506542326
4	11356	275083.799758521871	25044.80112215
4	11384	275717.012191172385	25094.665841042
4	11388	275775.594982054115	24605.112206398
4	11438	276719.370050529049	24841.322157527

