version 2
run Iteration-51-20200521-09:53:57-64680
attr configname Iteration
attr datetime 20200521-09:53:57
attr experiment Iteration
attr inifile omnetpp.ini
attr iterationvars "$i=5, $j=6, $0=15-(5+6)"
attr iterationvarsf i=5,j=6,15-(5+6)-
attr measurement "$i=5, $j=6, $0=15-(5+6)"
attr network Network
attr processid 64680
attr repetition 0
attr replication #0
attr resultdir results
attr runnumber 51
attr seedset 51
itervar i 5
itervar j 6
param **.resourcePool.amount 5
param **.resourcePool1.amount 6
param **.resourcePool2.amount 15-(5+6)
param **.source.interArrivalTime exponential(6min)
param **.delay.delay uniform(4min,28min)
param **.delay1.delay uniform(10min,28min)
param **.delay2.delay uniform(4min,16min)
param **.allocate.resourceModuleName "\"Network.resourcePool\""
param **.allocate1.resourceModuleName "\"Network.resourcePool1\""
param **.allocate2.resourceModuleName "\"Network.resourcePool2\""
param **.deallocate.resourceModuleName "\"Network.resourcePool\""
param **.deallocate1.resourceModuleName "\"Network.resourcePool1\""
param **.deallocate2.resourceModuleName "\"Network.resourcePool2\""
param **.router.randomGateIndex "uniform(0, 1) > 0.2 ? 0 : 1"

vector 0 Network.allocate queueLength:vector ETV
attr interpolationmode sample-hold
attr title "queue length, vector"
vector 1 Network.allocate1 queueLength:vector ETV
attr interpolationmode sample-hold
attr title "queue length, vector"
vector 2 Network.allocate2 queueLength:vector ETV
attr interpolationmode sample-hold
attr title "queue length, vector"
vector 3 Network.sink lifeTime:vector ETV
attr interpolationmode none
attr title "lifetime of arrived jobs, vector"
attr unit s
vector 4 Network.sinkStat lifeTime:vector ETV
attr interpolationmode none
attr title "lifetime of arrived jobs, vector"
attr unit s
0	0	0	0
0	448	12051.69335036514	1
0	450	12181.292537457073	2
0	452	12227.863834434043	1
0	461	12323.444287131831	0
0	466	12511.948308532986	1
0	468	12561.387949494191	2
0	470	12684.377600925682	3
0	472	12768.686200303231	4
0	474	12940.471191830313	5
0	476	12946.380270941866	4
0	481	12961.188296681578	3
0	486	12977.382048346045	2
0	491	13264.734507648957	1
0	500	13420.680886401172	0
0	562	14405.490794389089	1
0	564	14429.890090754564	0
0	584	14670.96198289089	1
0	594	14960.733212561024	0
0	640	15896.991271230943	1
0	646	15992.307758957756	0
0	654	16067.295486904219	1
0	661	16089.79505859905	0
0	799	18228.801982978412	1
0	801	18263.483780039611	0
0	810	18412.306765617722	1
0	812	18446.542101656257	2
0	818	18657.254526839641	3
0	824	18899.126288932185	4
0	826	18909.991017220679	3
0	835	19048.193435236636	2
0	848	19312.794358459162	1
0	853	19423.243590518779	0
0	1129	27411.610344519894	1
0	1131	27566.625413441761	0
0	1504	39692.828142361625	1
0	1506	39706.38509617205	2
0	1512	39790.276343165405	1
0	1517	39925.755942884255	0
0	1815	47533.467677849012	1
0	1829	47763.220432665769	0
0	1834	47779.387531951185	1
0	1840	47915.737818787582	2
0	1842	47944.195033014439	1
0	1847	47999.89350486879	2
0	1849	48015.726880286459	1
0	1854	48241.358088143788	0
0	1897	48901.025080807677	1
0	1903	49073.955225852912	0
0	2349	59637.586999282286	1
0	2351	59669.6608090409	2
0	2353	59671.952622912939	3
0	2359	59817.731346619563	2
0	2364	59899.983995642606	1
0	2369	60002.117869483763	0
0	2374	60087.45624214619	1
0	2380	60265.762261432843	0
0	2385	60434.109924370819	1
0	2387	60526.742340015001	0
0	2392	60559.592745655478	1
0	2394	60628.190393719915	0
0	2410	61030.896666941831	1
0	2412	61082.613299117857	0
0	2416	61114.339554770952	1
0	2423	61398.113427657727	0
0	2453	61604.909779777218	1
0	2455	61623.878565838341	2
0	2457	61627.436427348978	1
0	2487	61935.646788684142	0
0	2492	62056.91266985242	1
0	2498	62132.908958825149	2
0	2500	62294.520230987794	1
0	2529	62783.605572998394	2
0	2531	62890.245379084053	1
0	2536	62920.4976770894	0
0	2628	64346.925859392351	1
0	2630	64409.077946095812	2
0	2639	64526.037523062653	1
0	2657	64776.447749906904	0
0	2681	65098.186226960639	1
0	2683	65259.764447798333	0
0	2876	68352.327960811658	1
0	2878	68352.691738095402	2
0	2880	68488.27336549348	3
0	2882	68516.251487114425	4
0	2904	68838.324647776886	3
0	2913	69052.979559342725	4
0	2915	69081.653746243727	3
0	2920	69197.407774479075	2
0	2929	69349.422888766121	3
0	2935	69434.482850148333	2
0	2940	69521.489650651916	1
0	2945	69610.069834015458	2
0	2947	69626.254421206339	3
0	2953	69800.170176041629	2
0	2962	70090.155194427979	1
0	2971	70126.967532896383	0
0	3017	70824.290464743529	1
0	3031	71085.487679926064	0
0	3451	81519.096787516528	1
0	3457	81636.0291834646	0
0	3755	91305.583809419873	1
0	3757	91309.165485289732	2
0	3767	91532.290812000144	1
0	3772	91602.192410339811	2
0	3774	91607.294299034284	3
0	3776	91617.338812292957	4
0	3778	91654.510139285586	5
0	3780	91819.449146971476	4
0	3789	92001.254366427906	3
0	3794	92082.95139798556	4
0	3796	92231.547731514988	3
0	3801	92289.955950631223	2
0	3810	92555.721339947007	1
0	3815	92666.530514778774	2
0	3817	92779.918495524928	3
0	3819	92825.144831523669	2
0	3824	92838.043304085668	3
0	3826	92871.070400414048	4
0	3828	92973.100843148743	5
0	3834	93031.952053360153	4
0	3843	93078.119966480849	3
0	3847	93169.334615752471	2
0	3851	93182.353530703507	1
0	3864	93660.937704012044	0
0	3873	93738.581881063067	1
0	3893	94021.47842293602	0
0	4194	101194.984864425251	1
0	4196	101438.784731268244	0
0	4325	104334.588355834567	1
0	4331	104400.326705252893	0
0	4336	104575.26530951609	1
0	4338	104794.929278704012	0
0	4402	106205.949234563601	1
0	4404	106266.170593240868	0
0	4602	111006.808744381105	1
0	4608	111022.293578261836	2
0	4610	111229.666323477636	3
0	4612	111281.858264590997	2
0	4625	111619.195156206198	1
0	4630	111648.954631555868	0
0	4642	111801.334632031062	1
0	4644	111838.448130908806	0
0	4773	114013.606979385614	1
0	4775	114233.404942035637	2
0	4797	114666.290916153591	1
0	4802	114667.210368668093	0
0	4826	114960.007702744365	1
0	4832	115180.539046275909	2
0	4834	115274.097374393941	1
0	4843	115399.491592602662	0
0	4848	115453.195795310263	1
0	4850	115479.19434465175	2
0	4852	115485.525429756742	1
0	4873	115739.895233889474	0
0	4878	115870.111597899849	1
0	4884	115959.262602625804	2
0	4886	116001.251821830875	1
0	4895	116079.13995510469	0
0	4904	116277.91324556976	1
0	4910	116445.641825111013	0
0	4927	116667.113857758536	1
0	4933	116723.747136532665	0
0	4938	116772.183438413182	1
0	4947	116870.467525193326	0
0	4957	117121.207806117697	1
0	4959	117125.745817837669	0
0	4964	117143.928698279368	1
0	4970	117295.698905952902	2
0	4972	117314.484808980823	1
0	4977	117368.879361251763	2
0	4979	117377.294396610314	3
0	4981	117406.98272610585	2
0	4994	117600.970517834715	3
0	4996	117610.69830087573	2
0	5000	117622.514050607933	1
0	5004	117631.677779996626	0
0	5008	117647.078299419477	1
0	5015	117851.86120816262	2
0	5026	117861.854077198456	3
0	5028	118039.669948326282	2
0	5050	118531.808007560075	1
0	5063	118781.489804198366	2
0	5069	118881.278437269284	1
0	5078	119035.235679620307	0
0	5600	131203.122493888402	1
0	5606	131460.243192100937	0
0	5611	131467.0210944172	1
0	5617	131592.620749715163	0
0	5626	131757.722483285637	1
0	5628	131774.391410725238	0
0	5640	132024.522230500014	1
0	5642	132298.150683005754	0
0	6788	159778.076383475964	1
0	6790	159848.897246550521	0
0	6795	159903.870315555356	1
0	6809	159959.096364760636	2
0	6811	160127.641173549624	1
0	6816	160139.646654314395	0
0	6821	160159.198593038899	1
0	6827	160264.349074481446	2
0	6829	160286.274355296191	3
0	6831	160289.745768781837	4
0	6833	160318.427605481177	3
0	6842	160464.22270656273	4
0	6844	160464.578348292954	5
0	6846	160479.12385468399	4
0	6851	160704.357388496517	5
0	6857	160788.719116343868	6
0	6859	160939.838064596711	7
0	6861	160992.257412643878	8
0	6863	161010.868980791172	7
0	6876	161111.933648699253	6
0	6881	161258.148285979683	5
0	6890	161400.715703637844	6
0	6892	161455.204660501083	5
0	6905	161478.385206534561	4
0	6914	161561.746682495572	5
0	6916	161657.525715748945	6
0	6918	161678.860257045656	5
0	6922	161704.099556863936	4
0	6936	161799.339074017758	3
0	6949	162240.840378140007	4
0	6963	162443.95895617354	5
0	6965	162573.08870166673	6
0	6979	162769.095204756292	5
0	6992	162877.252692784866	4
0	7000	163005.65045331264	5
0	7002	163071.907329010124	4
0	7016	163135.591872445342	3
0	7021	163147.841833192541	4
0	7023	163182.228665315836	3
0	7036	163334.54169976029	2
0	7053	163656.01957216981	1
0	7058	163771.191909012191	2
0	7060	163807.099066022536	1
0	7077	164130.303814737533	2
0	7079	164390.601046281214	1
0	7083	164418.468024675312	2
0	7090	164516.361106633243	1
0	7111	164654.729010150465	0
0	7310	168954.562059617293	1
0	7312	169103.898175274766	2
0	7314	169270.570177318804	1
0	7323	169445.026587163825	0
0	7586	175720.366014318907	1
0	7588	175856.090965811465	0
0	7604	176193.172709269035	1
0	7606	176236.232907708584	0
0	7675	177257.687080820595	1
0	7681	177501.10554015936	2
0	7691	177701.265762489091	1
0	7696	177712.117099735736	0
0	7709	177893.913076566418	1
0	7711	177936.381379678356	2
0	7717	178032.079918876614	3
0	7723	178103.965137393578	2
0	7728	178218.124113591504	1
0	7749	178451.911925158505	2
0	7751	178458.963723317038	3
0	7753	178460.43115713055	2
0	7758	178518.509732728015	3
0	7760	178524.966386757418	2
0	7764	178583.656583104133	1
0	7778	178734.538449147832	0
0	7954	182172.933006783504	1
0	7956	182327.054350032243	2
0	7962	182601.530599276265	1
0	7967	182605.381441599327	0
0	7972	182606.533244149975	1
0	7974	182681.670455405542	0
0	7983	182839.581939414127	1
0	7985	182890.382107122439	0
0	8017	183334.336410930046	1
0	8023	183439.538556071052	0
0	8178	186412.904038797649	1
0	8180	186414.512366120634	2
0	8187	186436.870094958882	1
0	8196	186619.177067911013	0
0	8227	187193.674012036509	1
0	8229	187234.313706216728	0
0	8358	189423.686664546623	1
0	8360	189473.507725389082	0
0	8377	189712.751463872472	1
0	8379	189774.241420752632	0
0	8384	189776.867322794186	1
0	8386	189884.587648969324	0
0	8558	193126.461997057492	1
0	8564	193305.22872337318	2
0	8574	193597.9966403054	3
0	8576	193599.961163077396	4
0	8578	193666.474431986776	5
0	8580	193707.728981345823	4
0	8585	193783.422221754255	3
0	8590	193793.034391614998	2
0	8595	193842.931471310226	3
0	8601	193952.560155879769	4
0	8603	193955.336856898345	3
0	8608	194071.733895077578	2
0	8613	194160.201231943801	3
0	8619	194515.855973542596	4
0	8625	194636.363207052766	5
0	8627	194652.966595644167	6
0	8629	194665.717660694591	5
0	8638	194831.606339003875	6
0	8652	195043.641709488394	5
0	8665	195276.532941952279	4
0	8670	195303.196854765917	3
0	8683	195342.25045928774	2
0	8688	195427.808011353304	3
0	8690	195490.194105703742	4
0	8696	195582.128615367317	5
0	8702	195657.273977495007	4
0	8711	195922.620344143785	3
0	8724	196021.986895895771	2
0	8741	196284.497819158639	1
0	8746	196331.064090643587	0
0	8880	198612.263088597792	1
0	8882	198673.27822747554	0
0	8899	198945.418276588218	1
0	8905	199024.750617372666	2
0	8911	199205.166199767526	1
0	8916	199358.756704813108	0
0	8921	199447.984714184369	1
0	8927	199730.63833236837	0
0	9110	204695.347699030389	1
0	9112	204725.659886445207	2
0	9118	204837.047390917079	1
0	9127	205045.00296721315	0
0	9535	213907.439890924666	1
0	9537	213947.356430809367	0
0	9541	213962.486203409002	1
0	9548	213993.184308869769	2
0	9558	214286.833312971456	1
0	9567	214540.75059817539	0
0	9792	218309.437002516973	1
0	9794	218374.5493489762	0
0	9799	218420.883937109092	1
0	9801	218503.770833327125	2
0	9803	218602.468147420188	3
0	9809	218645.181808810519	2
0	9818	218843.713597078743	1
0	9823	218905.869226295238	0
0	9839	219038.80143933435	1
0	9841	219049.344347940341	2
0	9847	219144.24532745033	1
0	9852	219213.405983800828	0
0	9861	219274.971474178177	1
0	9871	219808.326033651824	0
0	9876	219835.677442147528	1
0	9882	219897.347526179321	0
0	9975	221550.089624937037	1
0	9977	221576.377423146434	0
0	10077	223457.27183206843	1
0	10079	223600.68907547888	0
0	10211	226180.681250100541	1
0	10213	226371.235931647326	0
0	10226	226533.532750243767	1
0	10232	226648.874146989457	2
0	10238	226852.02774446511	3
0	10240	226948.325670367595	2
0	10249	227019.406499570646	3
0	10255	227143.201198953672	2
0	10260	227182.268759702648	1
0	10269	227302.814765760483	0
0	10274	227393.778620699177	1
0	10276	227399.039874050348	0
0	10285	227558.566887248604	1
0	10291	227755.754264968352	2
0	10297	227847.634621303065	1
0	10306	228059.179954539566	0
0	10311	228097.820154775413	1
0	10317	228233.232619168045	0
0	10326	228385.014978447719	1
0	10332	228434.896158954617	0
0	10702	237422.18635182475	1
0	10704	237482.153168833359	0
0	10713	237567.990117652503	1
0	10715	237575.38732369562	2
0	10717	237708.093035470651	1
0	10726	237768.954060557911	2
0	10728	237814.506832612957	1
0	10749	238030.810012398763	0
0	10754	238154.511176768501	1
0	10756	238331.210883399947	0
0	10776	238578.746136176591	1
0	10782	238727.847956801883	0
0	10846	239672.107842898006	1
0	10848	239674.833041867717	0
0	11067	243435.94793660927	1
0	11069	243541.571622498138	2
0	11075	243670.548988026751	3
0	11077	243988.574719185153	2
0	11086	244191.150119226553	1
0	11091	244228.927589597324	0
0	11330	250488.443748953986	1
0	11332	250510.219526501842	0
0	11348	251005.035144463557	1
0	11354	251220.726936223455	0
0	11656	257802.620602748144	1
0	11658	257803.935886041684	0
0	11663	257808.364132919889	1
0	11665	257873.791031273807	2
0	11667	257902.717112283585	3
0	11669	257926.898455584201	4
0	11675	258057.530938287195	3
0	11684	258122.672156819565	2
0	11689	258153.78506905744	1
0	11694	258233.852276399827	2
0	11696	258367.170514014305	1
0	11709	258724.692693033678	0
0	12123	265827.606130357285	1
0	12125	265885.282370879168	0
0	12536	275417.634089737099	1
0	12546	275577.590289492705	2
0	12548	275584.48248584594	3
0	12550	275740.996658679604	2
0	12559	276021.269072120493	1
0	12568	276157.283019282987	0
0	12573	276225.959671939389	1
0	12583	276337.590466199788	0
1	0	0	0
1	378	10271.602011570423	1
1	380	10654.588403970693	0
1	604	15052.062025158367	1
1	606	15114.183515532728	0
1	674	16327.029087745371	1
1	677	16373.439980453188	2
1	687	16535.986072336188	1
1	692	16582.298459105802	0
1	702	16735.924396906713	1
1	704	16806.5461956504	0
1	710	16807.729528874767	1
1	713	16856.629090175404	2
1	726	17078.539804269237	1
1	739	17228.033005677959	0
1	908	20795.079666440236	1
1	910	20797.654414972428	0
1	916	20868.546388611943	1
1	918	20940.640137222456	0
1	1565	40742.209893885422	1
1	1571	40931.122452788495	0
1	1864	48312.248196792423	1
1	1874	48499.607081066667	2
1	1877	48586.443383172773	3
1	1885	48718.688901060298	2
1	1905	49073.955225852912	3
1	1907	49109.091240311612	2
1	1912	49192.515404290207	1
1	1918	49231.636507105652	2
1	1920	49323.672605189134	1
1	1926	49358.713062340793	2
1	1939	49697.299827989809	1
1	1947	49860.149833136826	0
1	1953	49867.801980640835	1
1	1959	49911.160198342626	0
1	1965	50083.455068604366	1
1	1975	50308.20748057646	0
1	2400	60741.2680866965	1
1	2405	61006.526453068573	0
1	2414	61082.613299117857	1
1	2418	61237.365743519831	0
1	2425	61398.113427657727	1
1	2428	61408.589633220309	2
1	2433	61451.516016173424	1
1	2438	61512.653987568328	0
1	2444	61546.696250234978	1
1	2459	61627.436427348978	2
1	2461	61725.253803474582	1
1	2470	61792.939160057591	0
1	2550	63040.190066781899	1
1	2559	63264.836003701887	0
1	2593	63906.395273008647	1
1	2608	64028.977030316121	0
1	2705	65662.813645687656	1
1	2707	65672.86721023107	0
1	2746	66501.051956144474	1
1	2756	66615.253602852426	0
1	2762	66649.321944262	1
1	2767	66943.083113575995	0
1	2784	67222.221808092133	1
1	2786	67255.228347681216	0
1	3045	71163.703365631505	1
1	3051	71303.807068793981	0
1	3057	71600.156231819257	1
1	3060	71632.234164276991	2
1	3062	71765.510485166069	1
1	3071	71851.779738380565	0
1	3489	82396.823839033498	1
1	3491	82397.48391876976	0
1	3497	82435.880320445986	1
1	3499	82522.707487818292	0
1	3505	82601.423817971473	1
1	3507	82749.338721830824	0
1	3836	93031.952053360153	1
1	3838	93040.043948958066	0
1	3845	93078.119966480849	1
1	3849	93169.334615752471	2
1	3853	93182.353530703507	3
1	3855	93333.35921259249	2
1	3866	93660.937704012044	3
1	3868	93683.946166047794	2
1	3875	93795.065280581288	1
1	3884	93928.752869200356	0
1	3906	94259.796098610781	1
1	3917	94380.108296088842	0
1	3945	94972.614587821313	1
1	3947	94978.787745852418	0
1	4426	106507.235509680222	1
1	4429	106562.863078528132	2
1	4431	106684.774141201265	1
1	4440	106746.616575933753	0
1	4453	106882.883743405174	1
1	4455	106885.093432380028	0
1	4658	111987.329710979767	1
1	4668	112292.907073702706	2
1	4670	112433.854105426024	1
1	4678	112467.836096381221	0
1	4998	117610.69830087573	1
1	5002	117622.514050607933	2
1	5006	117631.677779996626	3
1	5010	117805.053939172428	2
1	5017	117853.256276366637	1
1	5030	118039.669948326282	2
1	5032	118213.533478923	1
1	5037	118218.409007653024	0
1	5080	119035.235679620307	1
1	5083	119133.194009171657	2
1	5086	119192.751441267683	3
1	5088	119194.72682804371	2
1	5094	119196.49895866961	3
1	5096	119202.567299823613	2
1	5101	119254.693117583029	1
1	5105	119343.907863716956	0
1	5126	119606.211478426457	1
1	5128	119685.806333111004	0
1	5133	119727.615702032053	1
1	5143	119908.95519307385	0
1	5148	119930.191243649822	1
1	5150	119961.496106976502	0
1	5652	132471.869114721234	1
1	5655	132494.842472280754	2
1	5657	132687.627969358163	1
1	5668	132902.060382729436	0
1	5734	133848.379520743494	1
1	5740	134013.311274433548	0
1	6894	161455.204660501083	1
1	6896	161455.72889803819	0
1	6920	161678.860257045656	1
1	6924	161704.099556863936	2
1	6926	161712.523423782246	1
1	6931	161731.71340939711	0
1	6938	161799.339074017758	1
1	6944	162185.514177046994	0
1	7062	163807.099066022536	1
1	7072	163967.189103187745	0
1	7081	164390.601046281214	1
1	7085	164474.350126265838	0
1	7092	164516.361106633243	1
1	7094	164540.615682090923	0
1	7135	165059.68444042867	1
1	7138	165106.004315392404	2
1	7153	165330.603626641735	1
1	7162	165463.829228255256	0
1	7352	169963.444909369369	1
1	7355	170005.096675986824	2
1	7364	170693.036160044648	1
1	7369	170694.427157016267	0
1	7608	176236.232907708584	1
1	7610	176283.981530662183	0
1	7650	176989.886026529811	1
1	7659	177041.677319623702	0
1	7762	178524.966386757418	1
1	7766	178583.656583104133	2
1	7768	178655.031423319303	1
1	7773	178724.546322163045	0
1	7780	178734.538449147832	1
1	7782	178853.7328320125	0
1	7800	179128.292829418671	1
1	7806	179232.637016478728	0
1	8322	188954.13250251899	1
1	8324	188973.778252925747	0
1	8443	190692.395452607604	1
1	8445	190778.049819006585	0
1	8764	196592.21204708195	1
1	8767	196679.466436791624	2
1	8778	196776.850506386928	3
1	8780	196903.082860906816	2
1	8791	197167.700431871436	1
1	8800	197250.49589495217	0
1	8961	200306.990896427568	1
1	8963	200385.448561858624	0
1	9522	213592.33300317149	1
1	9527	213690.825229486259	0
1	9539	213947.356430809367	1
1	9543	213981.615206372266	0
1	9577	214581.082494897792	1
1	9580	214654.12828999211	2
1	9586	214714.383449891947	3
1	9588	214719.731667569423	2
1	9594	214726.311586345899	3
1	9607	214950.249277459266	2
1	9616	214987.416499724597	1
1	9621	215052.094453653594	0
1	9854	219213.405983800828	1
1	9856	219232.019557252263	0
1	9884	219897.347526179321	1
1	9886	219907.070139562706	0
1	9896	219967.329967041435	1
1	9899	220037.223551671689	2
1	9901	220067.102219912993	1
1	9907	220209.950324296947	2
1	9917	220421.524581665933	3
1	9919	220449.695636112081	2
1	9924	220457.904473792499	1
1	9932	220541.626140689473	0
1	10134	224576.278087008869	1
1	10136	224952.800281949182	0
1	10338	228466.190588196124	1
1	10348	228591.053019141315	0
1	10405	229494.295133229779	1
1	10407	229683.529562383698	0
1	10784	238727.847956801883	1
1	10790	238822.393158020408	0
1	10796	238836.652878886367	1
1	10798	238880.546967983525	0
1	10826	239192.635227266434	1
1	10831	239279.34316473332	0
1	10854	239707.216951522163	1
1	10873	239870.430938552847	2
1	10879	239913.21463108313	1
1	10885	239925.960633884033	2
1	10887	239951.630288884323	1
1	10895	240048.541135227264	0
1	10904	240216.609735666319	1
1	10906	240248.341448435516	0
1	11123	244850.611509949526	1
1	11125	244910.730289628873	0
1	11131	244949.969270618776	1
1	11134	245106.746851053216	2
1	11136	245209.401376811915	1
1	11145	245406.680992607171	0
1	11413	252504.894416559403	1
1	11419	252590.200786848091	0
1	11741	259243.183579419669	1
1	11758	259435.259399137389	0
1	12017	264114.692087779724	1
1	12019	264176.733899155877	0
1	12146	266429.930106754866	1
1	12148	266443.592081104832	0
1	12230	267786.476776412634	1
1	12235	267911.716514530215	0
1	12605	276960.94241088477	1
1	12607	277043.428052173411	0
2	0	0	0
2	74	3142.517727458136	1
2	76	3171.291573295319	0
2	158	4702.31635394972	1
2	160	4787.903790300166	0
2	406	11086.77988681675	1
2	408	11269.283810835607	0
2	414	11272.823107418363	1
2	416	11380.407603775041	0
2	652	16066.89489699522	1
2	656	16072.384133319225	0
2	1604	41633.712975698317	1
2	1611	41721.914672364342	2
2	1613	41871.320555232905	1
2	1619	41921.915914264124	2
2	1624	41969.953634168551	1
2	1629	41980.447298841991	0
2	1638	42328.191879901895	1
2	1640	42379.212723592737	0
2	2573	63455.893708105447	1
2	2579	63636.544974954553	0
2	2637	64515.575455851606	1
2	2644	64545.203275552113	0
2	2792	67266.908662644527	1
2	2794	67305.364913935483	0
2	2803	67340.765517925192	1
2	2805	67361.823794571064	0
2	2815	67559.402832948482	1
2	2820	67658.539245509855	0
2	2977	70170.724227442397	1
2	2980	70255.118376154556	2
2	2982	70326.162393204519	1
2	2987	70382.423049759224	0
2	3080	71898.920172649382	1
2	3082	71927.109551949588	0
2	3096	72233.07944879697	1
2	3103	72299.476247594869	2
2	3105	72325.88937974846	1
2	3124	72567.932779905378	2
2	3132	72640.670707724049	1
2	3138	72657.316159488019	2
2	3140	72700.728082424908	1
2	3145	72783.032856861291	0
2	3547	83459.718741711655	1
2	3552	83821.870961815643	0
2	3899	94114.43503229357	1
2	3908	94303.252582038216	0
2	3988	95570.992546068016	1
2	3990	95601.956179579688	0
2	3996	95632.772814765943	1
2	3998	95663.612232450791	0
2	4492	107749.251772810508	1
2	4494	107787.937920244049	0
2	4945	116860.916638249538	1
2	4952	117095.146043119383	0
2	5103	119254.693117583029	1
2	5107	119343.907863716956	2
2	5112	119427.850228050156	1
2	5120	119547.451216946692	0
2	5130	119685.806333111004	1
2	5138	119904.489429057937	0
2	5145	119908.95519307385	1
2	5152	119961.496106976502	2
2	5154	120093.643517564387	1
2	5163	120117.23180308506	2
2	5166	120228.744604508756	3
2	5172	120343.288133372916	2
2	5177	120401.368362955154	1
2	5182	120432.841753396542	0
2	5192	120480.201091175329	1
2	5195	120555.97642641085	2
2	5200	120651.457476527791	1
2	5212	121064.485178501709	0
2	5240	121333.218140579165	1
2	5242	121344.369798447342	0
2	5546	129720.794732184405	1
2	5548	129747.878984729854	0
2	6781	159604.485000848212	1
2	6783	159621.400151550735	0
2	6998	162978.205142802593	1
2	7007	163097.227859524113	0
2	7104	164568.419015016685	1
2	7106	164569.664706671362	0
2	7117	164737.455317535472	1
2	7124	164962.064650961881	2
2	7140	165117.98310625342	1
2	7145	165197.00192875351	0
2	7155	165330.603626641735	1
2	7157	165410.41083966504	0
2	7164	165463.829228255256	1
2	7169	165500.838292906689	0
2	7209	166257.202251772094	1
2	7211	166306.494842343661	0
2	7403	171345.251505985426	1
2	7406	171358.736111158301	2
2	7408	171362.754260286965	1
2	7413	171403.480828394909	0
2	7827	179576.846121654086	1
2	7830	179618.683578369572	2
2	7832	179622.554693421151	1
2	7838	179698.731812419172	2
2	7840	179750.310197641923	1
2	7860	180071.680530546035	0
2	8176	186328.319659090372	1
2	8182	186418.629349564257	0
2	8392	189889.79378943321	1
2	8398	190076.400585986068	0
2	8455	190860.945564187395	1
2	8457	190895.948069745698	0
2	8474	191079.89699779941	1
2	8480	191415.901898138406	0
2	8489	191436.896503708651	1
2	8494	191735.455788786524	0
2	8658	195133.853043754163	1
2	8660	195275.821706047706	0
2	9021	201661.15461398685	1
2	9023	201763.409430140868	0
2	9652	215812.088924715234	1
2	9655	215862.804067259463	2
2	9657	215945.242207387448	1
2	9662	215969.935139982303	0
2	9938	220727.007076561188	1
2	9940	220788.033461313533	0
2	10165	225311.576761048949	1
2	10167	225419.026503756483	0
2	10179	225631.430214726763	1
2	10181	225779.397298201515	0
2	10453	230679.913890190911	1
2	10456	230718.343153839512	2
2	10458	230746.763797983064	1
2	10463	230750.613314894496	0
2	10833	239279.34316473332	1
2	10836	239517.269935887782	2
2	10838	239538.318293334873	1
2	10856	239718.907017056178	0
2	10908	240248.341448435516	1
2	10911	240293.713877932363	2
2	10913	240305.683283580423	1
2	10918	240340.387662484019	0
2	10983	241573.450290044079	1
2	10985	241664.954113113239	0
2	11460	253318.996982202497	1
2	11463	253349.998713262849	2
2	11469	253380.121252301081	1
2	11479	253541.127934446386	2
2	11485	253592.14599250718	1
2	11490	253807.583709307591	0
2	11560	255311.25755044131	1
2	11562	255399.547676792174	0
2	11571	255490.04079125726	1
2	11573	255554.121467800122	0
2	11791	260105.28670336814	1
2	11798	260211.333331198361	2
2	11800	260222.489884868103	1
2	11808	260274.230653687136	0
2	11814	260334.083050334549	1
2	11816	260389.327273464691	0
2	12188	267186.200532450194	1
2	12190	267274.757218208955	0
3	79	3171.291573295319	2765.8656370919
3	198	5388.331903906315	2201.1166012287
3	214	5669.465375312989	2341.5281515461
3	232	6365.647856309918	2531.8527412321
3	286	8110.953775313373	3424.5079735201
3	317	8837.024968269967	2707.6306015067
3	375	10229.996015465377	2713.4394652583
3	419	11380.407603775041	3026.9940452836
3	526	13890.096887935636	2417.3674287926
3	571	14595.013405286084	2569.4652162585
3	588	14695.591865113313	2134.2039156191
3	613	15217.820778515873	2705.8724699829
3	737	17177.400238120855	2855.5156648904
3	783	17948.162024010768	2457.5264277422
3	879	19979.129563132551	3029.8905526567
3	891	20217.303902454811	2196.8987377826
3	1018	23680.583137803943	3122.9970732238
3	1054	25125.203916184471	2656.3387996517
3	1158	27867.899332087352	2759.3574702367
3	1423	37180.830945337887	3178.5654444527
3	1488	39314.441755768149	2759.9258571491
3	1569	40900.475102245718	2650.3965599556
3	1597	41523.891661317441	2991.6324447747
3	1666	42743.332310900532	3201.8174022303
3	1827	47757.38895492818	2192.6866455283
3	1957	49908.954643546243	3031.1557892058
3	2015	50671.575989323356	2671.6824844546
3	2066	51785.971608734329	3136.6091208433
3	2088	52113.039953108534	3459.6588521313
3	2116	52874.323527847732	2422.5341451354
3	2120	52998.033189421183	4097.0081086135
3	2280	58022.051645079683	3092.0924183819
3	2468	61779.959977560202	3350.5458674859
3	2507	62365.347658323217	2730.8905020735
3	2511	62371.911459607757	2984.3501828425
3	2702	65632.092530630283	3499.1835718051
3	2834	67927.542730317764	2115.6784309619
3	2838	67929.88612686818	3520.8081807724
3	2911	68997.110858036665	2159.6011876222
3	3025	70990.459678769989	3211.1924830824
3	3108	72325.88937974846	2976.4664909823
3	3156	73033.720815512344	2477.9583814254
3	3171	73138.263506992667	2334.4332664507
3	3387	79158.2456964978	2668.3058879804
3	3425	80302.532554615613	2130.3636312112
3	3528	83118.708378367552	2487.7014168072
3	3587	84663.777363960139	2890.0902400046
3	3599	85014.854317000291	2003.4498053323
3	3611	85883.134574275594	2133.6852051783
3	3668	88709.930767913056	2735.552437501
3	3710	89844.920567002082	2047.0173094142
3	3761	91477.349444464531	2304.1050491016
3	3927	94526.109367730064	3343.7274128851
3	3931	94582.922914116082	3273.7574288263
3	3954	95074.2220550927	3466.9277560584
3	3962	95121.617666474007	3816.0338570541
3	4057	96855.534378448462	2449.5291963592
3	4164	100477.839835801938	1997.7001388557
3	4207	101586.002998838626	2158.3770411741
3	4308	104024.215375358227	2224.9492872041
3	4323	104245.017926129169	3346.1677674484
3	4438	106710.958954521386	3174.3353133369
3	4520	108189.092537585161	1983.1433030216
3	4587	110596.079920233361	2645.8082060795
3	4689	112752.782246181767	2542.0485454984
3	4764	113893.315168928339	3216.3867115136
3	4787	114423.161391347099	3193.4950678695
3	4908	116305.983853192046	2936.2142420467
3	4955	117095.146043119383	1641.9502478091
3	4968	117289.160900558709	3055.7559585231
3	4988	117501.801418480825	3488.1944390952
3	5044	118332.301690117817	2373.039087492
3	5057	118715.237601860788	2437.324356291
3	5185	120432.841753396542	3137.1428474436
3	5226	121087.463216842513	3718.5838555907
3	5260	121567.863757725664	2786.3739535273
3	5284	122174.65490757987	4322.7936994172
3	5555	129773.805560673183	3083.2120261621
3	5615	131489.828636715399	3356.7095900886
3	5769	134309.710692475592	3707.2045479342
3	5850	135938.196703000981	1916.703104591
3	5978	138865.848079987699	3169.5391516294
3	6124	144614.983064141546	3342.7089498751
3	6472	152470.120701050515	2564.5627479628
3	6636	156804.478299471525	3177.5634665508
3	6686	157715.619429786913	2599.3092017714
3	6767	159259.214100398898	3127.8018714767
3	6807	159950.42798966053	3649.0053659398
3	6942	161871.912985657375	2335.8251352143
3	6973	162671.467183325718	2407.1181088443
3	7066	163863.08724661793	3573.3414778361
3	7148	165197.00192875351	4408.2828124096
3	7172	165500.838292906689	4100.1225892688
3	7250	167022.078808258578	4016.4283549459
3	7456	172409.034275379308	3305.1361001045
3	7478	173140.95215551666	2325.1314677764
3	7497	173570.172177421546	2307.9027270712
3	7577	175595.482869357996	2131.0248264112
3	7602	176154.927678798692	3351.8973710854
3	7628	176733.605553578142	2144.9283053633
3	7673	177231.03700277653	2529.1034583002
3	7679	177381.115450614258	2997.1986630745
3	7743	178365.627911058743	2883.3264707715
3	7747	178398.129312210088	2677.7632978912
3	7871	180191.504120122443	2933.8170393018
3	7945	181953.760237251967	3501.8483120935
3	8091	184815.139466323013	2208.606222173
3	8143	185561.352267377033	3665.9840280376
3	8194	186466.383283498827	2789.9921567179
3	8309	188677.343520663073	2676.1528756935
3	8319	188948.157728409584	2859.218216138
3	8501	191752.525714466372	2870.3279875989
3	8546	192559.893518651837	2188.0887889039
3	8572	193579.687211451433	2623.3932746015
3	8623	194593.726346249873	3162.9998629354
3	8677	195337.022767623345	2347.3526296858
3	8818	197503.242202802054	2866.8789957493
3	8826	197701.024764885585	3185.168791343
3	8958	200165.754405855269	3022.5466000009
3	8998	201148.543811634421	3087.8007438127
3	9081	203394.363279553826	2803.2905640174
3	9252	208263.582232548725	3537.9223461035
3	9276	208788.501256331587	3452.3638782185
3	9355	210087.143464610135	3624.0554064699
3	9428	211790.588206015333	2809.2587876972
3	9665	215969.935139982303	2580.18387911
3	9738	217404.757574311882	2618.1447647139
3	9865	219305.117137498841	2676.0966908745
3	9911	220300.317800762127	2592.0612262655
3	10035	222471.631809696551	3422.2874617562
3	10039	222558.723965067254	3956.2558176471
3	10067	223113.854563895427	2719.2264599539
3	10075	223413.127135747738	3577.4496936002
3	10086	223618.813721818544	2068.7240968815
3	10113	224230.69727600824	3701.4467529394
3	10192	225920.857191169151	3018.8178502768
3	10289	227733.965816100762	2295.5020087771
3	10402	229482.743838142186	2088.965217443
3	10530	232949.715916382535	2676.9026360102
3	10545	233281.805601836567	3091.9373539276
3	10549	233286.316825957618	3312.8214685712
3	10631	235807.023575411397	3933.906922359
3	10668	236510.781190089823	2827.9975078069
3	10841	239538.318293334873	2167.8904325422
3	10929	240426.160904225241	3003.9745524005
3	10953	240950.740318896889	2427.8036433528
3	11033	242644.722597007307	2924.9796993658
3	11178	245847.888253860319	2703.4881041106
3	11208	246603.040309153625	2932.4913211269
3	11258	247918.262415277338	3534.2713206075
3	11278	248512.476034538186	2294.211935224
3	11294	249390.075171123867	3187.8536765277
3	11472	253380.121252301081	2393.9724252652
3	11531	254622.096904669335	1461.670681173
3	11637	257311.930244859593	2666.3818340935
3	11765	259496.8724563601	2538.8536633272
3	11819	260389.327273464691	2804.5845991094
3	11833	260683.831546610908	2875.467413691
3	11837	260877.047413422655	2974.3303011391
3	11965	262947.15679612611	2274.7642304935
3	12014	264102.595368377674	3061.1753072776
3	12050	264757.322027011535	2635.1567247603
3	12132	266052.321372059908	2996.5345889423
3	12246	268185.159978254057	2547.2703764588
3	12284	268825.386347400579	3115.1331099775
3	12376	270821.055854083079	2289.7762812674
3	12474	273839.045961630231	2882.7896670252
4	86	3273.730329684228	1977.2508571297
4	94	3327.569507735745	2779.5207263064
4	101	3445.654138369435	1890.1083290043
4	105	3605.646222404896	2801.3776865602
4	163	4787.903790300166	2039.7714086808
4	171	4912.921946830181	3736.8166247942
4	175	4964.745626313849	2779.2721180525
4	187	5113.094913940067	2300.4836013168
4	222	6052.93578815853	2252.2043206729
4	252	7064.059332545286	2532.6908945013
4	260	7299.125084140912	3487.1284717228
4	279	7592.975870311458	3444.855363071
4	294	8134.040714992652	2761.9886878598
4	313	8549.999839087168	2423.0767991021
4	355	9872.435992973361	2218.7074756064
4	399	11020.219368756507	1518.0561074149
4	411	11269.283810835607	2084.2368994094
4	426	11519.255807554986	1800.3673119284
4	430	11727.161597744452	2229.3164940365
4	440	11978.758445699043	2388.194194616
4	459	12271.284401790129	3228.6546877541
4	545	14030.605479216988	2192.9988922086
4	553	14273.554107553617	2299.491101671
4	557	14292.987015914114	2276.1800050177
4	634	15707.795242479754	2939.1090421765
4	659	16072.384133319225	4020.6907829541
4	681	16413.166049845825	3472.6948580155
4	685	16416.962632776529	4235.6700953195
4	699	16664.666226495844	2048.2898676155
4	717	16884.956179325333	2897.4925206229
4	724	16959.274381845113	4274.8967809194
4	733	17109.093296930802	3369.9168866873
4	750	17492.131135214729	2821.1691523238
4	764	17679.417911568965	3273.9271171799
4	793	18210.013078188451	2584.5849839386
4	808	18320.518186507448	2889.0591894463
4	816	18548.143536717495	2246.5733994846
4	833	19007.198662397129	2939.9031754929
4	846	19175.784942174939	3278.793670944
4	895	20366.541180446881	2137.7391974685
4	925	20964.566545249719	3346.3571138028
4	933	21117.59323303974	2705.286467422
4	949	21559.49476824035	3901.9026880525
4	953	21680.149931581638	3869.2046319041
4	961	21752.016231212711	2852.8899422805
4	973	22005.182642176885	3347.9281153372
4	977	22159.713708450595	3963.5545071401
4	991	22721.419940670776	4274.8778390145
4	1003	23321.377898583981	3663.6573485677
4	1022	23909.760873597857	3473.9572808426
4	1061	25559.549012569503	3005.4546332639
4	1087	26379.920267537725	1773.4952086397
4	1109	27216.694457257208	3801.8065537512
4	1146	27719.673515194754	2900.5519648176
4	1150	27775.634577442728	2942.6251703594
4	1180	28465.876063480049	3173.1370758545
4	1192	28680.750368553718	1321.9231213443
4	1200	28769.521601412695	2929.6291832998
4	1211	29211.250805180284	3149.356555324
4	1227	29851.306362872879	2573.6235846207
4	1231	29902.126411687314	3381.9725965429
4	1254	30631.876369252531	3220.2660247326
4	1258	30637.534979412691	3544.4531720225
4	1273	30795.780009383886	2751.6274723504
4	1277	31025.713963499004	2618.4806988202
4	1285	31439.634148079663	2449.7162184957
4	1314	32995.955381439536	3064.7776843887
4	1326	33376.219913378471	2736.2700313423
4	1352	34496.656650603611	2372.1445604414
4	1356	34512.358937389722	3012.7100291848
4	1360	34839.821520326329	3286.1642866675
4	1378	35595.070253908269	2216.1561059207
4	1411	36966.419036399916	2043.2164412923
4	1430	37324.286075322235	2261.4606993366
4	1454	38319.266481657511	2368.5591757949
4	1498	39570.357081933436	2246.2448409945
4	1543	40326.479389885323	3723.7011183333
4	1547	40409.428327889723	2357.3002658319
4	1559	40610.112594143049	2973.6245614104
4	1616	41871.320555232905	3622.9637392703
4	1627	41969.953634168551	2453.950019544
4	1632	41980.447298841991	2287.6191564804
4	1643	42379.212723592737	2672.8276274207
4	1651	42480.504269718722	3245.5881667982
4	1655	42607.906579928913	2490.9029116462
4	1659	42676.249650357732	2000.5452783374
4	1689	43478.171220707952	2276.8654844351
4	1715	44769.762406845499	2039.5317664649
4	1727	45229.324487911874	3298.0154046603
4	1738	45543.523846715859	3256.4197837841
4	1745	45613.047065043356	2416.439699633
4	1764	46146.079233726808	2359.4293122366
4	1793	47286.718827400634	1798.4717100766
4	1823	47650.98343002263	2882.4128705543
4	1868	48327.931701130456	2099.2934894376
4	1892	48743.111640996843	2943.2088759542
4	1901	49004.227762383446	2017.8759070113
4	1933	49473.395620728482	1939.9279428795
4	1937	49617.61029367397	2099.8424808774
4	1969	50126.501768623166	2347.114236672
4	1973	50201.419360455697	2786.4031354867
4	2001	50404.572072835296	3039.1076115612
4	2027	50721.728569999908	2304.6990247844
4	2035	51060.719019547724	3144.9812007601
4	2039	51131.494999951323	2332.199491384
4	2047	51226.302504030094	3840.2926832144
4	2074	51868.807616453684	2414.1480598133
4	2108	52743.871240845483	2982.8703077976
4	2112	52851.626867113908	2295.4826627579
4	2157	54216.345555379959	2466.5210749581
4	2165	54284.519052794908	3881.8790209293
4	2169	54335.130449688809	2286.5146891214
4	2181	54681.765161793637	2642.688929094
4	2192	55337.912513144542	1428.0300557893
4	2217	56052.297171363827	3026.5296312701
4	2221	56061.309429440727	2098.4448056482
4	2272	57825.593044537007	1998.7679780647
4	2292	58407.970242072565	3033.4857432079
4	2310	58842.007698264218	2859.3877134752
4	2314	59073.477898696847	2114.4841361046
4	2340	59524.465369761481	2334.8696008511
4	2344	59526.501226352982	2100.5781861674
4	2357	59788.980872064192	2141.6134243459
4	2378	60246.888268738989	3573.0349852424
4	2448	61553.755058443266	1884.0942494024
4	2477	61818.240235487092	3373.1224770751
4	2481	61878.870765391053	2712.053785203
4	2515	62484.139582534568	2846.5525832523
4	2523	62709.722969915811	3037.7703470029
4	2554	63166.435473776845	2379.3201784138
4	2582	63636.544974954553	2031.6351951773
4	2586	63672.513505538242	3112.9207598828
4	2590	63747.875960983792	2716.979294042
4	2600	63917.94825319735	3483.8383288265
4	2615	64090.977565102032	4003.5213229558
4	2647	64545.203275552113	3430.8637207812
4	2651	64652.224416942589	1445.3677943442
4	2655	64669.320112472153	2612.4074426197
4	2671	65038.269278980123	3620.0774320867
4	2694	65378.802253251989	3814.1548796455
4	2721	65914.394476172937	4290.5159103346
4	2736	66226.846928934847	2320.3915722761
4	2750	66526.974559301264	2180.0486999089
4	2754	66610.570340562365	3826.964767564
4	2797	67305.364913935483	3341.1411425471
4	2808	67361.823794571064	2486.7210297659
4	2823	67658.539245509855	3524.3663668228
4	2830	67855.748133816684	3860.6093478575
4	2846	68042.202958683193	2944.0167317226
4	2886	68643.388674404225	2462.2248213387
4	2898	68818.055354640529	2555.5527363993
4	2902	68825.78538437808	1841.8632433098
4	2927	69290.138908639423	1706.2082779594
4	2985	70326.162393204519	3016.377032781
4	2990	70382.423049759224	2225.4088903405
4	2998	70526.346238505256	2454.9212139845
4	3038	71089.040082439885	2736.7121216282
4	3049	71227.973111495027	2933.5634618482
4	3069	71783.678803689163	3579.7445258964
4	3085	71927.109551949588	3574.4178138542
4	3089	72003.187292843072	3514.9139273496
4	3135	72640.670707724049	4124.4192206096
4	3143	72700.728082424908	3647.7485230822
4	3148	72783.032856861291	3156.778435655
4	3152	73018.970252362397	3408.9004183469
4	3191	73567.384765798388	2797.8367550854
4	3199	73733.505822556916	1854.0507387277
4	3211	74170.458742262182	3346.1682775187
4	3226	74505.722631022451	1935.8958447352
4	3230	74547.505038925115	1997.3552846443
4	3234	74564.265110716884	2005.0619354099
4	3242	74583.356193151885	2077.4708643928
4	3253	75395.00704292564	2822.281392077
4	3268	75909.307378999949	2816.7339837737
4	3289	76564.578480578716	1694.4168609101
4	3327	77842.57866377399	3339.2274343595
4	3352	78428.206327922377	2730.2006945852
4	3363	78518.811791638913	2418.5956754163
4	3371	78645.745301302411	2500.0563403219
4	3383	78965.4583926147	1670.2561581228
4	3399	79787.823384993131	2123.0587205384
4	3418	80176.145444276349	2121.4920689072
4	3455	81525.139519682108	3051.3111444935
4	3478	82070.070998269204	3742.3212278076
4	3517	82930.317381013623	2310.0292045064
4	3532	83165.035604844345	2882.3985875398
4	3555	83821.870961815643	3666.2026068661
4	3559	83877.875980751788	3290.5740623362
4	3563	83885.289345561071	2366.1925580445
4	3575	84052.856290461765	2282.9901903681
4	3579	84074.338570546883	2771.4030342799
4	3618	86143.396519391189	3243.9459555969
4	3676	89120.616795875331	2746.8923525233
4	3706	89792.411030420605	3212.8918375075
4	3720	90351.098014834217	3771.860234756
4	3743	91078.827615864096	3192.8749728855
4	3765	91505.113479094159	3265.4208417144
4	3787	91870.501100441787	2403.5781563725
4	3832	92994.73828507166	2963.4913304821
4	3862	93629.478605775532	3481.8937804084
4	3882	93858.844922703005	2853.1766845845
4	3911	94303.252582038216	2685.9137697453
4	3915	94322.013204507924	3156.4095254336
4	3958	95088.460030350802	3005.5086323652
4	3993	95601.956179579688	2730.8857791656
4	4001	95663.612232450791	4009.1020931652
4	4012	95841.910544028901	4239.7181336891
4	4019	96041.098319264097	3374.5678044853
4	4027	96230.444527985496	3450.5260324606
4	4035	96354.046323672332	3516.0030195867
4	4065	97210.101994201936	4237.0011510532
4	4069	97223.472636239572	3484.8907551765
4	4093	97845.133106392125	2372.4934206158
4	4097	98243.362179483889	1833.2360398863
4	4114	98553.90021211839	3647.0034981519
4	4130	98961.694776200938	3210.6879046652
4	4134	99029.050242412478	3037.6027326286
4	4142	99272.812705383497	2887.3973205686
4	4175	100777.973067534504	2320.055259224
4	4203	101516.688013909138	2996.0760645568
4	4256	103051.493307390251	2718.7768099923
4	4268	103366.969679245087	2772.3444283102
4	4272	103529.025611807884	2334.0407473826
4	4298	103870.893779716402	2955.2540128771
4	4312	104040.52314268819	2919.397257641
4	4345	104796.022580568786	2001.1354268342
4	4353	105096.863667030394	3331.6770257894
4	4411	106310.467691555761	2174.5198948402
4	4415	106342.936719263299	2337.6784907654
4	4447	106790.262530489499	3066.0190746747
4	4462	107060.929515577613	3188.5756484885
4	4470	107431.445224379636	1758.6282576621
4	4478	107503.917407089986	3169.3290512554
4	4497	107787.937920244049	1883.1710063294
4	4501	107813.661456894271	2145.3426594104
4	4516	108085.261693542584	1949.6568824916
4	4531	108671.079814025771	3191.7973279197
4	4535	108824.093862815434	4248.8285532993
4	4547	109368.903977925652	2491.8225774821
4	4591	110614.724696837971	3096.9713761937
4	4606	111015.218062944909	2559.2417482752
4	4655	111936.885238097221	2433.1050636247
4	4662	112006.217360770286	2215.3805474471
4	4708	112954.284838085447	1947.4760937043
4	4720	113229.670214086223	2309.8194919713
4	4728	113353.583864976473	2961.0250983015
4	4747	113613.903991114391	2612.2478091717
4	4779	114372.886301949646	3350.5927236878
4	4795	114652.741380108474	2873.9843225107
4	4824	114854.828342674118	2811.930579599
4	4830	115148.333327352453	3346.9986953214
4	4859	115555.522708036538	2704.2081282847
4	4871	115612.727010791974	3154.0669453517
4	4882	115937.840283881306	2132.2088940348
4	4902	116228.447879325028	2301.3534434605
4	4921	116621.820910399638	2891.6532518528
4	4992	117515.927053368987	3638.9355039597
4	5024	117853.52968212719	3044.4447194313
4	5061	118725.752022401766	3765.7443196574
4	5076	118903.592949531831	3723.0539032559
4	5115	119427.850228050156	3948.6558833984
4	5123	119547.451216946692	2880.3373591882
4	5141	119904.489429057937	4034.3778311581
4	5157	120093.643517564387	2972.4357114467
4	5175	120343.288133372916	3571.1046949597
4	5180	120401.368362955154	2800.3978451204
4	5203	120651.457476527791	3507.5287782484
4	5215	121064.485178501709	3202.6311013033
4	5222	121075.791615820826	3428.7133164013
4	5245	121344.369798447342	3967.075401837
4	5256	121556.072407388492	2200.3644016706
4	5264	121625.853207571352	1722.3725337256
4	5288	122247.156927899079	2805.9376709629
4	5296	122359.058167573843	2245.4284940008
4	5322	123036.007755693244	1970.7839247119
4	5330	123482.449845798453	2626.3541546557
4	5349	123904.845329286865	3340.0380602013
4	5362	124278.384841794572	2887.6262326073
4	5366	124353.542670094644	3103.1790346373
4	5382	125085.147397554013	2418.3040938992
4	5400	125594.096540319145	2758.2357669901
4	5420	126181.282843294578	2204.4832482096
4	5427	126451.534781562477	2786.0309137031
4	5459	127399.246704614656	3347.3535756581
4	5478	127830.694899265414	3611.8726753257
4	5497	128369.977764010577	3246.7993265949
4	5509	128649.745651823634	3161.8912041094
4	5525	129073.596880954118	2453.866563784
4	5551	129747.878984729854	2990.6683415081
4	5562	129943.439675088053	3662.8457180969
4	5566	130126.116736061034	3088.2262681609
4	5570	130150.736002069547	2336.6376608983
4	5595	131172.052950164957	1733.4780060779
4	5624	131751.415923559921	2238.201760333
4	5687	133145.010357676114	3231.4967940934
4	5691	133182.915495514916	2017.1637663525
4	5706	133422.327821142419	3227.9646523856
4	5724	133688.141125112254	2504.8376679886
4	5738	133854.052151592495	2096.3296683069
4	5765	134300.343458874586	1578.2949551381
4	5773	134374.123515775467	2907.1024213583
4	5789	134753.450193135457	2849.6939096041
4	5793	134818.074732732075	3614.9522388437
4	5816	135241.369523785492	3216.8472932855
4	5827	135626.546890591105	2311.336155273
4	5846	135883.657318083609	2278.4953715863
4	5875	136540.789752280312	3805.2267854009
4	5890	136777.343514912032	2971.8521007802
4	5897	136998.907682452465	3404.4754613098
4	5917	137436.360304972721	2449.7793338913
4	5925	137652.553282870125	3616.0117632989
4	5952	138220.185096739414	1983.5530273151
4	5956	138305.696370244767	3048.3711480349
4	5971	138828.961627018023	2106.9448870327
4	5986	139067.675066178939	2767.1181695256
4	5993	139101.634865309682	2294.2134710401
4	6004	139654.059498665255	3130.7082383148
4	6028	140911.626062093918	2919.0998140723
4	6043	141671.193964738592	2833.1880633719
4	6047	141705.914087535989	3167.4412942864
4	6059	142194.056639226228	3106.3866175711
4	6063	142466.976631806814	2960.2137100417
4	6139	144925.28640280305	2107.0380333625
4	6146	145223.642479977798	1397.9987312201
4	6150	145234.194243665665	2610.4032955226
4	6173	145693.538594653903	2653.1074005458
4	6177	145797.979994129049	1913.9692735299
4	6181	145828.798296999285	3141.6924963612
4	6235	147143.561044676918	2145.596963726
4	6257	147509.778013345696	3122.1006051265
4	6273	147915.876693288936	2543.2929678541
4	6281	148015.995503181764	3094.7714642342
4	6296	148386.426180939875	2172.5130628701
4	6304	148490.922943261774	2612.4279191718
4	6322	148794.52006304272	1450.4724836815
4	6326	148865.32613169036	2826.590533359
4	6344	149213.553883238674	2307.5207328983
4	6356	149554.351985369619	3019.0721555427
4	6360	149666.689263724493	2561.7646086775
4	6394	150616.493286860716	1851.7196960002
4	6405	150666.129201322275	2421.6283028014
4	6409	151007.854187971404	3793.1317999586
4	6425	151460.652053514588	2541.0887019988
4	6450	152021.595381373265	3432.7953273151
4	6461	152204.440269687967	3151.6101596598
4	6499	153219.754201605495	2584.3092830479
4	6506	153464.363305275141	3692.9580777325
4	6521	153919.396274971515	2165.6492224429
4	6537	154234.875172031467	2711.878708452
4	6541	154334.956490614235	2574.4180412684
4	6561	154836.836698049481	2600.4071440827
4	6574	155257.642448485133	2410.2131752018
4	6581	155357.230058540065	3221.8938859273
4	6647	157052.878891698069	3641.114761401
4	6667	157335.743389394179	2062.4867444672
4	6678	157459.265993355394	2425.1802252978
4	6712	157959.248297634877	2790.3852372151
4	6716	158181.100755213305	2560.5037569534
4	6720	158206.478615450603	2230.5245626532
4	6724	158252.598351966747	2669.8956652824
4	6786	159621.400151550735	2626.5304626245
4	6799	159908.30543461203	1611.9825156592
4	6825	160207.183254298928	2810.9351471253
4	6840	160418.322442751343	2635.1412052089
4	6855	160706.688945437865	2749.8128098436
4	6888	161314.48770247522	2435.1019306853
4	6912	161489.596118414527	2324.5698935073
4	6953	162253.12686528107	3404.6316646971
4	6957	162298.129768366622	3325.2088324819
4	6961	162298.657182707742	2139.4585896688
4	7010	163097.227859524113	2810.9535042279
4	7014	163132.224703822038	3354.1483203461
4	7034	163307.620075448707	3403.7497598934
4	7043	163579.64375949375	3620.5473947331
4	7047	163583.4713153637	3119.248608801
4	7070	163933.291802261653	2993.4537376649
4	7109	164569.664706671362	4105.0863583784
4	7143	165117.98310625342	4125.7256936095
4	7160	165410.41083966504	2966.4518834915
4	7179	165756.774399179324	4195.0277166838
4	7183	165772.291172678873	3531.4507945389
4	7191	165826.315761292105	5121.9583727956
4	7214	166306.494842343661	1888.0268176683
4	7218	166326.143684665707	2195.8398699282
4	7222	166375.209496314334	4717.6837805654
4	7238	166697.061832677326	3549.2199994848
4	7246	166966.013691026076	3194.8217820139
4	7254	167071.496807312848	1601.0640059318
4	7258	167097.49737285513	4524.4086711884
4	7281	168127.974488529632	2870.4342397582
4	7285	168314.739269489787	2392.1195271984
4	7321	169306.173951783935	3589.6882899385
4	7362	170571.29845168916	2193.5608953796
4	7383	171056.546423699983	3451.5540587995
4	7411	171362.754260286965	2408.1922006697
4	7416	171403.480828394909	2765.7440526411
4	7428	171514.92844250543	2781.2781114969
4	7436	171867.830587290867	3007.3006006703
4	7444	172094.0665190758	3162.6845900708
4	7448	172104.526525907495	2544.8617460195
4	7501	173838.019947826067	3738.6689626984
4	7517	174089.131658664421	2980.7003290392
4	7521	174332.445584243186	3161.1051300354
4	7562	175456.052286717355	2675.0265911501
4	7657	177022.997915325988	2302.7746699098
4	7689	177691.501372449272	2483.2262546662
4	7703	177773.270000917863	2528.8868460339
4	7735	178350.381894789201	2683.1641651969
4	7739	178361.955491137748	2265.4266148433
4	7797	179068.201716143489	2875.0290068745
4	7804	179162.686174187981	3728.6886750664
4	7820	179522.798732664552	2330.4123755638
4	7835	179622.554693421151	2702.0497626532
4	7843	179750.310197641923	2249.2046574826
4	7863	180071.680530546035	3065.6471752731
4	7875	180234.766965394273	3690.942253489
4	7879	180249.925864675864	2356.0127881094
4	7883	180322.680485969211	2386.2991062909
4	7909	181236.522272856709	2718.0125401287
4	7913	181279.432835142911	2820.4691118259
4	7917	181305.117100536625	3273.03718166
4	7981	182713.255969411633	2906.8737795856
4	8000	183011.79748173619	3541.7871424276
4	8008	183204.144491814619	2729.5568638388
4	8034	183642.280253285618	2279.1178893205
4	8041	183678.488785856134	1789.7933852579
4	8060	184059.529707160416	1732.4753571282
4	8072	184251.67256746819	2610.823098952
4	8083	184446.193191520849	2332.1711864322
4	8110	184991.437057842138	3859.2764696013
4	8147	185665.66936848565	3492.7363617021
4	8151	185918.929821810323	3079.3478823962
4	8185	186418.629349564257	3207.8659276664
4	8203	186672.769192569944	2327.1949043538
4	8215	187051.578323882127	3717.2419129521
4	8225	187120.892429263822	3125.8447565977
4	8260	187964.215125068518	3132.2623626888
4	8267	187997.600067498885	2951.470409045
4	8283	188124.485495789564	2605.4167769384
4	8290	188229.480657966568	2730.239169281
4	8345	189270.386319447332	2164.5291669946
4	8356	189382.714655956014	2968.2022898354
4	8401	190076.400585986068	2882.7265739496
4	8405	190169.274074543347	2189.2081303988
4	8409	190173.055408971573	3760.1513701739
4	8413	190218.925700129402	3122.4912895728
4	8440	190668.125752239814	1957.9642121042
4	8460	190895.948069745698	2670.5746622995
4	8467	191021.55374618933	2759.2998145614
4	8483	191415.901898138406	2325.6725995056
4	8497	191735.455788786524	2448.707763562
4	8513	192009.655796454628	2585.969131908
4	8521	192169.083576660784	3099.6949822762
4	8528	192228.855271472596	2451.9879486784
4	8556	192995.091392859149	3282.3399289867
4	8617	194299.179566869566	2774.0833497606
4	8663	195275.821706047706	2840.3289086837
4	8681	195341.08842325697	2872.3315462377
4	8709	195734.268076492405	3553.1287370157
4	8722	196010.590271642856	3428.579807246
4	8735	196125.86490757628	2820.6361842031
4	8753	196455.026632075406	2788.5522000886
4	8761	196537.719318231499	3411.257321174
4	8771	196690.064592107589	3092.0679518022
4	8775	196717.737976387567	3117.7768133102
4	8798	197190.917028294153	2537.95043265
4	8834	197940.289987924717	4097.3585166145
4	8860	198336.874753831463	4384.3145979517
4	8864	198363.397860967762	2781.2692456004
4	8871	198494.699505593559	4334.4982736498
4	8889	198701.882104510865	3274.0740931576
4	8893	198824.076509320385	3333.8824036166
4	8925	199596.60591053819	4764.9995715343
4	8934	199747.509297059588	2336.4803934284
4	8946	199888.270217305647	2884.0798929613
4	8991	201051.587450719934	2456.4838960301
4	9006	201453.991804357182	2508.573527769
4	9026	201763.409430140868	2315.4247159565
4	9030	201829.893975915692	3563.4577430505
4	9042	201841.59406695858	3441.9606090244
4	9050	202384.496409845607	3772.2333212478
4	9061	202718.89969700785	3694.1490796352
4	9073	202988.952565825384	2287.7755136043
4	9088	203804.159141355855	3244.0248504281
4	9116	204808.161592307042	3717.310588304
4	9142	205165.034924989475	2600.5833308492
4	9168	206284.087020861801	1696.2907033414
4	9184	206349.159642548995	2324.2857289687
4	9206	207002.739555489744	3190.2044123691
4	9214	207248.102094429415	3082.3036635574
4	9229	207420.008366180501	3948.993042754
4	9236	207531.592952169241	2836.2452531389
4	9299	209004.477891000164	3615.7346093003
4	9310	209393.198469759244	2873.5566543415
4	9321	209572.139455784582	2046.9480474852
4	9359	210109.371379349529	2818.7603750825
4	9370	210390.883054943061	2068.4822129365
4	9378	210580.523683863185	1980.3177542612
4	9393	210776.92909153429	2240.3885955177
4	9416	211213.643901465681	2572.2618038859
4	9424	211682.474541898075	2354.675463466
4	9454	212185.542573704898	2209.7304089461
4	9458	212320.795570876031	1639.4768714905
4	9469	212405.048198927151	2819.7196289152
4	9473	212490.212122466733	2270.303835338
4	9484	212749.831189964561	3340.9220417775
4	9565	214516.865177409532	2541.434944924
4	9574	214572.027855525212	2209.8170239292
4	9598	214753.144584611331	3684.0214551799
4	9605	214853.147493382721	3018.7791692186
4	9614	214964.059768716389	2300.4153017979
4	9645	215687.195175675484	2842.416124058
4	9660	215945.242207387448	2907.4120139424
4	9669	215979.700119368671	2208.6214241479
4	9685	216241.873882377506	2279.3876789685
4	9707	216714.87360473907	3659.5331063118
4	9711	216762.082444845041	2854.6425539204
4	9719	216777.174170470138	3753.3779493162
4	9734	217253.129033573488	3637.9404727095
4	9750	217471.823506293757	3478.639197424
4	9779	218218.126513501612	2798.4772076737
4	9786	218275.727646293859	3029.3444806337
4	9790	218306.688346200128	3636.2142403051
4	9816	218652.40506577862	3372.4078883138
4	9845	219099.544625216404	2498.1272924971
4	9880	219893.083451546465	2244.5033951662
4	9893	219956.317618862661	1707.9975960217
4	9943	220788.033461313533	3557.3509867117
4	9947	220816.245595276194	2395.3616581671
4	9951	220847.182175843041	1808.3807365087
4	9965	221252.203318316227	2942.7663157993
4	9969	221337.091870628136	3298.4875658946
4	9988	221581.083780098701	2555.4785961083
4	10012	221777.420551044705	3273.6497177176
4	10024	222242.146525613702	2967.1750514355
4	10090	223631.94216988165	2778.4885304701
4	10098	223829.194560417647	2646.3405783009
4	10170	225419.026503756483	3104.8567144666
4	10184	225779.397298201515	2322.1254661331
4	10188	225881.426756240268	3045.4389877833
4	10196	225921.737202426015	3068.3371999674
4	10236	226728.799992307617	3870.5126568788
4	10247	227001.550270154167	2650.8128322568
4	10253	227137.494105739922	3072.3963350616
4	10283	227401.011407382628	3072.0564711575
4	10324	228338.068478537108	3072.7321363986
4	10342	228506.829516493272	2938.1492712814
4	10346	228589.805402096169	2597.9322572518
4	10366	229054.598676880403	2943.4425383527
4	10386	229312.291704380269	3131.6104542797
4	10398	229373.106925891249	3355.0518472027
4	10414	229894.861299885925	3361.3285496422
4	10418	229959.084631869106	3310.2104848796
4	10432	230265.70644072424	3246.2999411536
4	10461	230746.763797983064	3894.736053518
4	10466	230750.613314894496	3192.0464276459
4	10470	230991.993480747102	3236.2392157787
4	10474	231001.02155284192	2903.2013980665
4	10478	231106.712626520081	2721.6976480724
4	10482	231334.581393414917	2624.6503725027
4	10541	233170.459582734632	2733.3383779787
4	10580	234559.889060505537	2662.1147765871
4	10606	235057.176346438634	2060.6709343102
4	10623	235289.032920873353	2768.3289933577
4	10627	235416.362362808434	2629.4100645371
4	10687	237185.17959507388	2422.8595275152
4	10711	237513.14626404852	2494.5943498984
4	10743	237952.202295945453	2747.6396970078
4	10767	238379.582838770889	3269.2942581419
4	10771	238435.306063388777	2505.2766532358
4	10780	238653.842059953815	3450.6331578735
4	10788	238806.773375277492	2614.104711609
4	10859	239718.907017056178	2928.4947811347
4	10866	239760.092408452659	3311.2566133495
4	10870	239843.619184361728	2498.7868657012
4	10877	239880.103909764915	2111.149849207
4	10916	240305.683283580423	2884.5834262174
4	10921	240340.387662484019	1443.8417440755
4	10933	240577.709628006399	3009.7195103539
4	10941	240725.243859365862	3149.8565356702
4	10965	241252.500539657368	2673.7544034808
4	10988	241664.954113113239	3510.4429363447
4	10992	241678.628125703241	2501.3713407913
4	10996	241754.938836766363	2504.4628916859
4	11000	241948.342444962367	2319.589916249
4	11015	242132.634360630021	2460.526517732
4	11026	242401.419523191132	2201.5785077121
4	11065	243415.878227228865	3371.1147663463
4	11084	244061.26842429107	2523.4898043796
4	11116	244416.124338071697	2305.4588174913
4	11143	245259.670858731117	2880.154822804
4	11156	245523.747722195589	2850.7601625379
4	11167	245751.067646255861	2315.1197096466
4	11171	245779.208359973927	3140.1029954106
4	11204	246576.017571362206	3696.5346572734
4	11224	247006.579669665689	2708.7706201706
4	11228	247116.798299381654	3575.2266768835
4	11232	247173.50585929555	4094.0892538335
4	11270	248167.653744864599	2491.2952897232
4	11274	248460.700053264335	2673.6713836715
4	11322	250331.246898092461	2497.8695322108
4	11343	250824.107159690595	3470.8364461642
4	11365	251599.638308542251	1863.4898086824
4	11381	251676.361496091359	2258.0822406616
4	11417	252575.326499494319	2755.5171095207
4	11432	252939.820951164239	2451.3772022103
4	11488	253592.14599250718	3367.9457916319
4	11493	253807.583709307591	3472.6398267131
4	11497	253975.815180220179	2204.0083670733
4	11504	254144.825284003212	3683.42718423
4	11519	254484.860393856297	2775.5721061908
4	11523	254496.020262268325	3490.9851178048
4	11565	255399.547676792174	2273.3629766945
4	11576	255554.121467800122	3421.500655124
4	11580	255555.335600073475	1497.6577521209
4	11600	255860.168698557353	2935.8356415387
4	11607	256326.29207010734	3106.2969787132
4	11611	256442.786229432803	3553.0387862998
4	11645	257564.238568727734	2450.0168768596
4	11673	258026.31193825921	3586.0620569251
4	11682	258065.306010334448	2584.6123763546
4	11745	259257.460601709274	1454.8399989611
4	11749	259273.201749356185	2482.802018635
4	11756	259411.985621493889	3391.3092408981
4	11803	260222.489884868103	2626.6142134275
4	11811	260274.230653687136	2623.6598813999
4	11823	260590.528956900106	2663.6305013159
4	11856	261110.848766378897	3237.0577351051
4	11872	261446.274433915926	3212.4221575161
4	11894	262115.728104665239	3138.9845135808
4	11904	262155.684727434159	3113.1945405621
4	11915	262263.230626123124	2979.8750962224
4	11942	262808.907673252145	2162.3487283755
4	11961	262901.107259243589	2628.1971025653
4	11987	263573.720193705316	3479.901365228
4	11999	263816.063672803251	1575.2346445899
4	12040	264476.734138025209	2605.681565199
4	12058	264811.932140143834	2678.1920488179
4	12080	265307.019665795863	2712.6035115682
4	12084	265337.814541473945	3255.1845282968
4	12117	265737.389915353512	2917.0928092673
4	12121	265790.266340470187	2488.5929366679
4	12162	266705.502423339211	2012.3560734931
4	12193	267274.757218208955	2612.3901124299
4	12200	267307.013888668371	3229.9113233294
4	12204	267366.669145186859	2162.0183214638
4	12223	267635.62848874136	3443.6783831008
4	12227	267735.141489372448	3313.0423732419
4	12262	268459.735612960028	3221.6569050383
4	12280	268778.180700301046	2950.5745699438
4	12299	269235.864003155385	2611.1522033159
4	12311	269400.79561786544	3698.3363699913
4	12319	269609.97954742347	2575.4833534174
4	12330	269784.663272968117	3370.986706711
4	12338	269935.033477519244	2087.9234734084
4	12345	270104.407217226448	2701.136927465
4	12394	271179.389075654188	3901.8348587584
4	12398	271180.570133906889	2299.9615239166
4	12402	271581.887207929876	1839.0464109555
4	12410	271796.71310320492	3257.4815911241
4	12425	272180.263469819199	2083.756104894
4	12462	273703.590668018685	2714.8573093582
4	12492	274296.066188620169	2080.4065789562
4	12496	274430.254023066915	3741.9099369552
4	12540	275427.30717771449	3296.4323551767
4	12557	275831.728360398046	3269.076260766
4	12566	276031.510362306752	2060.3302303981
4	12581	276271.793488669333	2989.8979975842
4	12602	276731.505355536687	2806.1290655192

