version 2
run Iteration-14-20200521-09:51:38-55716
attr configname Iteration
attr datetime 20200521-09:51:38
attr experiment Iteration
attr inifile omnetpp.ini
attr iterationvars "$i=2, $j=2, $0=15-(2+2)"
attr iterationvarsf i=2,j=2,15-(2+2)-
attr measurement "$i=2, $j=2, $0=15-(2+2)"
attr network Network
attr processid 55716
attr repetition 0
attr replication #0
attr resultdir results
attr runnumber 14
attr seedset 14
itervar i 2
itervar j 2
param **.resourcePool.amount 2
param **.resourcePool1.amount 2
param **.resourcePool2.amount 15-(2+2)
param **.source.interArrivalTime exponential(6min)
param **.delay.delay uniform(4min,28min)
param **.delay1.delay uniform(10min,28min)
param **.delay2.delay uniform(4min,16min)
param **.allocate.resourceModuleName "\"Network.resourcePool\""
param **.allocate1.resourceModuleName "\"Network.resourcePool1\""
param **.allocate2.resourceModuleName "\"Network.resourcePool2\""
param **.deallocate.resourceModuleName "\"Network.resourcePool\""
param **.deallocate1.resourceModuleName "\"Network.resourcePool1\""
param **.deallocate2.resourceModuleName "\"Network.resourcePool2\""
param **.router.randomGateIndex "uniform(0, 1) > 0.2 ? 0 : 1"

vector 0 Network.allocate queueLength:vector ETV
attr interpolationmode sample-hold
attr title "queue length, vector"
vector 1 Network.allocate1 queueLength:vector ETV
attr interpolationmode sample-hold
attr title "queue length, vector"
vector 2 Network.allocate2 queueLength:vector ETV
attr interpolationmode sample-hold
attr title "queue length, vector"
vector 3 Network.sinkStat lifeTime:vector ETV
attr interpolationmode none
attr title "lifetime of arrived jobs, vector"
attr unit s
vector 4 Network.sink lifeTime:vector ETV
attr interpolationmode none
attr title "lifetime of arrived jobs, vector"
attr unit s
0	0	0	0
0	8	1565.003904093715	1
0	10	1613.07249945555	0
0	15	1729.218571010397	1
0	17	1862.663747289954	2
0	19	1864.660105751493	1
0	24	1943.574479613561	2
0	26	2202.677581703969	3
0	28	2341.21208188415	4
0	34	2479.14347486987	5
0	36	2671.015928729626	4
0	45	2758.068248086034	5
0	51	3349.325565316969	6
0	57	3483.609493421056	5
0	62	3500.143026928814	6
0	64	3502.263825843834	7
0	70	3561.373523150119	8
0	72	3650.339792901527	9
0	74	3687.194170921298	8
0	79	3735.210890868148	9
0	81	3887.71535922754	10
0	83	4056.481900776079	11
0	89	4351.283636546882	10
0	93	4499.609429062941	9
0	97	4917.56567419246	8
0	119	5765.930784954614	9
0	121	5838.529585608878	8
0	125	5997.834699268923	9
0	132	6400.171280484656	10
0	134	6436.742720895291	11
0	140	6562.852711870523	10
0	149	6871.557174028082	11
0	160	7327.856543215329	12
0	162	7403.288757251241	11
0	171	7748.932800560446	10
0	175	7763.311553904452	9
0	184	8005.585864192994	8
0	192	8093.095623002984	7
0	205	8450.361891323366	6
0	213	8790.721035949667	7
0	224	9517.785607918354	6
0	233	9683.934035496452	5
0	241	10031.147332458945	4
0	245	10266.313941425578	5
0	247	10280.959021662452	6
0	249	10345.478059171887	5
0	257	10417.643442796852	6
0	259	10438.640964077451	5
0	268	10828.035886334801	6
0	275	11093.223951393404	5
0	283	11217.690417646659	6
0	285	11287.120041128435	7
0	287	11360.219178244595	8
0	293	11446.18432527049	9
0	295	11497.345352224391	10
0	297	11587.293841093725	11
0	299	11671.55340728869	12
0	301	11920.933739911601	13
0	308	12019.923913746329	12
0	321	12520.004616982492	11
0	325	12692.1216336355	10
0	329	12916.025310649725	9
0	347	13588.937046425083	8
0	355	13881.615964753623	9
0	361	14207.96771020368	8
0	370	14410.02170927792	9
0	377	14469.812206369988	10
0	379	14503.723468954065	11
0	381	14705.500868595771	12
0	383	14915.586343491116	11
0	400	15026.223068232125	12
0	402	15315.337443283948	11
0	406	15424.662408350283	12
0	417	15793.36047966704	11
0	426	16178.503207570242	12
0	428	16212.05973369036	11
0	432	16265.202433487159	12
0	442	16459.803818723819	13
0	449	16915.789580913106	14
0	451	16956.216428919884	13
0	455	17219.847364619708	14
0	457	17280.587282224747	13
0	466	17313.246261142513	14
0	472	17560.932274395266	13
0	481	17619.89387527779	12
0	485	17908.442599521616	11
0	502	18257.685268900546	10
0	510	18515.3034405305	11
0	517	18617.225286609814	12
0	523	18872.229688884357	11
0	532	19601.276344485905	12
0	534	19629.797369786631	13
0	540	19787.174054258371	14
0	547	19835.700643702599	13
0	551	19995.367201807785	14
0	553	20352.026279557934	15
0	560	20545.102117741147	14
0	564	20580.944304928053	15
0	570	20892.765128571854	16
0	586	21481.339853747937	15
0	594	21723.386038699785	14
0	602	21939.199455840121	15
0	609	22001.685320542182	16
0	611	22065.798644146091	17
0	613	22150.270025364313	16
0	626	22439.144002990464	15
0	630	22660.990897554375	16
0	632	22717.305914126152	17
0	639	22790.537745326016	16
0	652	23409.543299494759	17
0	654	23443.912105119977	16
0	671	23757.352070780138	15
0	680	24189.845645821541	16
0	690	24749.966377771649	15
0	704	24960.469471336941	14
0	708	25038.155849182493	15
0	714	25181.982427395138	14
0	718	25255.604782823553	15
0	720	25337.972154968261	16
0	727	25639.159728297743	17
0	733	25677.682551562044	16
0	742	25830.451736582787	17
0	744	25833.885679273012	18
0	759	26479.647942715923	17
0	763	26528.6095802854	18
0	765	26578.807528992287	19
0	767	26836.833362374589	20
0	769	26951.214502670719	21
0	771	27005.29224206433	20
0	784	27052.54547958229	19
0	788	27157.463232807519	20
0	790	27266.829949240255	21
0	792	27512.039814078848	20
0	796	27556.014456481203	21
0	807	27904.979251146816	22
0	809	28106.439294489809	23
0	820	28591.396597111265	22
0	824	28607.298920049521	21
0	833	28995.455621094084	22
0	835	29113.27820887153	23
0	841	29230.94834567402	24
0	847	29564.512496037862	25
0	849	29591.187504685673	24
0	853	29594.401711834125	25
0	860	29840.458034275008	26
0	867	30102.629985520284	25
0	879	30426.050925980454	26
0	886	30594.782282562327	27
0	888	30765.20706781153	26
0	896	30962.833699106428	25
0	900	31263.757727264616	24
0	918	32042.0489326788	25
0	920	32118.380227582198	24
0	928	32231.973526803893	25
0	935	32453.772874339153	26
0	946	32884.26408228204	25
0	950	33041.431131983901	26
0	956	33418.331450624237	27
0	958	33488.203230658215	26
0	962	33551.332405165774	27
0	964	33835.542882352326	26
0	968	33971.264065552601	27
0	975	34066.396710409557	28
0	977	34100.934227309637	29
0	984	34166.650344996903	28
0	988	34341.988412155163	29
0	990	34393.070382926999	30
0	992	34602.994814784866	29
0	1000	34926.311973932739	30
0	1006	35021.311602228921	29
0	1010	35089.510732889931	30
0	1022	35267.269809252772	29
0	1026	35369.348342727226	30
0	1028	35580.062734818772	31
0	1030	35633.099756412269	32
0	1040	35803.366420493984	33
0	1047	36023.048798227351	32
0	1055	36396.736034496877	31
0	1073	37495.953814207766	30
0	1077	37635.94757397626	29
0	1081	37646.069712390761	30
0	1083	37864.131053130986	31
0	1094	37928.17867533288	32
0	1101	38060.520848750327	31
0	1109	38641.898816441867	32
0	1111	38774.708050088626	31
0	1119	38833.054588790842	32
0	1131	39291.321754015241	31
0	1135	39504.452946859182	32
0	1137	39700.624113092124	33
0	1144	39726.147744904069	34
0	1146	39882.153306404569	35
0	1148	39907.786801517343	36
0	1158	40101.440791345392	35
0	1167	40374.589382866067	34
0	1179	40628.424556932603	33
0	1188	40838.773621180696	32
0	1192	40889.31822989807	31
0	1200	41278.975998649504	32
0	1202	41316.246102080409	33
0	1209	41473.605838464999	34
0	1211	41508.298274053165	35
0	1213	41712.290905797524	34
0	1226	42112.42826525793	33
0	1239	42725.632309922908	34
0	1246	43165.035012669122	33
0	1250	43219.272534930749	32
0	1254	43310.590898709453	33
0	1256	43313.404420227995	34
0	1262	43357.36086822773	35
0	1268	43556.316482394194	34
0	1277	43928.772311815663	33
0	1281	43940.963475263869	32
0	1285	43970.229284805817	33
0	1287	44032.349694888425	34
0	1298	44795.091989459141	33
0	1302	45036.201956863151	34
0	1304	45184.660029753303	33
0	1318	45410.194046973372	34
0	1320	45456.783542740973	35
0	1322	45457.698852652355	34
0	1330	45612.125618240988	33
0	1334	45792.392507539733	32
0	1342	46012.879426448798	31
0	1350	46094.327109355251	32
0	1352	46322.466399839975	33
0	1354	46365.307745335368	34
0	1356	46582.113398665342	35
0	1358	46616.986121391128	36
0	1360	46713.080658710287	37
0	1367	46770.910383460875	38
0	1369	46825.022019825137	37
0	1378	47150.745882959707	36
0	1390	47456.726844168461	35
0	1404	47998.312661244727	34
0	1408	48058.740069450413	35
0	1418	48274.538685499884	34
0	1422	48300.950497695847	33
0	1426	48386.665748389196	34
0	1433	48591.166687132462	33
0	1442	48787.766669203117	34
0	1448	48933.881938689991	33
0	1452	48989.689011447928	34
0	1454	49047.156160077586	35
0	1456	49154.489052637674	34
0	1469	49469.254576262155	35
0	1471	49974.349117667316	36
0	1477	50047.081955719674	37
0	1479	50113.775447243496	36
0	1488	50425.263987034653	37
0	1490	50744.246622852244	36
0	1499	51086.403004491001	37
0	1509	51484.828896221234	38
0	1511	51578.027973564396	39
0	1513	51654.787487915911	38
0	1517	51738.788882353946	37
0	1521	51823.996410594076	38
0	1533	52191.723904900882	39
0	1539	52641.709591606304	38
0	1543	52787.8511914678	37
0	1551	53233.581708981501	38
0	1553	53409.194606289558	39
0	1565	53752.632753033105	40
0	1567	54001.240085739927	41
0	1569	54007.484281293311	40
0	1577	54148.10130765847	41
0	1579	54200.286552724589	42
0	1585	54264.028529831812	41
0	1589	54450.27248337592	42
0	1591	54497.222426453134	43
0	1593	54605.286641502425	42
0	1597	54650.888899472118	43
0	1599	54772.15173761532	44
0	1615	55424.255401275315	43
0	1623	55589.770330305347	44
0	1630	55906.442180618361	45
0	1632	56028.074670442984	44
0	1645	56418.513261123755	43
0	1654	56838.301860777764	44
0	1669	57133.674018383899	45
0	1671	57185.441253344769	46
0	1673	57204.526601067939	45
0	1677	57330.938770393346	46
0	1679	57388.205523648903	45
0	1692	57969.668352806433	46
0	1694	57986.666752735224	47
0	1696	57996.146824033603	46
0	1704	58599.048440202334	45
0	1713	59197.894018783429	44
0	1717	59357.894834028229	43
0	1735	59598.985833942154	42
0	1739	59761.175197873107	43
0	1741	59911.755919016162	42
0	1745	59939.107541376397	41
0	1749	60030.907177328037	42
0	1760	60281.111774517541	43
0	1766	60381.067843592921	42
0	1770	60438.420696640059	41
0	1783	60756.985130266387	42
0	1785	60971.948835757106	43
0	1787	61128.710842139283	42
0	1791	61158.935986766264	41
0	1804	61945.546269311765	40
0	1808	62022.258765372112	41
0	1810	62059.19949022089	40
0	1823	62635.025683836684	39
0	1831	62796.921732380384	40
0	1838	63069.967639816255	41
0	1840	63125.798132734005	42
0	1847	63270.701904527107	41
0	1851	63552.374456039677	42
0	1853	63788.074721502363	43
0	1868	64195.190045358286	42
0	1881	64503.642742528776	41
0	1890	64877.297134706423	40
0	1898	65279.90701232564	41
0	1900	65281.708310253183	40
0	1913	65961.76447148686	41
0	1920	66208.902179101867	42
0	1926	66414.798441167778	43
0	1933	66508.537409240053	42
0	1937	66518.056157605223	43
0	1939	66750.313904969238	44
0	1941	66760.72245009915	43
0	1953	67087.706442306041	44
0	1955	67209.253438918448	45
0	1962	67480.509972418707	46
0	1969	67842.524696765481	47
0	1971	67959.779928668598	46
0	1975	67999.302145840824	47
0	1981	68155.314193078921	46
0	1989	68285.640707859189	47
0	1991	68446.577242376494	48
0	1993	68580.494785037854	49
0	1995	68634.050601727525	48
0	1999	68669.993285284734	49
0	2011	69113.099163628379	48
0	2019	69706.197550492034	47
0	2028	69874.03985105865	48
0	2030	69938.4004943885	47
0	2038	70361.584521370263	48
0	2054	70749.765125762348	49
0	2056	70753.300103926704	48
0	2060	70848.559113342497	49
0	2062	71065.654429613808	48
0	2079	71583.972667841046	49
0	2081	71694.158492134557	48
0	2085	71722.122824423749	49
0	2087	72025.209164808253	50
0	2093	72229.568804024914	49
0	2097	72324.843789881087	50
0	2104	72554.055032215276	49
0	2113	72770.928612988196	50
0	2115	72778.847924023065	51
0	2117	73023.571726963683	52
0	2119	73111.015628726117	53
0	2121	73138.298506158364	54
0	2127	73306.69049826418	53
0	2140	73562.734464994772	54
0	2142	73646.227144719706	53
0	2146	73734.972820707454	54
0	2148	73814.323880641916	53
0	2152	74004.304827550376	54
0	2163	74470.100661939244	55
0	2165	75008.433813459435	54
0	2169	75012.415149318015	55
0	2185	75247.724813865171	54
0	2189	75284.622046037045	55
0	2195	75634.045437515902	56
0	2197	75662.517505220333	55
0	2205	75903.713291113246	56
0	2207	76107.576343128131	55
0	2216	76715.974797740051	56
0	2227	77122.273089161684	57
0	2234	77242.230884290496	56
0	2238	77412.558431014655	57
0	2240	77465.036296115433	58
0	2246	77786.076462240563	57
0	2254	78053.491284267213	58
0	2256	78108.134247555593	57
0	2265	78611.224310288346	58
0	2267	78636.059112108508	57
0	2276	79052.746772900197	58
0	2278	79066.702666552411	57
0	2282	79133.784970610598	56
0	2294	79678.029751672605	55
0	2308	80007.549614801267	54
0	2320	80401.799634745036	55
0	2322	80515.143213430093	54
0	2336	81119.908893122316	55
0	2351	81670.902270644167	54
0	2355	81687.750878694378	55
0	2366	81923.542982386099	54
0	2370	81953.894428519716	55
0	2372	82175.739350328794	56
0	2383	82433.729972655106	57
0	2385	82614.082414277996	58
0	2387	82783.353970422759	59
0	2399	83218.724504380682	58
0	2407	83302.350911786053	59
0	2409	83340.078274169611	58
0	2417	83554.815472944573	59
0	2419	83742.142076275507	58
0	2423	83863.831641534018	57
0	2441	84418.37481119487	58
0	2443	84420.073127457547	57
0	2465	85088.667291296559	58
0	2471	85387.503972730795	57
0	2479	85520.930880106217	58
0	2481	85823.631362290728	57
0	2485	85861.836062137867	58
0	2487	86015.493476976438	59
0	2489	86131.306992433473	60
0	2501	86198.681517361859	59
0	2513	87160.840551450113	58
0	2517	87226.773849362183	57
0	2521	87443.60285185949	56
0	2535	88102.283213296581	55
0	2539	88118.69043748102	56
0	2549	88403.28495980208	55
0	2553	88483.861892418466	56
0	2565	89083.766200284497	57
0	2567	89122.710885933797	56
0	2571	89200.211306427442	57
0	2581	89425.42703125516	58
0	2583	89558.321278653119	59
0	2590	89958.333058925022	58
0	2594	90045.007901515019	59
0	2601	90200.578900901738	60
0	2603	90302.626931925136	61
0	2614	90402.889099583115	62
0	2616	90498.551296859245	61
0	2628	90704.353267236102	62
0	2635	90813.366156876594	63
0	2641	91074.161857933331	64
0	2643	91190.75392589872	63
0	2647	91462.446414092232	62
0	2656	91565.794809103183	63
0	2658	91765.027271492743	64
0	2660	91900.481239098449	65
0	2662	92121.738337061565	64
0	2666	92178.72829318913	65
0	2668	92282.977765061099	66
0	2679	92489.416198141139	65
0	2688	92692.459211246718	64
0	2692	92899.877948395174	63
0	2704	93262.955607109186	64
0	2706	93347.427052095709	65
0	2708	93612.098374368867	66
0	2720	93876.692687641393	67
0	2726	94256.000568465937	66
0	2730	94269.482396698754	65
0	2738	94397.605385560539	66
0	2740	94821.166486746714	67
0	2747	95280.529125786584	66
0	2751	95309.280854483152	67
0	2762	95444.015505844403	66
0	2766	95586.493867304122	67
0	2777	96106.806624391723	66
0	2781	96107.64996655957	65
0	2794	96480.475605970525	66
0	2796	96518.957103040692	67
0	2798	96603.672838925581	66
0	2802	96829.962781974721	65
0	2806	96927.565480381281	66
0	2822	97392.674005487609	65
0	2835	97798.489056385319	64
0	2843	98136.255336671677	65
0	2850	98266.977977046723	66
0	2861	98424.414559164691	65
0	2869	98876.814788549404	64
0	2887	99189.462157867114	63
0	2899	99707.703937075297	62
0	2903	99731.387650912002	63
0	2905	99997.110581406999	62
0	2914	100031.658982389011	63
0	2916	100077.84734704272	62
0	2920	100078.014443972015	63
0	2927	100692.742147119391	62
0	2931	100890.835782072704	61
0	2935	100902.265352414833	62
0	2945	101252.415780322301	61
0	2954	101530.06896563546	60
0	2963	101776.255012399244	61
0	2969	102091.023663773399	60
0	2973	102105.132403915459	61
0	2979	102306.025820835187	62
0	2981	102341.689769336629	61
0	2990	102482.624490510504	62
0	2992	102983.654673255246	61
0	3005	103481.442824720365	62
0	3012	103598.654664055892	63
0	3014	103786.582154677856	62
0	3018	103985.919582815548	63
0	3028	104144.408349997561	62
0	3037	104627.979394241433	61
0	3050	104797.338958332597	62
0	3052	104857.162612880272	63
0	3054	105100.298708574522	62
0	3058	105199.414135863905	63
0	3060	105214.771673669743	64
0	3062	105270.171643645937	65
0	3064	105562.133101752425	66
0	3070	105804.152848977791	67
0	3072	106035.167055173974	66
0	3090	106779.430809775043	65
0	3098	107248.133338282039	66
0	3100	107279.667081746306	67
0	3102	107318.542791282236	68
0	3104	107348.977604068081	67
0	3108	107430.419239114584	68
0	3115	107521.331681675159	69
0	3122	107714.173901125054	68
0	3126	108002.253760257412	67
0	3130	108056.038262968265	68
0	3132	108138.164382519524	69
0	3139	108277.698391566661	70
0	3141	108291.927807747583	69
0	3162	108818.18459991346	70
0	3168	109114.112149088653	71
0	3170	109148.466201971855	72
0	3172	109254.72386702205	73
0	3174	109415.080641926874	72
0	3178	109773.313218846183	71
0	3182	109797.381421989568	72
0	3184	109818.207841227337	73
0	3191	110093.959793718419	74
0	3193	110114.532670052399	73
0	3202	110359.823159025659	72
0	3206	110383.425999488911	73
0	3208	110413.998691077843	74
0	3214	110623.972866118201	75
0	3216	110668.684171558966	74
0	3220	110720.257440284853	75
0	3227	110993.997879460809	76
0	3229	111120.677777721744	75
0	3237	111363.688114778747	74
0	3241	111589.159885886185	75
0	3257	111791.544572978478	74
0	3261	111907.242789632651	75
0	3263	112110.626289698798	76
0	3269	112388.728676445558	77
0	3280	112444.435530059671	78
0	3282	112455.109366336514	77
0	3286	112692.12193780319	76
0	3299	113282.962151439537	75
0	3303	113459.819051309172	76
0	3314	113834.448655552428	75
0	3318	113898.989789308657	74
0	3326	114147.919403249075	73
0	3330	114219.671449976907	74
0	3337	114505.684081546228	73
0	3341	114534.025160711205	74
0	3343	114785.474383307527	75
0	3354	115484.738201292776	76
0	3356	115488.502096987527	75
0	3360	115553.486799047937	74
0	3373	116044.544442727879	75
0	3375	116414.288898491909	74
0	3383	116799.064117639767	75
0	3385	116924.428461646316	76
0	3392	117091.852122256209	75
0	3396	117153.525314412277	74
0	3400	117220.108824456965	75
0	3402	117223.133519073937	76
0	3404	117370.392257878234	75
0	3413	117412.486797139469	76
0	3419	117646.696341108288	77
0	3421	117659.110436966933	78
0	3423	117807.464661270162	79
0	3425	117884.159537448745	78
0	3433	118202.200677755561	79
0	3440	118391.00827914403	78
0	3444	118455.20935496742	79
0	3451	118675.526603019994	78
0	3455	118726.646856681836	79
0	3457	118808.491485872915	78
0	3461	118994.001318185788	77
0	3478	119377.986341275626	78
0	3480	119578.788646446586	79
0	3482	119600.580449223477	80
0	3484	119666.071890192072	81
0	3486	119824.15945288693	80
0	3490	119851.696292480475	81
0	3502	120132.808952561778	80
0	3510	120165.104207058413	81
0	3512	120234.235536608999	82
0	3514	120290.005494605259	83
0	3520	120399.026898934704	82
0	3524	120458.871914572201	83
0	3535	121128.735884027234	82
0	3548	121319.5553937249	81
0	3552	121381.672367973127	82
0	3554	121573.639975459925	81
0	3567	121941.29132501257	82
0	3574	122084.800906833785	83
0	3576	122394.519972385766	84
0	3582	122722.584381447784	83
0	3590	122900.640284835559	82
0	3599	123439.017345092457	81
0	3603	123496.259272965303	82
0	3614	124125.568580301158	81
0	3622	124178.151084423224	82
0	3634	124797.866195693255	83
0	3636	124812.237676689081	82
0	3644	124943.526604815584	81
0	3657	125580.662332782202	80
0	3661	125590.784732110065	79
0	3665	125813.322834411901	80
0	3671	125972.263158715528	79
0	3675	126013.915036100404	80
0	3682	126447.080707697267	81
0	3689	126660.325729023059	82
0	3691	126785.607128356308	83
0	3697	126962.46952620303	82
0	3705	127115.96371900962	81
0	3714	127134.71194650034	82
0	3716	127369.985606835983	83
0	3718	127392.063904076082	82
0	3727	127614.38925671346	83
0	3729	127678.621990801447	82
0	3733	127685.048683315908	83
0	3748	128055.065994028334	84
0	3750	128222.800316828974	85
0	3752	128225.238506796824	86
0	3758	128404.379169500632	85
0	3762	128470.236319402065	86
0	3764	128604.892677790495	87
0	3766	128767.324491526621	88
0	3778	128857.033451732658	89
0	3780	129251.603158013576	88
0	3788	129660.960068293032	89
0	3790	129695.641211764568	88
0	3803	129824.596245444579	87
0	3812	130159.661647203991	88
0	3822	131021.389878284312	89
0	3824	131066.045642203851	88
0	3828	131066.188388140553	87
0	3842	131441.170568303662	88
0	3852	131780.564273267678	89
0	3854	131989.051917033008	90
0	3856	132013.085863822752	89
0	3860	132023.536827943487	88
0	3878	132702.074716727527	89
0	3884	133427.709403419548	88
0	3893	133498.595615750881	89
0	3900	133545.419816781605	90
0	3902	133694.678411900265	89
0	3906	133859.973892597756	90
0	3921	134474.238924651143	91
0	3923	134530.564388677683	92
0	3925	134542.083587707351	93
0	3927	134584.982509899188	94
0	3929	134671.301178976004	95
0	3931	134745.781837934309	94
0	3935	134762.733493555546	95
0	3951	135197.855681597454	94
0	3959	135341.039141839132	95
0	3965	135545.402314895445	94
0	3974	135783.003391071422	93
0	3983	136151.86900750702	92
0	3987	136188.026029139025	91
0	3995	136420.796712117775	92
0	4006	136498.172417624019	93
0	4008	136664.633158831902	94
0	4010	136753.59789030234	95
0	4017	137259.146171405179	94
0	4021	137351.792522417062	93
0	4033	137654.931355835551	92
0	4037	137882.65457046436	93
0	4039	138045.342157715613	92
0	4053	138253.793437904424	93
0	4059	138413.321868198696	94
0	4061	138604.73110873924	93
0	4065	138613.247558528447	94
0	4071	138896.00968562966	93
0	4075	138953.902738656913	94
0	4077	139103.136148161454	93
0	4081	139137.09905778026	92
0	4085	139396.282300473803	91
0	4094	139599.359838820163	92
0	4096	139635.115510046434	93
0	4103	140223.835950386819	94
0	4105	140470.076785727603	93
0	4122	140994.079891787523	92
0	4144	141618.49808719681	91
0	4148	141677.537009017223	90
0	4165	142241.48322471158	89
0	4169	142415.940342105683	90
0	4176	142929.95600004421	89
0	4180	143136.281753005141	88
0	4184	143168.423196952044	89
0	4190	143312.556096690872	90
0	4192	143407.14066988705	91
0	4199	143543.838276493911	92
0	4201	143620.329023794884	91
0	4214	144122.061054713292	90
0	4218	144122.763138816727	91
0	4220	144484.304333937744	92
0	4226	144614.284141370708	91
0	4230	144956.08556336952	92
0	4242	145337.103696929205	93
0	4248	145412.381130873425	92
0	4252	145515.23821908721	93
0	4258	146032.267828516653	94
0	4265	146187.7756819964	93
0	4269	146196.304810446667	94
0	4276	146340.043296183902	95
0	4278	146360.507638982697	94
0	4282	146418.71895138481	95
0	4284	146582.54565891778	94
0	4288	146718.364233344062	93
0	4296	146775.538177406393	94
0	4307	147244.710617556437	93
0	4311	147435.779899255986	92
0	4319	147632.701152407062	93
0	4326	148089.09022463284	94
0	4328	148140.742687725218	95
0	4335	148367.818384041209	96
0	4341	148599.365502313896	97
0	4343	148608.971879416759	96
0	4347	148752.621361880764	95
0	4355	148918.366688424404	94
0	4359	149172.315578815754	95
0	4366	149552.56734681284	94
0	4370	149715.64357072787	93
0	4374	149786.510250249106	94
0	4376	149826.438419045563	93
0	4389	150176.880002661809	92
0	4398	150554.358372968731	93
0	4409	150755.553907126193	94
0	4411	150936.020319790674	95
0	4413	150982.532750968133	96
0	4415	151215.196138718201	97
0	4417	151231.390634113605	96
0	4429	151423.774257510245	97
0	4431	151611.377765580281	96
0	4435	151719.454267203738	97
0	4437	151946.106413788365	98
0	4439	151974.121592576773	99
0	4441	151982.318834751377	100
0	4448	152060.818484744775	101
0	4450	152087.128584019109	100
0	4459	152360.565515199869	101
0	4461	152590.363800180333	102
0	4463	152591.230024071093	101
0	4467	152673.176086645844	102
0	4477	153179.104164361223	101
0	4491	153709.744082497704	102
0	4493	153861.189505334203	103
0	4499	154079.455577216312	102
0	4503	154111.920274281557	101
0	4507	154143.199906643315	102
0	4509	154328.250859410925	103
0	4524	154968.18934597617	104
0	4536	155706.298553356584	103
0	4540	155709.043653912112	102
0	4548	155784.630397319354	103
0	4554	156013.426844114121	102
0	4558	156256.204666645618	103
0	4565	156450.900447283061	104
0	4567	156487.785441645348	105
0	4574	156777.719376727208	104
0	4578	156800.440083080586	103
0	4586	157120.016344875855	104
0	4598	157489.68583799711	105
0	4604	157648.112243348416	104
0	4612	158088.624477020666	103
0	4616	158171.388355348299	104
0	4632	158342.424719454404	103
0	4636	158423.306396908328	102
0	4640	158747.228770227786	101
0	4652	159064.173734601928	102
0	4654	159226.486854115164	103
0	4666	159678.449608862566	104
0	4668	159691.814666883703	103
0	4672	159794.834774672669	104
0	4674	159919.204307577774	103
0	4691	160485.950622257479	104
0	4702	160674.899859598145	105
0	4704	160676.500247987823	106
0	4706	160812.803938174303	105
0	4719	161014.10564352499	104
0	4723	161195.939110638257	103
0	4727	161279.948135990378	104
0	4738	161973.329861577893	105
0	4740	162083.654454098698	104
0	4744	162101.512183492862	105
0	4746	162132.830393119086	106
0	4753	162407.900855138168	105
0	4761	162793.389651107409	106
0	4763	162865.522035106287	105
0	4767	162871.43251559209	106
0	4769	163202.638915097954	107
0	4780	163422.24566788381	106
0	4798	164122.143168873806	107
0	4800	164171.062686949956	108
0	4810	164300.623291029797	107
0	4814	164361.21464036624	108
0	4821	164802.017315781877	107
0	4825	164981.777629898545	106
0	4829	164996.090774703976	107
0	4840	165398.40102211313	106
0	4844	165430.404059151609	107
0	4846	165480.65237407541	106
0	4864	165855.328183183131	105
0	4868	165909.125296331212	104
0	4876	166112.924082176444	103
0	4880	166183.445046541419	104
0	4882	166374.126031669501	105
0	4884	166446.06730290657	104
0	4897	166778.484005636737	103
0	4905	167188.878208504495	104
0	4912	167538.111046846845	105
0	4914	167645.557285332737	104
0	4922	167816.250693250605	105
0	4929	168165.003296143577	104
0	4933	168230.094640375731	103
0	4942	168808.380592814083	104
0	4948	168815.496066370664	103
0	4956	169352.570961087213	102
0	4960	169479.669361041018	103
0	4967	169792.524674462738	104
0	4969	169807.63795097327	103
0	4973	169976.892035513696	104
0	4980	170181.658221825228	103
0	4984	170238.750989501745	104
0	4990	170534.870158962824	105
0	4996	170810.366059489221	106
0	4998	170930.368431776033	105
0	5007	171013.4203364045	104
0	5016	171353.071430928276	103
0	5020	171494.619202473817	102
0	5024	171572.877323325296	103
0	5030	171986.49088277993	104
0	5032	172024.11998351073	103
0	5036	172035.685739540457	104
0	5042	172305.472632180153	105
0	5049	172592.5316186689	104
0	5058	172812.338543072154	105
0	5060	172854.359802531235	106
0	5062	172899.352122618469	107
0	5064	172990.483724109099	106
0	5068	173247.929283367873	107
0	5074	173337.040055705079	108
0	5076	173481.500534386141	109
0	5082	173572.701671318767	108
0	5086	173595.695397694432	109
0	5093	174019.04737307645	110
0	5095	174182.105079933272	109
0	5104	174380.549926021269	110
0	5106	174529.975817063508	109
0	5123	175030.889505326113	110
0	5125	175041.644634760187	109
0	5129	175139.058379337823	110
0	5131	175159.601167002378	109
0	5135	175323.503654251428	110
0	5137	175420.80887210169	111
0	5148	175854.629061310612	112
0	5154	176169.026820915593	113
0	5156	176203.909248569666	112
0	5165	176367.595860778556	111
0	5169	176576.091900213664	112
0	5171	176785.549358508777	113
0	5173	176864.33964253144	112
0	5181	177016.61744665805	113
0	5183	177042.193893797708	114
0	5190	177135.841684922466	115
0	5192	177275.110739034844	116
0	5194	177362.510434137343	115
0	5207	177735.005736618504	114
0	5211	177979.934444352353	115
0	5217	178101.618566149531	114
0	5221	178164.815197806088	115
0	5223	178252.111037715539	114
0	5227	178279.653155429199	115
0	5229	178384.236112767516	114
0	5251	179429.711233086154	113
0	5255	179517.63732046425	114
0	5262	179638.000741455996	115
0	5264	179844.089940569565	114
0	5273	179966.729623945116	113
0	5277	180020.725638761162	114
0	5279	180037.110472015925	115
0	5281	180140.085544108615	114
0	5285	180254.055294623544	115
0	5292	180474.921939121245	114
0	5300	180587.17274852469	115
0	5302	180635.618401964787	116
0	5317	180911.011393861531	115
0	5325	181196.73829753624	114
0	5334	181381.124398067307	115
0	5336	181433.396664302645	116
0	5342	182064.687053965154	117
0	5349	182322.954753203576	118
0	5351	182353.279375144898	117
0	5355	182413.850611790286	116
0	5364	182500.637371283306	117
0	5366	182557.984074868698	118
0	5376	183243.938356833219	117
0	5380	183382.243401848784	118
0	5382	183415.196718686546	119
0	5389	183678.260694904308	120
0	5396	183990.945705256628	119
0	5400	184005.779081841237	120
0	5406	184294.189178721626	121
0	5412	184501.433880214291	122
0	5419	184893.932504029631	121
0	5423	184908.670564888431	122
0	5425	185098.798655215272	123
0	5432	185259.250177555662	124
0	5434	185318.890156901645	123
0	5442	185414.839118778025	124
0	5444	185422.431063294554	125
0	5450	185459.028541923289	126
0	5457	185696.617192227933	127
0	5464	186014.26489059782	126
0	5468	186074.126251864075	127
0	5470	186218.121539710153	128
0	5489	186611.902454092371	127
0	5493	186709.594449698727	128
0	5505	187146.465002389006	129
0	5511	187211.398222899659	130
0	5513	187253.828498052236	131
0	5515	187446.121156520414	130
0	5519	187456.658364726125	131
0	5530	187654.699840518116	132
0	5532	187694.073492521107	131
0	5536	187755.433372496154	132
0	5543	188045.26617978408	133
0	5545	188141.143573696387	134
0	5551	188230.890589375944	135
0	5553	188377.548462643492	134
0	5561	188508.833323518488	135
0	5563	188622.214657747805	134
0	5567	188785.329823185366	135
0	5569	189055.272874319613	134
0	5578	189072.523533894884	133
0	5587	189219.155174846828	134
0	5589	189462.526745612956	135
0	5595	189984.479119149846	136
0	5606	190158.230897095059	137
0	5613	190316.702543690073	136
0	5617	190482.501470269323	135
0	5631	190906.28777895328	136
0	5641	191082.518533251452	135
0	5649	191151.744688359526	136
0	5651	191176.071980275731	137
0	5653	191326.073836171687	136
0	5661	191830.612093181968	135
0	5665	191882.012154655128	136
0	5667	192027.186857207882	135
0	5676	192331.671188276192	136
0	5683	192450.858919927538	135
0	5687	192509.033864333498	134
0	5704	193407.058097764122	133
0	5708	193422.527034403444	132
0	5716	193602.654551220657	133
0	5723	193910.895811475291	134
0	5730	194318.032085782551	135
0	5732	194349.423245103943	136
0	5734	194372.554065740871	135
0	5738	194426.940806442559	134
0	5755	194848.971642674566	133
0	5759	194986.724055267143	132
0	5763	195107.072103583852	133
0	5770	195312.308577641117	132
0	5778	195604.352262364388	131
0	5787	195767.413544768049	132
0	5789	195874.429117038118	131
0	5793	195939.446449705494	132
0	5795	195953.412232025441	133
0	5797	196062.768297512013	134
0	5803	196315.535421452688	133
0	5807	196319.537696294397	134
0	5809	196407.078278707028	133
0	5822	196836.597137382506	134
0	5829	197179.822660008528	135
0	5831	197230.954369092048	134
0	5835	197234.561586833762	133
0	5839	197354.049738174844	134
0	5850	197650.206800322291	135
0	5852	197907.330571866797	134
0	5856	197980.065223607978	135
0	5862	198014.758083215736	136
0	5864	198021.442193153291	137
0	5870	198109.641884164573	136
0	5884	198792.046476423012	135
0	5896	199214.076520404579	136
0	5898	199234.821979697998	137
0	5900	199327.480466188551	136
0	5918	199970.104776013447	137
0	5920	199976.489160339083	138
0	5926	200304.80284356253	137
0	5930	200354.649935895265	136
0	5939	200725.449845381327	137
0	5950	201158.285961922917	138
0	5952	201164.008736619414	137
0	5956	201242.88532645365	138
0	5963	201358.23654562508	139
0	5965	201440.678806333635	140
0	5967	201515.982742136684	141
0	5969	201554.966563067602	140
0	5982	201991.809325264455	139
0	5999	202415.522888682054	138
0	6012	202752.621300527514	137
0	6030	203632.476274901689	136
0	6034	203707.626349682154	137
0	6036	203741.851020307708	138
0	6042	203959.026542054177	137
0	6046	203987.502344704436	136
0	6050	204181.210064142012	137
0	6056	204436.1941043005	136
0	6060	204581.969930417134	137
0	6067	204926.941355108306	138
0	6078	205236.35912333356	137
0	6087	205297.124749617339	136
0	6091	205512.087589987838	137
0	6097	205909.576466427804	136
0	6105	206005.040538760909	137
0	6107	206065.629849850403	136
0	6116	206521.394940613439	137
0	6118	206560.501970510092	138
0	6125	206779.378041298748	137
0	6129	207036.55063238895	136
0	6133	207062.151002945232	137
0	6143	207424.691497510568	138
0	6150	207740.366632237302	137
0	6154	207839.432119959653	136
0	6167	208114.779819490079	137
0	6173	208658.535861456454	136
0	6182	208726.221505074965	135
0	6191	209063.987042931171	136
0	6197	209264.449729034506	137
0	6199	209314.554308699131	136
0	6207	209697.185154116916	135
0	6211	209736.441911246299	136
0	6218	209892.441669972301	135
0	6222	210053.727708802972	136
0	6224	210113.983473635482	135
0	6228	210233.952005347155	136
0	6239	210712.48244856453	135
0	6248	210909.879772813055	136
0	6250	210994.942595779168	135
0	6262	211257.68337025834	136
0	6264	211492.14378246075	135
0	6273	211686.214168166383	136
0	6280	211911.413563452731	137
0	6282	211954.566185294854	136
0	6286	211956.040299543799	135
0	6290	212242.56150268784	136
0	6292	212292.588496104702	137
0	6294	212312.73844766208	138
0	6296	212523.531359756532	139
0	6307	212573.454428313382	140
0	6309	212608.55228651914	141
0	6315	212816.022964302715	142
0	6317	212872.137944632829	141
0	6326	213165.458048702837	140
0	6330	213300.51636119294	141
0	6336	213406.368543740508	142
0	6338	213535.295715186926	143
0	6340	213618.799832469987	142
0	6348	213729.614465139017	143
0	6355	213917.133899042071	142
0	6359	214150.293895893522	143
0	6361	214173.918662461265	144
0	6368	214453.086869064506	145
0	6370	214563.18411485033	144
0	6387	215025.714937494756	143
0	6396	215126.68442926054	144
0	6398	215233.93585552913	145
0	6404	215453.550260593261	146
0	6406	215550.750130870999	145
0	6410	215638.670014969277	144
0	6423	215935.934059673532	145
0	6425	215939.061031875163	146
0	6441	216694.335665523278	145
0	6450	216896.389794321419	144
0	6454	216935.39815922325	145
0	6456	217067.239464303016	146
0	6462	217283.826408044786	147
0	6477	217765.078218527753	148
0	6483	218104.914503663051	147
0	6487	218178.1389782884	148
0	6489	218291.715451683252	149
0	6491	218322.740900227488	148
0	6500	218871.629028474382	149
0	6511	219265.90222495889	150
0	6522	219592.06283527593	151
0	6524	219630.414235046685	152
0	6530	219716.763454421628	151
0	6534	219922.049444794212	152
0	6536	219946.370401316942	151
0	6545	220230.398540251162	152
0	6552	220360.256104248227	153
0	6554	220614.647673943271	154
0	6556	220620.742375566253	155
0	6558	220815.716372697819	154
0	6562	220856.438454828246	155
0	6564	220927.543064321861	156
0	6570	221067.064571760497	157
0	6572	221165.542140127779	156
0	6585	221395.85188786579	157
0	6596	221590.424948961417	158
0	6598	221829.464717032076	157
0	6620	222379.017177007366	156
0	6624	222402.952885375978	155
0	6628	222601.332690074994	156
0	6635	223193.940020303164	157
0	6641	223630.120565190185	156
0	6650	223703.825295502009	155
0	6663	223957.580082721333	156
0	6669	224146.769906179669	155
0	6673	224507.53777534442	154
0	6686	224593.982052361278	155
0	6688	224862.81837749916	156
0	6690	225212.588410533238	155
0	6703	225318.238782458449	156
0	6705	225370.83776007217	157
0	6707	225596.870158398214	156
0	6711	225665.471668704508	157
0	6722	225913.586530654896	156
0	6726	226037.95990750675	157
0	6732	226315.790035510236	158
0	6734	226398.573642790055	159
0	6746	226635.595031917206	160
0	6748	226678.705293172661	159
0	6760	226945.340709899131	160
0	6762	227082.233575728388	161
0	6769	227196.693142286707	160
0	6773	227198.695568227831	159
0	6777	227493.20744146562	158
0	6786	227512.071015146941	159
0	6788	227635.181559336912	160
0	6798	228103.103372945655	159
0	6802	228372.368265175883	158
0	6811	228766.492647572625	157
0	6819	229059.939901092712	156
0	6828	229327.742462436238	157
0	6830	229400.905796391146	158
0	6837	229929.05558762663	159
0	6839	229980.416375889647	158
0	6847	230118.976231168143	159
0	6854	230240.119741074846	160
0	6856	230359.786493556621	161
0	6862	230492.424779804115	160
0	6866	230709.070510795918	161
0	6872	230755.567768404651	162
0	6874	230833.370157077181	161
0	6883	231257.066752733354	160
0	6887	231276.731520205578	161
0	6889	231278.483940197874	162
0	6891	231281.589898399281	161
0	6900	231720.020662441122	160
0	6908	231847.934408451508	161
0	6924	232525.916234860264	162
0	6926	232649.784827672849	163
0	6928	232656.930040800635	162
0	6936	232876.133348799514	161
0	6949	233635.734596820239	160
0	6958	233939.533252650563	159
0	6975	234264.043808876034	160
0	6977	234320.767241946625	159
0	6986	234723.319392213894	160
0	6988	234760.6053593822	159
0	6992	234829.533485536237	160
0	6998	234888.368120407391	161
0	7000	235165.792201127264	162
0	7002	235176.167571909153	163
0	7004	235190.97572497486	164
0	7010	235382.975460523976	165
0	7012	235481.584679002936	166
0	7014	235512.460936165619	165
0	7018	235534.638765090768	164
0	7032	235966.749363587861	163
0	7040	236422.824573344712	164
0	7051	236749.774857468176	163
0	7064	237129.903231456375	164
0	7066	237221.436489792233	163
0	7070	237258.574902446727	164
0	7077	237592.428747832048	163
0	7085	237949.806469239756	164
0	7091	238056.84548238979	165
0	7098	238102.146680697072	164
0	7107	238634.403161154752	163
0	7115	238819.440131299122	164
0	7121	238893.628801190918	163
0	7125	239295.984701778949	164
0	7137	239774.589720077086	163
0	7141	239884.368116625464	164
0	7151	240139.118857318228	163
0	7155	240149.168262562919	162
0	7159	240196.306609779237	163
0	7161	240583.899136538087	164
0	7173	240975.011409335751	165
0	7175	241173.230764725869	164
0	7179	241198.942601182561	165
0	7181	241445.026165253687	164
0	7193	241597.85944578207	163
0	7197	241749.570651689383	164
0	7199	242187.328455066484	165
0	7211	242474.201700992155	164
0	7215	242574.416130268638	163
0	7219	242598.288972758752	164
0	7221	242657.920397335339	165
0	7231	243292.058416464989	164
0	7240	243652.042467267876	163
0	7249	243840.691901787388	162
0	7253	244008.378895865445	161
0	7261	244114.636278609463	162
0	7263	244282.82103017873	161
0	7267	244429.275793588924	160
0	7275	244571.497721806124	161
0	7277	244574.699664497439	160
0	7281	244811.696151173557	161
0	7283	244963.882995664346	160
0	7301	245412.148160691457	161
0	7303	245631.501597596495	162
0	7310	245836.68566938396	163
0	7316	245945.17741826332	162
0	7320	245957.412655211258	161
0	7328	246012.812673204142	162
0	7330	246015.815561134272	163
0	7337	246228.860603816509	164
0	7339	246346.77686695718	165
0	7341	246512.693340304699	166
0	7352	246704.994704951768	167
0	7359	246953.857602372038	166
0	7363	246985.961087221165	167
0	7369	247440.142522016231	166
0	7373	247443.465291788967	167
0	7398	248428.438625379669	166
0	7402	248509.201469815678	167
0	7413	248951.715100565616	166
0	7417	249134.002264558541	165
0	7425	249491.287413818549	166
0	7427	249500.259134834062	167
0	7429	249578.896611252081	168
0	7431	249665.679314349363	169
0	7437	249855.476583140626	170
0	7444	249926.171251996406	171
0	7446	250144.597200711974	172
0	7448	250228.001400946843	171
0	7452	250456.273937234346	170
0	7470	250689.965746453175	171
0	7472	250746.073732361782	172
0	7474	250810.282367470013	173
0	7476	250855.865458219516	172
0	7488	251432.793399598715	173
0	7490	251596.944202154147	172
0	7494	251733.502830806626	173
0	7501	251907.290374515792	174
0	7503	252133.740579755668	173
0	7512	252239.79496805865	174
0	7518	252752.421988056345	175
0	7520	252824.067321426439	174
0	7524	252837.911417415584	175
0	7535	252926.763036282614	176
0	7537	253294.829640035092	177
0	7539	253360.504051344161	176
0	7557	253844.906211492146	177
0	7559	253905.533277289634	176
0	7571	254229.539591146227	177
0	7578	254442.542381889391	176
0	7582	254589.518183851307	175
0	7586	254665.974753011625	176
0	7593	255281.974100892189	177
0	7595	255322.021099670994	176
0	7608	255602.739199909386	177
0	7614	255684.203832978075	176
0	7618	255751.966382628342	177
0	7629	255834.592177390325	176
0	7633	256068.889018157189	175
0	7642	256529.947472419716	176
0	7644	256632.244791583781	175
0	7657	257211.863102101787	176
0	7659	257346.404226580927	177
0	7665	257440.75160224663	176
0	7678	257573.129939230641	177
0	7685	257719.66614711505	178
0	7687	257948.410729029839	177
0	7700	258472.769958552478	178
0	7711	258540.722206954951	179
0	7717	258579.129403249224	180
0	7719	258597.777235444877	181
0	7721	258613.008018313479	182
0	7727	258860.938846997189	181
0	7731	259125.97968515681	180
0	7735	259417.081746542518	179
0	7739	259494.738886253761	180
0	7746	259965.663872256148	179
0	7768	260861.949309715693	178
0	7777	260947.208196624008	179
0	7783	261322.266828349996	178
0	7791	261476.628117402809	179
0	7793	261485.020443051366	180
0	7795	261769.385907770758	179
0	7799	261912.571260456602	180
0	7811	262312.707413729886	181
0	7817	262553.686902119983	180
0	7821	262773.077201995678	181
0	7827	263037.318219013271	182
0	7829	263118.042365319253	183
0	7831	263173.256141850417	182
0	7840	263267.677691227962	183
0	7847	263606.815184535285	184
0	7853	264069.449774108101	183
0	7866	264440.087286876207	182
0	7879	264940.984851503437	181
0	7883	265200.420671734387	182
0	7889	265383.631900687725	183
0	7896	265560.032567539876	182
0	7900	265596.626380106248	183
0	7902	265627.946333540278	184
0	7904	265660.582116093942	185
0	7906	265745.166443220545	184
0	7937	266609.90521882528	185
0	7939	266814.507569118608	184
0	7943	266834.900339575097	185
0	7945	267183.898314581876	184
0	7963	267892.072449711389	185
0	7969	268034.544357854978	186
0	7971	268246.456823544269	185
0	7975	268267.113331786562	184
0	7988	268739.462230101863	185
0	7994	269147.158231704701	184
0	8003	269194.386623004609	185
0	8009	269833.075932273334	184
0	8023	269991.228145413097	185
0	8025	270027.762403047849	184
0	8029	270643.890977494231	185
0	8031	270714.346411274439	184
0	8035	270732.617420589275	185
0	8050	271261.973963895967	186
0	8052	271357.609083025922	185
0	8070	272151.405247607893	184
0	8078	272364.88623053508	183
0	8091	272690.321915666875	184
0	8102	273368.940471403153	185
0	8108	273498.322910002639	184
0	8112	273646.840965522815	185
0	8114	273822.398197622663	184
0	8123	273880.239269048928	185
0	8125	273899.726779757178	186
0	8127	273917.11082142519	185
0	8131	274080.010211494449	186
0	8138	274523.267745830709	187
0	8144	275125.209841507173	188
0	8146	275156.44701466865	187
0	8159	275449.206795997193	186
0	8163	275919.695653775401	185
0	8171	275970.989707924566	186
0	8173	275997.532350658027	187
0	8180	276244.877383518764	188
0	8182	276429.443449123969	187
0	8195	276901.540856110325	188
0	8197	276981.783070854084	189
0	8199	277050.862149798506	190
1	0	0	0
1	91	4351.283636546882	1
1	95	4499.609429062941	2
1	99	4917.56567419246	3
1	101	5127.242730306127	2
1	106	5294.356370714682	1
1	123	5838.529585608878	2
1	127	6013.276446114483	1
1	142	6562.852711870523	2
1	144	6667.38214788925	1
1	155	7190.334710960465	0
1	164	7403.288757251241	1
1	166	7553.667040699759	0
1	173	7748.932800560446	1
1	177	7763.311553904452	2
1	179	7974.369101754578	1
1	186	8005.585864192994	2
1	194	8093.095623002984	3
1	196	8182.61585119147	2
1	207	8450.361891323366	3
1	219	9223.164930147716	2
1	226	9517.785607918354	3
1	228	9562.840089813995	2
1	235	9683.934035496452	3
1	243	10031.147332458945	4
1	251	10345.478059171887	5
1	261	10438.640964077451	6
1	263	10530.110956076199	5
1	270	10934.836689277741	4
1	277	11093.223951393404	5
1	303	11924.279970731253	4
1	310	12019.923913746329	5
1	312	12328.926247514042	4
1	323	12520.004616982492	5
1	327	12692.1216336355	6
1	331	12916.025310649725	7
1	333	13047.78365402222	6
1	342	13294.992290045733	5
1	349	13588.937046425083	6
1	363	14207.96771020368	7
1	365	14254.149702246899	6
1	372	14441.033101144436	5
1	385	14915.586343491116	6
1	391	14984.124726485128	5
1	404	15315.337443283948	6
1	412	15663.582002203579	5
1	419	15793.36047966704	6
1	421	16004.096956846494	5
1	430	16212.05973369036	6
1	444	16876.945972107018	5
1	453	16956.216428919884	6
1	459	17280.587282224747	7
1	461	17293.793519155312	6
1	474	17560.932274395266	7
1	476	17566.660722363407	6
1	483	17619.89387527779	7
1	487	17908.442599521616	8
1	489	17932.381612758342	7
1	504	18257.685268900546	8
1	512	18598.214517933915	7
1	525	18872.229688884357	8
1	527	18933.95930533037	7
1	542	19790.072237560193	6
1	549	19835.700643702599	7
1	555	20515.238112525274	6
1	562	20545.102117741147	7
1	572	21101.45132333007	6
1	577	21221.068305445095	5
1	588	21481.339853747937	6
1	596	21723.386038699785	7
1	604	21957.359447190206	6
1	615	22150.270025364313	7
1	621	22245.209957554196	6
1	628	22439.144002990464	7
1	634	22734.477377058606	6
1	641	22790.537745326016	7
1	643	22852.837480555479	6
1	656	23443.912105119977	7
1	662	23556.96328001995	6
1	673	23757.352070780138	7
1	675	23779.153986095641	6
1	692	24749.966377771649	7
1	694	24799.566965761785	6
1	699	24859.651479515847	5
1	706	24960.469471336941	6
1	716	25181.982427395138	7
1	722	25481.912794259567	6
1	735	25677.682551562044	7
1	737	25682.432012743917	6
1	754	26456.598666791994	5
1	761	26479.647942715923	6
1	773	27005.29224206433	7
1	775	27025.463466811594	6
1	786	27052.54547958229	7
1	794	27512.039814078848	8
1	798	27574.594503554705	7
1	811	28298.19736287896	6
1	822	28591.396597111265	7
1	826	28607.298920049521	8
1	828	28780.907960755009	7
1	851	29591.187504685673	8
1	855	29756.992961184312	7
1	862	29932.931270394143	6
1	869	30102.629985520284	7
1	881	30586.526420216266	6
1	890	30765.20706781153	7
1	898	30962.833699106428	8
1	902	31263.757727264616	9
1	904	31327.60114408065	8
1	909	31408.553486147154	7
1	922	32118.380227582198	8
1	930	32402.423637769785	7
1	937	32540.235007579628	6
1	948	32884.26408228204	7
1	960	33488.203230658215	8
1	966	33835.542882352326	9
1	970	34011.123487893161	8
1	979	34102.589880253378	7
1	986	34166.650344996903	8
1	994	34602.994814784866	9
1	1008	35021.311602228921	10
1	1012	35228.314815079462	9
1	1017	35264.766756545011	8
1	1024	35267.269809252772	9
1	1042	35923.437952089314	8
1	1049	36023.048798227351	9
1	1057	36396.736034496877	10
1	1059	36414.525870252069	9
1	1064	36969.343139591817	8
1	1075	37495.953814207766	9
1	1079	37635.94757397626	10
1	1085	37898.346737697389	9
1	1096	38029.594966235761	8
1	1103	38060.520848750327	9
1	1113	38774.708050088626	10
1	1121	38967.280214596208	9
1	1126	39246.854038226609	8
1	1133	39291.321754015241	9
1	1139	39725.896296267997	8
1	1160	40101.440791345392	9
1	1162	40121.935303664957	8
1	1169	40374.589382866067	9
1	1181	40628.424556932603	10
1	1183	40715.185474976565	9
1	1190	40838.773621180696	10
1	1194	40889.31822989807	11
1	1204	41361.18222008199	10
1	1215	41712.290905797524	11
1	1217	41805.303911901678	10
1	1228	42112.42826525793	11
1	1234	42711.127848324557	10
1	1241	43064.711891514848	9
1	1248	43165.035012669122	10
1	1252	43219.272534930749	11
1	1270	43556.316482394194	12
1	1272	43766.583260378991	11
1	1279	43928.772311815663	12
1	1283	43940.963475263869	13
1	1293	44572.079977346252	12
1	1300	44795.091989459141	13
1	1306	45184.660029753303	14
1	1308	45278.575214435946	13
1	1313	45403.681310421978	12
1	1324	45457.698852652355	13
1	1332	45612.125618240988	14
1	1336	45792.392507539733	15
1	1344	46012.879426448798	16
1	1362	46751.525992229249	15
1	1371	46825.022019825137	16
1	1373	46886.546033133944	15
1	1380	47150.745882959707	16
1	1392	47456.726844168461	17
1	1394	47579.976893288275	16
1	1399	47695.884727406915	15
1	1406	47998.312661244727	16
1	1420	48274.538685499884	17
1	1424	48300.950497695847	18
1	1428	48503.941787890758	17
1	1435	48591.166687132462	18
1	1437	48730.86884059683	17
1	1450	48933.881938689991	18
1	1458	49154.489052637674	19
1	1460	49229.773959675472	18
1	1481	50113.775447243496	19
1	1483	50374.136325341841	18
1	1492	50744.246622852244	19
1	1494	50854.744914462458	18
1	1515	51654.787487915911	19
1	1519	51738.788882353946	20
1	1523	51851.849463141715	19
1	1528	51956.559708183299	18
1	1541	52641.709591606304	19
1	1545	52787.8511914678	20
1	1555	53487.77799553909	19
1	1560	53623.226977744739	18
1	1571	54007.484281293311	19
1	1587	54264.028529831812	20
1	1595	54605.286641502425	21
1	1601	54776.047400028637	20
1	1606	54916.588016505953	19
1	1617	55424.255401275315	20
1	1625	55773.384590304649	19
1	1634	56028.074670442984	20
1	1640	56414.97400687043	19
1	1647	56418.513261123755	20
1	1649	56669.320279189578	19
1	1660	57039.161558989104	18
1	1675	57204.526601067939	19
1	1681	57388.205523648903	20
1	1683	57780.374488194666	19
1	1698	57996.146824033603	20
1	1706	58599.048440202334	21
1	1708	58691.484353951779	20
1	1715	59197.894018783429	21
1	1719	59357.894834028229	22
1	1721	59419.934483493871	21
1	1726	59490.359509400693	20
1	1737	59598.985833942154	21
1	1743	59911.755919016162	22
1	1747	59939.107541376397	23
1	1751	60101.128447137035	22
1	1768	60381.067843592921	23
1	1772	60438.420696640059	24
1	1778	60756.71403250624	23
1	1789	61128.710842139283	24
1	1793	61158.935986766264	25
1	1799	61745.716651181884	24
1	1806	61945.546269311765	25
1	1812	62059.19949022089	26
1	1818	62336.627680640338	25
1	1825	62635.025683836684	26
1	1833	62940.267204974972	25
1	1842	63188.881146441815	24
1	1849	63270.701904527107	25
1	1859	63990.777087406857	24
1	1870	64195.190045358286	25
1	1872	64372.624488153689	24
1	1883	64503.642742528776	25
1	1885	64766.08809562367	24
1	1892	64877.297134706423	25
1	1902	65281.708310253183	26
1	1904	65455.998257880293	25
1	1915	66065.818952982916	24
1	1928	66453.075178495802	23
1	1935	66508.537409240053	24
1	1943	66760.72245009915	25
1	1957	67265.876895934014	24
1	1964	67584.931382897504	23
1	1973	67959.779928668598	24
1	1983	68155.314193078921	25
1	1997	68634.050601727525	26
1	2001	68885.363403251065	25
1	2006	69083.824085963153	24
1	2013	69113.099163628379	25
1	2021	69706.197550492034	26
1	2023	69710.901973722173	25
1	2032	69938.4004943885	26
1	2040	70501.653716684921	25
1	2049	70731.809358938792	24
1	2058	70753.300103926704	25
1	2064	71065.654429613808	26
1	2074	71413.057061060934	25
1	2083	71694.158492134557	26
1	2095	72229.568804024914	27
1	2099	72398.003156918296	26
1	2106	72554.055032215276	27
1	2108	72742.143727056353	26
1	2129	73306.69049826418	27
1	2135	73539.633833046266	26
1	2144	73646.227144719706	27
1	2150	73814.323880641916	28
1	2158	74403.649563137113	27
1	2167	75008.433813459435	28
1	2171	75133.688167044564	27
1	2176	75159.127125178659	26
1	2187	75247.724813865171	27
1	2199	75662.517505220333	28
1	2209	76107.576343128131	29
1	2211	76434.661270985051	28
1	2222	76822.693395416448	27
1	2229	77235.85384043832	26
1	2236	77242.230884290496	27
1	2248	77786.076462240563	28
1	2258	78108.134247555593	29
1	2260	78269.83196786345	28
1	2269	78636.059112108508	29
1	2271	78783.992178374572	28
1	2280	79066.702666552411	29
1	2284	79133.784970610598	30
1	2296	79678.029751672605	31
1	2298	79839.549885240579	30
1	2303	79860.685696918188	29
1	2310	80007.549614801267	30
1	2324	80515.143213430093	31
1	2326	80595.988456541343	30
1	2331	80933.893541150922	29
1	2346	81559.575247808555	28
1	2353	81670.902270644167	29
1	2361	81867.004742482348	28
1	2368	81923.542982386099	29
1	2378	82400.916970593119	28
1	2389	83009.275665448243	27
1	2394	83170.969738512902	26
1	2401	83218.724504380682	27
1	2411	83340.078274169611	28
1	2421	83742.142076275507	29
1	2425	83863.831641534018	30
1	2427	84018.976255412816	29
1	2436	84126.789859027798	28
1	2445	84420.073127457547	29
1	2451	84680.775701440542	28
1	2460	84914.178980921591	27
1	2473	85387.503972730795	28
1	2483	85823.631362290728	29
1	2491	86161.384393339648	28
1	2496	86166.997957096631	27
1	2503	86198.681517361859	28
1	2515	87160.840551450113	29
1	2519	87226.773849362183	30
1	2523	87443.60285185949	31
1	2525	87530.753820370554	30
1	2530	87553.59751195387	29
1	2537	88102.283213296581	30
1	2551	88403.28495980208	31
1	2555	88847.315680533319	30
1	2560	88966.794856309155	29
1	2569	89122.710885933797	30
1	2585	89567.531308903962	29
1	2592	89958.333058925022	30
1	2596	90103.163721810291	29
1	2605	90331.243246057674	28
1	2618	90498.551296859245	29
1	2630	90735.219247999797	28
1	2645	91190.75392589872	29
1	2649	91462.446414092232	30
1	2651	91499.915930758834	29
1	2664	92121.738337061565	30
1	2670	92379.43973627613	29
1	2681	92489.416198141139	30
1	2683	92509.965763305918	29
1	2690	92692.459211246718	30
1	2694	92899.877948395174	31
1	2710	93685.243721778701	30
1	2715	93738.090651183993	29
1	2728	94256.000568465937	30
1	2732	94269.482396698754	31
1	2742	94949.527840902702	30
1	2749	95280.529125786584	31
1	2753	95354.661128555621	30
1	2764	95444.015505844403	31
1	2772	95833.696739859552	30
1	2779	96106.806624391723	31
1	2783	96107.64996655957	32
1	2789	96285.815803890313	31
1	2800	96603.672838925581	32
1	2804	96829.962781974721	33
1	2812	97065.5193996776	32
1	2817	97390.250512184248	31
1	2824	97392.674005487609	32
1	2826	97725.278641774516	31
1	2837	97798.489056385319	32
1	2845	98254.479322405205	31
1	2856	98413.794905270647	30
1	2863	98424.414559164691	31
1	2871	98876.814788549404	32
1	2873	98931.667794799105	31
1	2882	99052.028333728399	30
1	2889	99189.462157867114	31
1	2901	99707.703937075297	32
1	2907	99997.110581406999	33
1	2909	100025.136509518743	32
1	2918	100077.84734704272	33
1	2922	100592.292041524511	32
1	2929	100692.742147119391	33
1	2933	100890.835782072704	34
1	2947	101252.415780322301	35
1	2949	101506.141590948414	34
1	2956	101530.06896563546	35
1	2958	101643.242471869708	34
1	2971	102091.023663773399	35
1	2983	102341.689769336629	36
1	2985	102393.648301714297	35
1	2994	102983.654673255246	36
1	2996	103097.504247482539	35
1	3007	103506.147131479542	34
1	3016	103786.582154677856	35
1	3030	104144.408349997561	36
1	3032	104430.118801619123	35
1	3039	104627.979394241433	36
1	3041	104664.479479323746	35
1	3056	105100.298708574522	36
1	3074	106035.167055173974	37
1	3076	106055.426730625005	36
1	3081	106074.493080300476	35
1	3092	106779.430809775043	36
1	3106	107348.977604068081	37
1	3110	107503.50918172826	36
1	3117	107585.210552511003	35
1	3124	107714.173901125054	36
1	3128	108002.253760257412	37
1	3134	108212.133670660865	36
1	3143	108291.927807747583	37
1	3157	108717.443893104465	36
1	3176	109415.080641926874	37
1	3180	109773.313218846183	38
1	3186	109851.916646042105	37
1	3195	110114.532670052399	38
1	3197	110335.437232348741	37
1	3204	110359.823159025659	38
1	3218	110668.684171558966	39
1	3222	110811.94073479363	38
1	3231	111120.677777721744	39
1	3239	111363.688114778747	40
1	3243	111589.933656677277	39
1	3248	111610.499936665606	38
1	3259	111791.544572978478	39
1	3275	112421.674456884758	38
1	3284	112455.109366336514	39
1	3288	112692.12193780319	40
1	3290	112709.292355661478	39
1	3301	113282.962151439537	40
1	3309	113616.373740760283	39
1	3316	113834.448655552428	40
1	3320	113898.989789308657	41
1	3328	114147.919403249075	42
1	3332	114300.248568372067	41
1	3339	114505.684081546228	42
1	3349	115294.933352525951	41
1	3358	115488.502096987527	42
1	3362	115553.486799047937	43
1	3368	115973.185734522726	42
1	3377	116414.288898491909	43
1	3387	116966.753454981046	42
1	3394	117091.852122256209	43
1	3398	117153.525314412277	44
1	3406	117370.392257878234	45
1	3408	117410.194633991655	44
1	3427	117884.159537448745	45
1	3435	118378.878563148575	44
1	3442	118391.00827914403	45
1	3446	118659.781423916307	44
1	3453	118675.526603019994	45
1	3459	118808.491485872915	46
1	3463	118994.001318185788	47
1	3469	119256.669685393246	46
1	3488	119824.15945288693	47
1	3492	119945.742086488428	46
1	3497	120007.087471575674	45
1	3504	120132.808952561778	46
1	3522	120399.026898934704	47
1	3526	120767.469436181384	46
1	3537	121128.735884027234	47
1	3543	121263.102239609894	46
1	3550	121319.5553937249	47
1	3556	121573.639975459925	48
1	3558	121593.346403781	47
1	3569	122054.468575396773	46
1	3584	122722.584381447784	47
1	3592	122900.640284835559	48
1	3594	123164.357993732813	47
1	3601	123439.017345092457	48
1	3609	123720.013602252316	47
1	3616	124125.568580301158	48
1	3624	124329.580456753868	47
1	3629	124668.261297677841	46
1	3638	124812.237676689081	47
1	3646	124943.526604815584	48
1	3648	125061.959317279655	47
1	3659	125580.662332782202	48
1	3663	125590.784732110065	49
1	3673	125972.263158715528	50
1	3677	126056.37579980978	49
1	3684	126579.959342525947	48
1	3699	126962.46952620303	49
1	3707	127115.96371900962	50
1	3709	127124.6879654538	49
1	3720	127392.063904076082	50
1	3722	127556.903800675321	49
1	3731	127678.621990801447	50
1	3743	127989.455862219643	49
1	3760	128404.379169500632	50
1	3768	128791.994034915429	49
1	3773	128802.350361849788	48
1	3782	129251.603158013576	49
1	3792	129695.641211764568	50
1	3798	129805.62887240873	49
1	3805	129824.596245444579	50
1	3807	129900.811284957129	49
1	3826	131066.045642203851	50
1	3830	131066.188388140553	51
1	3832	131185.251603561652	50
1	3837	131225.722900172371	49
1	3858	132013.085863822752	50
1	3862	132023.536827943487	51
1	3864	132069.322966586066	50
1	3873	132479.002953609127	49
1	3886	133427.709403419548	50
1	3888	133493.491961850984	49
1	3895	133533.854306377146	48
1	3904	133694.678411900265	49
1	3916	134141.592262545276	48
1	3933	134745.781837934309	49
1	3937	134893.623092628284	48
1	3942	134899.71049688724	47
1	3953	135197.855681597454	48
1	3967	135545.402314895445	49
1	3969	135655.9385716051	48
1	3976	135783.003391071422	49
1	3978	135798.388718673635	48
1	3985	136151.86900750702	49
1	3989	136188.026029139025	50
1	4001	136484.944117730159	49
1	4012	136769.670573619394	48
1	4019	137259.146171405179	49
1	4023	137351.792522417062	50
1	4035	137654.931355835551	51
1	4041	138045.342157715613	52
1	4043	138078.463474353451	51
1	4048	138186.986580004184	50
1	4063	138604.73110873924	51
1	4073	138896.00968562966	52
1	4079	139103.136148161454	53
1	4083	139137.09905778026	54
1	4087	139396.282300473803	55
1	4089	139541.678361231137	54
1	4098	139766.604158028229	53
1	4107	140470.076785727603	54
1	4117	140595.037096726908	53
1	4124	140994.079891787523	54
1	4126	141055.500398678381	53
1	4135	141259.057685655742	52
1	4146	141618.49808719681	53
1	4150	141677.537009017223	54
1	4156	141832.370969196457	53
1	4167	142241.48322471158	54
1	4171	142437.285859666034	53
1	4178	142929.95600004421	54
1	4182	143136.281753005141	55
1	4194	143511.989971464175	54
1	4203	143620.329023794884	55
1	4205	143860.794825067013	54
1	4216	144122.061054713292	55
1	4228	144614.284141370708	56
1	4232	145019.126329689487	55
1	4237	145179.126906301502	54
1	4250	145412.381130873425	55
1	4260	146077.954699797232	54
1	4267	146187.7756819964	55
1	4271	146246.072891379907	54
1	4280	146360.507638982697	55
1	4286	146582.54565891778	56
1	4290	146718.364233344062	57
1	4298	146817.50043680859	56
1	4309	147244.710617556437	57
1	4313	147435.779899255986	58
1	4321	147723.194133878886	57
1	4330	148267.771840784375	56
1	4345	148608.971879416759	57
1	4349	148752.621361880764	58
1	4357	148918.366688424404	59
1	4361	149336.953194641709	58
1	4368	149552.56734681284	59
1	4372	149715.64357072787	60
1	4378	149826.438419045563	61
1	4380	149856.614590808426	60
1	4391	150176.880002661809	61
1	4393	150464.853638605823	60
1	4404	150740.992958915621	59
1	4419	151231.390634113605	60
1	4433	151611.377765580281	61
1	4443	152040.057888878187	60
1	4452	152087.128584019109	61
1	4454	152173.393587765485	60
1	4465	152591.230024071093	61
1	4479	153179.104164361223	62
1	4481	153383.487565598652	61
1	4486	153682.676884634098	60
1	4501	154079.455577216312	61
1	4505	154111.920274281557	62
1	4515	154635.522680496475	61
1	4526	155056.876216928676	60
1	4531	155687.645882703042	59
1	4538	155706.298553356584	60
1	4542	155709.043653912112	61
1	4556	156013.426844114121	62
1	4560	156329.450359788925	61
1	4569	156723.897427133894	60
1	4576	156777.719376727208	61
1	4580	156800.440083080586	62
1	4588	157353.505328350902	61
1	4593	157487.099460092983	60
1	4606	157648.112243348416	61
1	4614	158088.624477020666	62
1	4618	158219.852470168522	61
1	4627	158306.407427719996	60
1	4634	158342.424719454404	61
1	4638	158423.306396908328	62
1	4642	158747.228770227786	63
1	4656	159271.409662570483	62
1	4661	159461.694622763634	61
1	4670	159691.814666883703	62
1	4676	159919.204307577774	63
1	4678	159934.577875062502	62
1	4697	160656.773904326573	61
1	4708	160812.803938174303	62
1	4710	160960.089873289368	61
1	4721	161014.10564352499	62
1	4725	161195.939110638257	63
1	4733	161768.65737834686	62
1	4742	162083.654454098698	63
1	4748	162402.309440029464	62
1	4755	162407.900855138168	63
1	4765	162865.522035106287	64
1	4775	163276.734273198262	63
1	4782	163422.24566788381	64
1	4784	163626.899263346247	63
1	4789	163941.147808597625	62
1	4812	164300.623291029797	63
1	4816	164713.714628014393	62
1	4823	164802.017315781877	63
1	4827	164981.777629898545	64
1	4831	165004.328911748917	63
1	4842	165398.40102211313	64
1	4848	165480.65237407541	65
1	4850	165758.366090727241	64
1	4859	165789.786395253293	63
1	4866	165855.328183183131	64
1	4870	165909.125296331212	65
1	4878	166112.924082176444	66
1	4886	166446.06730290657	67
1	4888	166632.775884500907	66
1	4899	166778.484005636737	67
1	4907	167352.356114126421	66
1	4916	167645.557285332737	67
1	4924	168133.072652823494	66
1	4931	168165.003296143577	67
1	4935	168230.094640375731	68
1	4937	168445.65675090035	67
1	4950	168815.496066370664	68
1	4958	169352.570961087213	69
1	4962	169683.272596958296	68
1	4971	169807.63795097327	69
1	4975	170085.750722381897	68
1	4982	170181.658221825228	69
1	5000	170930.368431776033	70
1	5002	171008.614837226661	69
1	5009	171013.4203364045	70
1	5011	171325.962749486469	69
1	5018	171353.071430928276	70
1	5022	171494.619202473817	71
1	5034	172024.11998351073	72
1	5044	172419.76625197308	71
1	5051	172592.5316186689	72
1	5053	172629.221336654999	71
1	5066	172990.483724109099	72
1	5084	173572.701671318767	73
1	5088	173774.459231754037	72
1	5097	174182.105079933272	73
1	5099	174252.931650774234	72
1	5108	174529.975817063508	73
1	5110	174565.285748501512	72
1	5127	175041.644634760187	73
1	5133	175159.601167002378	74
1	5143	175690.961605859601	73
1	5158	176203.909248569666	74
1	5160	176240.837649011257	73
1	5167	176367.595860778556	74
1	5175	176864.33964253144	75
1	5185	177118.287910492771	74
1	5196	177362.510434137343	75
1	5202	177716.553725374135	74
1	5209	177735.005736618504	75
1	5219	178101.618566149531	76
1	5225	178252.111037715539	77
1	5231	178384.236112767516	78
1	5233	178398.992603700288	77
1	5238	178582.242369258049	76
1	5253	179429.711233086154	77
1	5257	179588.055659455451	76
1	5266	179844.089940569565	77
1	5268	179900.133748855122	76
1	5275	179966.729623945116	77
1	5283	180140.085544108615	78
1	5287	180293.849965675938	77
1	5294	180474.921939121245	78
1	5308	180782.62097844822	77
1	5319	180911.011393861531	78
1	5327	181196.73829753624	79
1	5329	181338.542726894113	78
1	5344	182254.041649789753	77
1	5353	182353.279375144898	78
1	5357	182413.850611790286	79
1	5359	182460.836597662099	78
1	5378	183243.938356833219	79
1	5384	183651.791323544138	78
1	5391	183930.429520921054	77
1	5398	183990.945705256628	78
1	5414	184616.720156110504	77
1	5421	184893.932504029631	78
1	5427	185106.780741975847	77
1	5436	185318.890156901645	78
1	5452	185573.661700477505	77
1	5459	185842.538447582367	76
1	5466	186014.26489059782	77
1	5472	186242.256636451611	76
1	5491	186611.902454092371	77
1	5495	186740.320097084361	76
1	5500	186861.406147852221	75
1	5517	187446.121156520414	76
1	5521	187536.434873721766	75
1	5534	187694.073492521107	76
1	5538	187798.227409831861	75
1	5555	188377.548462643492	76
1	5565	188622.214657747805	77
1	5571	189055.272874319613	78
1	5573	189056.829204780253	77
1	5580	189072.523533894884	78
1	5582	189217.890352038348	77
1	5597	190014.465195331404	76
1	5608	190205.445269241201	75
1	5615	190316.702543690073	76
1	5619	190482.501470269323	77
1	5621	190700.473614101911	76
1	5626	190825.438716166856	75
1	5643	191082.518533251452	76
1	5655	191326.073836171687	77
1	5663	191830.612093181968	78
1	5669	192027.186857207882	79
1	5671	192066.347699751759	78
1	5678	192400.148276404681	77
1	5685	192450.858919927538	78
1	5689	192509.033864333498	79
1	5699	193157.448159362802	78
1	5706	193407.058097764122	79
1	5710	193422.527034403444	80
1	5718	193866.139646914991	79
1	5725	194251.555457673648	78
1	5736	194372.554065740871	79
1	5740	194426.940806442559	80
1	5746	194616.402295471373	79
1	5757	194848.971642674566	80
1	5761	194986.724055267143	81
1	5765	195171.136692464033	80
1	5772	195312.308577641117	81
1	5780	195604.352262364388	82
1	5782	195717.902129373717	81
1	5791	195874.429117038118	82
1	5805	196315.535421452688	83
1	5811	196407.078278707028	84
1	5817	196639.999104281569	83
1	5824	197117.812411167863	82
1	5833	197230.954369092048	83
1	5837	197234.561586833762	84
1	5845	197568.392021311129	83
1	5854	197907.330571866797	84
1	5872	198109.641884164573	85
1	5874	198225.336972698251	84
1	5879	198648.705699813756	83
1	5886	198792.046476423012	84
1	5902	199327.480466188551	85
1	5904	199562.280649540218	84
1	5909	199665.683407876322	83
1	5928	200304.80284356253	84
1	5932	200354.649935895265	85
1	5934	200543.621513079533	84
1	5945	201003.833722963201	83
1	5954	201164.008736619414	84
1	5958	201329.30822165651	83
1	5971	201554.966563067602	84
1	5973	201619.986145409959	83
1	5984	201991.809325264455	84
1	5994	202235.034380021709	83
1	6001	202415.522888682054	84
1	6003	202547.515684198269	83
1	6014	202752.621300527514	84
1	6020	203379.377048024589	83
1	6025	203418.02154426204	82
1	6032	203632.476274901689	83
1	6044	203959.026542054177	84
1	6048	203987.502344704436	85
1	6058	204436.1941043005	86
1	6062	204596.681208086405	85
1	6069	204946.163817047754	84
1	6080	205236.35912333356	85
1	6082	205282.8935824495	84
1	6089	205297.124749617339	85
1	6099	205909.576466427804	86
1	6109	206065.629849850403	87
1	6111	206481.389699373076	86
1	6120	206571.1926722035	85
1	6127	206779.378041298748	86
1	6131	207036.55063238895	87
1	6145	207474.45568921944	86
1	6152	207740.366632237302	87
1	6156	207839.432119959653	88
1	6162	207934.271355091799	87
1	6175	208658.535861456454	88
1	6177	208673.624653245527	87
1	6184	208726.221505074965	88
1	6186	208752.999872872288	87
1	6201	209314.554308699131	88
1	6209	209697.185154116916	89
1	6213	209840.781219023893	88
1	6220	209892.441669972301	89
1	6226	210113.983473635482	90
1	6230	210238.021655005608	89
1	6241	210712.48244856453	90
1	6243	210828.55897462895	89
1	6252	210994.942595779168	90
1	6266	211492.14378246075	91
1	6268	211626.518847176079	90
1	6275	211861.166781279872	89
1	6284	211954.566185294854	90
1	6288	211956.040299543799	91
1	6298	212556.354149710069	90
1	6319	212872.137944632829	91
1	6321	212892.757749554906	90
1	6328	213165.458048702837	91
1	6342	213618.799832469987	92
1	6350	213855.649749170671	91
1	6357	213917.133899042071	92
1	6363	214332.157316754777	91
1	6372	214563.18411485033	92
1	6382	215020.203177451361	91
1	6389	215025.714937494756	92
1	6391	215125.100952572803	91
1	6408	215550.750130870999	92
1	6412	215638.670014969277	93
1	6414	215712.509349982459	92
1	6427	216172.410243553723	91
1	6436	216667.041194585357	90
1	6443	216694.335665523278	91
1	6445	216882.292802845741	90
1	6452	216896.389794321419	91
1	6464	217411.026882871259	90
1	6485	218104.914503663051	91
1	6493	218322.740900227488	92
1	6495	218452.605609874854	91
1	6502	218879.171074635554	90
1	6517	219359.127855952511	89
1	6532	219716.763454421628	90
1	6538	219946.370401316942	91
1	6540	220167.882784360293	90
1	6547	220247.899955650473	89
1	6560	220815.716372697819	90
1	6574	221165.542140127779	91
1	6580	221263.120300788114	90
1	6587	221466.105618064496	89
1	6600	221829.464717032076	90
1	6602	221950.357215460072	89
1	6607	222290.21710539909	88
1	6622	222379.017177007366	89
1	6626	222402.952885375978	90
1	6630	222885.032173702176	89
1	6643	223630.120565190185	90
1	6645	223697.41934145769	89
1	6652	223703.825295502009	90
1	6658	223881.276278474572	89
1	6671	224146.769906179669	90
1	6675	224507.53777534442	91
1	6681	224518.563547311033	90
1	6692	225212.588410533238	91
1	6698	225251.632277301717	90
1	6709	225596.870158398214	91
1	6713	225673.582443920578	90
1	6724	225913.586530654896	91
1	6736	226432.391270724739	90
1	6741	226497.491559281218	89
1	6750	226678.705293172661	90
1	6764	227176.997369546126	89
1	6771	227196.693142286707	90
1	6775	227198.695568227831	91
1	6779	227493.20744146562	92
1	6781	227497.114189786109	91
1	6800	228103.103372945655	92
1	6804	228372.368265175883	93
1	6806	228636.508702281545	92
1	6813	228766.492647572625	93
1	6821	229059.939901092712	94
1	6823	229164.733437436837	93
1	6832	229849.129323772769	92
1	6841	229980.416375889647	93
1	6849	230162.468006617594	92
1	6864	230492.424779804115	93
1	6876	230833.370157077181	94
1	6878	231203.416979359146	93
1	6885	231257.066752733354	94
1	6893	231281.589898399281	95
1	6895	231433.864442126099	94
1	6902	231720.020662441122	95
1	6910	232099.196752523687	94
1	6915	232296.607597057913	93
1	6930	232656.930040800635	94
1	6938	232876.133348799514	95
1	6944	233286.265902015996	94
1	6951	233635.734596820239	95
1	6953	233643.917803566177	94
1	6960	233939.533252650563	95
1	6970	234237.438471940962	94
1	6979	234320.767241946625	95
1	6981	234616.563507874702	94
1	6990	234760.6053593822	95
1	7016	235512.460936165619	96
1	7020	235534.638765090768	97
1	7022	235620.685617092271	96
1	7027	235832.634778832701	95
1	7034	235966.749363587861	96
1	7042	236466.832643977572	95
1	7053	236749.774857468176	96
1	7059	237111.532508895938	95
1	7068	237221.436489792233	96
1	7072	237393.843282498104	95
1	7079	237592.428747832048	96
1	7093	238064.316887370927	95
1	7100	238102.146680697072	96
1	7102	238136.374156956767	95
1	7109	238634.403161154752	96
1	7123	238893.628801190918	97
1	7127	239583.733547206243	96
1	7132	239710.370892909972	95
1	7139	239774.589720077086	96
1	7153	240139.118857318228	97
1	7157	240149.168262562919	98
1	7163	240708.729923600016	97
1	7168	240950.054763301482	96
1	7177	241173.230764725869	97
1	7183	241445.026165253687	98
1	7195	241597.85944578207	99
1	7201	242288.651510483792	98
1	7206	242376.837299512384	97
1	7213	242474.201700992155	98
1	7217	242574.416130268638	99
1	7233	243292.058416464989	100
1	7235	243362.352955639047	99
1	7242	243652.042467267876	100
1	7244	243715.295038947111	99
1	7251	243840.691901787388	100
1	7255	244008.378895865445	101
1	7265	244282.82103017873	102
1	7269	244429.275793588924	103
1	7279	244574.699664497439	104
1	7285	244963.882995664346	105
1	7287	245001.713188392726	104
1	7292	245052.735634182787	103
1	7305	245649.348956718725	102
1	7318	245945.17741826332	103
1	7322	245957.412655211258	104
1	7332	246167.258033489084	103
1	7347	246644.558840337825	102
1	7354	246933.837286864614	101
1	7361	246953.857602372038	102
1	7371	247440.142522016231	103
1	7379	247733.940499422347	102
1	7384	248086.31548638424	101
1	7389	248393.082885078361	100
1	7400	248428.438625379669	101
1	7408	248938.021675934699	100
1	7415	248951.715100565616	101
1	7419	249134.002264558541	102
1	7439	249875.698330073824	101
1	7450	250228.001400946843	102
1	7454	250456.273937234346	103
1	7460	250548.231829674599	102
1	7465	250587.243018753102	101
1	7478	250855.865458219516	102
1	7492	251596.944202154147	103
1	7496	251768.880795824548	102
1	7505	252133.740579755668	103
1	7507	252164.13835138051	102
1	7522	252824.067321426439	103
1	7530	252919.377229034176	102
1	7541	253360.504051344161	103
1	7543	253393.666136497317	102
1	7548	253669.386220245829	101
1	7561	253905.533277289634	102
1	7573	254422.691566541067	101
1	7580	254442.542381889391	102
1	7584	254589.518183851307	103
1	7588	254676.452833851485	102
1	7597	255322.021099670994	103
1	7603	255324.417222009248	102
1	7616	255684.203832978075	103
1	7620	255784.153603743447	102
1	7631	255834.592177390325	103
1	7635	256068.889018157189	104
1	7637	256438.926104993767	103
1	7646	256632.244791583781	104
1	7652	256856.552940187661	103
1	7667	257440.75160224663	104
1	7673	257563.924124044983	103
1	7680	257617.510976928494	102
1	7689	257948.410729029839	103
1	7691	258323.644520898557	102
1	7702	258473.434617845027	101
1	7729	258860.938846997189	102
1	7733	259125.97968515681	103
1	7737	259417.081746542518	104
1	7741	259560.934919060415	103
1	7748	259965.663872256148	104
1	7750	260120.66382521732	103
1	7763	260509.350519680625	102
1	7770	260861.949309715693	103
1	7772	260864.293946381344	102
1	7785	261322.266828349996	103
1	7797	261769.385907770758	104
1	7801	261922.084934289774	103
1	7806	262168.291483223124	102
1	7819	262553.686902119983	103
1	7833	263173.256141850417	104
1	7835	263187.510241847171	103
1	7842	263389.714058439454	102
1	7855	264069.449774108101	103
1	7861	264328.629264393507	102
1	7868	264440.087286876207	103
1	7870	264449.401001555121	102
1	7881	264940.984851503437	103
1	7891	265530.430096201284	102
1	7898	265560.032567539876	103
1	7908	265745.166443220545	104
1	7910	265754.638055914289	103
1	7915	266198.852286934538	102
1	7932	266491.276176429561	101
1	7941	266814.507569118608	102
1	7947	267183.898314581876	103
1	7953	267473.645919474981	102
1	7958	267853.40359928055	101
1	7973	268246.456823544269	102
1	7977	268267.113331786562	103
1	7979	268344.284070811442	102
1	7996	269147.158231704701	103
1	7998	269152.077537458076	102
1	8011	269833.075932273334	103
1	8013	269894.836336762852	102
1	8018	269907.715983651264	101
1	8027	270027.762403047849	102
1	8033	270714.346411274439	103
1	8045	270825.642127699426	102
1	8054	271357.609083025922	103
1	8056	271443.254712549655	102
1	8065	271927.629297773561	101
1	8072	272151.405247607893	102
1	8080	272364.88623053508	103
1	8086	272664.750203676207	102
1	8093	272813.060930024108	101
1	8110	273498.322910002639	102
1	8116	273822.398197622663	103
1	8118	273846.244273520691	102
1	8129	273917.11082142519	103
1	8133	274429.465823599344	102
1	8148	275156.44701466865	103
1	8154	275359.158599637134	102
1	8161	275449.206795997193	103
1	8165	275919.695653775401	104
1	8175	276024.929063764608	103
1	8184	276429.443449123969	104
1	8190	276778.243006961106	103
2	0	0	0
3	49	2876.164255411962	2616.4494279027
3	55	3435.039502866232	1870.0355987725
3	87	4234.641047788041	3057.0409849193
3	113	5447.747322814205	3718.5287518038
3	117	5658.919315242397	3796.2555679524
3	153	7038.427734281533	4835.7501525776
3	190	8069.361676347631	5728.1495944635
3	203	8331.193210323939	5852.0497354541
3	211	8741.035510326924	5982.9672622409
3	239	9716.3359907173	6214.0721648735
3	255	10389.994517543542	6889.8514906147
3	281	11102.603980116213	7541.2304569661
3	291	11410.363627585771	7760.0238346842
3	319	12341.864969916309	8454.1496106888
3	340	13222.669213346395	9487.4583224782
3	359	13982.1628505547	9925.6809497786
3	389	14922.696023266429	8924.8613239975
3	398	15005.161665759239	8604.9903852746
3	410	15436.304228566254	8564.7470545382
3	436	16320.64283147421	7529.9217955245
3	440	16394.923686531562	9958.1809656363
3	470	17395.503420494164	10067.646877279
3	496	18117.817892951149	7851.5039515256
3	500	18239.061413693432	7821.4179708966
3	508	18332.606496642942	8051.6474749805
3	521	18848.724770387302	8020.6888840525
3	538	19650.828318881993	8433.1379012353
3	568	20588.443666612397	9228.2244883678
3	592	21501.882812154671	9914.5889710609
3	600	21819.768010750081	10373.58368548
3	619	22209.975475286733	10712.630123062
3	650	23042.04358112738	11370.490173839
3	669	23640.983129227202	11720.049389316
3	688	24654.693452294175	10184.881245924
3	712	25084.483086045091	10378.982217449
3	731	25646.095344181773	11142.371875228
3	748	26018.252532872972	10593.590124523
3	752	26370.338334699352	11344.115266467
3	805	27606.999446227815	11341.797012741
3	839	29158.894477644604	12699.090658921
3	845	29310.055791584033	12090.208426964
3	873	30188.16487180036	12874.918610658
3	877	30338.324789458145	11823.021348928
3	894	30916.844132065032	11315.567787579
3	916	31966.0065527048	12336.209182918
3	926	32212.797866454016	13595.572579844
3	954	33121.857228565219	12769.830949007
3	998	34641.790569591936	14060.846264664
3	1004	34971.32970151231	14975.962499705
3	1034	35659.534171679657	13720.33471584
3	1038	35728.671267281476	14835.90613871
3	1053	36383.212307865922	14381.526987324
3	1071	36995.867808945145	14930.069164799
3	1092	37926.10280579627	15208.79689167
3	1107	38526.521980836656	15865.531083282
3	1117	38787.344102549557	15377.800803055
3	1156	39926.97154707015	14888.815697888
3	1173	40521.977077244972	15266.372294421
3	1177	40541.920519666414	15203.948364698
3	1198	41232.560808136727	15402.109071554
3	1224	41975.531641680007	16336.371913382
3	1232	42367.889781370427	16534.004102097
3	1260	43322.680202682694	16794.070622397
3	1291	44075.492024949942	17496.684495958
3	1328	45490.65698017333	18539.442477503
3	1340	45804.900625785481	18538.070676545
3	1348	46052.683726015692	18895.220493208
3	1384	47154.222998951753	19598.208542471
3	1412	48132.182796930155	19136.727175836
3	1416	48248.965707942512	20142.526413453
3	1446	48921.44790464979	19690.499558976
3	1467	49244.549025825416	20131.270816954
3	1503	51215.231712457916	21374.773678183
3	1507	51420.284311128448	21825.882599294
3	1537	52537.432231853908	22111.381305873
3	1549	52895.111870886426	22300.329588324
3	1575	54082.696581908694	22040.64764923
3	1583	54208.650096272718	21976.676569469
3	1613	55167.810649759736	22126.379517776
3	1621	55452.47511513271	22998.702240794
3	1658	56927.039820952009	23375.707415786
3	1667	57070.991363988451	23099.727298436
3	1702	58355.642473881326	24289.245763472
3	1733	59596.998946237978	25255.010534083
3	1758	60213.050653580246	25123.53992069
3	1764	60374.897957637168	25448.585983704
3	1797	61500.685176262302	25920.622441444
3	1816	62277.159965100892	26644.060208689
3	1829	62645.792977716444	27276.444634989
3	1866	64134.149750284521	26488.080037894
3	1879	64380.635810540659	26516.50475741
3	1911	65466.029991339562	26632.975402549
3	1924	66209.566627123587	27567.667810682
3	1947	66814.847158761366	27114.223045669
3	1951	67055.098631779857	27550.645684921
3	1979	68012.299134626247	28286.151389722
3	1987	68214.051086511134	28331.897780107
3	2036	69983.087868762397	28704.111870113
3	2047	70575.809158021255	29102.203319556
3	2068	71269.734985483481	28544.102675561
3	2072	71326.075366202005	30009.829264122
3	2091	72131.232536714195	30622.934262661
3	2125	73284.286265473077	29970.881845245
3	2133	73375.481649059473	30064.89075035
3	2156	74314.824747114637	30957.463878887
3	2183	75165.399653073071	31133.049958185
3	2193	75423.383583305075	30387.181626442
3	2203	75763.705509283775	31793.476224478
3	2244	77575.410857989649	32118.627315249
3	2288	79199.608364447216	32877.141964607
3	2292	79450.561499455614	33085.25375412
3	2314	80178.786635361283	33596.673236696
3	2340	81252.272373211766	34539.191714501
3	2344	81421.36123363827	34650.450850177
3	2359	81858.444757170239	33471.779008781
3	2376	82262.713355095728	34203.973285645
3	2405	83283.082883169139	33813.828306907
3	2415	83358.269742445285	34570.503073242
3	2507	86716.97001126562	35630.567006775
3	2543	88302.321441403786	36478.32503081
3	2547	88369.263912718414	36791.235939154
3	2575	89324.401007115105	35915.206400826
3	2579	89392.2614887726	37200.537583872
3	2612	90385.929718948573	37152.348009967
3	2622	90569.62500788943	36568.38492215
3	2639	90984.488353829096	36784.201801105
3	2698	92999.491289602265	38502.268863149
3	2702	93060.441122676442	38610.168639301
3	2724	93989.241770512621	39338.352871041
3	2760	95438.477068105386	38600.175207328
3	2770	95757.886564375098	40168.11623407
3	2787	96268.951592407794	40362.509411789
3	2810	96932.378512171294	39798.704493787
3	2833	97753.329478809283	40422.390708416
3	2841	97850.782651488866	39881.114298682
3	2867	98745.450009843008	40758.783257108
3	2880	99031.851702991139	39270.676505118
3	2939	100909.254203177661	40152.269072911
3	2943	101099.316407895845	40127.367572139
3	2967	101951.552415869396	39929.293650497
3	3003	103308.578795452799	40238.611155637
3	3022	104018.569532092334	40892.771399358
3	3068	105575.075233112694	42022.700777073
3	3147	108331.738013119634	41813.681855514
3	3151	108392.078060423629	42183.175881322
3	3155	108567.652641746413	41479.94619944
3	3166	108962.938671689154	42212.62476672
3	3212	110590.910686773446	43110.400714355
3	3255	111744.490535666433	43745.188389826
3	3297	113137.144596008257	44690.567353632
3	3307	113474.111090188112	44893.61630515
3	3324	113948.15371836503	44074.113867306
3	3347	114836.837462575372	46166.844177291
3	3366	115614.558536708029	44864.793410946
3	3417	117452.990964343446	45869.018296502
3	3431	117954.138053448137	47105.578940106
3	3467	119045.613355205592	47323.490530782
3	3476	119299.75077866544	47274.541613857
3	3518	120397.532403897169	47373.960676933
3	3533	120806.1746846486	48035.24607166
3	3565	121775.299301387009	48996.451377364
3	3580	122413.436583298865	49275.138077141
3	3607	123598.830150700781	49863.857329993
3	3620	124156.308447147917	50152.003619598
3	3642	124901.344529809106	50431.24386787
3	3655	125151.162698098656	49866.540652062
3	3669	125920.87754794364	50908.462398626
3	3737	127883.679292415876	50471.120861401
3	3741	127965.7901214596	51249.81532372
3	3756	128258.123253832769	51135.850164671
3	3786	129254.050597268763	51789.014301153
3	3796	129714.34309064151	51660.851806374
3	3816	130324.54004197349	49922.740407228
3	3820	130531.495176392806	51920.270866104
3	3846	131750.501353337628	52697.754580437
3	3850	131774.222795618374	50654.313902496
3	3871	132319.01580494569	50631.264926251
3	3882	132839.415413709033	50885.520985189
3	3910	133930.232474046959	51754.493123718
3	3914	134103.59349083123	51489.511076553
3	3949	135015.89381367867	52582.163841024
3	3957	135212.564261376126	52429.210290953
3	3963	135388.78732129899	52086.436409513
3	3993	136189.027724740702	51770.652913546
3	3999	136437.715581345572	52882.900108401
3	4027	137382.493450967271	51861.562570861
3	4031	137519.09104659894	52430.423755302
3	4057	138331.252306783247	52469.416244645
3	4115	140581.225691053285	54449.91869862
3	4133	141062.3695282519	52578.507635833
3	4142	141572.327149351735	52488.560949067
3	4154	141697.930045069396	52272.503013814
3	4163	142213.578547341425	52655.257268688
3	4188	143244.678011096283	54044.466704669
3	4212	143969.443746721047	53924.435845206
3	4224	144610.291878969609	54409.712978068
3	4246	145396.305928609534	54691.952661373
3	4256	145740.967456269685	55338.078356687
3	4294	146739.002375274166	56436.375443349
3	4305	146912.220234265227	56098.854077389
3	4317	147537.017982732181	56462.856124799
3	4339	148547.021755070626	56981.226945967
3	4387	150079.761223436534	58314.733951944
3	4423	151249.584447284838	57902.157395189
3	4427	151413.098944460243	59130.121179399
3	4471	152742.87494504565	58866.182257404
3	4513	154372.840755870244	60760.742381501
3	4522	154908.885275637409	59599.604421154
3	4552	155933.876604120857	60347.382736817
3	4584	156933.608747848511	60414.651644808
3	4602	157618.38875023616	61137.913144266
3	4610	157950.935396300307	59683.957419254
3	4625	158303.091279358805	61375.525798978
3	4646	158760.209786954538	60623.954450283
3	4650	158784.944327519885	59053.556676608
3	4685	159988.037010484577	59085.77165807
3	4689	160023.765475023217	59992.106492634
3	4695	160629.837500862456	60551.82305689
3	4717	160993.986611801401	58888.854207886
3	4731	161638.675948744318	59862.420936345
3	4759	162696.436897141128	60213.812406631
3	4773	163271.759024085156	60965.73320325
3	4796	164111.817541278169	60630.374716558
3	4804	164230.015319669299	60631.360655613
3	4838	165226.181945316173	60428.842986984
3	4857	165776.993660682083	60919.831047802
3	4874	166081.04091118762	60866.269237518
3	4895	166672.630240292899	61473.216104429
3	4903	167074.384560126082	61804.21291648
3	4920	167681.945866904832	61877.793017927
3	4954	169071.106937573902	61791.439855828
3	4994	170569.597743942605	63251.05495266
3	5028	171869.06781380737	64438.648574693
3	5040	172133.91353414362	64612.581852468
3	5080	173570.567204281368	65292.868812715
3	5117	174693.189592899027	66555.02521038
3	5141	175437.253813498857	66323.14166441
3	5152	175948.560810172611	66800.094608201
3	5200	177458.281017457747	67640.07317623
3	5215	178065.941906773689	68268.560484784
3	5249	179240.060447489116	69146.100653771
3	5298	180508.230966494623	69884.258100376
3	5306	180705.989169950801	69985.731729666
3	5315	180813.897061403521	70399.898370326
3	5323	181079.515564404108	70085.517684943
3	5340	181643.828348440322	70054.668462554
3	5370	182918.6786094282	70529.949932983
3	5374	183221.225845217385	71313.983055585
3	5404	184155.130043541693	70695.310992233
3	5410	184333.478325900825	72222.852036202
3	5440	185414.247493648175	71194.576043671
3	5448	185458.985817171314	73014.550287112
3	5479	186502.370083648393	71017.631882356
3	5483	186531.031545931155	71745.557162624
3	5528	187643.248313981721	70844.184196342
3	5549	188225.702166135627	71301.273704489
3	5559	188466.205909549871	71243.072390476
3	5593	189578.563265194798	72166.076468055
3	5647	191091.545127713734	72889.344449958
3	5659	191454.988396463188	73647.523735193
3	5693	192726.60707014581	74271.397715178
3	5697	192887.376485482993	74160.729628801
3	5714	193597.519583720395	74219.533242445
3	5753	194699.692047720047	75099.111598497
3	5776	195401.923067008349	75735.851176816
3	5815	196618.100409048813	76452.99620199
3	5843	197359.295088676417	77069.289594071
3	5860	197993.80075711498	77759.565220506
3	5868	198028.075889916773	77569.203975345
3	5894	199052.488015868905	77670.815647896
3	5924	200060.518729779551	77665.998757394
3	5943	200958.770405314544	77462.511132349
3	5980	201890.733889795112	77712.582805372
3	5988	202017.673488321918	76003.758452222
3	5992	202188.799374177733	77390.933178484
3	6040	203838.566909103859	77178.241180081
3	6054	204226.066226632947	77091.354280133
3	6076	205153.595565200988	77783.609958365
3	6103	205970.097934936379	78285.04925162
3	6141	207290.590741280148	79676.201484567
3	6160	207871.640219362135	79648.839902533
3	6171	208261.03271460833	80035.794207812
3	6195	209237.805533508975	80767.569214107
3	6237	210641.16954168273	81784.13608995
3	6256	211061.387450766955	82294.06295924
3	6260	211206.51254876485	81046.850901561
3	6305	212557.524752279017	82896.564683986
3	6334	213357.080145720075	81368.028228687
3	6346	213711.222036161665	82270.051467858
3	6376	214725.407331790457	82944.843058523
3	6380	214886.03810821401	81387.442492463
3	6421	215728.12898449568	83026.054267768
3	6434	216260.729916325975	82400.756023728
3	6460	217100.170265370662	82625.93134072
3	6471	217572.192850128953	83041.628461451
3	6481	218000.222656118888	83458.139068412
3	6509	219220.089839901457	84457.356346346
3	6515	219315.593480027486	84644.292301051
3	6528	219667.225765101294	84326.186623262
3	6568	221040.40980713183	84619.613095014
3	6614	222302.073374408911	84048.279936504
3	6618	222321.504244839046	85656.871086007
3	6639	223234.792031149584	85352.137460685
3	6656	223782.307611489351	85368.985743291
3	6667	224015.545324524547	84416.185485704
3	6679	224515.632755604777	85902.385197076
3	6696	225242.206747950668	86288.304009294
3	6730	226141.681183734591	85917.845233348
3	6754	226728.494299081768	83560.07110213
3	6758	226787.637215002644	84371.696872897
3	6792	227643.074182923566	84330.518086233
3	6796	228099.099498872849	84691.958828986
3	6817	228880.527536514829	85336.689260021
3	6860	230471.390667042899	85987.086333105
3	6870	230720.644055213462	85764.558491844
3	6906	231801.88377269512	86464.780075766
3	6922	232329.290088263545	86814.051869176
3	6934	232663.758282528464	86631.490454012
3	6942	232985.559399472233	86789.254589026
3	6964	234208.841061952729	87868.797765769
3	6968	234235.271520558429	87816.552569174
3	6996	234868.736221780685	88093.198044374
3	7008	235280.126792487894	87647.425640081
3	7038	236331.695790297557	88242.605565665
3	7049	236477.351459441391	88336.608771716
3	7083	237900.590686646496	88114.080436397
3	7089	238041.610775533748	89442.24527322
3	7113	238721.764761579429	89549.449182764
3	7119	238828.470017984194	88274.111645015
3	7145	239991.557202739326	89236.003295613
3	7187	241478.243878753541	90054.469621243
3	7191	241552.119668281844	90616.099348491
3	7259	244099.491597227437	92153.385183439
3	7273	244489.039533079809	92514.917940503
3	7299	245296.998167643008	93236.179682898
3	7367	247064.6014096771	94391.425323031
3	7377	247671.243568656241	93961.499486159
3	7396	248408.446264748668	94265.246358105
3	7406	248738.520851982442	94877.331346648
3	7423	249287.235046706369	94319.04570073
3	7435	249672.871654955354	95344.620795544
3	7458	250498.833441126367	94714.203043807
3	7482	251004.870035915842	94553.969588633
3	7486	251022.525595063028	94766.320928417
3	7516	252414.720007225146	94925.034169228
3	7555	253804.179584539702	97316.394142894
3	7565	254018.438322422711	95847.049967074
3	7601	255323.375068052879	95528.54029338
3	7612	255619.364722454606	96392.877868339
3	7650	256710.665535200073	96224.714912943
3	7663	257368.131612331814	96691.631364344
3	7698	258358.522099356375	97078.573963366
3	7709	258507.261429270415	96405.749245778
3	7715	258568.378759117073	96435.548365998
3	7725	258818.970875693171	96845.641014115
3	7757	260250.155542210883	97456.765891103
3	7761	260375.668346192373	97504.2358306
3	7789	261405.467215235962	97283.324046362
3	7851	263687.228877905032	98691.138103201
3	7859	264124.135177358671	98693.731118207
3	7887	265207.760851690231	98833.634820021
3	7922	266228.243865032888	98690.132818186
3	7930	266446.529197115137	98630.278503865
3	7951	267235.92381822618	98427.543225412
3	7967	268024.235697972796	98544.566336932
3	7992	268768.093233413271	98529.342243912
3	8007	269492.585845142289	99515.693809629
3	8039	270775.278190932854	99964.912131444
3	8043	270793.224241358436	100258.3540824
3	8076	272312.609854852466	100326.11897207
3	8084	272427.65274070876	100391.96700117
3	8100	273223.000673036708	100917.52804086
3	8142	274636.151792537106	101823.81324946
3	8152	275293.899377563244	102394.54725494
3	8188	276528.631170948243	103191.59111524
4	138	6438.743000819537	4495.168521206
4	217	8924.278600373903	5574.9530350569
4	353	13840.251243810359	8074.3204588557
4	584	21331.810750772436	10044.690709644
4	660	23517.388477406655	9635.772512653
4	684	24368.692876575183	9958.6711672973
4	782	27039.950832796473	10861.447625226
4	818	28425.893648441139	11510.104067528
4	944	32806.756733040925	13019.582678783
4	1152	39912.139230537828	15722.293584716
4	1266	43547.037484692077	16710.204122317
4	1388	47295.504670999612	19390.525419853
4	1475	49994.529499513697	20430.017003476
4	1638	56160.522508274025	22742.19105765
4	1690	57924.336938354787	23823.402711045
4	1776	60441.024504571415	26047.954121644
4	1857	63816.33052168154	28012.964101188
4	1896	64994.015080237024	27065.836404904
4	2017	69308.237810311509	29400.451008794
4	2220	76801.56249777381	31391.3684508
4	2252	78036.041680881425	31941.714571526
4	2318	80353.213614278669	33736.227492888
4	2434	84112.15669983965	35122.467688392
4	2449	84569.118884631629	35521.962724554
4	2458	84900.976041629582	34926.626923962
4	2469	85206.187670584439	34780.92368355
4	2477	85434.363920145864	35387.281964426
4	2511	86994.504474044973	35509.675577824
4	2626	90613.275152286187	36860.642399253
4	2677	92453.930418900818	38305.829111242
4	2736	94374.398242756397	39602.246505141
4	2854	98410.630782923858	41225.189529579
4	2893	99614.857952294137	39333.746177777
4	2897	99680.416775075392	39649.509597747
4	2977	102128.962126299412	39332.040393919
4	3026	104046.059872738282	40257.985151236
4	3048	104714.159014529745	39434.252002204
4	3088	106672.917643764253	40711.153172277
4	3096	106942.36002793503	40527.561586767
4	3235	111276.340661551476	44067.087222633
4	3267	112226.770254939061	43941.12954708
4	3273	112412.885045613767	44570.360348848
4	3381	116495.292942539986	46133.70842117
4	3508	120147.509299441846	47822.665509561
4	3541	121135.437699528086	48024.422070802
4	3588	122763.634920676437	49200.900455682
4	3695	126941.146365774062	51307.100928258
4	3703	127086.906356168586	51183.193065055
4	4069	138634.938589257388	52619.445112281
4	4111	140501.144140632499	52382.453703151
4	4353	148878.861540238981	56978.380301141
4	4402	150665.287860650246	58486.559567461
4	4475	152832.765219034305	59569.809611925
4	4497	153938.556176169977	59117.389689423
4	4546	155779.357194441572	61381.751808881
4	4808	164254.434736573339	60268.515153758
4	4946	168811.751910231279	63249.618808479
4	4988	170489.722878653235	63241.589540371
4	5072	173308.735665275919	65252.697402308
4	5121	174719.525906359457	65901.341306446
4	5179	176994.274682884308	67739.550815862
4	5245	179234.789084400662	68851.363084912
4	5487	186547.719961327705	72013.694800616
4	5509	187157.543222519773	71112.998779792
4	5604	190015.649475881102	72795.540651424
4	5635	190936.827993045764	73277.717556079
4	5639	190967.521837968061	73320.82549686
4	5744	194610.657063051739	75031.868416605
4	5801	196066.097327377329	76214.401034897
4	5890	198978.971086069623	77037.679761057
4	5916	199860.323786565306	77775.522879732
4	6010	202653.745520754921	76206.664813058
4	6018	203330.817410740682	77517.494576329
4	6095	205746.341884527037	78960.734756171
4	6137	207085.913171644528	79030.847177616
4	6205	209537.938577057476	80933.045899267
4	6313	212728.455869443397	81707.065991159
4	6402	215281.452300611157	81736.03248383
4	6475	217690.511019164378	83105.528509265
4	6578	221173.518408583159	84675.345990959
4	6594	221531.5603966449	84777.962506343
4	6720	225698.240523978341	86063.125013932
4	6845	229982.984163544345	85860.221024728
4	7057	236835.127316738684	88467.308932697
4	7149	240092.744678936174	89110.211927968
4	7225	243020.808103056309	91805.611964338
4	7229	243212.784896704575	91493.330629501
4	7314	245890.023427956945	93907.704593206
4	7326	245986.363813224864	93396.000013045
4	7345	246541.906296310222	94181.34078111
4	7528	252845.512910838855	95725.496565963
4	7569	254148.285464911929	95084.11173031
4	7627	255809.064496753014	96130.61488789
4	7671	257562.654247609584	96887.754388011
4	7781	260955.756393854713	97753.117478757
4	7815	262517.940034053495	98346.877347104
4	7825	262923.697594459786	98562.482954094
4	7877	264915.008694731838	97726.130486227
4	7926	266267.378942500485	100083.93389596
4	7986	268670.165699049516	98877.641024587
4	8063	271713.966904922596	100141.0895816
4	8106	273490.66694156008	100636.30713903
4	8169	275953.556202444864	102705.62691908

