version 2
run Iteration-62-20200521-09:54:33-70472
attr configname Iteration
attr datetime 20200521-09:54:33
attr experiment Iteration
attr inifile omnetpp.ini
attr iterationvars "$i=6, $j=8, $0=15-(6+8)"
attr iterationvarsf i=6,j=8,15-(6+8)-
attr measurement "$i=6, $j=8, $0=15-(6+8)"
attr network Network
attr processid 70472
attr repetition 0
attr replication #0
attr resultdir results
attr runnumber 62
attr seedset 62
itervar i 6
itervar j 8
param **.resourcePool.amount 6
param **.resourcePool1.amount 8
param **.resourcePool2.amount 15-(6+8)
param **.source.interArrivalTime exponential(6min)
param **.delay.delay uniform(4min,28min)
param **.delay1.delay uniform(10min,28min)
param **.delay2.delay uniform(4min,16min)
param **.allocate.resourceModuleName "\"Network.resourcePool\""
param **.allocate1.resourceModuleName "\"Network.resourcePool1\""
param **.allocate2.resourceModuleName "\"Network.resourcePool2\""
param **.deallocate.resourceModuleName "\"Network.resourcePool\""
param **.deallocate1.resourceModuleName "\"Network.resourcePool1\""
param **.deallocate2.resourceModuleName "\"Network.resourcePool2\""
param **.router.randomGateIndex "uniform(0, 1) > 0.2 ? 0 : 1"

vector 0 Network.allocate queueLength:vector ETV
attr interpolationmode sample-hold
attr title "queue length, vector"
vector 1 Network.allocate1 queueLength:vector ETV
attr interpolationmode sample-hold
attr title "queue length, vector"
vector 2 Network.allocate2 queueLength:vector ETV
attr interpolationmode sample-hold
attr title "queue length, vector"
vector 3 Network.sinkStat lifeTime:vector ETV
attr interpolationmode none
attr title "lifetime of arrived jobs, vector"
attr unit s
vector 4 Network.sink lifeTime:vector ETV
attr interpolationmode none
attr title "lifetime of arrived jobs, vector"
attr unit s
0	0	0	0
0	1312	35502.763985529917	1
0	1314	35523.010181217711	0
0	1544	41315.515700761969	1
0	1546	41337.893353879863	0
0	1551	41404.594409455577	1
0	1553	41442.482685589456	0
0	2061	54276.103116304644	1
0	2066	54374.354621674699	2
0	2068	54446.568999579007	1
0	2081	54670.747832738455	0
0	3235	85100.580351235348	1
0	3237	85151.467414110388	0
0	3242	85187.231409836453	1
0	3247	85356.463433830838	0
0	3402	89619.323892786676	1
0	3404	89712.421991507945	0
0	3420	90128.764843804602	1
0	3422	90298.008228470802	2
0	3424	90320.851087462212	1
0	3432	90404.677885854942	0
0	3437	90417.087133746413	1
0	3439	90498.682460114984	0
0	3511	91538.501532155634	1
0	3521	92025.922052424025	0
0	3526	92026.008680895393	1
0	3531	92047.583140703244	0
0	5780	157385.116189388762	1
0	5790	157809.59314464699	0
0	6148	167908.918358123773	1
0	6150	167996.136197342842	0
0	6175	168339.938402558586	1
0	6177	168540.491049683666	0
0	6492	177335.394931879461	1
0	6494	177337.112958993129	2
0	6496	177426.921732691141	3
0	6501	177557.616185469252	4
0	6503	177624.934532991303	3
0	6519	177912.097016038482	2
0	6524	177993.804388208939	1
0	6529	178025.851506845463	0
0	7333	198985.509739253957	1
0	7335	198987.100661560273	0
0	7343	199050.421722672265	1
0	7350	199278.667129557955	2
0	7352	199291.149947353778	1
0	7357	199348.238258040821	0
0	8286	224845.195199405052	1
0	8288	224860.987209049145	2
0	8290	224879.057997125018	3
0	8292	224897.446602179302	2
0	8297	224911.830206373172	1
0	8307	225167.308526734	0
0	8312	225262.230558029969	1
0	8314	225307.90705642661	0
0	8442	228285.232961929555	1
0	8444	228371.490111482841	0
0	8744	236634.645554973824	1
0	8751	236823.243815891026	0
0	8766	237115.074848150707	1
0	8771	237178.898105287277	0
0	8776	237278.890784719898	1
0	8781	237380.101494277432	0
0	9150	246954.735930544259	1
0	9152	246967.406936611017	0
0	9162	247123.750773005192	1
0	9167	247263.072460932064	0
0	9172	247320.477564301762	1
0	9177	247578.328348747451	0
0	9875	266209.350138753731	1
0	9885	266466.706255271441	0
0	10179	272577.443968144829	1
0	10181	272631.98887986348	0
0	10338	276016.509368716934	1
0	10340	276036.049641710219	0
0	10362	276743.146310981269	1
0	10369	276769.884984134956	0
1	0	0	0
1	611	16925.107796063476	1
1	613	16974.878202191226	0
1	1171	32364.610712299457	1
1	1173	32424.132332728405	0
1	1181	32603.109979475318	1
1	1183	32617.66515099977	0
1	2107	54983.546758093543	1
1	2109	54989.737784309314	0
1	7248	196250.771379997164	1
1	7250	196431.943581650899	0
1	8482	228985.798368785178	1
1	8484	229174.810202397128	0
1	8816	238193.848077721475	1
1	8821	238326.96725065033	0
2	0	0	0
2	63	2381.224467123047	1
2	66	2514.003596332498	2
2	69	2658.397209913713	3
2	75	3100.343300507666	4
2	78	3125.790587635426	5
2	80	3156.227464072955	4
2	93	3388.346463508496	5
2	96	3483.542871329396	6
2	105	3916.02603136803	5
2	117	4239.620574202983	6
2	119	4317.645169992549	5
2	138	5070.843439785976	6
2	140	5197.820253775073	5
2	153	5545.304521240843	4
2	179	6179.026546303732	3
2	185	6179.977358378964	4
2	191	6217.0487509526	5
2	200	6492.840883911205	4
2	220	6628.492584189384	5
2	234	6934.342250320949	6
2	237	7011.845989979874	7
2	240	7132.956447082433	8
2	249	7436.802408911837	7
2	259	7486.160064944748	8
2	262	7506.523365764772	9
2	265	7510.463837221437	10
2	275	7777.510779478637	11
2	288	7993.816219612924	12
2	291	7998.760852712381	13
2	293	8049.49579744841	12
2	303	8332.000491269968	13
2	309	8454.472495551399	14
2	314	8569.151723415209	13
2	324	9244.072907378877	14
2	327	9271.663534629923	15
2	329	9366.433902022047	14
2	359	10058.169544891073	13
2	365	10302.957969084993	14
2	371	10558.252944082572	13
2	377	10575.337852979732	14
2	384	10698.431130626338	15
2	387	10730.49265590602	16
2	389	10939.047849283173	15
2	398	11283.217440103126	16
2	400	11346.261585236146	15
2	409	11499.748340687195	16
2	418	11823.047617491113	17
2	435	12299.933821999087	16
2	451	12811.707575206705	17
2	462	13018.925473774336	18
2	464	13067.161880445286	17
2	474	13259.243757345644	18
2	479	13593.507255644157	17
2	489	13705.563061689914	18
2	498	13960.112600745996	19
2	504	14204.392629107173	20
2	506	14403.835762266621	19
2	515	14660.556426888755	20
2	521	14717.023006870725	21
2	527	15136.541156929538	20
2	539	15472.101949874863	19
2	584	16079.101135896371	20
2	586	16086.322333582297	19
2	596	16480.589819976578	20
2	605	16835.183316704437	19
2	615	16974.878202191226	20
2	621	16991.827397206489	21
2	627	17162.699554681546	22
2	630	17188.921898102951	23
2	633	17238.320638243376	24
2	644	17485.260414080131	25
2	647	17526.298621789829	26
2	650	17635.964836253457	27
2	652	17746.2125736406	26
2	658	17905.705565502054	27
2	667	18028.872306544885	26
2	673	18049.623869605426	27
2	676	18204.658021528066	28
2	679	18743.60455276603	29
2	684	18945.31305813472	28
2	689	19253.760028623596	27
2	713	19621.657048978463	26
2	719	20126.375406221868	27
2	739	20520.509996817068	26
2	752	20858.914782370945	27
2	773	21083.148031898395	26
2	785	21498.948112011508	25
2	791	21623.465033061582	26
2	794	21950.797040250729	27
2	797	22033.976793350311	28
2	800	22037.995014755161	29
2	802	22152.777975269214	28
2	812	22187.820733678255	29
2	815	22242.269584125648	30
2	822	22459.804547447645	31
2	825	22733.779532533142	32
2	830	22879.182997413532	31
2	836	23042.075990869746	32
2	838	23316.580379747407	31
2	854	23743.975824707127	32
2	856	23900.59746000226	31
2	867	24254.848385092424	30
2	884	24903.399388261692	29
2	893	25094.64492583194	30
2	896	25119.160513189634	31
2	901	25199.711369921075	30
2	915	25699.729254342764	31
2	920	25892.209826328413	30
2	926	26079.022819090996	31
2	933	26310.029105506143	32
2	938	26447.432017505722	31
2	950	26781.67671016659	30
2	962	27096.767425565807	31
2	969	27405.087445045318	32
2	971	27466.180289231794	31
2	994	28163.216363449184	32
2	1008	28292.182336200582	31
2	1020	28809.38044085906	32
2	1023	28862.693412196422	33
2	1030	28901.328780815571	34
2	1036	29054.510079745757	33
2	1042	29450.878387992112	34
2	1047	29565.544390671509	33
2	1053	29712.806352619243	34
2	1056	29771.592183469733	35
2	1069	30102.861578383106	34
2	1075	30130.383469968137	35
2	1087	30534.245492512772	36
2	1092	30897.87783569898	35
2	1112	31322.787530406397	36
2	1139	31569.371097429154	37
2	1142	31705.054565797029	38
2	1144	31783.172128622043	37
2	1157	32186.540825415957	36
2	1175	32424.132332728405	37
2	1185	32617.66515099977	38
2	1188	32687.946792140056	39
2	1190	32783.229981542188	38
2	1199	32957.083302985598	39
2	1209	33189.077059593701	40
2	1216	33411.830119187341	41
2	1219	33447.628099010299	42
2	1227	33724.050975062508	41
2	1233	33806.565422028792	42
2	1239	33891.961924760763	43
2	1249	34011.716309377735	44
2	1259	34199.177199737847	45
2	1265	34406.113466483165	44
2	1277	34623.223796163437	45
2	1279	34748.891983975281	44
2	1288	35107.849522760476	45
2	1290	35112.040305317004	44
2	1296	35277.346864372135	45
2	1335	35796.798665126248	46
2	1341	35982.15780216511	45
2	1353	36624.32500430585	46
2	1356	36628.430580399975	47
2	1358	36797.902852532078	46
2	1364	36801.51890910748	47
2	1370	36936.489682126441	48
2	1373	36943.64759130962	49
2	1384	37063.830185481988	50
2	1387	37134.9320008897	51
2	1400	37475.813064959456	50
2	1410	37671.576564485172	51
2	1416	38078.20293699633	50
2	1422	38140.039489493962	51
2	1432	38510.795317908343	52
2	1435	38588.450826667553	53
2	1438	38775.771440637055	54
2	1440	38788.061681625057	53
2	1452	39159.563720337393	54
2	1459	39473.873095954652	55
2	1464	39748.041849874515	54
2	1486	40204.157289669473	53
2	1492	40350.320412374379	54
2	1509	40756.448848319746	55
2	1518	40854.87263032477	54
2	1534	41020.61434406525	55
2	1536	41131.373824079145	54
2	1563	41597.921213814266	55
2	1573	41890.49717728461	56
2	1579	41909.217860784937	55
2	1585	41917.312671315328	56
2	1588	42076.145249682703	57
2	1595	42234.622287356159	58
2	1598	42321.73662675772	59
2	1604	42571.561744113077	58
2	1626	42770.101539684352	59
2	1629	42807.732017089837	60
2	1635	42824.884811399916	61
2	1653	43275.12573198387	62
2	1656	43304.440316245783	63
2	1658	43328.213462487419	62
2	1664	43354.258132961177	63
2	1688	43860.659205757637	62
2	1694	43975.980264795537	63
2	1697	44093.718898109575	64
2	1706	44453.462009006199	65
2	1712	44496.381697657497	66
2	1717	44585.202637885321	65
2	1731	44798.845432104792	66
2	1734	44799.912118598468	67
2	1752	45370.847969322379	68
2	1754	45437.557972979356	67
2	1760	45500.243521526475	68
2	1763	45532.176764001829	69
2	1770	45945.831064362912	70
2	1772	46228.455739088912	69
2	1781	46472.622988664169	68
2	1787	46475.371757215679	69
2	1790	46580.080369238966	70
2	1796	46942.767015575104	71
2	1804	47245.063956540633	70
2	1810	47330.093229119749	71
2	1823	47966.111227788586	70
2	1832	48503.370970964987	69
2	1841	48691.180414316317	70
2	1844	48787.663331089944	71
2	1846	48803.480336472947	70
2	1861	49227.104300421286	69
2	1884	49833.000770792086	70
2	1886	50120.692208085764	69
2	1895	50292.412781920887	70
2	1898	50297.572095188758	71
2	1905	50451.094901486397	72
2	1907	50565.66811382081	71
2	1912	50950.534780949909	70
2	1918	50969.133763304325	71
2	1946	51572.252833035398	70
2	1955	51889.224254856947	71
2	1961	52007.041250393084	72
2	1966	52267.681729022968	71
2	1976	52368.032428946315	72
2	1983	52469.275171464692	73
2	1992	52957.856351223398	72
2	1998	52965.838628300313	73
2	2004	53240.509674829123	74
2	2020	53548.538156917238	75
2	2023	53584.717264529826	76
2	2032	53638.676611234058	75
2	2064	54374.052985408245	76
2	2073	54583.66701283734	75
2	2079	54588.167472584844	76
2	2101	54973.377729666044	75
2	2111	54989.737784309314	76
2	2114	55062.485090911543	77
2	2123	55479.163008024747	78
2	2126	55577.506237937303	79
2	2128	55649.783539169093	78
2	2134	55664.003620796173	79
2	2154	56101.415323105266	78
2	2160	56257.080094971355	79
2	2163	56300.190974448557	80
2	2170	56489.684780612419	81
2	2176	56596.618242772297	82
2	2179	56611.164748485308	83
2	2185	56829.528156512042	82
2	2194	56843.511945371177	83
2	2200	56986.39286348301	84
2	2203	57072.876870918479	85
2	2217	57273.882255286535	84
2	2236	57697.841170049341	85
2	2251	58089.989663709512	84
2	2265	58190.156974540552	85
2	2272	58422.091128810576	86
2	2275	58451.345851555388	87
2	2278	58497.119118894669	88
2	2301	58786.066128322376	89
2	2307	59047.477913771382	88
2	2320	59236.910905019843	89
2	2323	59263.08115627116	90
2	2326	59282.428530796701	91
2	2335	59396.589036558381	90
2	2345	59966.723528610702	91
2	2348	59992.321231867915	92
2	2351	60027.265301364927	93
2	2354	60118.71142966665	94
2	2364	60288.610565171203	93
2	2370	60554.089190929562	94
2	2376	60893.638939627072	93
2	2385	61092.204116547589	94
2	2388	61267.490637541206	95
2	2391	61423.436968516297	96
2	2393	61498.342500918171	95
2	2399	61568.984263975801	96
2	2408	62042.008834101817	95
2	2418	62308.563574899006	96
2	2420	62358.869152974895	95
2	2431	62892.59447506871	94
2	2439	63607.507371523044	93
2	2454	63847.195007191374	94
2	2460	64312.598600771836	93
2	2480	64830.006618492863	92
2	2500	65008.006203839177	93
2	2503	65198.347373750161	94
2	2505	65309.372343060187	93
2	2518	65575.72629888784	92
2	2524	65638.767927843277	93
2	2530	65872.963422952607	94
2	2533	65945.843695166203	95
2	2536	65950.110448429091	96
2	2542	66057.501614086887	95
2	2551	66322.256186690199	96
2	2560	66768.336097740194	95
2	2573	67092.938397262617	96
2	2579	67098.507807597008	97
2	2585	67155.419387792042	98
2	2595	67648.152098443916	97
2	2601	67765.279486171987	98
2	2613	68079.427319590559	97
2	2619	68250.332616261888	98
2	2622	68392.672622008313	99
2	2627	68400.944119778087	98
2	2648	69070.344462324447	99
2	2650	69139.552802008202	98
2	2656	69341.115866547379	99
2	2658	69445.877887338957	98
2	2671	69710.966564464472	99
2	2678	70103.323292407189	100
2	2680	70268.416777507028	99
2	2693	71011.748808637881	100
2	2695	71221.670381792447	99
2	2701	71331.492687056314	100
2	2712	71655.720934898219	99
2	2733	72234.576444072866	100
2	2735	72425.742159143648	99
2	2745	72605.882098674042	100
2	2748	72846.540759657361	101
2	2763	73275.699271813593	100
2	2775	73699.347713543698	101
2	2781	73932.582105908213	102
2	2791	74183.224083699844	101
2	2807	74566.965877040462	102
2	2817	74749.602379120846	103
2	2819	74758.613086969218	102
2	2840	75177.584196127382	103
2	2849	75519.463236436806	102
2	2855	75531.212209340609	103
2	2858	75666.875888364815	104
2	2860	75809.805791948549	103
2	2870	75980.061135929747	104
2	2892	76172.394463101932	105
2	2895	76208.467218143131	106
2	2902	76361.063384230928	107
2	2908	76574.855502725206	106
2	2924	76808.790073326097	107
2	2941	77341.869243115745	106
2	2947	77428.418877884499	107
2	2950	77491.519089240392	108
2	2957	77583.229175873	109
2	2966	77774.434885077737	108
2	2972	77785.45990338011	109
2	2975	77820.789735655787	110
2	2986	78149.5086563353	111
2	2992	78297.03139439834	112
2	2995	78311.265393677273	113
2	2997	78410.630828861706	112
2	3006	78647.100834863061	113
2	3012	78854.50278950166	112
2	3018	79048.325020077625	113
2	3028	79405.010310602974	114
2	3030	79663.859891214036	113
2	3039	79907.913400064339	114
2	3055	80383.996129525199	115
2	3057	80431.417979050987	114
2	3078	80999.9474827013	115
2	3084	81183.882917680406	114
2	3094	81625.334649458809	115
2	3096	81700.984233350121	114
2	3102	81716.215291345126	115
2	3108	81941.104491668089	116
2	3117	82111.633916541259	117
2	3119	82125.738649324142	116
2	3124	82671.847995475494	115
2	3133	82808.821646493792	116
2	3146	82958.895876810514	115
2	3165	83471.26485376861	114
2	3182	83882.501486336298	115
2	3185	83919.769707652062	116
2	3188	84035.606662930269	117
2	3197	84218.156044383161	116
2	3203	84430.705339640674	117
2	3213	84738.971149939769	118
2	3216	84826.427001469289	119
2	3227	85013.61850644704	118
2	3245	85236.162855760096	119
2	3261	85596.523468480307	120
2	3263	85769.070674062335	119
2	3280	86144.924608774946	120
2	3283	86179.024296152245	121
2	3293	86340.260375426964	122
2	3295	86375.967298795098	121
2	3305	86769.107181293379	122
2	3318	87038.036609247887	121
2	3324	87039.099116114388	122
2	3329	87529.268325578982	121
2	3338	87780.228648307572	122
2	3341	87786.703897179798	123
2	3347	87854.288233944047	124
2	3353	88249.390099958704	125
2	3356	88272.310330537002	126
2	3366	88487.579610974157	125
2	3385	89181.504727483356	124
2	3391	89283.15631957307	125
2	3410	89858.065612370016	126
2	3412	89984.11061975416	125
2	3418	90098.466144843479	126
2	3430	90328.39539784287	127
2	3444	90585.695755828733	126
2	3457	90841.196474407429	125
2	3473	91003.483315533082	126
2	3478	91155.801437546129	125
2	3495	91337.143973466633	126
2	3498	91348.002852033315	127
2	3504	91420.991272851349	128
2	3506	91459.471846737529	127
2	3513	91783.613586251254	126
2	3519	92009.352333350432	127
2	3529	92042.407692562844	128
2	3541	92130.666552045805	129
2	3544	92191.581880078344	130
2	3555	92428.662169283308	131
2	3571	92685.092384696568	130
2	3581	92730.691721389831	131
2	3590	92949.639038268101	132
2	3593	92980.717000822048	133
2	3595	93057.221521672423	132
2	3601	93140.258962396275	133
2	3604	93331.274080537586	134
2	3606	93660.465868387933	133
2	3620	93988.461996951696	134
2	3623	93990.47783597405	135
2	3629	94049.631095141798	136
2	3642	94474.332618073191	135
2	3651	94581.150643142612	136
2	3658	94720.23573344639	137
2	3671	95090.076583606885	138
2	3673	95172.297151081826	137
2	3679	95403.982429311643	138
2	3682	95596.382951549131	139
2	3684	95931.743129931952	138
2	3701	96221.936971709621	139
2	3703	96263.946254842545	138
2	3712	96519.777182017083	137
2	3718	96675.564022843973	138
2	3724	97311.643638305927	137
2	3730	97327.208666644971	138
2	3736	97742.076726016753	139
2	3744	98090.380138654823	138
2	3749	98455.436225247199	137
2	3755	98528.413355178569	138
2	3784	99300.711908873732	137
2	3793	99546.432048671509	136
2	3809	99930.692447882707	135
2	3815	99954.450120137629	136
2	3822	100159.230906337632	137
2	3824	100198.082968362237	136
2	3830	100326.07828596614	137
2	3836	100534.888275187216	138
2	3846	100881.647972262376	139
2	3853	101077.420897561725	140
2	3855	101157.921620917137	139
2	3864	101453.429483139546	140
2	3867	101765.405210712088	141
2	3870	101840.952448566537	142
2	3875	102045.934290934916	141
2	3894	102364.469568368609	140
2	3906	102689.69499911424	139
2	3912	102726.513127363717	140
2	3929	103302.029840678538	139
2	3935	103327.077103563016	140
2	3953	103951.482395317967	139
2	3959	104100.881350431169	140
2	3969	104120.095187356522	141
2	3976	104490.412814283407	142
2	3983	104558.158774326687	143
2	3989	104856.926271498765	142
2	4004	105145.54692810601	143
2	4007	105160.839986073022	144
2	4010	105194.989789645235	145
2	4027	105428.721242428388	144
2	4051	105832.275962057518	145
2	4054	105850.510018303041	146
2	4057	105926.106150995442	147
2	4060	106029.667469325854	148
2	4065	106209.49986356553	147
2	4078	106712.72547307566	148
2	4081	106790.41466102991	149
2	4084	106795.560366242693	150
2	4090	107029.317243315841	149
2	4096	107044.120131331389	150
2	4113	107402.648839145018	151
2	4116	107628.433014426746	152
2	4128	107982.507766403819	151
2	4137	108151.781914818416	152
2	4149	108516.248223029638	151
2	4155	108552.710887215029	152
2	4170	108731.968936354096	153
2	4180	109164.015022378976	152
2	4186	109339.562148881118	153
2	4189	109340.915658677939	154
2	4195	109495.576172918035	155
2	4197	109618.504162740524	154
2	4203	109673.313909761136	155
2	4206	110065.512389629534	156
2	4211	110474.895514634068	155
2	4217	110790.942375630275	156
2	4230	111049.437814590151	155
2	4238	111566.869768847341	154
2	4248	111976.311822066069	155
2	4251	112246.020714338279	156
2	4253	112338.487051793004	155
2	4262	112592.113053716903	156
2	4264	112593.630646478946	155
2	4276	113198.994795784916	154
2	4296	113695.46335280911	155
2	4298	113866.622919545139	154
2	4307	114000.780685973896	155
2	4312	114446.482025638784	154
2	4324	114590.921369467356	155
2	4341	115114.064120680655	154
2	4357	115976.954239711727	153
2	4367	116080.671547162979	154
2	4370	116458.458108108989	155
2	4373	116472.823870802934	156
2	4379	116506.346358790077	157
2	4381	116552.264312442954	156
2	4387	116570.634531137257	157
2	4397	117250.695297524895	156
2	4403	117447.893575143408	157
2	4405	117491.883631285842	156
2	4418	117658.485528021508	157
2	4420	117746.593440689709	156
2	4430	118370.428097909759	157
2	4432	118506.257250618752	156
2	4441	118600.165370872112	157
2	4447	118839.227900222737	158
2	4449	118951.406875990894	157
2	4478	119785.634252682891	156
2	4507	120329.142252218541	155
2	4516	120611.283865104494	156
2	4519	120631.915425279604	157
2	4522	120633.092166966243	158
2	4525	120688.695791037055	159
2	4531	120796.201825083117	160
2	4538	120967.91457859558	161
2	4540	120998.257372707691	160
2	4563	121714.564726159539	159
2	4583	122074.223094156508	160
2	4593	122456.510199785795	159
2	4599	122604.807088065471	160
2	4602	122620.265954350042	161
2	4609	122781.062631199786	162
2	4616	122908.047107447546	163
2	4621	123130.922341935899	162
2	4630	123257.633203841639	163
2	4633	123345.593646878101	164
2	4635	123478.622062702294	163
2	4641	123501.659946562747	164
2	4651	123851.325049454387	165
2	4664	124242.133717429291	166
2	4666	124276.912268095281	165
2	4689	125080.07106486712	166
2	4695	125107.663831940643	167
2	4701	125199.667450164076	166
2	4718	125745.480145130672	167
2	4720	125769.031929515865	166
2	4729	126010.642607815091	167
2	4738	126275.73646693733	166
2	4744	126342.498141801457	167
2	4747	126360.686751702192	168
2	4765	126867.108894264918	169
2	4767	126983.396960229245	168
2	4773	127048.00091431034	169
2	4776	127095.230289001348	170
2	4782	127483.038848706153	169
2	4794	127871.385987103323	170
2	4797	127926.465100943631	171
2	4803	128423.166549031255	170
2	4816	128514.641664280235	171
2	4826	129216.110392581298	172
2	4831	129373.360267311898	171
2	4840	129622.177936912146	170
2	4846	129628.0893833367	171
2	4856	129863.44546602707	172
2	4858	130162.249957968113	171
2	4870	130644.061395146516	170
2	4882	130963.219725713776	171
2	4884	130978.337745249835	170
2	4900	131328.211166820781	171
2	4902	131335.11708132234	170
2	4922	131907.243474715022	169
2	4932	132088.195098016861	170
2	4935	132108.323987485679	171
2	4938	132171.548242448572	172
2	4948	132252.671000000653	171
2	4959	132541.606504537729	170
2	4965	132793.144913193286	171
2	4970	132949.18545007017	170
2	4980	133052.89673182306	171
2	4983	133172.197060660393	172
2	4985	133196.501607832131	171
2	4994	133378.171974192153	172
2	5007	133849.240069345203	171
2	5013	133858.7482299078	172
2	5016	133935.988045430109	173
2	5025	134262.324412258104	174
2	5031	134358.385019500372	173
2	5047	134948.684245326875	174
2	5053	134987.961332796102	175
2	5055	135102.152473621634	174
2	5093	135773.599139500973	173
2	5099	135904.034787879242	174
2	5102	136119.741235981428	175
2	5108	136256.634468247314	176
2	5111	136513.512436436021	177
2	5113	136550.567347456333	176
2	5119	136670.823656126359	177
2	5126	136815.168084902748	178
2	5129	136842.463529547894	179
2	5138	137509.161932461527	178
2	5148	137787.772307593104	179
2	5167	138411.428554535475	178
2	5173	138516.299316825865	179
2	5178	138683.968680624482	178
2	5194	138965.12340878379	177
2	5203	139156.309613999293	178
2	5206	139191.506897349452	179
2	5209	139239.994789727661	180
2	5211	139312.434094746229	179
2	5227	139702.743261719253	180
2	5229	139959.697484199521	179
2	5242	140297.339669507761	180
2	5258	140831.683954682765	179
2	5264	140994.77993667497	180
2	5271	141383.781955083631	181
2	5274	141389.458584212732	182
2	5276	141534.967454013047	181
2	5282	141538.456859543037	182
2	5296	141877.544581735939	183
2	5302	142009.259483844605	182
2	5308	142332.265190507112	183
2	5313	142824.150837708828	182
2	5327	143331.388348536074	183
2	5329	143597.418573882994	182
2	5335	143614.858496850526	183
2	5341	144033.243698608221	184
2	5346	144344.629984714654	183
2	5352	144390.412187901261	184
2	5371	144877.894786440399	183
2	5380	145271.12303816956	182
2	5395	145542.848110692933	183
2	5401	145874.327078492013	182
2	5407	145923.692361069931	183
2	5417	145993.007745402679	184
2	5423	146221.350309432117	183
2	5433	146620.205899664797	184
2	5439	146988.239610244153	183
2	5449	147283.194163141697	184
2	5452	147301.173071527503	185
2	5454	147401.922939282475	184
2	5460	147561.057372294162	185
2	5466	147821.46352316032	186
2	5472	147858.720992778139	187
2	5474	148046.258555438934	186
2	5497	148915.912972085742	185
2	5502	149631.241050020424	184
2	5511	149827.65953509435	185
2	5517	149931.346846581493	186
2	5523	149954.869359911052	185
2	5536	150421.554775512395	186
2	5547	150870.230464872537	185
2	5553	151028.146623510742	186
2	5564	151374.302009102667	187
2	5570	151599.322526522545	186
2	5588	152147.717154652445	185
2	5598	152393.912998062133	186
2	5605	152597.678896151513	187
2	5608	152759.622008980035	188
2	5611	152798.986676925237	189
2	5613	152888.493575241981	188
2	5632	153201.811377740661	189
2	5648	153787.2146616621	188
2	5658	154002.264770880679	189
2	5668	154315.615501136152	188
2	5674	154472.325377199199	189
2	5684	154694.240841973701	190
2	5687	154842.759396241865	191
2	5690	154898.609135115003	192
2	5702	155206.386930917023	191
2	5711	155295.419548626602	192
2	5713	155468.987722632109	191
2	5719	155584.739561552439	192
2	5729	155854.933857303858	193
2	5732	155947.364205176695	194
2	5734	156099.944716424315	193
2	5751	156535.862528461615	194
2	5763	157019.124490909844	193
2	5775	157218.485966229736	194
2	5782	157416.502687439888	193
2	5788	157468.846484741007	194
2	5800	157866.671728682666	195
2	5814	158355.203638312041	194
2	5823	158824.944253147214	193
2	5832	158983.629264511007	194
2	5845	159105.510596323308	195
2	5847	159137.49285799694	194
2	5856	159324.464909415352	195
2	5859	159419.820830478477	196
2	5862	159540.031316276766	197
2	5865	159646.021831747809	198
2	5878	159771.915311098664	197
2	5900	160481.217267860292	196
2	5906	160495.215074148773	197
2	5916	160657.871051180321	198
2	5923	160870.766574812748	199
2	5925	160878.568860062032	198
2	5942	161200.370172664638	199
2	5948	161223.685549162956	200
2	5956	161459.699683424651	199
2	5962	161507.941052360248	200
2	5965	161642.120828836008	201
2	5975	161872.899208676636	200
2	5988	162256.160733434735	201
2	5994	162414.319575030923	200
2	6004	162503.200627540971	201
2	6006	162723.149751715928	200
2	6012	162755.889995315749	201
2	6015	162824.847247515393	202
2	6021	163093.169242127585	203
2	6024	163130.162108787786	204
2	6030	163447.142876696408	203
2	6050	163973.228372930466	204
2	6056	164310.676752880782	203
2	6062	164433.622586585671	204
2	6068	164770.797177792459	205
2	6070	164863.125254113794	204
2	6076	164949.39354400473	205
2	6083	165174.835750015308	206
2	6088	165457.07318005395	205
2	6093	165831.094326146514	204
2	6099	166107.234074660206	205
2	6105	166532.583443068535	204
2	6117	167015.01871154915	205
2	6119	167066.112776987822	204
2	6143	167686.800035529406	203
2	6159	168077.320444372119	202
2	6165	168179.107324624585	203
2	6170	168333.775744375409	202
2	6205	169019.878863770564	203
2	6212	169250.461379138126	204
2	6214	169269.725833584191	203
2	6223	169347.543397502056	204
2	6237	169945.753777604565	205
2	6240	169977.200132373094	206
2	6243	170043.838454544009	207
2	6245	170082.054311421336	206
2	6262	170409.638445313695	207
2	6265	170509.083848577466	208
2	6268	170517.85072179792	209
2	6278	171013.722617377163	208
2	6284	171087.589832484583	209
2	6287	171151.883224677543	210
2	6292	171327.871505238683	209
2	6298	171418.725596755051	210
2	6301	171594.924219520763	211
2	6303	171972.272920173229	210
2	6309	172054.226525487906	211
2	6311	172347.563195370705	210
2	6326	172673.077685602577	209
2	6338	173323.46679202524	208
2	6351	173622.683381034739	209
2	6360	173865.301690430017	208
2	6366	173916.327762709216	209
2	6372	174380.853614001664	210
2	6381	174655.629498355659	209
2	6396	175294.419465654167	208
2	6402	175296.790438892046	209
2	6409	175443.790111770996	210
2	6426	175849.426218102659	211
2	6431	176220.293319870355	210
2	6437	176249.875302217617	211
2	6446	176680.377229389372	210
2	6463	176861.619473126414	211
2	6476	177056.317968554984	212
2	6478	177059.967603304061	211
2	6484	177108.622694322707	212
2	6499	177540.814411180272	213
2	6509	177641.349577962536	214
2	6512	177684.539052621064	215
2	6514	177771.546803128543	214
2	6546	178567.530387970311	215
2	6551	178585.41327671391	214
2	6568	178920.827350361382	215
2	6582	179159.92626925434	216
2	6585	179160.729350460131	217
2	6587	179220.592405956807	216
2	6597	179454.363057696365	217
2	6610	179629.030895860606	218
2	6613	179733.810832801644	219
2	6629	180073.008020514248	220
2	6631	180127.389005303951	219
2	6637	180189.045470761535	220
2	6644	180370.559396452475	221
2	6650	180529.359123718562	220
2	6660	180840.526690375684	221
2	6666	181136.439752683612	220
2	6672	181175.261205952724	221
2	6679	181320.969810100025	222
2	6681	181398.04373109025	221
2	6694	181817.057758949998	222
2	6697	181962.4203925363	223
2	6700	182051.094416444609	224
2	6703	182250.134160188638	225
2	6705	182254.41051026118	224
2	6711	182377.175087465974	225
2	6714	182577.50310734835	226
2	6726	182948.16433117968	225
2	6744	183333.781896636458	224
2	6764	184050.228128500851	223
2	6773	184284.931557462591	224
2	6776	184299.018674459759	225
2	6779	184383.819228900758	226
2	6789	184901.692153469296	225
2	6795	185077.975714467684	226
2	6802	185269.534301865215	227
2	6804	185359.106853634687	226
2	6819	185858.068836799196	227
2	6831	186119.487935204627	226
2	6837	186219.621270050929	227
2	6840	186434.467362793621	228
2	6845	186545.72983657253	227
2	6882	187243.378355724416	228
2	6884	187260.200509012314	227
2	6890	187487.032810776655	228
2	6893	187653.393335537302	229
2	6910	188143.910376981469	228
2	6927	188232.793593143091	229
2	6930	188266.102857852071	230
2	6941	188490.5278152279	231
2	6944	188563.376051541396	232
2	6949	188840.452936042668	231
2	6955	188963.11533433096	232
2	6958	188995.275868920145	233
2	6964	189048.256474830026	234
2	6967	189133.501804418519	235
2	6974	189181.875764390785	236
2	6983	189202.111965187462	235
2	6988	189472.003044590922	234
2	6997	189901.821740747066	233
2	7003	190204.04709101784	234
2	7006	190449.551851893643	235
2	7012	190851.027800433906	234
2	7023	191269.096118931296	233
2	7029	191529.079772881346	234
2	7034	191882.272084814134	233
2	7051	192181.557641159298	234
2	7056	192427.910423327806	233
2	7074	192856.262799066129	232
2	7092	193171.279750866656	233
2	7098	193320.784290124109	234
2	7100	193365.427613661262	233
2	7106	193437.265002115669	234
2	7119	193766.858229072461	235
2	7126	193957.557537887035	236
2	7128	194045.091680486324	235
2	7151	194496.381136540138	236
2	7167	194997.688247666332	235
2	7177	195075.970198725394	236
2	7183	195138.362754880266	237
2	7186	195257.249205824604	238
2	7195	195320.279068252468	239
2	7208	195535.749197017971	238
2	7221	195743.600720614972	239
2	7228	195951.535124518741	240
2	7242	196211.956394475523	239
2	7252	196431.943581650899	240
2	7255	196588.425140803781	241
2	7257	196588.459135268453	240
2	7263	196804.439439383696	241
2	7266	196883.436740229412	242
2	7269	197163.757105123584	243
2	7271	197408.360279903385	242
2	7277	197410.324538982685	243
2	7283	197640.17937252012	244
2	7292	197709.42472088203	245
2	7295	197721.233179132159	246
2	7307	197988.354975518408	245
2	7320	198548.436356989588	246
2	7328	198928.323349107626	245
2	7341	199015.472832261555	246
2	7345	199267.269307423952	245
2	7375	199732.687359317517	246
2	7381	200222.40067410526	245
2	7387	200306.664595702043	246
2	7389	200599.580991689685	245
2	7405	200787.40946345981	246
2	7408	200816.263472036598	247
2	7411	200880.005993900308	248
2	7418	200925.190806437345	249
2	7428	201387.955103281903	250
2	7430	201414.558758281741	249
2	7439	201550.715582403665	250
2	7455	202084.856002180976	251
2	7457	202128.911798086587	250
2	7471	202346.261699325813	251
2	7473	202719.576151513133	250
2	7479	202730.320875449668	251
2	7494	203060.905715387884	250
2	7500	203184.79363400036	251
2	7509	203468.444059316638	250
2	7522	203530.838261721634	251
2	7537	204133.015408212048	252
2	7544	204350.749690500266	253
2	7546	204356.78882754651	252
2	7552	204494.263595500558	253
2	7555	204638.799134939653	254
2	7557	204714.286370680305	253
2	7580	205077.343574659511	254
2	7582	205132.887749720934	253
2	7595	205478.63659525666	254
2	7598	205599.251772363913	255
2	7601	205653.245806035978	256
2	7603	205844.287461985472	255
2	7613	206307.976931512722	256
2	7615	206521.894096464488	255
2	7625	206878.105125617827	256
2	7633	207345.226294037524	255
2	7639	207467.621630962699	256
2	7648	207578.63808746926	257
2	7660	208211.095413875404	256
2	7688	208939.079243494425	257
2	7690	208945.302844077918	256
2	7709	209407.015359755433	257
2	7711	209496.957290575478	256
2	7725	209615.913774782544	257
2	7732	209717.666322718679	258
2	7742	210045.856472928529	259
2	7744	210084.52885466871	258
2	7753	210294.031221496837	259
2	7761	210418.627166778419	258
2	7771	210586.000152956734	259
2	7791	210824.824816565781	260
2	7798	211258.675173406754	261
2	7800	211290.163001672003	260
2	7814	211562.103625728008	261
2	7817	211619.013542143823	262
2	7820	211733.874123279943	263
2	7822	211778.338236224476	262
2	7831	212019.692317464472	263
2	7838	212084.124288151786	264
2	7841	212188.944867935253	265
2	7851	212314.889245231274	264
2	7857	212428.392128629461	265
2	7862	213101.064434026006	264
2	7868	213112.533534633163	265
2	7878	213558.70551923452	266
2	7881	213731.213137894567	267
2	7886	213926.870738074753	266
2	7902	214147.021487411102	267
2	7910	214496.821731545601	266
2	7936	215296.325583879475	265
2	7942	215400.56016837918	266
2	7953	215639.633081975303	267
2	7963	216056.348595575069	266
2	7976	216212.821808504213	267
2	7979	216217.287834448807	268
2	7985	216691.223766293481	269
2	7987	216700.058762666409	268
2	7993	216701.064604578273	269
2	7996	216727.490199161026	270
2	7999	216777.798924889643	271
2	8009	217332.180079064821	272
2	8011	217525.694357187127	271
2	8016	217991.95748300535	270
2	8046	218565.874533751968	271
2	8052	218590.776520625328	270
2	8058	218688.491946681685	271
2	8071	219332.590992816364	270
2	8086	219704.586876984528	271
2	8088	219789.045664661204	270
2	8094	219865.761521418255	271
2	8101	219909.856053501639	272
2	8106	220038.014337096935	271
2	8112	220206.655286760247	272
2	8118	220350.481852073429	273
2	8127	220858.307621192759	272
2	8146	221213.609181635654	271
2	8156	221401.956951533957	272
2	8163	221457.770191166802	273
2	8169	221658.516754743284	272
2	8191	222251.142474745382	273
2	8193	222256.990247734463	272
2	8203	222345.656015987996	273
2	8206	222417.628652414273	274
2	8221	222711.608015654444	275
2	8224	223049.046287689316	276
2	8226	223126.330768142468	275
2	8232	223210.275661582139	276
2	8238	223466.093579467959	275
2	8244	223527.056997382401	276
2	8247	223788.515712084326	277
2	8249	223889.699787695534	276
2	8258	223956.001199458832	277
2	8261	224332.598980632134	278
2	8264	224385.721476742487	279
2	8281	224724.867197007514	278
2	8302	225011.477815576471	277
2	8323	225718.027967040069	276
2	8333	225958.349636122565	277
2	8336	226046.953038349213	278
2	8345	226225.888263632185	277
2	8351	226285.239562603278	278
2	8361	226463.065801489523	279
2	8368	226748.227590104675	280
2	8371	226832.657207242436	281
2	8377	226881.444053959674	280
2	8383	226916.10875816031	281
2	8392	227120.340599731176	282
2	8394	227194.851940677143	281
2	8400	227232.747760160005	282
2	8408	227467.940942787207	281
2	8414	227597.515879534166	282
2	8427	227964.849678215212	281
2	8453	228526.174664360112	280
2	8476	228922.199853074378	279
2	8486	229174.810202397128	280
2	8489	229206.801604029466	281
2	8502	229582.598638731566	282
2	8508	229698.185764339394	281
2	8514	229795.672128465425	282
2	8517	229867.703377150056	283
2	8526	229966.754609068436	284
2	8529	230102.360589910241	285
2	8532	230121.350872700144	286
2	8535	230152.575049880614	287
2	8542	230173.385382132689	288
2	8544	230296.861885313518	287
2	8566	231050.423316715119	288
2	8568	231099.805518996544	287
2	8574	231227.213761199959	288
2	8576	231393.177877359666	287
2	8588	231742.38589913075	288
2	8590	231835.746831756659	287
2	8596	231886.015579875388	288
2	8599	231938.396629202384	289
2	8605	232355.418216635116	288
2	8611	232502.301428502528	289
2	8623	233000.082227040657	288
2	8632	233291.481604380888	289
2	8634	233372.799344298073	288
2	8651	233778.124128255191	289
2	8657	233858.046617463806	288
2	8662	234681.736198600957	287
2	8675	234887.11939138671	288
2	8678	234928.560132360729	289
2	8680	235082.393771328607	288
2	8686	235085.114806009275	289
2	8697	235488.287528858164	288
2	8708	235902.030971900204	287
2	8728	236224.788411572308	288
2	8746	236692.240821302513	287
2	8757	236867.182412807035	288
2	8769	237165.700188978491	289
2	8779	237363.659036691465	290
2	8790	237405.520509120653	289
2	8800	237571.229734610299	290
2	8806	237728.907988157699	289
2	8823	238326.96725065033	290
2	8826	238338.651338015967	291
2	8829	238383.396142061112	292
2	8832	238437.534433324426	293
2	8837	238674.025787816027	292
2	8854	238892.692225495035	293
2	8857	238969.812196739046	294
2	8860	239054.060996940228	295
2	8862	239098.278715529123	294
2	8868	239153.53357128012	295
2	8871	239237.920663432502	296
2	8876	239695.154185604879	295
2	8886	240143.044898286998	296
2	8893	240327.977058955672	297
2	8899	240515.712708991596	296
2	8904	240800.952029426226	295
2	8913	240942.143809159868	296
2	8916	240989.175575716922	297
2	8924	241423.701114107499	296
2	8930	241472.610006687509	297
2	8932	241696.525513280759	296
2	8954	242259.959645432065	295
2	8976	242629.144461987646	296
2	8978	242950.062757425587	295
2	8984	243090.128653852169	296
2	8993	243323.160085232433	297
2	8995	243585.535477076303	296
2	9004	243718.818439111917	297
2	9007	243723.693122863555	298
2	9014	243992.25445562671	299
2	9034	244527.271044359188	298
2	9052	245118.543599672193	299
2	9058	245303.497122463416	298
2	9068	245453.437314504284	299
2	9070	245557.866719302367	298
2	9086	245705.182758289514	299
2	9093	245801.017392235202	300
2	9103	245899.170345545392	299
2	9113	246280.298723783135	300
2	9118	246367.046553876828	299
2	9127	246517.433326235537	300
2	9133	246708.509349230467	301
2	9136	246761.682981809166	302
2	9142	246892.978101334418	303
2	9157	247021.221225329321	302
2	9165	247250.304429277244	303
2	9175	247372.721709988117	304
2	9190	247777.215479624104	303
2	9214	248109.829688004186	304
2	9217	248229.945696299303	305
2	9220	248248.685154565606	306
2	9229	248374.602082010936	305
2	9235	248521.5581737579	306
2	9238	248532.307870344425	307
2	9255	248946.696687084619	308
2	9257	248990.078307662737	307
2	9263	249038.008286125847	308
2	9270	249133.730700970966	309
2	9280	249336.737226068011	310
2	9282	249390.84815430699	309
2	9297	249886.622365613115	308
2	9317	250434.957092136723	307
2	9326	250507.328490939121	308
2	9329	250565.775486661056	309
2	9332	250607.010492585192	310
2	9338	250695.792823114674	311
2	9341	250778.542227570291	312
2	9348	250959.816119287148	313
2	9354	251075.526985583787	314
2	9360	251091.020135965777	313
2	9373	251604.007172258894	314
2	9375	251688.372828860415	313
2	9381	251883.749504734668	314
2	9389	252244.277989242805	313
2	9399	252407.522911064941	314
2	9401	252512.170619920475	313
2	9422	252820.490859246364	314
2	9431	253161.332130155917	315
2	9433	253392.393679705096	314
2	9446	253976.127465881986	313
2	9452	254125.015130876281	314
2	9455	254133.983597001753	315
2	9465	254250.813015313087	316
2	9475	254627.545482640183	317
2	9478	254699.809651169013	318
2	9484	254821.32594430132	317
2	9499	255212.4253857899	318
2	9501	255219.056155115945	317
2	9513	255512.028137502878	318
2	9516	255563.035843222687	319
2	9522	255811.542802855952	318
2	9545	256316.172381707115	317
2	9551	256339.376415925143	318
2	9557	256821.728094809337	317
2	9563	256966.97789140672	318
2	9566	256995.675221302323	319
2	9572	257294.420986261799	318
2	9585	257695.697746316623	319
2	9588	257711.602245973102	320
2	9590	257911.108367417588	319
2	9596	258149.862144950333	320
2	9598	258156.316605110302	319
2	9604	258415.595357655097	320
2	9610	258869.620879062101	319
2	9625	259335.714445684686	318
2	9633	259643.623447858378	317
2	9638	259901.536807075724	316
2	9650	260043.580412331617	317
2	9660	260321.139767191978	318
2	9669	260800.300957535043	317
2	9683	261244.0250803718	318
2	9688	261322.560110848978	317
2	9702	261824.922981941645	318
2	9708	261964.603238154194	319
2	9710	262008.356993936583	318
2	9716	262093.704329616048	319
2	9723	262306.33601646978	320
2	9725	262312.698845707461	319
2	9733	262565.320255824014	318
2	9748	263046.036982920601	317
2	9754	263050.012143583274	318
2	9760	263271.244813096916	319
2	9779	263748.41209852381	318
2	9788	264093.070132498464	319
2	9802	264569.17388105078	318
2	9815	264812.735092091481	319
2	9818	265058.305340300802	320
2	9824	265126.686244544223	319
2	9830	265157.129977764691	320
2	9840	265601.0742225243	319
2	9849	265691.676523443827	320
2	9852	265765.391279420756	321
2	9861	265826.770334526943	322
2	9864	265930.415024168541	323
2	9877	266283.418100637033	322
2	9883	266379.033584738265	323
2	9895	266638.214914811457	324
2	9908	267079.73489689885	323
2	9929	267339.108709299347	324
2	9945	267653.850759006812	325
2	9947	267680.515080590381	324
2	9953	267809.031663529066	325
2	9956	267823.006178427389	326
2	9966	268157.320107349651	327
2	9968	268304.114204247131	326
2	9984	268679.914316708645	327
2	9994	268783.211377833619	326
2	10000	268800.371364632853	327
2	10003	268882.480878056233	328
2	10006	268915.103163241751	329
2	10016	269183.590872500913	330
2	10029	269509.165271867647	329
2	10035	269652.695652211673	330
2	10045	269810.820629274511	331
2	10048	269812.499409204673	332
2	10059	269971.78795709519	331
2	10072	270501.171492702112	332
2	10085	270833.991726565684	333
2	10087	270844.943528056725	332
2	10100	271011.570748462875	333
2	10113	271455.00318062736	332
2	10137	271877.948822546099	333
2	10140	271903.855766898169	334
2	10145	271976.397218436583	333
2	10158	272115.541230264855	334
2	10165	272241.161070246237	335
2	10168	272325.607191292635	336
2	10177	272527.538152386236	337
2	10191	272736.385860220642	338
2	10193	272820.762688734218	337
2	10210	273077.057404403058	338
2	10216	273089.862279890296	339
2	10219	273305.128926220578	340
2	10225	273512.31930622144	339
2	10231	273522.04013149471	340
2	10234	273596.36978829973	341
2	10244	273778.761576369422	342
2	10254	273945.90581241451	343
2	10259	274364.031167973414	342
2	10276	274611.163401131168	341
2	10286	274801.898822566741	342
2	10297	274970.770235445932	341
2	10307	275293.826887910569	342
2	10316	275477.927552789757	343
2	10322	275810.02341446034	344
2	10324	275810.963667587027	343
2	10330	275846.007896407797	344
2	10333	275899.453056878193	345
2	10336	275961.931671101354	346
2	10350	276212.458880007947	347
2	10364	276761.964811079785	346
3	83	3156.227464072955	2636.0653673206
3	108	3916.02603136803	3622.3088891809
3	122	4317.645169992549	4305.2836504802
3	156	5545.304521240843	4240.4827490256
3	182	6179.026546303732	4997.9798669022
3	203	6492.840883911205	4906.270521489
3	252	7436.802408911837	6700.3051450189
3	296	8049.49579744841	5185.1022372487
3	317	8569.151723415209	5226.4046278674
3	332	9366.433902022047	5352.3487987258
3	362	10058.169544891073	6026.4580918269
3	392	10939.047849283173	6132.3109551638
3	403	11346.261585236146	5738.9734299337
3	467	13067.161880445286	7429.184017808
3	482	13593.507255644157	8748.4824609083
3	509	14403.835762266621	8003.6070969407
3	530	15136.541156929538	8937.8007280133
3	542	15472.101949874863	8781.1119168109
3	589	16086.322333582297	10393.502784037
3	608	16835.183316704437	10331.143351987
3	655	17746.2125736406	11168.970801003
3	670	18028.872306544885	10318.074510763
3	687	18945.31305813472	11804.102232163
3	692	19253.760028623596	11447.96817207
3	716	19621.657048978463	11137.963159799
3	742	20520.509996817068	12184.03977104
3	776	21083.148031898395	13150.361065046
3	788	21498.948112011508	12051.899747362
3	805	22152.777975269214	12126.237310806
3	841	23316.580379747407	11789.430118143
3	870	24254.848385092424	12976.902280915
3	904	25199.711369921075	13068.763648562
3	923	25892.209826328413	14216.997030613
3	941	26447.432017505722	13079.791833097
3	953	26781.67671016659	14274.144792673
3	974	27466.180289231794	13652.800439042
3	1011	28292.182336200582	14179.56038197
3	1039	29054.510079745757	14367.212106002
3	1072	30102.861578383106	14713.853527154
3	1095	30897.87783569898	16276.720077479
3	1147	31783.172128622043	15964.185427016
3	1160	32186.540825415957	16483.879538973
3	1193	32783.229981542188	17253.710658395
3	1230	33724.050975062508	17206.901270198
3	1268	34406.113466483165	18332.77632356
3	1282	34748.891983975281	17767.432204949
3	1293	35112.040305317004	19214.037166034
3	1344	35982.15780216511	18979.635191076
3	1361	36797.902852532078	18819.815497526
3	1403	37475.813064959456	17984.495868384
3	1419	38078.20293699633	19318.772429389
3	1443	38788.061681625057	19451.842020098
3	1467	39748.041849874515	20478.193158057
3	1489	40204.157289669473	19868.023652738
3	1539	41131.373824079145	21520.921443444
3	1582	41909.217860784937	21398.104864697
3	1607	42571.561744113077	21756.675997252
3	1661	43328.213462487419	22318.945206319
3	1691	43860.659205757637	22710.149981854
3	1775	46228.455739088912	22639.203197014
3	1784	46472.622988664169	22545.536045585
3	1807	47245.063956540633	23200.307986134
3	1826	47966.111227788586	22800.408672636
3	1849	48803.480336472947	22977.52651732
3	1864	49227.104300421286	22882.685568719
3	1910	50565.66811382081	23623.931527311
3	1949	51572.252833035398	24003.409055613
3	1969	52267.681729022968	24632.262548236
3	1995	52957.856351223398	25259.74890436
3	2035	53638.676611234058	24925.741600458
3	2076	54583.66701283734	26050.344288889
3	2104	54973.377729666044	25424.5212582
3	2131	55649.783539169093	25513.052260051
3	2157	56101.415323105266	25400.633510762
3	2188	56829.528156512042	26558.403362173
3	2220	57273.882255286535	26172.382681896
3	2254	58089.989663709512	28010.35305778
3	2338	59396.589036558381	28417.886837552
3	2367	60288.610565171203	29897.729028042
3	2396	61498.342500918171	30047.564470468
3	2411	62042.008834101817	29514.736068641
3	2423	62358.869152974895	30832.318811173
3	2434	62892.59447506871	30030.087851956
3	2442	63607.507371523044	30155.130836494
3	2483	64830.006618492863	31868.84349578
3	2508	65309.372343060187	31270.371995187
3	2521	65575.72629888784	31127.156759702
3	2545	66057.501614086887	30978.628422392
3	2563	66768.336097740194	31381.61447755
3	2598	67648.152098443916	33790.861625817
3	2630	68400.944119778087	34491.435336602
3	2653	69139.552802008202	33380.971467296
3	2661	69445.877887338957	33943.113901809
3	2683	70268.416777507028	34828.215549552
3	2766	73275.699271813593	35920.256074469
3	2794	74183.224083699844	35884.372711131
3	2863	75809.805791948549	35347.42125071
3	2911	76574.855502725206	36456.510508301
3	2944	77341.869243115745	36811.211413076
3	2969	77774.434885077737	36955.221990793
3	3000	78410.630828861706	38878.580888944
3	3015	78854.50278950166	37538.98708874
3	3033	79663.859891214036	39533.271523217
3	3099	81700.984233350121	40824.732834457
3	3127	82671.847995475494	41478.100955794
3	3149	82958.895876810514	40324.131728805
3	3168	83471.26485376861	41710.868372631
3	3200	84218.156044383161	41506.571883939
3	3230	85013.61850644704	41776.357004027
3	3266	85769.070674062335	43022.27407544
3	3298	86375.967298795098	43552.249786881
3	3321	87038.036609247887	44455.32885783
3	3332	87529.268325578982	44170.368706989
3	3369	88487.579610974157	44920.23918981
3	3415	89984.11061975416	45712.621163858
3	3447	90585.695755828733	46126.721138805
3	3460	90841.196474407429	46306.528681537
3	3481	91155.801437546129	45886.372704625
3	3509	91459.471846737529	44484.639807708
3	3516	91783.613586251254	44933.878817978
3	3598	93057.221521672423	45229.016284907
3	3609	93660.465868387933	44737.80379385
3	3645	94474.332618073191	45846.495388191
3	3687	95931.743129931952	46175.290212107
3	3715	96519.777182017083	47225.890585561
3	3727	97311.643638305927	47162.423894989
3	3747	98090.380138654823	46183.160828223
3	3752	98455.436225247199	47439.421676297
3	3787	99300.711908873732	47137.680024729
3	3796	99546.432048671509	48077.452091325
3	3812	99930.692447882707	47000.430958902
3	3827	100198.082968362237	47019.895764582
3	3858	101157.921620917137	49351.708475758
3	3878	102045.934290934916	48757.092634937
3	3909	102689.69499911424	48703.425806759
3	3932	103302.029840678538	49775.335875271
3	3956	103951.482395317967	50324.793548401
3	3992	104856.926271498765	51056.773303663
3	4030	105428.721242428388	51152.618126124
3	4068	106209.49986356553	51962.198938921
3	4093	107029.317243315841	52915.653734626
3	4131	107982.507766403819	53608.153144729
3	4152	108516.248223029638	53655.787669686
3	4183	109164.015022378976	53942.109101801
3	4200	109618.504162740524	54200.198275839
3	4214	110474.895514634068	53906.803105048
3	4241	111566.869768847341	55710.965989594
3	4256	112338.487051793004	56623.934874102
3	4279	113198.994795784916	55408.714283147
3	4301	113866.622919545139	57011.144880408
3	4315	114446.482025638784	56968.443706674
3	4344	115114.064120680655	56573.428804249
3	4400	117250.695297524895	59504.189751169
3	4408	117491.883631285842	59558.117257809
3	4435	118506.257250618752	59806.549952464
3	4452	118951.406875990894	59564.572537354
3	4481	119785.634252682891	61059.344373759
3	4510	120329.142252218541	59377.804122465
3	4543	120998.257372707691	59116.534420054
3	4566	121714.564726159539	58982.007271442
3	4596	122456.510199785795	59642.470564513
3	4624	123130.922341935899	59293.809543361
3	4669	124276.912268095281	60938.408503566
3	4704	125199.667450164076	61375.801554364
3	4723	125769.031929515865	60775.902099703
3	4741	126275.73646693733	60561.025339315
3	4770	126983.396960229245	61995.939947986
3	4806	128423.166549031255	62056.912551765
3	4843	129622.177936912146	62524.435818235
3	4861	130162.249957968113	63950.705116129
3	4873	130644.061395146516	62861.984823943
3	4887	130978.337745249835	63854.061609331
3	4951	132252.671000000653	63505.217724471
3	4962	132541.606504537729	62904.647078725
3	4973	132949.18545007017	61991.92061582
3	5010	133849.240069345203	62373.738820946
3	5058	135102.152473621634	63706.26720697
3	5096	135773.599139500973	62724.342902257
3	5116	136550.567347456333	63342.184287849
3	5141	137509.161932461527	64075.791205358
3	5170	138411.428554535475	65239.811913835
3	5197	138965.12340878379	64664.228390086
3	5214	139312.434094746229	65742.028309032
3	5261	140831.683954682765	65985.416910366
3	5279	141534.967454013047	66965.247474217
3	5305	142009.259483844605	65994.75820439
3	5316	142824.150837708828	66758.934251695
3	5349	144344.629984714654	67679.640228794
3	5374	144877.894786440399	68848.991706833
3	5404	145874.327078492013	70411.421250866
3	5426	146221.350309432117	69610.033198376
3	5457	147401.922939282475	69756.646144825
3	5500	148915.912972085742	70446.548386717
3	5505	149631.241050020424	70468.574021862
3	5526	149954.869359911052	69766.755473644
3	5550	150870.230464872537	71090.291816031
3	5591	152147.717154652445	72218.891315661
3	5616	152888.493575241981	72715.00122435
3	5671	154315.615501136152	71398.902258518
3	5705	155206.386930917023	73249.186579121
3	5716	155468.987722632109	72249.98689848
3	5737	156099.944716424315	72835.679718957
3	5785	157416.502687439888	74721.201931553
3	5817	158355.203638312041	74264.763095805
3	5826	158824.944253147214	73985.582648035
3	5850	159137.49285799694	74220.376085808
3	5903	160481.217267860292	76991.476195407
3	5928	160878.568860062032	75777.988508827
3	5959	161459.699683424651	76272.468273588
3	5978	161872.899208676636	77358.661999904
3	5997	162414.319575030923	77467.812994137
3	6059	164310.676752880782	77393.980956261
3	6091	165457.07318005395	77781.836487657
3	6096	165831.094326146514	78044.372901329
3	6108	166532.583443068535	77856.999166076
3	6122	167066.112776987822	77746.673419245
3	6146	167686.800035529406	79576.769753446
3	6162	168077.320444372119	78518.496667783
3	6173	168333.775744375409	79362.166877428
3	6248	170082.054311421336	80462.730418635
3	6281	171013.722617377163	80596.635483631
3	6306	171972.272920173229	80580.962640434
3	6329	172673.077685602577	81617.360893695
3	6341	173323.46679202524	82352.82051196
3	6363	173865.301690430017	83567.293461959
3	6384	174655.629498355659	83117.1279662
3	6434	176220.293319870355	84964.812229572
3	6449	176680.377229389372	83775.063196761
3	6481	177059.967603304061	84505.563971039
3	6517	177771.546803128543	84876.526192064
3	6554	178585.41327671391	86085.631584534
3	6590	179220.592405956807	85209.72658751
3	6634	180127.389005303951	85693.365313407
3	6653	180529.359123718562	86045.125840237
3	6669	181136.439752683612	86401.196064866
3	6684	181398.04373109025	86625.917741723
3	6708	182254.41051026118	86156.286497989
3	6729	182948.16433117968	84984.886641082
3	6747	183333.781896636458	86004.800986251
3	6767	184050.228128500851	85442.144750499
3	6792	184901.692153469296	86911.91230009
3	6807	185359.106853634687	86275.713733202
3	6834	186119.487935204627	87112.78694299
3	6848	186545.72983657253	87456.016769447
3	6887	187260.200509012314	88084.543264158
3	6913	188143.910376981469	88414.322227148
3	6952	188840.452936042668	88396.22404007
3	6986	189202.111965187462	88446.257621436
3	7000	189901.821740747066	87812.543065489
3	7015	190851.027800433906	88637.798575741
3	7059	192427.910423327806	88980.560521031
3	7077	192856.262799066129	89385.864319697
3	7103	193365.427613661262	89584.982609247
3	7131	194045.091680486324	91290.985358255
3	7260	196588.459135268453	91520.455192003
3	7274	197408.360279903385	92193.852486472
3	7310	197988.354975518408	93012.693482714
3	7348	199267.269307423952	93195.507394672
3	7384	200222.40067410526	93961.132242331
3	7392	200599.580991689685	94834.768181517
3	7433	201414.558758281741	94301.414964954
3	7512	203468.444059316638	95737.095749165
3	7560	204714.286370680305	96494.487107167
3	7585	205132.887749720934	95779.801639407
3	7606	205844.287461985472	95704.036131378
3	7618	206521.894096464488	95592.140724669
3	7636	207345.226294037524	96062.64129068
3	7663	208211.095413875404	95733.570278996
3	7693	208945.302844077918	96213.586860187
3	7714	209496.957290575478	96182.75677514
3	7747	210084.52885466871	96143.346266713
3	7764	210418.627166778419	96299.997053673
3	7803	211290.163001672003	96749.94805648
3	7825	211778.338236224476	98458.119112478
3	7854	212314.889245231274	97283.844931247
3	7865	213101.064434026006	98587.182090271
3	7889	213926.870738074753	98793.463603428
3	7913	214496.821731545601	98005.418037903
3	7990	216700.058762666409	97660.907666058
3	8014	217525.694357187127	98697.440292569
3	8019	217991.95748300535	98907.877832654
3	8055	218590.776520625328	99593.149419656
3	8074	219332.590992816364	100801.91126395
3	8091	219789.045664661204	99748.501415113
3	8130	220858.307621192759	100470.70889065
3	8149	221213.609181635654	101235.4743121
3	8196	222256.990247734463	101934.33701091
3	8229	223126.330768142468	102417.09777166
3	8241	223466.093579467959	101660.70547934
3	8252	223889.699787695534	102823.94667983
3	8305	225011.477815576471	101838.9181614
3	8348	226225.888263632185	102377.43769609
3	8380	226881.444053959674	102683.61935115
3	8411	227467.940942787207	102896.62675538
3	8456	228526.174664360112	102537.31659095
3	8511	229698.185764339394	103977.25715359
3	8571	231099.805518996544	104961.72377479
3	8593	231835.746831756659	104183.10448523
3	8608	232355.418216635116	104585.74284534
3	8626	233000.082227040657	103772.44403664
3	8665	234681.736198600957	104226.5018305
3	8700	235488.287528858164	105687.58689238
3	8711	235902.030971900204	104691.70957336
3	8749	236692.240821302513	105667.65394086
3	8793	237405.520509120653	106484.31569741
3	8809	237728.907988157699	106220.90882758
3	8840	238674.025787816027	106230.40585037
3	8865	239098.278715529123	106168.87955995
3	8879	239695.154185604879	107211.12404801
3	8902	240515.712708991596	106702.19064404
3	8907	240800.952029426226	105823.87297069
3	8927	241423.701114107499	108149.04599239
3	8935	241696.525513280759	107224.56977389
3	8957	242259.959645432065	107634.32150918
3	8981	242950.062757425587	107810.75128417
3	8998	243585.535477076303	109474.469117
3	9037	244527.271044359188	110292.95334088
3	9061	245303.497122463416	109954.5729031
3	9106	245899.170345545392	109036.71384892
3	9121	246367.046553876828	110178.76532384
3	9160	247021.221225329321	109045.90159073
3	9193	247777.215479624104	109206.98656588
3	9232	248374.602082010936	110263.78820475
3	9260	248990.078307662737	111039.07311243
3	9285	249390.84815430699	109778.41710206
3	9300	249886.622365613115	110737.50563635
3	9320	250434.957092136723	111740.02805039
3	9363	251091.020135965777	111496.16347601
3	9378	251688.372828860415	110877.73291775
3	9392	252244.277989242805	112083.11541306
3	9404	252512.170619920475	111887.34451712
3	9436	253392.393679705096	111521.10452821
3	9449	253976.127465881986	111476.40294326
3	9487	254821.32594430132	110842.18372328
3	9504	255219.056155115945	110939.97535164
3	9525	255811.542802855952	111362.26289659
3	9575	257294.420986261799	111947.54752685
3	9593	257911.108367417588	112528.80047679
3	9601	258156.316605110302	112180.83076032
3	9613	258869.620879062101	113354.5013249
3	9628	259335.714445684686	111477.82771411
3	9636	259643.623447858378	111572.8629313
3	9641	259901.536807075724	112161.17874811
3	9672	260800.300957535043	110948.5758467
3	9713	262008.356993936583	112263.31726457
3	9728	262312.698845707461	112295.06915147
3	9736	262565.320255824014	111852.02007902
3	9751	263046.036982920601	112605.91225738
3	9782	263748.41209852381	112961.73775811
3	9805	264569.17388105078	112897.85566127
3	9827	265126.686244544223	112136.0488155
3	9843	265601.0742225243	112504.13095401
3	9880	266283.418100637033	114278.21746762
3	9911	267079.73489689885	115127.39778894
3	9950	267680.515080590381	114597.84312291
3	9971	268304.114204247131	115028.35667511
3	9997	268783.211377833619	114114.22577501
3	10062	269971.78795709519	114813.58117804
3	10090	270844.943528056725	115054.46942732
3	10116	271455.00318062736	116173.57556282
3	10148	271976.397218436583	117064.42889192
3	10228	273512.31930622144	116480.75777521
3	10279	274611.163401131168	118414.59946973
3	10300	274970.770235445932	117669.14265037
3	10327	275810.963667587027	118748.58702919
3	10367	276761.964811079785	117750.26568521
4	143	5197.820253775073	3437.687125088
4	374	10558.252944082572	6789.6330524093
4	438	12299.933821999087	7336.4434972403
4	833	22879.182997413532	13438.61264008
4	859	23900.59746000226	12444.534025539
4	887	24903.399388261692	12508.718593024
4	1050	29565.544390671509	15811.794486319
4	1521	40854.87263032477	21329.232999178
4	1720	44585.202637885321	21167.269707078
4	1757	45437.557972979356	22685.518882313
4	1835	48503.370970964987	23568.258940783
4	1889	50120.692208085764	23228.545006838
4	1915	50950.534780949909	24382.908499919
4	2310	59047.477913771382	27594.821900546
4	2379	60893.638939627072	29348.612611059
4	2463	64312.598600771836	30600.053974819
4	2616	68079.427319590559	33487.155511702
4	2698	71221.670381792447	35046.730124291
4	2715	71655.720934898219	35055.211148249
4	2738	72425.742159143648	35596.612870706
4	2822	74758.613086969218	35826.84855158
4	2852	75519.463236436806	36730.190746352
4	3060	80431.417979050987	39026.823569595
4	3087	81183.882917680406	41393.826306947
4	3122	82125.738649324142	41151.195418097
4	3388	89181.504727483356	45066.512288039
4	3574	92685.092384696568	45523.583367587
4	3676	95172.297151081826	46332.949330539
4	3706	96263.946254842545	46432.498367226
4	3897	102364.469568368609	49110.811292327
4	4233	111049.437814590151	54207.404915513
4	4267	112593.630646478946	55110.58532378
4	4360	115976.954239711727	58568.857758337
4	4384	116552.264312442954	57771.643825716
4	4423	117746.593440689709	58655.592866708
4	4638	123478.622062702294	59795.144525828
4	4785	127483.038848706153	62882.271233694
4	4834	129373.360267311898	62597.966525891
4	4905	131335.11708132234	63406.678884478
4	4925	131907.243474715022	63514.475389035
4	4988	133196.501607832131	61740.729529539
4	5034	134358.385019500372	62427.245680201
4	5181	138683.968680624482	64392.617720969
4	5232	139959.697484199521	66256.235083592
4	5332	143597.418573882994	67598.947629322
4	5383	145271.12303816956	69230.291461308
4	5442	146988.239610244153	70049.229201851
4	5477	148046.258555438934	69785.715298805
4	5573	151599.322526522545	71079.494677292
4	5651	153787.2146616621	71812.956265063
4	5766	157019.124490909844	75158.394366225
4	5881	159771.915311098664	74681.964399765
4	6009	162723.149751715928	76763.531357707
4	6033	163447.142876696408	77198.416719612
4	6073	164863.125254113794	77561.291305288
4	6217	169269.725833584191	79140.96098978
4	6295	171327.871505238683	81982.826585673
4	6314	172347.563195370705	81426.173958872
4	6399	175294.419465654167	83268.410784759
4	6991	189472.003044590922	87625.232791969
4	7026	191269.096118931296	89868.855056917
4	7037	191882.272084814134	89460.641271649
4	7170	194997.688247666332	91266.603517919
4	7211	195535.749197017971	90636.942303959
4	7245	196211.956394475523	92094.08806611
4	7331	198928.323349107626	93270.576875161
4	7460	202128.911798086587	93700.207487141
4	7476	202719.576151513133	95083.880135066
4	7497	203060.905715387884	95885.890115902
4	7549	204356.78882754651	96347.759911481
4	7939	215296.325583879475	97802.180799857
4	7966	216056.348595575069	97018.795512126
4	8109	220038.014337096935	98467.346234149
4	8172	221658.516754743284	101333.50929701
4	8284	224724.867197007514	102851.7912675
4	8326	225718.027967040069	102798.49875814
4	8397	227194.851940677143	102996.72219691
4	8430	227964.849678215212	103400.96564214
4	8479	228922.199853074378	104261.81014839
4	8547	230296.861885313518	105190.87047413
4	8579	231393.177877359666	104564.14360737
4	8637	233372.799344298073	104928.39095737
4	8660	233858.046617463806	103178.06493713
4	8683	235082.393771328607	105950.19683123
4	9073	245557.866719302367	110139.469595
4	9548	256316.172381707115	111855.439112
4	9560	256821.728094809337	112024.26299574
4	9691	261322.560110848978	112561.13583989
4	10032	269509.165271867647	115769.65178208
4	10196	272820.762688734218	115933.79668002
4	10262	274364.031167973414	117631.03341026

