version 2
run Iteration-11-20200521-09:51:28-66196
attr configname Iteration
attr datetime 20200521-09:51:28
attr experiment Iteration
attr inifile omnetpp.ini
attr iterationvars "$i=1, $j=12, $0=15-(1+12)"
attr iterationvarsf i=1,j=12,15-(1+12)-
attr measurement "$i=1, $j=12, $0=15-(1+12)"
attr network Network
attr processid 66196
attr repetition 0
attr replication #0
attr resultdir results
attr runnumber 11
attr seedset 11
itervar i 1
itervar j 12
param **.resourcePool.amount 1
param **.resourcePool1.amount 12
param **.resourcePool2.amount 15-(1+12)
param **.source.interArrivalTime exponential(6min)
param **.delay.delay uniform(4min,28min)
param **.delay1.delay uniform(10min,28min)
param **.delay2.delay uniform(4min,16min)
param **.allocate.resourceModuleName "\"Network.resourcePool\""
param **.allocate1.resourceModuleName "\"Network.resourcePool1\""
param **.allocate2.resourceModuleName "\"Network.resourcePool2\""
param **.deallocate.resourceModuleName "\"Network.resourcePool\""
param **.deallocate1.resourceModuleName "\"Network.resourcePool1\""
param **.deallocate2.resourceModuleName "\"Network.resourcePool2\""
param **.router.randomGateIndex "uniform(0, 1) > 0.2 ? 0 : 1"

vector 0 Network.allocate queueLength:vector ETV
attr interpolationmode sample-hold
attr title "queue length, vector"
vector 1 Network.allocate1 queueLength:vector ETV
attr interpolationmode sample-hold
attr title "queue length, vector"
vector 2 Network.allocate2 queueLength:vector ETV
attr interpolationmode sample-hold
attr title "queue length, vector"
vector 3 Network.sinkStat lifeTime:vector ETV
attr interpolationmode none
attr title "lifetime of arrived jobs, vector"
attr unit s
vector 4 Network.sink lifeTime:vector ETV
attr interpolationmode none
attr title "lifetime of arrived jobs, vector"
attr unit s
0	0	0	0
0	5	97.031391450692	1
0	7	339.605105717468	0
0	12	490.435872079145	1
0	14	955.103689976511	2
0	20	1246.639787492144	1
0	25	1638.092009325313	0
0	34	1893.811357537288	1
0	36	2134.364823565868	2
0	38	2203.11832924633	1
0	51	2764.272221825275	2
0	61	3235.584841249144	3
0	67	3498.241081879259	4
0	69	3799.319907625007	3
0	78	4052.254755806222	4
0	80	4532.847080468722	5
0	82	4893.056025441832	6
0	88	5273.62202414571	5
0	97	5294.923484704544	6
0	99	5431.843906917194	7
0	101	5973.839339037702	8
0	107	6035.712944424756	9
0	113	6547.947459210998	10
0	115	6910.524252478766	9
0	120	7161.842022581187	10
0	122	7237.569487406087	11
0	124	7375.77261271609	12
0	126	7457.913048041862	13
0	128	7500.537807142847	14
0	130	7742.237936642754	13
0	139	8103.130470414448	12
0	144	8218.785166618965	13
0	146	8456.355616373795	14
0	148	8476.977673379385	15
0	158	9027.519861441731	16
0	164	9212.424383290044	17
0	170	9458.886552874732	16
0	175	9890.569566288775	17
0	181	10222.296688611003	18
0	183	10511.671587589481	19
0	185	10732.589368534076	18
0	190	10765.860829586309	19
0	204	12320.336428788351	20
0	206	12339.296821665752	19
0	211	12419.074334955572	20
0	217	12601.910572941013	21
0	219	12617.734582283815	22
0	221	12781.003647795115	23
0	223	12859.623890795166	24
0	225	12885.75816631292	25
0	227	13118.724532587043	26
0	229	13194.395965722191	25
0	234	13257.228439834206	26
0	236	13259.394831292666	27
0	238	13382.825056120097	28
0	240	13487.593497534084	27
0	253	14309.842434093651	28
0	267	14865.339113038766	27
0	272	14876.197706828338	28
0	274	15037.696523008926	29
0	284	15528.09219909942	30
0	286	15734.418385837405	31
0	292	15992.405587334919	30
0	301	17094.57708756842	31
0	303	17102.119421929344	32
0	305	17190.708342243719	31
0	310	17241.012346073019	32
0	312	17369.390645887793	33
0	314	17456.446343236288	34
0	320	17891.276398867842	35
0	322	18368.914453102857	36
0	324	18515.642477389225	37
0	326	18540.297552098322	36
0	339	19488.232955717779	37
0	341	19502.850104470539	36
0	350	19655.66243983395	37
0	352	19675.809780470421	38
0	354	20056.445288664958	39
0	364	20435.185045856854	40
0	366	20805.201196921129	41
0	368	20898.389139658521	42
0	370	20904.306282040465	41
0	379	21802.979097750771	40
0	388	22034.886009193898	41
0	390	22150.54382228563	42
0	392	22297.068335235632	43
0	394	22333.466735087648	44
0	396	22673.955423319624	45
0	402	23106.062869180727	44
0	411	23475.064929810154	43
0	420	23823.067801047849	42
0	425	23985.764637123756	43
0	435	24264.02121954857	42
0	440	24325.910951136379	43
0	450	24810.790340631892	44
0	452	24992.112777550821	45
0	454	25157.086751712663	46
0	464	25346.629512517466	47
0	466	25400.902192008482	46
0	475	25915.163082234766	47
0	481	26392.184688422428	48
0	483	26707.101146702455	47
0	492	27141.633017959251	48
0	498	27570.373322450785	49
0	500	27647.57676905724	50
0	502	27726.249246779464	51
0	508	28187.650926981853	50
0	513	28251.645476977485	51
0	515	28459.070578660614	52
0	521	28783.956760873264	53
0	523	28824.782651635749	54
0	529	28908.730294716345	53
0	534	29127.182814428869	54
0	540	29435.696042781306	55
0	542	29573.576094712262	56
0	544	29679.85752742015	57
0	546	29768.383274643074	58
0	548	30097.247277584659	57
0	553	30233.321652536045	58
0	555	30362.839623208822	59
0	565	31116.316981758133	60
0	567	31150.828878932933	61
0	569	31214.9784380538	62
0	571	31343.885343674679	63
0	573	31499.730245195081	64
0	575	31531.98295289032	65
0	577	31553.958752241718	64
0	582	31596.691477823206	65
0	592	32041.459592446792	66
0	594	32245.681508507308	67
0	596	32288.905922447132	66
0	605	32598.995949283435	67
0	611	32983.899392586452	68
0	617	33282.797728826093	67
0	622	33338.920954435649	68
0	624	33613.569693304169	69
0	630	34043.895361169932	70
0	636	34590.837086693214	71
0	638	34711.73693911432	70
0	647	34812.012413414915	71
0	649	35363.641264301526	70
0	654	35607.636531133906	71
0	660	36070.968394054979	72
0	666	36316.145202945959	73
0	668	36563.880060734955	74
0	670	36624.152378850054	75
0	676	36931.969612923252	74
0	685	37000.776426735722	75
0	687	37483.444102432187	76
0	689	37816.760080207872	75
0	698	38519.416921299684	74
0	703	38760.191090854783	75
0	705	38809.106090778227	76
0	719	39907.727685078725	77
0	725	39970.003945504117	76
0	734	40397.363198671424	77
0	736	40642.264542293537	76
0	749	41358.65755964425	77
0	751	41475.987075951684	76
0	760	41759.901904908878	77
0	762	42135.981382911372	78
0	772	43098.33328821956	77
0	777	43104.538187375006	78
0	779	43134.881758911167	79
0	785	43584.213557072648	80
0	787	43849.624517337682	81
0	789	43849.686533591288	82
0	795	44103.181927010778	83
0	797	44156.00956851911	84
0	799	44272.448147732577	85
0	801	44328.809607283665	86
0	807	44647.223756958533	85
0	812	45237.199758987351	86
0	814	45250.467955082767	87
0	816	45442.012596477557	86
0	821	46200.390979361523	85
0	834	46467.039125916726	86
0	836	46479.995284804558	87
0	838	46540.569484134007	86
0	846	46959.867761337659	87
0	857	47072.001138194096	88
0	863	47367.325887468446	87
0	868	47488.676245168933	88
0	870	47493.204629069876	89
0	884	48167.857237103254	90
0	886	48217.387153331924	89
0	891	48270.368158255942	90
0	893	48358.290449291618	91
0	895	48476.550226148952	90
0	912	49761.140096140843	91
0	918	49995.348700134513	92
0	920	50126.85804092585	91
0	929	50636.56548165976	90
0	934	50884.92286382175	91
0	936	50953.144435633709	90
0	945	51227.585639057808	91
0	947	51639.54019456522	92
0	953	51742.662779916075	93
0	955	51846.64448083453	94
0	961	52007.634170474854	95
0	967	52109.761704281053	96
0	969	52125.935954612484	95
0	974	52129.347634416995	96
0	980	52418.734104908674	97
0	982	52867.7021426288	98
0	988	52986.390867245188	97
0	1001	53962.180198354589	98
0	1003	54243.243459139755	97
0	1012	54568.557612594058	98
0	1018	54638.20595703325	99
0	1020	54893.008955654493	98
0	1029	55784.201529969266	97
0	1038	55809.712989649647	98
0	1044	56145.274903783618	99
0	1050	56215.30943761304	100
0	1060	57126.910872668295	101
0	1062	57162.685008433452	100
0	1067	57628.675656978891	101
0	1069	57671.891143284796	102
0	1071	57694.760182400039	101
0	1076	57810.926868785875	102
0	1078	58061.566670715128	103
0	1080	58071.691479072238	104
0	1082	58382.710013811282	103
0	1087	58527.883773776849	104
0	1089	58552.250910186084	105
0	1099	58916.786596216795	106
0	1105	59231.340379168085	105
0	1114	59336.023795239082	106
0	1120	59603.52312828177	107
0	1122	59921.774513650653	108
0	1128	60289.70078007578	107
0	1137	60760.364334937352	108
0	1139	60956.735161315526	109
0	1141	61112.910628699514	110
0	1151	61294.383123715213	109
0	1156	61495.330911783934	110
0	1158	61853.886136573544	109
0	1167	62062.834935202824	110
0	1173	62177.491088782242	109
0	1178	62595.912493550889	110
0	1188	62878.91278441661	111
0	1190	62938.551948016752	112
0	1200	63290.21010443263	113
0	1202	63478.713933700958	114
0	1204	63717.576133546224	113
0	1213	64339.419031169855	114
0	1215	64435.520968722211	115
0	1221	64962.745024404306	116
0	1223	65104.05707191512	117
0	1229	65249.27832094281	116
0	1234	65348.97885895219	117
0	1236	65517.797658038609	118
0	1238	65759.660945434859	117
0	1243	65764.598331367691	118
0	1245	65993.507921386492	119
0	1259	66961.827221934488	118
0	1264	67442.136484768977	117
0	1273	67484.711796950433	118
0	1275	67493.398083420983	119
0	1277	67637.588458979777	120
0	1279	67752.858580726869	121
0	1281	67890.493042535546	122
0	1295	68935.63414425849	121
0	1300	68971.929997432909	122
0	1306	69484.03087890085	123
0	1308	69688.923863642862	124
0	1310	70028.36797874652	125
0	1316	70530.255092506102	124
0	1325	71026.523995066037	125
0	1327	71203.207042415431	124
0	1336	71813.434008509144	125
0	1338	71935.658083139085	126
0	1344	72039.40041544401	127
0	1346	72183.831474668918	128
0	1348	72289.112323422721	127
0	1357	72757.283526060003	128
0	1359	72798.230455419767	129
0	1361	72951.211459897363	130
0	1363	73018.482074574618	131
0	1365	73175.843349915418	132
0	1371	73454.916069668523	131
0	1376	73749.906942371224	132
0	1382	73953.414940016604	133
0	1384	74329.637750079791	134
0	1386	74336.312409023717	135
0	1392	74581.535000343165	136
0	1398	75084.472250540546	135
0	1403	75519.587641592778	136
0	1409	75827.465732631079	135
0	1414	76349.022760130534	136
0	1424	76796.816078212849	135
0	1429	77286.432913441948	134
0	1446	77803.841494542688	135
0	1448	77927.151166398815	134
0	1453	78333.056478214256	133
0	1462	78906.182013379585	134
0	1468	79060.76786657124	133
0	1473	79227.175452597163	134
0	1490	80145.211348024003	133
0	1504	80518.920636921702	134
0	1506	80557.023425561182	133
0	1511	80654.936349107231	134
0	1521	81640.344045472137	133
0	1526	81994.427683830697	134
0	1528	82079.972454560383	135
0	1534	82132.653458130352	134
0	1547	82408.717293388775	135
0	1549	82834.372179615912	136
0	1555	82964.035063729245	137
0	1557	83048.485346986162	138
0	1563	83262.877002072327	137
0	1572	83609.663054656975	136
0	1577	84104.737819332807	137
0	1591	84659.64107898324	136
0	1596	84846.352845075582	137
0	1602	85028.744729620211	136
0	1611	85227.53841445576	137
0	1617	85855.973058478727	138
0	1631	86235.447054405503	137
0	1636	86423.572394608773	138
0	1638	86594.207801718475	139
0	1640	86693.475719224914	140
0	1642	86918.195371191769	141
0	1648	87272.518460948758	140
0	1653	87311.415936757679	141
0	1655	87588.170169888753	142
0	1657	87686.759129551046	141
0	1662	87780.570521911803	142
0	1664	87805.054330324566	143
0	1666	87915.005664855039	144
0	1668	88057.690898415439	143
0	1677	88312.52758229092	144
0	1679	88535.976755865018	145
0	1685	88715.098432383798	146
0	1687	88823.997090753508	147
0	1693	89121.175243903689	146
0	1702	89259.290670083454	147
0	1704	89362.065208870974	148
0	1706	89470.674818952374	147
0	1723	90210.476173749995	148
0	1725	90211.580951308599	149
0	1727	90509.805881444203	150
0	1733	90910.6410964325	149
0	1738	91035.592568739765	150
0	1748	91553.018721152303	151
0	1750	91737.515624489468	152
0	1756	91801.345808778696	151
0	1761	91951.408309098549	152
0	1767	92285.37072080233	153
0	1769	92291.073430433387	154
0	1775	92628.058413221039	155
0	1781	93063.718400236957	154
0	1790	93171.343616796221	155
0	1792	93501.022607658796	154
0	1797	93554.384534398459	155
0	1799	93565.548934160635	156
0	1801	94176.164053446278	157
0	1803	94248.055660811059	156
0	1808	94401.756460441684	157
0	1814	94582.134030371327	158
0	1820	94907.588799644999	157
0	1825	94940.703944239111	158
0	1827	95080.278373201042	159
0	1829	95102.46222954284	160
0	1835	95168.88138762778	161
0	1841	95283.291665958424	162
0	1843	95491.368866947252	163
0	1849	96141.329486261774	164
0	1851	96213.361478251467	165
0	1857	96329.765118968479	164
0	1866	96569.676421510866	165
0	1872	97331.468965244944	166
0	1878	97712.937610466527	167
0	1880	97768.948040890991	168
0	1882	97860.696355339877	167
0	1891	98045.182775373608	168
0	1893	98490.859129089436	169
0	1895	98608.859247808303	170
0	1897	98862.380927731709	171
0	1899	99056.217015901176	172
0	1901	99254.535798591368	171
0	1910	99561.907094416893	172
0	1916	100022.204137207422	173
0	1918	100112.73605451076	174
0	1920	100127.7407583117	175
0	1922	100156.545395967436	176
0	1928	100409.493841242783	175
0	1937	101158.926099712665	176
0	1939	101381.21082649256	177
0	1941	101503.263165962689	176
0	1950	101584.035591567417	177
0	1952	101791.316581129164	178
0	1954	101833.972632757224	179
0	1956	101912.430663865798	178
0	1977	103291.061320056235	179
0	1979	103545.580203172558	178
0	1988	104303.824512988743	179
0	1990	104738.049283894818	180
0	1992	104758.043999087804	179
0	2001	105186.05602066321	180
0	2003	105307.955568238247	181
0	2009	106007.22242187936	182
0	2015	106353.850253497627	183
0	2017	106373.582454745465	182
0	2022	106479.97662988501	183
0	2028	107484.72367856172	184
0	2030	107511.633138364106	185
0	2036	107865.772313375765	184
0	2041	108076.893670742007	185
0	2043	108117.650837191103	186
0	2045	108334.118741636444	187
0	2051	108423.407378689278	188
0	2053	108547.587909249317	189
0	2059	108872.683623708745	190
0	2061	109030.075661738211	189
0	2070	109286.659519466995	190
0	2072	109471.802190383732	191
0	2074	109602.177327845985	190
0	2083	109760.45316489774	191
0	2089	110264.330997465615	192
0	2091	110346.794894535834	191
0	2100	110479.92452619837	192
0	2102	110786.678909021398	193
0	2108	111198.886940518655	194
0	2110	111307.743877184386	193
0	2119	111553.144564366257	194
0	2125	112142.827731382751	195
0	2127	112153.932531125014	196
0	2137	112831.541561086471	195
0	2142	113360.236067469731	196
0	2144	113475.271175074082	197
0	2150	114191.467518669362	196
0	2159	114806.095727542252	197
0	2165	115047.499753693887	198
0	2167	115380.707857483437	199
0	2173	115865.460265998538	198
0	2178	116408.081444364696	199
0	2180	117004.794841793175	198
0	2185	117150.455399470031	199
0	2191	117228.59374329631	200
0	2197	117503.911722119586	201
0	2199	117557.516378660496	200
0	2204	117720.052315242389	201
0	2206	117947.794700242975	202
0	2208	117999.772328573782	203
0	2210	118204.651230710469	204
0	2220	118833.96021033399	205
0	2222	118896.614513009965	206
0	2224	119070.874632742557	207
0	2226	119084.627615299817	206
0	2235	119468.766112498721	207
0	2245	120238.434654859815	208
0	2247	120253.571808536347	207
0	2252	120280.276679333422	208
0	2254	120315.16705982263	209
0	2260	120791.702247926485	210
0	2262	121135.950879665562	211
0	2264	121356.463667698555	212
0	2270	121709.806642394473	213
0	2272	121752.634844866391	212
0	2277	122185.788965874902	213
0	2279	122247.929212927482	214
0	2285	122401.950065028897	215
0	2287	122424.306328529144	216
0	2293	122641.913321737941	215
0	2298	122794.587349556267	216
0	2300	123121.328428736575	217
0	2302	123191.249749895926	216
0	2307	123442.886006580041	217
0	2313	123627.947266872635	218
0	2315	123733.116253775354	217
0	2320	123953.539860343628	218
0	2330	124420.029396033388	219
0	2340	124497.031629089562	220
0	2346	125315.139291019895	221
0	2348	125408.760960896309	220
0	2357	125909.172106002063	221
0	2359	126063.760508143029	222
0	2365	126664.512336390308	223
0	2367	126830.677825750313	224
0	2369	126883.192722995575	223
0	2378	127329.809805939686	224
0	2380	127393.517724250253	223
0	2385	127434.90633511733	224
0	2387	127597.900934073437	225
0	2393	127669.48106167167	224
0	2398	128037.643846735188	225
0	2408	128553.365544479523	226
0	2414	128993.783184125992	227
0	2420	129278.744206365939	226
0	2425	129496.379350892859	227
0	2431	130514.099529695507	226
0	2440	130686.943711599214	227
0	2442	130878.383835548508	228
0	2444	131155.437569343333	229
0	2454	131523.371114731473	230
0	2456	131525.799474062878	231
0	2458	131589.130729001757	230
0	2463	132184.10708056083	231
0	2469	132354.22712375276	232
0	2471	132406.428539361609	233
0	2473	132504.43643737237	234
0	2475	132539.915813852843	233
0	2480	132661.900723666972	234
0	2486	133515.641964365249	235
0	2496	133958.936206486818	234
0	2501	133966.768176574234	235
0	2503	133986.506994656776	236
0	2509	134522.087788490075	237
0	2515	135307.799963963029	236
0	2520	135354.069344849266	237
0	2526	135583.769858296163	238
0	2528	135717.181961979533	239
0	2534	136725.495750874078	240
0	2540	136944.969804671404	239
0	2545	137108.4434951288	240
0	2547	137544.399131294197	241
0	2553	137835.843725664517	242
0	2555	138021.517353402633	243
0	2557	138147.384661932287	242
0	2566	138581.68791299015	241
0	2571	138813.936465239894	242
0	2573	138853.984878559408	241
0	2578	138931.107162720373	242
0	2584	139263.332511427506	243
0	2586	139264.140841865578	244
0	2596	139484.174556470313	245
0	2606	139877.332184120389	246
0	2608	140050.296954360639	247
0	2610	140184.809576674481	248
0	2612	140525.221062016485	247
0	2621	140829.21361726365	248
0	2623	140985.614805610557	249
0	2629	141462.770351887085	250
0	2631	141801.575190466339	251
0	2637	141912.287792053817	250
0	2642	142329.66281702275	251
0	2644	142436.110322442614	252
0	2646	143008.866787034119	253
0	2652	143393.340871755777	252
0	2661	144104.66278351938	253
0	2667	144259.528143157063	252
0	2672	144369.190019747748	253
0	2678	144722.129491418725	254
0	2680	144769.374462857152	255
0	2682	144795.10694376836	256
0	2684	145042.502760228513	255
0	2689	145121.8384621751	256
0	2695	145595.710450832544	255
0	2704	145704.380620948325	256
0	2706	145781.213436779855	257
0	2708	145802.046916655391	258
0	2714	145955.433027635043	259
0	2716	145999.97824146683	260
0	2722	146568.633955864773	261
0	2724	146587.01178926731	262
0	2726	147021.356486801801	261
0	2739	147572.673915914268	262
0	2741	147903.316279452656	263
0	2743	148013.914230813084	262
0	2752	148415.830098029969	261
0	2757	148449.567160890285	262
0	2763	148651.663991737558	263
0	2765	148792.500608426486	264
0	2767	148802.948713102595	265
0	2781	149722.935295111835	266
0	2783	149771.492746409772	265
0	2788	149941.192772218094	266
0	2794	150040.12532151577	267
0	2796	150154.419729204105	268
0	2798	151184.650765557585	267
0	2807	151413.052173191331	268
0	2809	152042.940606449542	267
0	2822	152336.063236107201	268
0	2824	152568.007897907921	269
0	2826	152686.526413087544	268
0	2835	153105.205150008413	269
0	2837	153176.642285147122	270
0	2847	153645.931310032305	269
0	2856	153765.321779370911	270
0	2858	153815.880826816586	271
0	2864	154178.203103871272	272
0	2866	154406.002019953725	271
0	2871	154712.095956726407	272
0	2881	155257.942725431916	271
0	2898	156136.871965874729	270
0	2903	156799.649063844976	269
0	2912	156956.035438862196	270
0	2914	157253.536871248074	271
0	2916	157292.786538933861	272
0	2922	157773.30394432066	273
0	2924	157867.827580627135	274
0	2926	157958.945661385355	273
0	2935	158068.098788638497	274
0	2937	158204.764707550083	275
0	2947	158878.403111502448	276
0	2953	159039.383898415398	277
0	2955	159222.445228558777	276
0	2968	160477.25022100606	277
0	2970	160694.319135344352	278
0	2972	160798.127604650242	279
0	2974	160806.529467043279	278
0	2983	160949.894954213042	279
0	2985	161319.667429973183	278
0	2990	161718.152481607845	279
0	2996	162500.676092401438	280
0	3002	162568.079432976859	281
0	3008	162749.954415475114	282
0	3010	162835.000823971627	281
0	3015	163062.628228495629	282
0	3017	163152.739807145844	283
0	3019	163233.708493880845	284
0	3021	163300.380436007676	283
0	3026	163352.708086988109	284
0	3032	163629.270451416073	283
0	3037	163926.095732726021	284
0	3043	164056.229281437395	283
0	3048	164108.499652731225	284
0	3062	164524.710121405405	285
0	3076	165102.85903222056	286
0	3078	165338.240737406207	287
0	3080	165393.924745705722	286
0	3089	165954.709745845209	287
0	3091	166258.687961511832	288
0	3097	166435.615690738213	289
0	3099	166908.277081523834	288
0	3108	168076.798106162398	289
0	3110	168129.192997301961	290
0	3112	168332.147639629243	289
0	3121	168485.848501620453	290
0	3123	168530.397402754549	291
0	3125	168776.709463579913	292
0	3131	169096.750014572433	293
0	3137	169351.33420319557	292
0	3142	169353.635622908724	293
0	3144	169596.510236669802	294
0	3146	169694.471064318411	295
0	3148	169772.655546774853	296
0	3154	169954.626597662268	295
0	3159	169983.432773308126	296
0	3161	170464.102726691591	297
0	3163	170538.523554906121	298
0	3169	170700.820552866538	299
0	3171	170818.196056254072	300
0	3181	171475.081999351082	299
0	3186	171773.311778553168	300
0	3192	172399.105475184319	299
0	3201	173065.461882849035	298
0	3214	173352.15728850532	299
0	3220	173632.70488240873	300
0	3222	173789.791512575743	299
0	3227	173801.471357384827	300
0	3233	174012.680197752804	301
0	3235	174301.824772854147	300
0	3244	174459.555541307957	301
0	3246	174500.472979692511	302
0	3248	174570.022121116612	303
0	3250	175049.256970559058	302
0	3255	175095.293172134688	303
0	3261	175287.113355682593	304
0	3263	175331.759671679101	305
0	3269	175350.720796383716	306
0	3275	175615.460719273844	307
0	3277	175739.929025384455	308
0	3283	175935.809969888049	309
0	3289	176242.23922358155	308
0	3294	176290.200059933941	309
0	3300	176659.237549391386	308
0	3309	176895.604526608051	309
0	3311	177062.154437129197	308
0	3316	177587.460513425685	309
0	3326	177824.973237153885	308
0	3331	178099.339345118401	309
0	3333	178131.058961901787	310
0	3339	178332.977565855322	311
0	3349	178776.408080302429	312
0	3355	179416.186542113123	311
0	3364	179906.005452324968	312
0	3366	180232.122663155017	313
0	3372	180656.599215802548	312
0	3385	181750.268762485579	313
0	3387	182036.766272608934	312
0	3396	182767.920177630653	313
0	3398	183061.075100016592	312
0	3407	183384.602053865961	313
0	3409	183614.159801756464	314
0	3411	183640.802159343941	315
0	3413	183728.740011159058	316
0	3419	184410.921523518629	317
0	3421	184462.045899008213	316
0	3430	184781.854023088513	315
0	3435	184870.307867792893	316
0	3437	184985.733763946789	317
0	3443	185182.654203337429	316
0	3448	185457.157251287995	315
0	3453	185574.067880241825	316
0	3455	185705.913398987834	317
0	3468	186160.44940510094	316
0	3494	187290.571188716604	317
0	3496	187541.835044189403	318
0	3502	187639.023832209313	319
0	3504	187660.908395101128	318
0	3513	187952.749129865076	319
0	3515	188157.081235863964	320
0	3517	188183.327463392911	319
0	3526	188489.074106350822	320
0	3532	188767.631095268845	321
0	3534	188954.450271765604	322
0	3540	189246.231182043252	321
0	3549	189632.204346892235	320
0	3554	189772.064289825571	321
0	3556	190109.877212366303	322
0	3558	190498.085707882261	323
0	3560	190555.619858617182	324
0	3566	191099.412272922262	325
0	3572	191122.003373925385	324
0	3585	191605.842586259983	325
0	3587	191835.762788404522	324
0	3596	191952.960743844911	325
0	3598	191966.30906559136	326
0	3600	192534.426156710012	327
0	3606	192837.514008954913	328
0	3616	193365.94739769846	327
0	3621	193479.438039893651	328
0	3623	193495.406078709386	329
0	3625	193541.87876162479	330
0	3627	193543.375797533517	331
0	3629	193921.28958788961	330
0	3634	194278.397016471557	331
0	3636	194467.444761795185	332
0	3638	194819.509187583937	333
0	3644	195084.627649796007	332
0	3649	195119.626013919872	333
0	3651	195241.212135202022	334
0	3653	195365.825341496794	335
0	3659	195466.809199655319	336
0	3673	196086.764802312305	337
0	3675	196575.673434969781	336
0	3684	197023.990579365427	337
0	3686	197036.228239001718	338
0	3688	197158.654083845018	337
0	3693	197347.851456794835	338
0	3695	197378.214979391654	339
0	3697	197442.07143705026	340
0	3703	197710.945606951414	339
0	3712	198030.920326721667	338
0	3725	198112.719399779752	339
0	3727	198583.995108637452	340
0	3729	198665.630627621709	339
0	3734	198730.627422616964	340
0	3740	199090.47987839097	341
0	3750	199810.821316188699	342
0	3752	199929.998074411315	343
0	3754	200027.588716273009	342
0	3759	200032.759854059706	343
0	3761	200058.122567122796	344
0	3771	200456.349096235632	343
0	3784	200672.615240755026	344
0	3786	200734.123370752574	345
0	3788	200872.17086033225	344
0	3801	201431.309460963183	345
0	3803	201676.616338579791	346
0	3809	201863.16728645265	345
0	3814	202136.002637510967	346
0	3820	202270.320029978453	345
0	3841	203705.835732121765	344
0	3846	203965.764469170791	345
0	3852	204071.664893578592	346
0	3854	204074.372332257032	345
0	3859	204113.557458805214	346
0	3861	204181.691650434012	347
0	3863	204184.685186815306	348
0	3865	204590.204733904847	349
0	3871	205289.931442973017	348
0	3880	205456.332995272568	349
0	3894	206477.462421256124	350
0	3896	206515.423202489316	349
0	3905	206630.408182158739	350
0	3907	207540.668958987787	351
0	3909	207785.576424983143	350
0	3930	209232.632758219539	349
0	3935	210172.282753263413	348
0	3944	210575.228271501665	349
0	3946	211107.568726474024	350
0	3948	211188.876551499805	351
0	3950	211306.193359617888	350
0	3955	211350.188414820709	351
0	3965	211719.113760243286	352
0	3971	212216.818950299918	351
0	3976	212265.212875446651	352
0	3982	212702.372757230201	353
0	3984	212796.602117356657	352
0	3993	213501.840528440203	353
0	3999	213595.447204285373	354
0	4005	213903.158151396331	355
0	4007	214266.522798177599	354
0	4020	214602.173598919784	355
0	4022	215009.957946550845	354
0	4031	215518.539868408125	355
0	4033	215743.603160459956	356
0	4039	216232.613498692214	355
0	4044	216246.208345758042	356
0	4046	216300.237717444564	357
0	4052	216966.806474302709	356
0	4061	217288.585135228098	357
0	4063	217629.64272545916	358
0	4065	217788.48349341893	359
0	4075	218537.423988741636	358
0	4080	218595.381370785048	359
0	4090	219474.172552044332	360
0	4092	219768.680296216905	359
0	4101	220023.460647222653	360
0	4107	221208.284372885525	359
0	4112	221229.295859229955	360
0	4118	221467.746023510396	359
0	4127	221692.1882392989	360
0	4129	222280.155081083769	361
0	4131	222325.807668359132	362
0	4133	222360.923702320191	363
0	4139	222512.665018297471	364
0	4145	222727.148981441557	363
0	4150	222888.420703562965	364
0	4160	223775.963755618856	365
0	4166	223843.500131517117	366
0	4168	223973.32355876714	365
0	4173	224235.376260516048	364
0	4178	224238.338470922106	365
0	4180	224452.446760808413	366
0	4190	225306.724928961688	367
0	4192	225436.789282010093	368
0	4198	225562.095554309952	369
0	4200	225867.838489797712	368
0	4209	226340.520125985651	369
0	4215	226543.984805133939	368
0	4220	226711.249156101528	369
0	4222	226896.059813760317	370
0	4224	226929.535419133306	369
0	4241	228138.674934520285	370
0	4243	228185.154666399184	371
0	4249	228286.893693488643	372
0	4255	228535.72000143379	371
0	4264	229445.159069878501	372
0	4266	229497.926229995489	371
0	4275	229679.298247162706	372
0	4277	229788.715182368457	371
0	4282	229824.85773802976	372
0	4284	229826.268714970987	373
0	4290	230434.655923594534	372
0	4299	230723.089373421669	371
0	4304	231094.525842064086	372
0	4310	231181.003400884489	373
0	4316	231613.28976917814	374
0	4318	231623.648657810688	373
0	4339	232363.98517682494	374
0	4341	232431.533690703495	375
0	4347	232906.599019367993	374
0	4352	232972.887697653057	375
0	4362	233479.126235455847	376
0	4364	233736.003754925473	377
0	4366	233809.470162403584	376
0	4371	233818.831229342717	377
0	4373	233821.023011434481	378
0	4383	234763.823620702319	379
0	4389	234958.431822226795	380
0	4391	235025.030514982343	379
0	4396	235395.821626509678	380
0	4406	235857.033221234687	381
0	4412	235992.904636935188	382
0	4414	236009.292982598751	383
0	4416	236450.390304264427	382
0	4421	236526.725097700461	383
0	4423	237107.376518214033	384
0	4429	237432.59596004795	385
0	4431	237649.047918397222	386
0	4433	237786.245234359802	385
0	4442	237842.547740129484	386
0	4444	237885.18096040834	387
0	4446	238037.057403193754	388
0	4448	238068.056058672072	387
0	4457	238562.939417716978	388
0	4459	238623.681830614394	389
0	4465	239211.775822241606	388
0	4478	239584.272492713751	389
0	4480	239587.799020558069	390
0	4482	239690.756500983921	391
0	4484	239733.943988822662	392
0	4486	239745.264037672407	393
0	4488	240210.01355187297	392
0	4493	240211.675366530715	393
0	4499	240932.418244343997	392
0	4512	241122.931615155998	393
0	4514	241303.633769129218	392
0	4519	241385.044982987842	393
0	4529	241846.443313893677	392
0	4534	241915.33747012363	393
0	4536	242063.252403827133	394
0	4538	242223.377320738944	395
0	4540	242355.871426363291	394
0	4561	243510.042700379814	395
0	4563	243702.968013296814	396
0	4573	243985.403888460996	395
0	4578	244002.230566019113	396
0	4580	244070.960103296999	397
0	4594	245193.123094339671	396
0	4599	245253.563952841874	397
0	4605	246045.987806406619	396
0	4610	246087.654290954847	397
0	4612	246251.680284165093	398
0	4614	246576.611778040354	399
0	4616	246669.049026012555	400
0	4618	246709.175507389657	401
0	4624	246765.626641821863	400
0	4633	246853.502880959313	401
0	4635	247195.197075639935	402
0	4641	247421.351379501707	403
0	4643	247442.350035976776	404
0	4645	247559.035754841581	405
0	4651	247742.268257909482	406
0	4653	247857.670596013033	407
0	4655	247982.400413689019	406
0	4660	248369.704334973701	407
0	4662	248464.087496113779	406
0	4667	248482.214352690398	407
0	4673	248987.459192501463	408
0	4675	249192.872505317729	409
0	4681	249534.774964538218	408
0	4690	249885.219472637932	409
0	4696	250067.286496253793	410
0	4698	250118.464954060137	411
0	4700	250440.941910965017	412
0	4706	250849.587394271793	411
0	4715	251274.729552392664	410
0	4720	251559.073909165347	411
0	4722	251715.393710409107	410
0	4731	251984.506603347661	411
0	4744	252656.618407383136	412
0	4751	252989.639877685049	413
0	4757	253191.500011806192	412
0	4762	253383.055082109514	413
0	4768	253948.434809346499	412
0	4773	254374.282767093893	413
0	4775	254654.475743202368	414
0	4781	255028.667810468802	415
0	4783	255382.560736623408	414
0	4796	255737.215924088659	413
0	4801	255939.884393800358	414
0	4803	255986.687087237096	415
0	4809	256043.940273162725	414
0	4818	256098.911467911366	415
0	4820	256172.384548524021	416
0	4822	256176.001861132246	417
0	4824	256287.935103482965	418
0	4826	256303.127148700344	419
0	4828	256308.872006287805	420
0	4830	256551.454790026719	421
0	4836	257066.691564594212	420
0	4853	257643.969614990424	421
0	4855	257705.78736952253	422
0	4857	257712.654617466883	423
0	4859	257758.57292513344	424
0	4865	257801.242225854591	425
0	4867	258127.385786746445	424
0	4872	258623.18610292679	425
0	4878	259443.075754487844	426
0	4884	259718.921981813295	427
0	4890	259785.502746117118	426
0	4895	259982.772727226036	427
0	4897	260472.090942498145	428
0	4911	260823.581851407204	429
0	4913	260919.800513584915	428
0	4918	261372.26360811829	429
0	4920	261598.745927734771	430
0	4922	261630.158166538846	431
0	4924	261778.428734967312	432
0	4930	261946.585955359275	433
0	4932	262404.771316290808	434
0	4934	262419.913890895251	433
0	4943	262657.09054810071	434
0	4945	262705.078352383334	435
0	4947	262778.619582058301	436
0	4949	263243.969881525149	437
0	4955	263393.345030897106	438
0	4957	263537.840410951906	439
0	4959	263826.450463359062	438
0	4964	263915.77866154763	439
0	4966	264171.408343066279	438
0	4975	264568.620480159501	439
0	4977	264707.599345017728	440
0	4983	265040.344010007385	439
0	4996	265641.224431705478	438
0	5001	265703.2298770384	439
0	5007	266183.6431606354	440
0	5009	266399.644024725146	441
0	5011	266528.973491029931	442
0	5013	266582.266612277159	443
0	5023	266719.390533347444	444
0	5025	266814.240371447805	443
0	5034	267329.872477383584	444
0	5036	267518.913173341784	445
0	5038	267546.057271634046	444
0	5047	267685.858101817416	445
0	5053	267881.294900498731	446
0	5055	268162.723015496182	447
0	5057	268179.731194463376	446
0	5066	268397.035536868284	447
0	5072	269007.394556831804	448
0	5074	269075.614910261021	449
0	5080	269350.892201044	450
0	5082	269393.795034221716	451
0	5084	269418.265756566826	450
0	5089	269545.516918483933	451
0	5095	269853.773871682699	452
0	5097	270204.659540952882	453
0	5103	270579.802058649067	452
0	5108	270683.654887153087	453
0	5114	270774.522234251893	454
0	5116	271131.045305740837	453
0	5121	271449.094903853539	452
0	5134	271855.213626970354	451
0	5143	272353.624958712959	452
0	5149	272478.917987312936	453
0	5151	272717.933747526641	454
0	5157	272972.165408739306	455
0	5159	272987.99730253667	454
0	5172	273205.510191991114	455
0	5182	273688.85092840383	456
0	5184	273935.457561496765	457
0	5190	274270.198481135091	458
0	5192	274465.314779219035	457
0	5201	274968.467659588672	458
0	5203	275163.235394611142	459
0	5209	275533.516770613197	458
0	5214	275615.563635517241	459
0	5216	275667.089754492929	460
0	5222	276372.831604790691	459
0	5227	276440.73092624238	460
0	5229	276609.192224597526	461
0	5235	277186.003090341122	462
1	0	0	0
2	0	0	0
2	54	2903.355817387613	1
2	56	3104.467746729764	0
2	844	46849.930798665423	1
2	848	47040.762124557782	0
2	1488	80006.21433744467	1
2	1495	80187.402479343853	0
2	3466	185839.674555643273	1
2	3473	186505.781448663025	0
2	3487	186937.715442807226	1
2	3489	187091.722934257983	0
2	3662	195758.416358896343	1
2	3664	195783.827005478365	0
2	4328	232058.802840404957	1
2	4330	232075.048644629121	0
2	4742	252544.446118187907	1
2	4746	252914.06442117207	0
3	32	1691.796572099241	1620.2358123567
3	65	3251.490953353036	3154.4595619023
3	95	5288.747225723031	3394.9358681857
3	111	6257.805742270114	4123.4409187042
3	162	9095.248451505589	5859.6636102564
3	198	11757.175774651382	7704.9210188452
3	257	14691.335658442962	9798.2796330011
3	265	14821.95406354292	9527.0305788384
3	290	15949.604645318153	9975.7653062805
3	318	17615.933519595104	11580.22057517
3	337	19401.653855436284	12853.706396225
3	377	21098.001371596742	13860.431884191
3	400	22788.770639610279	15412.998026894
3	444	24724.818216518301	17224.280409375
3	448	24760.416895442443	16541.631728823
3	473	25605.189963693532	17148.83434732
3	496	27326.168010023223	18298.648148581
3	519	28616.445741143809	19404.021357854
3	538	29218.217677066835	19327.648110778
3	563	30993.40200110598	20771.105312495
3	590	31976.460485135006	21464.788897546
3	609	32768.710771149757	22002.849941563
3	628	33961.778773388626	21641.4423446
3	645	34750.510386659565	22331.436051704
3	674	36928.124108903843	24326.213535963
3	683	36997.414488757761	24379.679906474
3	709	39301.457439663621	26520.453791869
3	723	39961.957025428104	27102.333134633
3	732	40087.067866523552	27201.309700211
3	747	41282.760041982669	28164.035509396
3	783	43234.1363813009	29974.741550008
3	805	44369.710516066093	30986.885459946
3	851	47040.762124557782	32730.919690464
3	855	47067.252617536847	32191.054910709
3	861	47318.873776954401	32281.177253945
3	882	48103.20189089774	32575.109691798
3	906	48978.955950832729	33244.537564995
3	910	49551.803070886795	32457.225983318
3	927	50615.278447654832	33513.159025725
3	951	51703.256166542684	34462.24382047
3	986	52966.637586348494	35597.246940461
3	1010	54520.432340635722	36629.155941768
3	1016	54582.50643134377	36213.591978241
3	1042	55918.532837324581	37402.890359935
3	1048	56170.298873468107	36682.06591775
3	1058	56999.803150233617	37344.1407104
3	1112	59271.116972996659	39214.671684332
3	1171	62109.728032921246	41211.338893263
3	1182	62604.158758588871	40569.272749395
3	1194	63045.064872897035	40894.521050611
3	1211	63742.532382600746	41445.464047365
3	1271	67464.828900744012	43479.06426362
3	1293	68778.004224759331	44452.093273623
3	1304	69401.314519767454	44590.524179136
3	1323	70938.210590512297	45946.097812961
3	1342	72001.20574181228	46844.1189901
3	1369	73184.608380648112	47837.978868131
3	1390	74551.677927274993	48636.51484504
3	1407	75551.290899564317	49159.106211142
3	1436	77369.964592254526	50228.331574295
3	1440	77440.725912715114	49870.352590264
3	1460	78367.704063060499	50720.127294003
3	1498	80187.402479343853	51935.757002366
3	1515	80655.274692357323	52196.204113697
3	1553	82839.03295818045	53711.850143752
3	1600	84963.093510021262	55283.235982601
3	1629	86185.163569574051	55822.323946365
3	1675	88065.679462536044	56949.362480778
3	1700	89197.221128058426	58046.392249125
3	1721	90022.938126169883	58679.052782495
3	1746	91205.378322110318	59705.648076915
3	1779	92769.639677659415	61172.948199836
3	1788	93103.390737998106	61061.931145551
3	1833	95112.329031576209	62513.333082293
3	1839	95269.72017842605	63024.038669919
3	1855	96228.415720912434	63244.516328326
3	1870	96927.627358653389	63588.706404218
3	1914	99864.968799401812	65821.073438232
3	1935	101037.100919254862	66446.263832562
3	1963	102487.944254933663	67675.931841519
3	1975	103214.874478329711	67607.237947196
3	1986	103587.585720375919	67516.617326321
3	2007	105549.005570172139	69232.860367226
3	2049	108335.500158800551	71711.34777995
3	2068	109172.648903590435	72171.872476855
3	2087	110044.87799940891	72561.433896977
3	2123	111709.379319867859	72900.27322909
3	2157	114462.071910354118	74064.708711683
3	2171	115582.094792716945	74223.437233073
3	2195	117454.179016046967	75694.277111138
3	2218	118817.718928831439	76681.73754592
3	2239	119693.608493546765	76589.070306172
3	2258	120382.692780851196	77247.81102194
3	2283	122283.059454795715	78698.845897723
3	2311	123458.644689510386	79609.020172173
3	2334	124444.648591412972	80594.962057822
3	2338	124458.562376390021	80355.380449379
3	2355	125603.839115186404	81447.829546667
3	2376	126910.672873400893	82638.224725668
3	2406	128356.145813244204	84027.336205961
3	2412	128702.553327011686	83465.353568024
3	2429	129593.030036168914	84342.562081086
3	2467	132287.762876742329	85807.767591938
3	2490	133755.063429198039	86795.19566786
3	2507	134268.225388343256	87196.224250149
3	2524	135473.30310591757	87984.626860749
3	2538	136796.89029468484	89303.685665615
3	2564	138448.831923606617	90280.974686503
3	2594	139467.263825538379	91196.895667282
3	2619	140658.188155258817	90897.048059118
3	2676	144602.375379514692	93374.789740457
3	2712	145936.770235805584	94297.23004124
3	2737	147412.978432451187	95566.333951617
3	2761	148580.293261243774	96572.659090769
3	2775	149453.868878793714	97344.107174513
3	2816	152195.138382560386	99776.404277652
3	2833	152985.347110547869	100117.64496792
3	2862	154113.163275227693	99544.605662634
3	2888	155456.274533730743	100818.0685767
3	2892	155870.53986373618	100060.82687409
3	2910	156858.605761176717	100713.33085739
3	2945	158873.132680061084	101746.22180739
3	2962	159363.832512416688	101735.15685544
3	2981	160887.243232515453	103215.35208923
3	3000	162549.250586361437	104738.32371758
3	3030	163389.974887010453	105328.4082163
3	3056	164336.567471802977	106264.87599273
3	3060	164514.027816022558	105961.77690584
3	3074	165086.451626217735	106558.56785244
3	3087	165693.513705332575	106776.72710912
3	3106	166923.726202922685	107587.70240768
3	3129	168855.05757136531	109251.53444308
3	3152	169802.769070493801	109880.99455684
3	3175	171201.82141420692	110441.45707927
3	3190	172267.742971966786	111311.00781065
3	3212	173344.603086675329	111849.27217489
3	3218	173551.986882465703	112439.07625377
3	3242	174308.865504127738	112246.03056892
3	3273	175599.008418286961	113003.09592474
3	3281	175926.570111254973	113047.65732684
3	3298	176528.24739998467	113589.69545197
3	3347	178718.984651456398	114379.56562029
3	3362	179477.735033512858	115042.21406479
3	3379	180837.834413594377	115875.08938919
3	3417	183885.379475395008	118536.40061644
3	3441	185176.306053244321	119658.50839521
3	3476	186505.781448663025	120512.27352728
3	3480	186665.9227003742	120901.32436901
3	3492	187091.722934257983	119607.01113731
3	3500	187635.680683583765	120142.28260016
3	3511	187683.741174985467	120046.15271601
3	3530	188639.70527477823	120886.84669405
3	3547	189339.534636738522	121449.0415942
3	3579	191140.762685018403	122168.83268759
3	3583	191490.764540082586	122006.73366118
3	3604	192752.925841447708	123064.0019778
3	3614	193165.506067436932	123137.13808869
3	3671	196068.335756969451	124254.90174846
3	3682	196684.466582967711	124748.80849983
3	3719	198090.684615813939	125906.85314115
3	3723	198094.616323292998	126055.21590785
3	3748	199348.778006483613	126591.49448042
3	3765	200060.244468788429	127262.01401337
3	3795	201191.102033856138	128172.61995928
3	3807	201761.938139370455	128586.09478946
3	3827	202922.778774334862	129172.87183196
3	3835	203366.806659412384	129413.3917194
3	3850	204004.044862848519	129674.40711277
3	3884	205564.465299949794	130982.93029961
3	3892	206095.682783073559	131759.37037405
3	3903	206586.83196051307	131067.24431892
3	3920	208492.261352588236	132143.23859246
3	3928	209081.099084627628	131277.25759008
3	3959	211370.651340645551	132464.46932727
3	3991	212857.045042964443	132338.12440604
3	4014	214274.097128000855	132279.66944417
3	4018	214392.370541023835	133737.43419192
3	4037	215945.732050661742	133865.7595961
3	4059	217016.082492901757	134607.36519951
3	4084	218747.752778253331	135913.38059864
3	4088	218896.746004980802	135932.71094125
3	4105	220732.055206413194	137683.56985943
3	4125	221550.57715816684	137445.83933883
3	4158	223251.48550792858	138405.13266285
3	4207	226076.928479115293	139653.35608451
3	4213	226344.84383061789	139750.6360289
3	4239	227949.282721153275	141255.80700193
3	4253	228334.151862927527	141022.73592617
3	4262	228756.567757895961	141838.3723867
3	4288	230167.666580111534	142579.49641022
3	4308	231101.008310655877	143320.43778874
3	4333	232075.048644629121	144269.9943143
3	4337	232214.027739030123	143901.50015674
3	4345	232495.150290627778	144580.14462577
3	4381	234558.69138036184	145843.59294798
3	4400	235549.319908239693	146725.32281749
3	4410	235928.828615260125	146669.53794518
3	4440	237825.816732209921	148463.75152334
3	4472	239320.613329701872	149110.13715595
3	4506	240932.488579659538	150422.68269822
3	4527	241819.019459870459	150783.42689113
3	4547	242475.541936348007	150922.5232152
3	4559	243480.290349668638	151742.77472518
3	4592	245104.774982941153	152813.70155251
3	4631	246843.388107319179	154215.3296941
3	4671	248514.928234147654	154960.54369975
3	4694	249902.283934571596	156336.73500041
3	4729	251803.578325661645	157401.82186522
3	4749	252914.06442117207	158331.9303908
3	4755	253019.770887114855	158079.06694288
3	4766	253593.126125543195	158512.84775234
3	4794	255609.027116552742	160506.56488701
3	4816	256045.562620053815	160876.68123243
3	4834	256631.388246959822	161348.096581
3	4863	257786.648811020704	162295.27994407
3	4882	259505.617309140789	163292.25583089
3	4905	260668.038935496289	164098.36251399
3	4909	260788.063951314243	163456.59498607
3	4990	265509.963818511744	167464.78104314
3	5005	265869.385351159427	167378.52622207
3	5032	267183.720801708106	168321.33987398
3	5045	267627.180038916695	169018.32079111
3	5064	268197.916142766181	169141.69912686
3	5078	269276.738117712368	169714.8310233
3	5101	270444.844631592561	170422.64049439
3	5128	271587.968758347261	171475.23270384
3	5141	272100.258950360868	171972.51819205
3	5166	273029.767752841864	172873.22235687
3	5176	273431.358971430738	172272.43287172
3	5180	273524.725214040655	172143.51438755
3	5199	274683.816716384891	173099.78112482
3	5220	276260.711983519424	174469.39540239
4	59	3104.467746729764	2614.0318746506
4	76	3858.376338931533	2903.272648955
4	156	8635.881381037447	5871.6091592122
4	179	9909.217528219137	6410.9764463399
4	215	12424.002205080155	7891.1551246114
4	278	15463.836219527561	10031.99231261
4	362	20363.085848440218	13201.243825859
4	418	23639.204299266252	16181.291251224
4	479	26231.909473261597	17754.931799882
4	766	42168.428746138502	28911.200306304
4	978	52160.162183812623	34703.715840576
4	1103	59066.483273071042	39390.673492601
4	1126	60209.114583370081	39773.929537513
4	1145	61162.742650856069	40357.541453935
4	1227	65146.405674231043	42812.938939143
4	1253	66750.212247402212	44076.256824083
4	1481	79640.92886314056	51914.679616361
4	1502	80415.36064687445	51631.403886001
4	1541	82163.81428675986	53339.031635124
4	1561	83136.868088136233	53701.172045355
4	1585	84403.44158728867	54829.865492576
4	1609	85160.529284964122	55392.146010321
4	1625	86161.074742304899	55927.753089769
4	1717	89837.265948069088	58622.287510015
4	1754	91756.498519678406	60224.515566788
4	1889	97988.910517629973	64375.340824326
4	2026	106743.680655660847	70179.800594926
4	2106	111000.812090647215	72240.620999792
4	2135	112457.626054075355	72549.898368997
4	2448	131236.078038683902	84769.038912767
4	2600	139581.075852189955	91222.785402898
4	2635	141903.411351454256	91908.06265132
4	2659	143874.832154095916	92989.909290274
4	2720	146068.233321833237	94325.570541917
4	2792	149985.035266031323	97855.687631614
4	2854	153739.098048371074	99776.917850016
4	2933	158019.419260986892	101804.10982337
4	3324	177770.920838334409	114480.7107339
4	3343	178584.621176396308	115105.9072427
4	3394	182169.645247992871	117065.58817608
4	3667	195783.827005478365	124757.30301041
4	3778	200650.294490403308	127699.08303051
4	3969	212177.15564635843	132949.98019376
4	4154	222960.821467985213	137733.28305353
4	4184	224518.549077485502	138662.57601901
4	4360	233287.348600013926	144751.37184415
4	4476	239479.666730270536	149268.08577896
4	4571	243788.007480271907	151836.59917117
4	4584	244182.711230938139	151897.34051014
4	4639	247235.127721729504	154063.78410493
4	4704	250579.226916025208	156403.06286258
4	4851	257489.577952579411	161348.24846632
4	4941	262537.909443856034	164824.97183339
4	4973	264243.73045933694	166474.78241845

