version 2
run Iteration-49-20200521-09:53:51-70264
attr configname Iteration
attr datetime 20200521-09:53:51
attr experiment Iteration
attr inifile omnetpp.ini
attr iterationvars "$i=5, $j=4, $0=15-(5+4)"
attr iterationvarsf i=5,j=4,15-(5+4)-
attr measurement "$i=5, $j=4, $0=15-(5+4)"
attr network Network
attr processid 70264
attr repetition 0
attr replication #0
attr resultdir results
attr runnumber 49
attr seedset 49
itervar i 5
itervar j 4
param **.resourcePool.amount 5
param **.resourcePool1.amount 4
param **.resourcePool2.amount 15-(5+4)
param **.source.interArrivalTime exponential(6min)
param **.delay.delay uniform(4min,28min)
param **.delay1.delay uniform(10min,28min)
param **.delay2.delay uniform(4min,16min)
param **.allocate.resourceModuleName "\"Network.resourcePool\""
param **.allocate1.resourceModuleName "\"Network.resourcePool1\""
param **.allocate2.resourceModuleName "\"Network.resourcePool2\""
param **.deallocate.resourceModuleName "\"Network.resourcePool\""
param **.deallocate1.resourceModuleName "\"Network.resourcePool1\""
param **.deallocate2.resourceModuleName "\"Network.resourcePool2\""
param **.router.randomGateIndex "uniform(0, 1) > 0.2 ? 0 : 1"

vector 0 Network.allocate queueLength:vector ETV
attr interpolationmode sample-hold
attr title "queue length, vector"
vector 1 Network.allocate1 queueLength:vector ETV
attr interpolationmode sample-hold
attr title "queue length, vector"
vector 2 Network.allocate2 queueLength:vector ETV
attr interpolationmode sample-hold
attr title "queue length, vector"
vector 3 Network.sinkStat lifeTime:vector ETV
attr interpolationmode none
attr title "lifetime of arrived jobs, vector"
attr unit s
vector 4 Network.sink lifeTime:vector ETV
attr interpolationmode none
attr title "lifetime of arrived jobs, vector"
attr unit s
0	0	0	0
0	567	19425.259340305104	1
0	569	19558.424838717287	0
0	596	20077.78099118499	1
0	598	20114.742638399926	2
0	604	20361.689842709328	1
0	609	20402.542828614866	0
0	667	21510.140626248405	1
0	673	21756.927169035231	0
0	692	21971.512497243504	1
0	694	22032.8337381734	0
0	698	22144.021016117542	1
0	714	22391.923591516512	2
0	716	22431.984495931855	1
0	720	22494.961122857915	0
0	760	23215.94700981387	1
0	766	23363.641442159699	0
0	770	23522.89785232949	1
0	772	23564.285661156216	2
0	774	23624.331566392292	1
0	778	23633.893827930101	2
0	785	23734.10511493831	1
0	798	24004.545880228654	0
0	893	25809.040959222564	1
0	909	26058.913529823187	0
0	1033	28417.553475831343	1
0	1035	28441.045615063844	0
0	1179	31255.828164021004	1
0	1185	31371.036535273836	0
0	2059	51351.182639205405	1
0	2061	51427.806239811811	0
0	2066	51563.218382670897	1
0	2080	51727.609323408219	2
0	2086	51970.449151214381	1
0	2091	51994.878629355254	0
0	2184	53775.000135224055	1
0	2198	53990.417126837583	0
0	2302	56460.081768442632	1
0	2308	56500.171618729361	0
0	2886	73856.305111549809	1
0	2888	73873.242851896552	2
0	2890	73916.182698392213	3
0	2897	74280.119441007358	2
0	2901	74328.138556207807	1
0	2905	74453.953087607998	2
0	2925	74777.658622907033	1
0	2930	74781.212206278627	0
0	2934	74788.727945681476	1
0	2936	74973.919015999229	0
0	3137	81251.191808970715	1
0	3139	81337.065898303706	0
0	3144	81516.619811080318	1
0	3146	81637.000941208916	2
0	3148	81692.340919250167	1
0	3153	81841.881760867509	0
0	3556	90773.542353699287	1
0	3558	90791.672057114403	2
0	3560	90922.61457644507	1
0	3565	90929.845327413206	0
0	3578	91231.698112415477	1
0	3580	91294.178088720776	0
0	3859	99211.479523628142	1
0	3861	99339.925005101228	0
0	4066	105017.747303104389	1
0	4072	105169.125615470858	2
0	4074	105191.178318904689	1
0	4083	105387.127537232156	2
0	4085	105460.567082319409	1
0	4090	105609.308952332478	0
0	4316	110407.751754126045	1
0	4318	110409.293284491393	2
0	4320	110433.715574202698	1
0	4337	110650.252594097642	0
0	4846	125501.989719811978	1
0	4848	125546.638315550077	2
0	4850	125645.824920610279	1
0	4855	125762.885147702039	0
0	4860	125769.340581299271	1
0	4862	125844.8742523887	0
0	5030	130445.892201227112	1
0	5036	130589.184271328921	0
0	5059	130939.117514643136	1
0	5061	130977.001585972521	0
0	5295	136417.333772642264	1
0	5301	136429.183404059337	2
0	5303	136448.066986148915	1
0	5308	136479.308768552885	2
0	5310	136509.455932477292	1
0	5315	136524.704138588881	0
0	5462	140029.534851574157	1
0	5464	140030.95134218917	0
0	5469	140051.74515938938	1
0	5471	140079.029595788313	0
0	5476	140288.400264805903	1
0	5478	140298.921249842593	0
0	5483	140312.164558336518	1
0	5485	140629.72607844592	2
0	5487	140662.818687683158	3
0	5489	140681.869297230622	4
0	5491	140705.502816045142	3
0	5496	140761.394434498334	2
0	5500	140879.113818992814	3
0	5502	140988.819954120032	2
0	5506	140991.699123403189	3
0	5513	141290.755432974018	4
0	5520	141552.003899488343	3
0	5524	141619.207754714195	4
0	5526	141637.590315271051	5
0	5537	141690.675106050158	4
0	5545	141803.682401178727	3
0	5549	141808.991501975549	2
0	5553	141880.683055722571	1
0	5557	141883.896207496933	0
0	5566	141950.071017147405	1
0	5582	142195.37712486223	0
0	5715	145434.01315450594	1
0	5717	145449.726715405063	0
0	5752	145941.665756790273	1
0	5754	145957.315877484864	2
0	5760	146010.724080657178	1
0	5773	146198.978493540422	2
0	5775	146203.454491766111	3
0	5781	146446.617694814281	2
0	5790	146491.71399194857	1
0	5794	146698.266871762985	0
0	6064	152458.951196720245	1
0	6082	152812.560987028855	0
0	6087	152876.053254480884	1
0	6089	152893.655079799809	0
0	6120	153618.983006856428	1
0	6122	153741.208566735603	0
0	6182	154548.791834933443	1
0	6184	154636.328767112185	0
0	6435	161025.108524952516	1
0	6449	161504.257637081492	0
0	6532	163258.248849797564	1
0	6534	163427.671364560109	0
0	6774	168860.128996520233	1
0	6776	168884.464027363301	2
0	6778	168898.871659744832	3
0	6788	169128.538174270455	2
0	6793	169253.203044225756	3
0	6795	169320.250357628615	2
0	6800	169434.815908131283	1
0	6805	169494.615706607564	2
0	6807	169545.688036843006	1
0	6816	169929.166628843943	2
0	6818	169971.904879337911	1
0	6823	170064.534386263044	0
0	6844	170529.151950447165	1
0	6850	170581.88271651147	0
0	6854	170614.111515375279	1
0	6866	170994.171626570773	2
0	6868	171182.034840622272	1
0	6872	171206.848262175257	2
0	6887	171331.204330191763	1
0	6896	171362.24731346107	0
0	7053	174142.429140309401	1
0	7055	174235.73396320681	0
0	7069	174492.815952824663	1
0	7071	174496.104824946641	2
0	7073	174582.9727582418	1
0	7085	174952.494842506021	0
0	7146	175991.506961545546	1
0	7148	176041.342117547065	0
0	7156	176137.691789600207	1
0	7172	176497.083900773982	2
0	7178	176510.565375346795	1
0	7187	176575.282595069581	0
0	7201	176880.593903168844	1
0	7203	176928.145842227846	2
0	7213	177029.260878677153	1
0	7222	177064.969446709519	2
0	7224	177106.770979460478	1
0	7233	177343.871938125664	0
0	7237	177513.061471822057	1
0	7239	177556.424959893156	0
0	7577	184041.602942736966	1
0	7584	184193.70271830003	0
0	7684	186341.498973569597	1
0	7686	186374.861220923845	2
0	7693	186549.205811139753	1
0	7702	186653.500398245388	0
0	7706	186795.918261200677	1
0	7716	186900.765655335825	0
0	7741	187332.559700923488	1
0	7747	187412.821765809419	2
0	7749	187480.748818707278	1
0	7753	187530.929124728466	2
0	7760	187845.575168911896	3
0	7767	187863.182965868984	2
0	7771	187901.565738750172	1
0	7785	188048.741152235612	0
0	7801	188220.66524661104	1
0	7803	188255.564515401464	0
0	8081	193936.154465411717	1
0	8083	193946.691790729803	0
0	8599	204314.207179118764	1
0	8605	204511.946376086281	0
0	8610	204540.72640187014	1
0	8612	204561.470900356399	2
0	8614	204604.769826901103	3
0	8616	204623.525675530055	2
0	8620	204662.332253090282	1
0	8624	204718.76718290209	0
0	8876	210427.072585309398	1
0	8882	210461.701628247034	0
0	8897	210952.445846749615	1
0	8899	211069.725496754966	2
0	8901	211132.00076381736	1
0	8905	211149.782717485627	0
0	8913	211178.49453509225	1
0	8915	211238.083982276087	0
0	8935	211546.686816694279	1
0	8955	211806.974780911338	0
0	8968	212258.336025402061	1
0	8970	212326.161735574072	0
0	9035	213477.09206520832	1
0	9037	213533.387674968147	0
0	9143	215165.816889763408	1
0	9145	215227.854789561297	0
0	9158	215580.465390650408	1
0	9160	215597.443427374592	0
0	9173	215995.994074297361	1
0	9180	216158.930233318711	0
0	9844	234283.614849095193	1
0	9850	234368.35146004618	2
0	9852	234450.312344285915	3
0	9854	234468.840140849493	4
0	9864	234726.43780605007	5
0	9866	234765.107713004469	4
0	9871	234901.092814720578	3
0	9884	235330.596302546504	2
0	9893	235461.504022457303	3
0	9895	235484.09201922665	2
0	9900	235502.304165001085	3
0	9902	235516.414020761258	2
0	9906	235570.05910586369	1
0	9919	235777.019666561918	0
0	9923	235929.605185126204	1
0	9929	235984.667391948345	0
0	9933	236019.103553715078	1
0	9935	236020.562331603267	2
0	9942	236213.610631797633	3
0	9954	236490.344575188465	2
0	9962	236612.457330439488	1
0	9966	236617.957707957261	2
0	9968	236619.391821043627	1
0	9986	236984.87755762233	0
0	10111	239537.94101973255	1
0	10113	239658.071475226691	2
0	10115	239676.131403789206	1
0	10132	239903.45170792441	0
0	10485	249073.324263682901	1
0	10487	249081.795430481303	2
0	10493	249091.998251508044	1
0	10498	249113.005951039408	2
0	10500	249242.788177052447	1
0	10509	249279.029103555074	2
0	10519	249655.385644994507	1
0	10523	249733.068947052756	0
0	10545	250033.533843269261	1
0	10547	250034.580451546299	2
0	10554	250096.901122225621	1
0	10558	250199.709082440097	2
0	10565	250283.04487913487	3
0	10572	250350.346711573337	4
0	10574	250416.728212914522	3
0	10578	250432.43624190393	2
0	10582	250536.604995263559	3
0	10602	250802.849120610431	4
0	10604	250908.95552358956	3
0	10608	250910.55545007591	4
0	10618	251239.712742461064	3
0	10626	251294.797011421927	2
0	10630	251298.363645473152	1
0	10644	251526.420982879244	0
0	10648	251549.485717933364	1
0	10650	251630.676719143148	0
0	10817	255147.697281162493	1
0	10828	255333.686978546068	0
0	10854	255763.710367631468	1
0	10860	255792.706146314347	0
0	10883	256209.933667463036	1
0	10890	256282.240582598168	0
0	10904	256491.974208564136	1
0	10916	256818.914603431806	0
0	10955	257507.780632547374	1
0	10970	257666.604331756449	2
0	10972	257751.093393792246	1
0	10980	257799.192722455702	0
0	10988	257989.34727861549	1
0	10990	258030.84107992359	2
0	10997	258132.867139753983	1
0	11001	258149.873743349371	2
0	11003	258275.186441084821	3
0	11014	258481.911387931329	2
0	11018	258624.87595834187	1
0	11026	258655.401908435962	0
0	11034	258893.245129242089	1
0	11041	259050.044677906773	0
0	11573	270043.21416437998	1
0	11579	270089.055375672843	0
0	11583	270117.240023818281	1
0	11585	270133.071378955182	0
0	11594	270264.513300293066	1
0	11596	270268.992055710725	2
0	11617	270628.571117395851	3
0	11623	270722.350977101859	2
0	11627	270812.665012144878	3
0	11629	270922.884532023598	4
0	11631	270926.459120205401	3
0	11639	271048.333984046253	2
0	11643	271358.69211019634	3
0	11659	271596.665642797554	2
0	11663	271691.230858855803	3
0	11665	271712.49112102386	2
0	11669	271736.295145778927	1
0	11687	271996.772643217382	0
0	11695	272198.852731235635	1
0	11697	272295.980089693869	0
1	0	0	0
1	66	3385.756314524505	1
1	72	3645.44167770832	0
1	123	4663.058747312181	1
1	125	4677.101883886523	0
1	296	11214.526469339088	1
1	302	11235.309054058733	0
1	469	16687.928556793239	1
1	474	16815.294166992253	0
1	582	19656.370620056017	1
1	588	19926.904147985469	0
1	611	20402.542828614866	1
1	617	20546.59820372351	0
1	631	20819.703946110053	1
1	641	20964.180197353666	2
1	650	21314.740512921553	1
1	662	21492.246661179687	0
1	683	21805.27388639095	1
1	696	22032.8337381734	2
1	704	22356.154807719991	1
1	709	22360.938253152262	0
1	718	22431.984495931855	1
1	722	22494.961122857915	2
1	725	22567.04344148105	3
1	727	22726.157473693644	2
1	737	22863.699960294222	3
1	740	22883.064769209516	4
1	749	23074.241292796086	3
1	768	23363.641442159699	4
1	776	23624.331566392292	5
1	780	23666.998481732871	4
1	787	23734.10511493831	5
1	793	23944.966539505527	4
1	800	24004.545880228654	5
1	802	24014.897492206698	4
1	808	24079.859900163995	5
1	815	24331.285927121552	6
1	821	24356.228830584313	5
1	830	24436.932702773801	6
1	833	24489.159319250692	7
1	842	24956.125227971976	6
1	847	24991.005523801859	5
1	863	25276.909933509785	6
1	866	25423.716126539186	7
1	869	25426.525814890251	8
1	875	25592.795094612644	7
1	895	25838.236343381037	6
1	900	25980.233556705515	5
1	911	26058.913529823187	6
1	918	26357.170322842004	7
1	921	26486.053764787326	8
1	924	26496.594357612196	9
1	926	26595.873563588675	8
1	936	26833.620274406772	9
1	939	26872.522339447742	10
1	941	26938.347542158316	9
1	946	26957.02568585764	8
1	961	27245.738456104924	7
1	966	27264.862244912501	6
1	982	27657.440260204475	5
1	1002	28005.537133967476	6
1	1007	28130.764267743643	5
1	1012	28142.236612266903	4
1	1018	28348.430865682598	5
1	1020	28360.638444048943	4
1	1025	28398.333428802889	3
1	1037	28441.045615063844	4
1	1048	28624.518390823072	5
1	1051	28674.08970524408	6
1	1058	28766.497959652677	7
1	1063	29152.708827816959	6
1	1076	29296.847281518983	5
1	1081	29487.323848032435	4
1	1087	29495.51238993728	5
1	1090	29561.42850790626	6
1	1093	29672.968082739512	7
1	1106	30073.529915328127	6
1	1115	30175.315307652437	7
1	1117	30190.46059766564	6
1	1143	30715.953047126388	7
1	1145	30728.831287250932	6
1	1158	30883.086235959386	7
1	1160	31079.081527427813	6
1	1169	31139.520983336379	7
1	1174	31210.691921457308	6
1	1187	31371.036535273836	7
1	1190	31450.104801252444	8
1	1196	31555.802929320362	7
1	1202	31634.495481368822	8
1	1209	31735.897841676505	9
1	1218	32129.298019959669	8
1	1224	32229.832772299197	9
1	1227	32325.028083655582	10
1	1229	32498.294249535581	9
1	1234	32577.164054808798	8
1	1246	32782.114531168771	9
1	1260	33097.412229522064	10
1	1266	33133.919318345536	11
1	1268	33188.163176405233	10
1	1276	33405.619468987997	9
1	1285	33475.523666408887	8
1	1299	33930.845228781151	9
1	1309	34205.695435646024	10
1	1311	34241.998604729432	9
1	1322	34409.37693273927	8
1	1330	34535.979036758697	7
1	1336	34690.416852561145	8
1	1338	34705.246730047356	7
1	1351	34915.07837438705	8
1	1353	34930.362260171804	7
1	1362	35076.602006201184	8
1	1364	35195.03651314885	7
1	1370	35209.96719873129	8
1	1391	35770.733706579622	7
1	1397	35798.23573857816	8
1	1399	35860.256471366612	7
1	1409	36084.111877993938	8
1	1412	36189.536815375237	9
1	1418	36298.557258097115	8
1	1423	36493.144454567684	7
1	1428	36573.637430249792	6
1	1437	36750.636748350269	5
1	1466	37328.421186360521	4
1	1472	37387.21744677096	5
1	1478	37634.906911251727	4
1	1483	37707.288660873738	3
1	1493	37870.055651858292	4
1	1495	37929.778481577567	3
1	1503	38066.159565190775	2
1	1513	38305.981245710734	3
1	1522	38394.955324388401	4
1	1529	38577.061502548036	5
1	1536	38779.03975075325	6
1	1539	38827.093743716276	7
1	1541	38861.515808811072	6
1	1550	39008.775513787833	5
1	1555	39095.569404349706	4
1	1560	39116.893528302191	3
1	1579	39656.847087686029	2
1	1588	39789.745470932729	1
1	1601	39962.257342203047	2
1	1603	40182.758761819113	1
1	1612	40313.90634669092	0
1	1630	40641.341274054829	1
1	1654	41165.437459243293	2
1	1656	41218.997107396448	1
1	1664	41254.29908445575	0
1	1678	41367.657229579803	1
1	1690	41653.463888802645	0
1	1699	41982.375536951448	1
1	1709	42062.755197832907	0
1	1719	42142.103347937882	1
1	1722	42264.644213253014	2
1	1724	42299.861549895715	1
1	1732	42358.199914437763	0
1	1763	42854.323843679112	1
1	1786	43403.253286539381	2
1	1792	43799.362869927493	3
1	1795	43808.625613596547	4
1	1800	43910.034677332726	3
1	1805	43967.22478245663	2
1	1810	43992.505909116052	1
1	1816	44019.686575940195	2
1	1818	44105.593948222678	1
1	1832	44521.135917691992	2
1	1845	44908.145153939705	1
1	1850	45036.007798745283	0
1	2105	52293.166963173222	1
1	2107	52316.053456267449	0
1	2113	52448.058488940928	1
1	2127	52681.404521692713	2
1	2132	52774.699890561571	1
1	2138	53018.513049353344	2
1	2144	53034.014059869581	1
1	2150	53109.947551547112	2
1	2153	53166.123405415546	3
1	2155	53274.199599813777	2
1	2170	53617.013093542802	1
1	2200	53990.417126837583	2
1	2203	54044.234227951623	3
1	2205	54355.436786845496	2
1	2210	54452.205409273514	1
1	2216	54485.850664816955	2
1	2222	54719.615528622678	3
1	2224	54766.425305245551	2
1	2230	54806.294872957678	3
1	2240	55150.62245073964	2
1	2246	55268.560079144567	3
1	2251	55335.327860476458	2
1	2267	55746.47299741778	1
1	2273	55781.387966435267	2
1	2282	55915.872515237454	1
1	2290	56023.613430889493	0
1	2318	56590.972859776885	1
1	2321	56612.087661772307	2
1	2323	56836.386018155638	1
1	2329	56856.545137648115	2
1	2342	57149.921409988307	1
1	2350	57273.496483828979	0
1	2359	57472.489997974767	1
1	2361	57556.057165008208	0
1	2379	57715.037449816266	1
1	2381	57794.031034444921	0
1	2387	57835.963610454925	1
1	2394	58101.582742931735	2
1	2396	58159.824380040339	1
1	2405	58276.306064326812	0
1	2417	58425.774805402357	1
1	2422	58508.235026992964	0
1	2436	58757.934211116732	1
1	2438	58926.357144279576	0
1	2773	71578.452253726826	1
1	2775	71586.668368588635	0
1	2792	71876.44133082887	1
1	2806	72290.576244904046	2
1	2811	72369.460616848215	1
1	2817	72532.047788102247	2
1	2820	72596.046134105904	3
1	2828	72820.143090152615	2
1	2837	72987.254266814112	1
1	2842	72988.358849818919	0
1	2848	73002.131810629977	1
1	2850	73168.817055901227	0
1	2856	73174.821261418086	1
1	2892	74100.3659337307	0
1	2899	74280.119441007358	1
1	2903	74328.138556207807	2
1	2911	74510.365466187809	1
1	2916	74510.48651398231	0
1	2932	74781.212206278627	1
1	2938	74973.919015999229	2
1	2940	75023.357016752907	1
1	2946	75231.903345432343	2
1	2955	75387.42255260308	1
1	2969	75520.325512857666	2
1	2980	75859.074318860752	3
1	2983	76029.414485674982	4
1	2985	76035.074481397037	3
1	2990	76190.357582820138	2
1	3000	76343.326832255922	3
1	3006	76489.883806358369	4
1	3008	76563.816470570364	3
1	3017	77009.223781321912	2
1	3022	77110.17645462372	1
1	3031	77465.506189550706	0
1	3163	81899.32246641933	1
1	3166	82088.389463634706	2
1	3168	82208.071948217992	1
1	3177	82384.69980740251	2
1	3179	82715.098947952141	1
1	3185	82752.660458745631	2
1	3187	82756.866269936982	1
1	3196	82906.469795234046	0
1	3220	83334.246032155876	1
1	3222	83549.241944948408	0
1	3276	84367.575228669996	1
1	3289	84505.295781660492	2
1	3295	84854.956146911251	3
1	3300	84924.569119788903	2
1	3305	84955.530787174355	1
1	3311	85210.699284034686	2
1	3314	85274.736370495013	3
1	3320	85459.531911911231	2
1	3332	85620.101225936964	1
1	3342	85739.092521610597	2
1	3347	85955.493032865923	1
1	3353	85968.796801130244	2
1	3356	86138.190160504647	3
1	3368	86440.786635998815	2
1	3377	86582.441696809802	1
1	3383	86619.563439473008	2
1	3386	86810.940914447016	3
1	3392	86925.940889289391	2
1	3400	86957.154617559862	1
1	3405	87187.94760161658	0
1	3415	87500.933604736408	1
1	3418	87501.400326038011	2
1	3430	87725.051969217315	1
1	3444	87924.989535668705	2
1	3450	88352.283544560683	1
1	3458	88581.150041277286	0
1	3494	89170.273184787892	1
1	3500	89401.840323351112	0
1	3590	91366.214875003256	1
1	3597	91526.114196368602	2
1	3599	91597.357921390359	1
1	3609	91661.792859225099	2
1	3621	92311.733382283275	1
1	3626	92537.913234318716	0
1	3632	92558.29116115073	1
1	3637	92746.362263955064	0
1	3643	92801.032305947633	1
1	3645	92820.891717847467	0
1	3651	92825.143843781091	1
1	3654	92922.45724383768	2
1	3664	93162.255187290286	1
1	3669	93225.088643339572	0
1	3867	99557.702152051199	1
1	3873	99599.35740917116	2
1	3875	99608.156298744389	1
1	3880	99631.721822030057	0
1	3886	99859.56510470964	1
1	3888	99883.561266345269	0
1	3894	99883.880766067803	1
1	3912	100522.903140271643	0
1	3918	100550.54411819928	1
1	3920	100576.828405696113	0
1	4111	106083.819908024719	1
1	4114	106115.837042035621	2
1	4117	106259.883099332823	3
1	4122	106331.346068509858	2
1	4131	106598.155123297126	3
1	4138	106729.193382318148	4
1	4140	106782.383611978963	3
1	4145	106850.498693594685	2
1	4150	107048.984196388856	1
1	4156	107097.026311920028	2
1	4170	107781.016584082681	3
1	4172	107805.944927536886	2
1	4177	107806.236986592388	1
1	4186	108003.148561151698	0
1	4198	108273.513373844469	1
1	4203	108614.038917625085	0
1	4216	108707.927865574189	1
1	4229	108824.320772306066	0
1	4235	108843.941591773365	1
1	4238	108938.43652638841	2
1	4244	109120.45691140925	1
1	4256	109517.535813234509	0
1	4262	109615.70470773573	1
1	4264	109639.05830492638	0
1	4288	110184.915025859471	1
1	4301	110301.420560967177	0
1	4343	110687.064628477274	1
1	4345	110755.523396452499	0
1	4362	111001.788432953518	1
1	4369	111219.889189086048	2
1	4371	111303.292497316375	1
1	4377	111321.716999330815	2
1	4383	111510.634605340826	3
1	4386	111534.992465200985	4
1	4395	112014.354861363768	3
1	4400	112097.723473004636	2
1	4405	112103.265976395068	1
1	4416	112224.810661242468	0
1	4430	112451.053202869768	1
1	4433	112528.219451136057	2
1	4450	113013.611439524057	3
1	4452	113023.090210260463	2
1	4458	113111.91955731374	3
1	4460	113272.263745834661	2
1	4466	113278.308168693635	3
1	4472	113602.675165158821	2
1	4478	113629.226392708974	3
1	4480	113632.837179297581	2
1	4485	113642.233435736609	1
1	4494	114279.045391387431	0
1	4625	117149.381833935312	1
1	4627	117199.594732725393	0
1	4652	117828.402561587073	1
1	4655	117831.428483693962	2
1	4665	118166.799659020947	1
1	4670	118175.538035321381	0
1	4864	125844.8742523887	1
1	4866	125931.114330344522	0
1	4880	126151.90765094988	1
1	4883	126305.667104572743	2
1	4890	126411.579632772782	3
1	4895	126567.338076122791	2
1	4907	126711.443779204661	1
1	4912	126809.232310779483	0
1	4918	126921.967869248331	1
1	4920	126954.062037996892	0
1	5079	131543.579090817318	1
1	5084	131600.272132075873	0
1	5097	131893.122215581152	1
1	5102	132027.978995453053	0
1	5108	132065.362446789818	1
1	5111	132099.190324143345	2
1	5114	132145.129377229723	3
1	5119	132247.546469182968	2
1	5131	132352.334548098061	1
1	5141	132598.047400946012	2
1	5144	132657.008441837254	3
1	5147	132659.124502774477	4
1	5155	132990.171137220644	3
1	5161	133011.329678745173	4
1	5168	133179.096107919606	5
1	5174	133256.014984931347	4
1	5183	133604.522930090576	3
1	5188	133652.96015618651	2
1	5193	133684.863055712961	1
1	5203	133900.80467115849	2
1	5223	134846.811541497258	1
1	5228	134947.897360708051	0
1	5272	135852.073432221811	1
1	5277	135996.235685536124	0
1	5317	136524.704138588881	1
1	5323	136655.965206913136	0
1	5352	137260.70474581953	1
1	5354	137315.424356885057	0
1	5392	137978.234081336138	1
1	5398	138104.290370788228	0
1	5498	140761.394434498334	1
1	5504	140988.819954120032	2
1	5508	140997.162990664808	1
1	5515	141453.998306969503	0
1	5522	141552.003899488343	1
1	5532	141690.496057344086	0
1	5539	141690.675106050158	1
1	5547	141803.682401178727	2
1	5551	141808.991501975549	3
1	5555	141880.683055722571	4
1	5559	141883.896207496933	5
1	5561	141933.728304111815	4
1	5568	142071.366465630332	3
1	5573	142083.353391915305	2
1	5584	142195.37712486223	3
1	5587	142298.381890727529	4
1	5593	142559.237927615128	3
1	5599	142763.461066432706	4
1	5601	142826.558324525455	3
1	5611	142921.335517067207	4
1	5617	142967.572085109956	3
1	5623	143086.889626944149	4
1	5636	143476.775439081199	3
1	5641	143564.46315356691	2
1	5647	143652.669295759356	3
1	5660	144043.777816163698	2
1	5672	144583.656488067887	1
1	5681	144810.887187311171	0
1	5723	145461.640135972098	1
1	5734	145538.112645963291	2
1	5736	145569.999446587122	1
1	5741	145613.551959098993	0
1	5762	146010.724080657178	1
1	5768	146086.77350225646	0
1	5792	146491.71399194857	1
1	5796	146698.266871762985	2
1	5799	146737.849126588585	3
1	5801	146853.889162048443	2
1	5806	146972.026992344714	1
1	5824	147339.47895398707	2
1	5826	147475.432301108317	1
1	5831	147475.574558198191	0
1	5837	147516.520751980656	1
1	5840	147726.30257116683	2
1	5847	148022.505345084871	3
1	5856	148157.175731865435	2
1	5861	148196.822400696061	1
1	5866	148260.92885910321	0
1	5884	148476.679915167055	1
1	5890	148764.800121115919	2
1	5893	148785.098642104129	3
1	5900	148845.687744098122	4
1	5910	148959.485661257581	3
1	5915	149212.494236442931	2
1	5920	149270.319598616778	1
1	5929	149295.00578708709	0
1	5935	149335.531831921067	1
1	5948	149972.985414325886	2
1	5954	150032.072407920436	1
1	5960	150143.972940638299	2
1	5962	150205.226473424069	1
1	5984	150819.536923456676	0
1	6010	151261.91886229124	1
1	6013	151403.808443239653	2
1	6015	151439.639347714789	1
1	6023	151577.791851060988	0
1	6029	151706.803314713175	1
1	6037	152057.485290037207	0
1	6099	153184.611521664092	1
1	6101	153272.352092263959	0
1	6173	154291.052444772091	1
1	6186	154636.328767112185	2
1	6188	154718.318766954917	1
1	6198	154857.353593531169	2
1	6201	155028.217977426208	3
1	6203	155066.363492031354	2
1	6208	155200.909039211564	1
1	6214	155248.499094282755	2
1	6216	155303.9333773729	1
1	6225	155390.1107808414	2
1	6239	155683.123970388997	1
1	6245	155687.867870169654	2
1	6255	155975.317822583723	1
1	6260	155980.955323059911	0
1	6266	156121.17932365978	1
1	6275	156485.036459528946	0
1	6281	156619.632938928581	1
1	6287	157095.638470967072	0
1	6459	161691.727482604348	1
1	6462	161875.039460870441	2
1	6465	161933.752846089947	3
1	6467	162083.734994226972	2
1	6473	162285.239729598105	3
1	6482	162489.851623346732	2
1	6497	162875.916196923869	1
1	6505	163095.68255575915	0
1	6536	163427.671364560109	1
1	6539	163520.729234210699	2
1	6542	163619.567627451664	3
1	6544	163633.40770488249	2
1	6550	163696.044547683876	3
1	6552	163717.655617579723	2
1	6561	163825.982308582161	1
1	6570	164049.54356714693	0
1	6576	164095.024226507267	1
1	6579	164268.846492996543	2
1	6589	164704.650797346773	1
1	6598	164792.169543741176	0
1	6673	166067.344152045016	1
1	6675	166207.016368511059	0
1	6692	166875.209241341465	1
1	6695	166878.525486009464	2
1	6697	166889.814221563675	1
1	6702	166934.996515954225	0
1	6825	170064.534386263044	1
1	6828	170088.652989614586	2
1	6831	170147.896591508746	3
1	6836	170381.371987691896	2
1	6852	170581.88271651147	3
1	6856	170706.466757870373	2
1	6861	170806.477655763541	1
1	6870	171182.034840622272	2
1	6874	171310.423126392801	1
1	6889	171331.204330191763	2
1	6891	171336.047818136217	1
1	6898	171362.24731346107	2
1	6901	171365.108720270079	3
1	6903	171444.67707288554	2
1	6912	171631.495666542377	3
1	6918	171718.44787822551	2
1	6928	171806.485942910039	3
1	6938	171895.20948459986	4
1	6943	171990.828702389066	3
1	6948	172041.244970836492	2
1	6969	172317.053799150504	3
1	6972	172420.205552295597	4
1	6978	172691.401451094811	5
1	6985	172870.874211456118	6
1	6987	172909.596883376223	5
1	6993	173054.03303479498	6
1	6996	173077.489610168502	7
1	7001	173216.729982862984	6
1	7006	173225.27147568277	5
1	7019	173546.910255468545	4
1	7024	173699.054871170597	3
1	7057	174235.73396320681	4
1	7059	174351.794398841252	3
1	7064	174452.814927617823	2
1	7075	174582.9727582418	3
1	7087	174952.494842506021	4
1	7089	175174.583529635427	3
1	7094	175221.919731979074	2
1	7100	175265.079158889519	3
1	7103	175339.491032526699	4
1	7106	175345.068863636312	5
1	7108	175510.949851139252	4
1	7113	175571.323206056645	3
1	7119	175678.42485140304	4
1	7135	175938.774253168238	3
1	7150	176041.342117547065	4
1	7158	176197.188199288016	3
1	7167	176305.953825271504	2
1	7180	176510.565375346795	3
1	7182	176570.096152699356	2
1	7189	176575.282595069581	3
1	7192	176599.819975032479	4
1	7215	177029.260878677153	5
1	7217	177051.455553528947	4
1	7226	177106.770979460478	5
1	7228	177166.51071577779	4
1	7235	177343.871938125664	5
1	7241	177556.424959893156	6
1	7244	177571.322387006238	7
1	7249	177638.139146004619	6
1	7263	177831.632580418289	7
1	7266	177839.333331865272	8
1	7268	178005.424703960111	7
1	7280	178090.13664447805	6
1	7293	178463.364912340706	7
1	7295	178469.613404205816	6
1	7301	178586.630024353647	7
1	7304	178589.977697129179	8
1	7307	178609.998494000608	9
1	7309	178656.685412167376	8
1	7324	179042.272862787163	7
1	7329	179076.003972404731	6
1	7334	179079.223661121728	5
1	7351	179785.569936921841	6
1	7357	179850.374354985347	5
1	7363	179909.57642612946	6
1	7373	179932.994657479963	5
1	7385	180170.25273920921	6
1	7388	180238.896077840447	7
1	7394	180549.164431723571	6
1	7399	180567.480325634686	5
1	7408	180741.113835290821	4
1	7414	180766.486396492936	5
1	7416	180944.840222312873	4
1	7429	181201.957605184151	3
1	7435	181208.827897416572	4
1	7454	181629.717196808001	3
1	7469	181999.773654528989	2
1	7474	182015.267851264021	1
1	7480	182205.024753386082	2
1	7487	182253.959535560451	3
1	7489	182257.868215010317	2
1	7498	182628.81633111629	3
1	7500	182645.064131510249	2
1	7510	182762.142036526248	3
1	7516	182844.624661155781	2
1	7530	183114.371477600541	3
1	7532	183183.54090556605	2
1	7538	183206.586234413797	3
1	7546	183645.272225797913	2
1	7561	183845.679273285719	1
1	7579	184186.20501516833	0
1	7586	184193.70271830003	1
1	7589	184197.939650709401	2
1	7596	184301.715838307054	3
1	7599	184304.479975042019	4
1	7611	184845.437788861899	3
1	7616	185023.368724002308	2
1	7621	185066.247087563193	1
1	7626	185144.672554681825	0
1	7635	185320.47343390181	1
1	7642	185411.158485204277	2
1	7656	185741.248303634331	3
1	7668	186111.279204212865	2
1	7674	186189.790385920966	3
1	7676	186205.396280466674	2
1	7688	186423.391143590948	1
1	7695	186549.205811139753	2
1	7697	186570.712701787057	1
1	7704	186653.500398245388	2
1	7718	186900.765655335825	3
1	7721	187038.892599639231	4
1	7731	187164.174762056817	5
1	7736	187258.22827987819	4
1	7751	187480.748818707278	5
1	7755	187661.821287737044	4
1	7762	187850.824881532325	3
1	7769	187863.182965868984	4
1	7773	187901.565738750172	5
1	7775	187962.203633398554	4
1	7780	188027.154643586641	3
1	7787	188048.741152235612	4
1	7805	188255.564515401464	5
1	7808	188442.07567406622	6
1	7811	188442.332480405083	7
1	7817	188629.938842618002	6
1	7822	188717.817423573511	5
1	7828	188853.318034955606	6
1	7845	189275.753860912381	5
1	7851	189302.783986662369	6
1	7857	189366.730012727452	7
1	7859	189447.171540145578	6
1	7867	189546.840295125535	5
1	7873	189592.80001219022	6
1	7875	189607.880475926018	5
1	7890	190052.217231365947	4
1	7895	190071.37512416281	3
1	7905	190225.276145330295	4
1	7908	190273.032914927979	5
1	7918	190393.460378101832	4
1	7931	190666.298842203607	5
1	7933	190693.953322126625	4
1	7947	190900.811509685482	5
1	7949	191072.79817426092	4
1	7955	191105.524333200925	5
1	7957	191117.282268595687	4
1	7962	191317.850131780656	3
1	7978	191845.367808765537	2
1	7983	191966.429699222652	1
1	8001	192108.301245148142	2
1	8003	192200.312412806602	1
1	8018	192639.242950570574	0
1	8071	193779.446860758163	1
1	8076	193820.741438899936	0
1	8085	193946.691790729803	1
1	8087	193955.432666805377	0
1	8093	194179.817041216937	1
1	8099	194253.286408872219	0
1	8105	194254.733844162351	1
1	8112	194328.738474367005	2
1	8115	194375.618507296398	3
1	8123	194735.090104305493	2
1	8128	194942.971837471115	1
1	8141	195093.653992136028	2
1	8146	195180.082596414527	1
1	8151	195237.742644387113	0
1	8165	195384.263430364344	1
1	8172	195534.926039798797	2
1	8189	195905.221407194426	1
1	8198	195921.831165172588	2
1	8201	195959.257050841389	3
1	8203	195959.802131128373	2
1	8223	196396.40850681228	3
1	8230	196574.377784203308	4
1	8235	196613.264365044238	3
1	8243	197056.02223431137	2
1	8249	197200.316846234866	3
1	8251	197254.64203935756	2
1	8263	197416.626055319598	1
1	8269	197422.990529102474	2
1	8279	197876.374727133721	3
1	8292	198254.24704574682	2
1	8297	198442.898212684361	1
1	8313	198575.970538328503	2
1	8315	198821.253250843721	1
1	8321	198856.350492348135	2
1	8323	198895.388667159518	1
1	8332	199028.67554720158	2
1	8335	199095.882985259679	3
1	8337	199151.086685661269	2
1	8350	199359.334145446124	1
1	8360	199373.59132441027	2
1	8378	199966.930365745785	1
1	8383	200057.483795887607	0
1	8404	200291.331534936722	1
1	8415	200527.969670810166	2
1	8418	200661.975934262929	3
1	8420	200662.064037776428	2
1	8425	200667.118418241667	1
1	8430	200680.16597992186	0
1	8446	200982.772633699307	1
1	8459	201317.788921098101	0
1	8465	201383.700807937458	1
1	8472	201602.725809071665	2
1	8475	201626.648948440791	3
1	8477	201674.386845888516	2
1	8483	201749.642013931901	3
1	8489	201896.941921109376	2
1	8494	202116.492386680844	1
1	8506	202265.997941668022	0
1	8519	202805.912141377177	1
1	8536	203207.958020164188	2
1	8538	203305.282987741796	1
1	8543	203315.348439399099	0
1	8618	204623.525675530055	1
1	8622	204662.332253090282	2
1	8626	204718.76718290209	3
1	8628	204720.387516108521	2
1	8633	204730.326185734889	1
1	8639	204879.71356968812	2
1	8649	205321.907631016512	3
1	8652	205416.964488969253	4
1	8655	205465.182120507421	5
1	8657	205478.813040294567	4
1	8666	205607.807269039632	3
1	8672	205648.804401462886	4
1	8674	205858.994640943774	3
1	8680	206024.568782076828	4
1	8682	206234.176494428835	3
1	8702	206793.66781514983	2
1	8714	207076.178096235612	1
1	8725	207352.365703520545	0
1	8731	207451.508442700265	1
1	8741	207669.523553937621	0
1	8750	207769.926044135364	1
1	8752	208040.267131839947	0
1	8762	208227.941142552191	1
1	8764	208265.796167257422	0
1	8781	208398.078661978689	1
1	8783	208406.74618574872	0
1	8789	208537.647177613002	1
1	8798	209061.436933440336	0
1	8841	209858.126926698816	1
1	8843	209879.305599742451	0
1	8884	210461.701628247034	1
1	8886	210593.801722322473	0
1	8892	210877.302661887279	1
1	8903	211132.00076381736	2
1	8907	211149.782717485627	3
1	8917	211238.083982276087	4
1	8919	211314.270900576442	3
1	8924	211358.97349809065	2
1	8930	211476.552590836486	3
1	8941	211657.8206347496	2
1	8946	211732.103591393757	1
1	8957	211806.974780911338	2
1	8963	212066.618655517246	1
1	8972	212326.161735574072	2
1	8974	212343.446949790299	1
1	8980	212369.136467083027	2
1	8986	212473.076924518529	3
1	8997	212562.58274661117	4
1	9003	212661.563433201742	5
1	9006	212701.909142168527	6
1	9008	212707.358818036386	5
1	9027	213088.137327581722	4
1	9039	213533.387674968147	5
1	9042	213553.61661857839	6
1	9044	213637.715057672482	5
1	9053	213855.361330277372	6
1	9059	213953.010287988067	5
1	9065	214000.733500642237	6
1	9071	214097.559866206798	5
1	9076	214154.646438156137	4
1	9085	214173.648322245691	5
1	9099	214584.812627676332	6
1	9101	214607.105400187444	5
1	9109	214814.088323294068	4
1	9118	214864.58040373468	5
1	9124	214954.766203337925	6
1	9138	215129.828637834748	7
1	9147	215227.854789561297	8
1	9149	215295.987231438116	7
1	9162	215597.443427374592	8
1	9164	215747.36557036646	7
1	9175	216010.799942787286	6
1	9182	216158.930233318711	7
1	9184	216159.250994930858	6
1	9190	216271.877506294858	7
1	9199	216393.392790034491	6
1	9213	216558.062244028241	7
1	9216	216698.009248367216	8
1	9219	216757.520599706104	9
1	9222	216797.79513607985	10
1	9224	216814.329281584428	9
1	9230	216854.047196779753	10
1	9249	217250.855152346272	9
1	9255	217412.197080831047	10
1	9260	217474.280088737156	9
1	9265	217535.42061683263	8
1	9270	217584.942212124238	7
1	9276	217810.826296058455	8
1	9283	217897.046718663092	9
1	9300	218583.340852749602	8
1	9305	218667.793322243611	7
1	9311	218818.84170002582	8
1	9313	218922.059027857628	7
1	9318	218926.240108981807	6
1	9333	219428.574100230704	5
1	9354	219809.352901340675	6
1	9359	219940.648519778703	5
1	9364	220005.229867925004	4
1	9377	220413.585092846031	5
1	9379	220434.369534326267	4
1	9385	220552.822688160371	5
1	9391	220650.693202438648	4
1	9401	220717.006139259612	5
1	9404	220757.975097721024	6
1	9407	220876.024028809275	7
1	9413	221018.088103225534	6
1	9418	221036.545006572337	5
1	9427	221248.650891666782	4
1	9432	221774.391410364838	3
1	9437	221793.948320318829	2
1	9454	222123.076683040788	1
1	9466	222405.390056851389	0
1	9802	233369.725010648975	1
1	9804	233627.706885022408	0
1	9904	235516.414020761258	1
1	9908	235570.05910586369	2
1	9910	235706.327973642729	1
1	9921	235777.019666561918	2
1	9931	235984.667391948345	3
1	9937	236163.970880934864	2
1	9944	236301.25605102064	1
1	9949	236349.707818756128	0
1	9956	236490.344575188465	1
1	9964	236612.457330439488	2
1	9970	236619.391821043627	3
1	9972	236857.618782447062	2
1	9977	236874.25714679797	1
1	9988	236984.87755762233	2
1	9991	237046.678401701095	3
1	9994	237055.699834523618	4
1	10008	237306.106172379355	5
1	10021	237627.239887358682	6
1	10024	237716.753624959843	7
1	10026	237720.902428001414	6
1	10031	237910.388649752307	5
1	10037	237921.53774495364	6
1	10039	237955.632131349191	5
1	10049	238220.303006439692	6
1	10051	238384.878810524352	5
1	10060	238610.0899416099	4
1	10066	238617.526265969208	5
1	10075	238993.628991449147	4
1	10081	239008.480457308967	5
1	10090	239183.407418293822	4
1	10117	239676.131403789206	5
1	10119	239717.555464206159	4
1	10134	239903.45170792441	5
1	10136	239987.731606011622	4
1	10141	240018.65402301209	3
1	10146	240070.854906400915	2
1	10152	240209.965421900435	3
1	10155	240227.633085625871	4
1	10168	240679.331924764335	3
1	10173	240738.881425861213	2
1	10179	240838.964887080162	3
1	10186	240923.852241355807	4
1	10193	241018.563888550638	5
1	10195	241070.289153802552	4
1	10209	241344.347757849756	5
1	10214	241426.832925153792	4
1	10219	241511.146458804857	3
1	10224	241583.050584526676	2
1	10234	241712.757626216799	3
1	10251	242226.755846823909	2
1	10259	242511.175069229573	1
1	10268	243006.967116129928	0
1	10274	243037.116380932455	1
1	10280	243059.057301998388	0
1	10521	249655.385644994507	1
1	10525	249733.068947052756	2
1	10528	249772.737380730974	3
1	10531	249885.493126969	4
1	10540	250009.818765669892	5
1	10549	250086.675898776444	4
1	10556	250096.901122225621	5
1	10560	250268.458059705021	4
1	10567	250318.499603146122	3
1	10576	250416.728212914522	4
1	10580	250432.43624190393	5
1	10584	250661.398834431478	4
1	10597	250776.711823110523	3
1	10606	250908.95552358956	4
1	10620	251239.712742461064	5
1	10628	251294.797011421927	6
1	10632	251298.363645473152	7
1	10634	251491.195622240559	6
1	10639	251496.497568296203	5
1	10646	251526.420982879244	6
1	10652	251630.676719143148	7
1	10654	251904.942995491596	6
1	10660	251918.063689829439	7
1	10671	252119.988258039751	8
1	10673	252136.483034751432	7
1	10682	252309.787612042482	8
1	10684	252462.197598399529	7
1	10689	252567.435472957224	6
1	10697	252679.303407375859	5
1	10703	252683.737606773087	6
1	10714	252829.036271779236	7
1	10716	252850.885789803283	6
1	10722	252915.417900505227	7
1	10725	252979.751758043312	8
1	10749	253715.382028989429	7
1	10757	253938.160864929827	6
1	10762	253961.032687797265	5
1	10767	254028.536444274143	4
1	10773	254083.72650334745	5
1	10782	254587.410275673118	6
1	10792	254617.105177612098	5
1	10812	254914.63909762652	6
1	10823	255278.726126583228	5
1	10830	255333.686978546068	6
1	10832	255338.276106226624	5
1	10838	255412.939402941697	6
1	10840	255416.593100116747	5
1	10849	255672.706637641418	6
1	10862	255792.706146314347	7
1	10872	256071.580172245445	6
1	10878	256095.168931362071	7
1	10885	256261.483754519308	6
1	10892	256282.240582598168	7
1	10895	256377.210931963906	8
1	10906	256618.403477990227	7
1	10911	256691.362617905618	6
1	10918	256818.914603431806	7
1	10921	256901.540963984633	8
1	10926	256953.080555954071	7
1	10931	256992.935836225683	6
1	10941	257245.132156802136	7
1	10943	257312.995265261429	6
1	10957	257582.461611385512	5
1	10974	257751.093393792246	6
1	10982	257799.192722455702	7
1	10992	258096.386520037363	6
1	10999	258132.867139753983	7
1	11005	258330.998729770438	6
1	11016	258481.911387931329	7
1	11020	258624.87595834187	8
1	11028	258655.401908435962	9
1	11036	258975.876109725955	8
1	11043	259050.044677906773	9
1	11046	259140.804460014913	10
1	11049	259214.924054992483	11
1	11052	259228.245349344645	12
1	11054	259249.221239126342	11
1	11062	259322.949737397889	10
1	11071	259574.866842593771	11
1	11077	259751.347547820929	10
1	11089	259874.481127863185	9
1	11095	259893.959382862887	10
1	11101	259992.618528691987	9
1	11115	260628.469733489826	10
1	11122	260699.973046135297	11
1	11124	260768.976691500444	10
1	11135	260929.175548114869	9
1	11140	261204.45614698709	8
1	11146	261290.981915233356	9
1	11153	261453.010759404875	10
1	11155	261459.765758733632	9
1	11160	261488.43588211124	8
1	11166	261489.697059482663	9
1	11176	261719.273673369604	8
1	11184	262026.983651764626	7
1	11208	262518.668849500988	6
1	11213	262539.432256425786	5
1	11227	263025.529438103916	4
1	11236	263047.221680408279	3
1	11242	263186.061628335117	4
1	11245	263237.779484366023	5
1	11261	263571.999372407023	4
1	11266	263628.16651206376	3
1	11272	263826.457644947619	4
1	11275	263881.301597421259	5
1	11284	264233.502364778327	4
1	11294	264242.685929378049	5
1	11297	264418.60447629767	6
1	11303	264549.197789601917	5
1	11312	264743.288629367177	4
1	11317	264804.513932093102	3
1	11323	264954.270504452614	4
1	11329	265270.165291005181	3
1	11338	265484.345900157119	4
1	11352	265742.431987811867	3
1	11357	265850.4152812205	2
1	11363	265859.073000389044	3
1	11365	266004.965753987367	2
1	11387	266615.040713603664	1
1	11402	266847.34880684446	0
1	11408	266925.385808033768	1
1	11411	267013.166883326322	2
1	11416	267183.292531413187	1
1	11422	267248.49467932058	2
1	11433	267483.594216555673	3
1	11436	267533.48118360423	4
1	11438	267570.988767094846	3
1	11448	267712.263378359109	4
1	11453	268037.182695119698	3
1	11463	268140.990976638732	4
1	11465	268208.979646624227	3
1	11470	268231.048634671973	2
1	11482	268561.214794725116	1
1	11494	268856.042348756616	0
1	11555	269741.771105672615	1
1	11558	269840.618937062236	2
1	11581	270089.055375672843	3
1	11587	270133.071378955182	4
1	11589	270185.181813701217	3
1	11598	270382.987997649158	2
1	11603	270488.680952887285	1
1	11608	270568.564428237768	0
1	11625	270722.350977101859	1
1	11633	270926.459120205401	2
1	11641	271048.333984046253	3
1	11649	271468.738966542457	2
1	11654	271557.682638974781	1
1	11661	271596.665642797554	2
1	11667	271712.49112102386	3
1	11671	271736.295145778927	4
1	11673	271888.653295270669	3
1	11682	271990.17941002478	2
1	11689	271996.772643217382	3
1	11699	272295.980089693869	4
1	11701	272362.733133067538	3
1	11707	272367.94103360829	4
1	11710	272493.539769231139	5
1	11712	272501.743426944631	4
1	11718	272747.893192471501	5
1	11729	272873.575925521519	6
1	11731	272896.52808677956	5
1	11736	273007.059406167989	4
1	11746	273106.765538952852	5
1	11751	273400.356887436706	4
1	11760	273533.180173009205	3
1	11773	273784.888240603266	4
1	11786	274086.403383795093	3
1	11796	274339.335329326489	4
1	11798	274448.694526792738	3
1	11806	274462.563348398705	2
1	11823	275062.220910735148	3
1	11825	275114.340751615855	2
1	11834	275184.354668534522	1
1	11842	275335.409067494098	0
1	11848	275446.471411631744	1
1	11856	275650.976542062979	0
1	11865	275947.727167050228	1
1	11879	276054.334553907494	2
1	11885	276148.462161510413	1
1	11898	276420.672913442868	0
2	0	0	0
3	38	2266.380595034343	2137.4812679552
3	70	3468.891096456551	3108.8881504722
3	105	4050.421185184411	3174.5011237264
3	109	4129.66576784208	2302.2714817151
3	113	4153.24316391233	2477.4179001991
3	135	4737.140579727217	2922.9825404473
3	146	5280.435496454314	2968.4547804762
3	154	5601.755584290392	2474.166327064
3	169	5902.030505609985	2564.2812683992
3	181	6006.978595483485	2085.4299512599
3	204	6883.746028252088	2910.2036451269
3	208	6965.061038138228	2101.0880017653
3	216	7735.273688178685	3029.2893182393
3	224	8028.805599195286	2311.7083991971
3	235	8227.754555659638	3911.0941861756
3	316	11417.01400621344	3043.5165336169
3	320	11524.778910687011	2218.3044598717
3	335	12109.327870522382	2567.1962657478
3	361	12841.38499429759	3054.1616918799
3	369	13023.914241995378	1634.1257997975
3	373	13024.537425992236	3431.9542988855
3	413	14967.89579148351	2403.9670794457
3	425	15133.664565679179	3392.1335333493
3	443	15797.54296571302	1958.3875391912
3	511	17813.184139192173	3230.558052035
3	515	17866.676302763819	2176.1726213247
3	519	17869.20428447706	3763.7462762184
3	540	18696.557338948197	2256.2563955132
3	586	19850.076749507252	3128.7090269197
3	615	20442.713866355907	2933.8230347726
3	635	20843.255393432706	2798.3760287985
3	645	21072.786133756121	2553.8026069198
3	660	21465.331030856711	2141.5069882572
3	680	21773.884788111772	2877.7293642238
3	687	21880.196283674877	3617.3798901514
3	734	22731.581512305543	3133.5854424164
3	764	23271.428777846586	3243.5564040531
3	837	24656.482833817259	4578.7018426323
3	857	25151.769615665998	3969.0564326629
3	873	25561.315471897875	3669.3017342257
3	888	25640.413188655939	4259.353561325
3	907	25990.298937882886	4018.7864406394
3	915	26128.4826721298	2986.8106847314
3	933	26656.466567239712	4264.5429757232
3	956	27156.168409307565	5012.14739319
3	989	27681.270282608499	4465.3232727946
3	1041	28529.803209736	5006.9053574065
3	1045	28584.513089750971	3545.901166124
3	1055	28730.764029151802	5096.8702012217
3	1074	29294.24458343814	4908.725356527
3	1100	29971.036099090832	4161.9951398683
3	1104	29980.622208715494	4370.0791660641
3	1127	30358.156351673406	5085.1826677826
3	1134	30405.957656023135	4799.9430220576
3	1155	30852.009284810754	3087.3593246673
3	1183	31341.598898378279	5635.4916550421
3	1194	31547.094026643443	4478.8394776953
3	1206	31721.141516049435	3972.7447881821
3	1216	32011.100741618302	4005.0078812308
3	1250	32782.687444672963	5559.9483501309
3	1257	32854.372187490653	5451.4257074172
3	1292	33578.644605877799	5171.3928560523
3	1296	33836.501512994136	5017.2600614713
3	1348	34875.681466690856	4765.8746348021
3	1374	35223.772507454312	4405.4424192752
3	1382	35272.842801178795	4696.1386523532
3	1386	35647.430950935077	5266.6237660844
3	1435	36584.622970727351	4618.7277786411
3	1444	36758.767316767606	5502.9391527466
3	1451	36976.080373666328	4161.8993044125
3	1455	37161.69145253957	5984.9817365603
3	1476	37438.782344277008	4658.4024590383
3	1510	38233.89533690888	5580.7452544425
3	1526	38456.868682541964	4434.389854159
3	1533	38757.066258345775	5463.8415112232
3	1548	38891.901541317804	4548.5651507065
3	1570	39373.444385522036	4595.3010887064
3	1586	39754.652400952808	4790.6897900885
3	1595	39794.475610309873	5388.8157356453
3	1634	40772.865561042991	3860.5274471966
3	1651	41112.174255562006	3094.6855375224
3	1685	41491.777758902485	1993.968352871
3	1703	42001.955461540339	3641.081677253
3	1707	42028.114682433788	4863.3771549172
3	1716	42125.601841253272	3819.6063276965
3	1767	42899.721441014285	3560.0172493946
3	1771	43138.598828917916	2104.6925340848
3	1775	43157.566175918174	2261.502281125
3	1779	43170.759922736369	3342.6348905444
3	1783	43175.208295017939	2215.669427393
3	1825	44335.123283558511	2450.2304957807
3	1829	44466.154635383275	2988.1039125949
3	1840	44641.959702417236	2290.4392173886
3	1869	45529.134033438794	3167.9099393368
3	1873	45739.924240753036	3217.6350941991
3	1877	45768.26265136058	3134.8937652262
3	1885	45920.850125199643	4297.134890504
3	1900	46517.31436628195	2643.2889692285
3	1950	48532.309758131145	1870.3261474147
3	1976	49252.035677100943	1791.2356981449
3	1995	49765.076595762188	3498.8774807844
3	2009	50323.357172411347	2394.9562363978
3	2036	50600.524732653932	2845.5608453695
3	2117	52594.649943330042	2563.1638016179
3	2121	52603.493387290269	3115.5573090445
3	2165	53503.404456492683	2289.6034276485
3	2234	54859.566252067855	3508.3836128624
3	2238	55019.336865633735	3456.1184829628
3	2261	55422.254315273943	2690.9108192973
3	2265	55667.941897057492	3940.3325736493
3	2280	55854.75673979708	2207.8833791004
3	2306	56463.33782404113	2891.0574955401
3	2315	56571.969326569263	3069.5887610972
3	2333	56903.550204591995	4261.8516877426
3	2368	57698.764337336176	1889.5083449688
3	2372	57709.089041076707	3934.0889058527
3	2391	57850.278019406071	3273.2585129257
3	2403	58258.517217242621	1971.9030655718
3	2433	58630.091969318858	2615.7688032249
3	2476	59822.16505666653	3362.0832882239
3	2484	59879.666977881019	2445.8442932182
3	2492	60659.243181910537	2248.5136528385
3	2511	61502.412705376384	3129.7119493783
3	2522	61976.801000566111	3475.4280805495
3	2540	63119.008392750097	3466.3856508024
3	2555	63551.78973744296	2076.7690547649
3	2580	64531.810991284441	2706.2889176421
3	2600	64852.82862608527	1329.7021468263
3	2619	65416.805947754242	3010.8837186825
3	2633	65712.58633838421	2775.7997419126
3	2672	67145.91524363364	3121.3037924934
3	2698	68489.454970262156	2984.1954255011
3	2737	70403.749924479356	3021.7516857851
3	2745	70595.389661616375	3627.4164750427
3	2756	70906.866827317771	3297.4834958743
3	2803	72196.676665573814	3490.38433115
3	2860	73361.652928629392	3310.9427084289
3	2874	73512.66412439355	2748.0918011907
3	2878	73523.404935003042	2340.0194898318
3	2909	74486.826347831138	3038.2971716645
3	2950	75350.448160312239	3029.9705129565
3	2962	75408.950569430081	2764.7576751853
3	2966	75446.67968844135	3811.4776981982
3	2973	75651.033692053302	2167.2996581006
3	2977	75833.354620590308	3660.5747558944
3	2997	76276.490948601727	3588.4823417161
3	3015	76841.940569141438	3098.6744968593
3	3029	77156.502159676948	3680.2508520435
3	3042	77579.859441165595	3706.616589269
3	3061	77889.364217863908	3973.1815194717
3	3089	78841.209481900059	4052.4815362186
3	3093	78978.79941079837	4524.8463231904
3	3097	79282.928648441691	2833.1375060789
3	3112	79777.493631629759	1993.8246727176
3	3135	81223.33171794434	1919.5574763045
3	3194	82777.964484955017	1989.8447684851
3	3203	82993.53293263783	2082.2610206343
3	3229	83641.161317290935	2516.0222733021
3	3261	84147.102847821556	2510.1019066126
3	3273	84310.207655881171	2793.5878448009
3	3283	84478.065920794579	3226.8741118239
3	3318	85357.521437731337	3056.1205173377
3	3339	85702.753697896164	1785.0353061408
3	3363	86265.981378824216	2199.9681583691
3	3375	86450.960035437897	3134.5187156182
3	3390	86913.495430449221	2979.717208349
3	3437	87755.014964413095	2202.9406604406
3	3441	87867.183874555629	3159.086696612
3	3448	88146.91720603238	3237.3308629573
3	3483	88977.72094669399	2749.2231023979
3	3498	89248.940787429168	3379.2518778421
3	3507	89449.36694644275	3114.3513586142
3	3539	90275.180929404449	2766.0317649868
3	3543	90321.211603034076	3376.7318751081
3	3547	90362.004381618076	2673.7609789241
3	3554	90538.288512816114	1661.8013394345
3	3606	91620.249123863665	3040.2113189356
3	3619	92225.328297405069	2412.0014125854
3	3658	93053.177972911967	3339.5853713807
3	3676	93316.804660212279	3384.694783967
3	3680	93552.958127207942	3026.8761819787
3	3684	93596.714492956673	2823.1721392574
3	3691	93702.78514508262	2911.1130879682
3	3707	94357.140174562142	2186.494566935
3	3711	94603.225550236069	2487.4492927797
3	3715	94743.325069821006	3511.6269574055
3	3727	95292.385508260799	2663.1957804326
3	3745	96405.607274863382	2758.0186134204
3	3791	97718.817654495106	1308.254763158
3	3836	98754.1555910021	2318.4198975284
3	3843	98923.301376950491	2148.2803966664
3	3898	99902.614850648587	2845.666511748
3	3902	100142.603574442574	2527.1001022216
3	3906	100167.813661602623	2247.8956725821
3	3935	100830.751937246511	2858.34784518
3	3946	101194.159329515779	2720.1501459896
3	3950	101334.716947476525	2363.7753454184
3	3965	101799.623621070123	2231.6428543475
3	3981	102519.262189819107	3725.6102332421
3	3985	102606.597739390243	3483.6139282765
3	4002	102812.502598530242	3601.0230749021
3	4014	103339.675613487424	2401.6995597258
3	4040	104118.129778824374	2618.3739902358
3	4044	104264.681778991605	1582.6822138298
3	4048	104343.764551290494	1700.7378325425
3	4101	105616.504264561071	2933.04356765
3	4105	105661.037649573862	1791.9031718094
3	4135	106703.498484377753	1843.5483018123
3	4160	107113.839974822452	3000.908186473
3	4164	107636.582342492417	3001.0074552801
3	4184	107813.63053612201	3329.3217216432
3	4213	108683.467872863635	4157.8724344931
3	4220	108727.296909109693	3709.5496060053
3	4224	108748.448020517802	3067.0861712616
3	4242	109043.236169254169	3874.1105537833
3	4254	109507.467700780373	3027.6373820733
3	4275	109822.821571761719	4435.6940345296
3	4295	110248.897102668644	2227.2341336008
3	4327	110453.601001032632	2045.7036282634
3	4335	110649.429878329621	2575.768396375
3	4352	110899.231746815145	2244.6779950843
3	4393	111909.567607617005	1969.751395716
3	4470	113320.73502885328	3009.2006960403
3	4492	113805.431067535264	2902.6510618491
3	4501	114416.502172482771	2659.3027970299
3	4512	114480.420707477256	4071.1274229859
3	4549	115424.024931212528	2729.1222726315
3	4553	115506.242747382803	4176.5519809969
3	4561	115562.871013008058	3342.1413125961
3	4587	116314.973166691415	1865.0070798397
3	4634	117207.659366527699	2431.0546978936
3	4642	117297.075962374763	1604.9894273747
3	4659	118028.426553120237	3348.0320427753
3	4663	118059.29663542059	3332.4704322685
3	4684	118588.858176488178	2119.3058098108
3	4695	118928.567833087739	2461.1857957814
3	4733	120004.387714916241	3258.0527594408
3	4741	120047.177143037414	3292.1296325885
3	4749	120516.421913246778	3037.0179883484
3	4769	121465.654388181093	3014.7804301791
3	4776	121529.371129385149	2764.7465867177
3	4784	121799.32428341991	2460.5227370281
3	4795	122154.058817361671	2394.8230274208
3	4814	123714.074152875014	1685.9608125966
3	4824	124561.113000413599	3048.5462158173
3	4887	126324.41246431405	3023.4689848591
3	4902	126584.547045954192	2767.6004411001
3	4927	127238.692988667581	2779.6505708713
3	4935	127365.512102135212	2112.3420049623
3	4939	127369.287067778499	2547.402139809
3	4959	127896.274579372943	2126.9339980737
3	4971	128200.44623246106	2698.4565126491
3	4978	128356.567350221888	3201.8836514944
3	4993	128808.809025490601	3262.1707099405
3	5001	129478.704579227194	2881.8904631585
3	5005	129603.281369640531	3178.6545743421
3	5057	130878.169135851301	2576.6588374693
3	5072	131260.707572005319	2742.8077397961
3	5091	131720.064035364266	1899.043074064
3	5126	132252.406744855937	2247.2965885419
3	5138	132574.398854068898	2592.6084077172
3	5165	133127.916298774332	2504.4050818216
3	5172	133252.65168835691	2856.4644943178
3	5181	133508.707226655928	3095.5978026326
3	5200	133806.085910565638	2866.9683959225
3	5207	134026.24142657169	3305.3036031582
3	5214	134426.463163330246	3980.5709621031
3	5218	134522.416002978831	2953.7031404377
3	5239	135181.128995447902	2909.9992840563
3	5250	135363.380952059709	3597.2640423386
3	5261	135720.79392453216	3704.5150844134
3	5265	135807.252035814364	3644.4300075908
3	5321	136632.068353278049	3726.0341664255
3	5334	136785.729125720931	4066.356605061
3	5342	136939.156468655367	2186.2755509187
3	5346	136977.479377697639	1793.4882959683
3	5361	137337.902295635342	3139.3237730395
3	5385	137784.167770162027	1781.7889342736
3	5396	138085.260435912244	2699.376788533
3	5405	138196.834317623641	1929.3263540324
3	5412	138475.875121384597	2593.4432233963
3	5423	138882.324102032733	2464.9903293905
3	5431	138989.819235537011	2702.7977544721
3	5449	139585.083257769024	3105.7744892161
3	5453	139833.439363209333	2854.2203314351
3	5460	139940.695680571523	3511.5122765122
3	5530	141685.602087175218	3221.2005365733
3	5543	141758.875822702745	2527.6009942777
3	5580	142123.10091370479	3587.3982095718
3	5591	142516.162807119495	2486.6279555453
3	5615	142947.880489005098	3088.4903846811
3	5627	143293.471277168343	3005.0710123624
3	5658	143908.762322805567	3226.8930255749
3	5670	144225.187116989351	3913.0225586528
3	5696	145010.813632744781	3391.6058780306
3	5713	145257.34615294025	4265.6470295371
3	5727	145495.549109883929	4204.7936769099
3	5758	146005.747200941412	4055.676183794
3	5766	146035.320388653732	5156.2065696609
3	5813	147161.874133796023	1981.3970270567
3	5817	147300.359975469715	3401.3847443528
3	5821	147334.590468454852	3220.05909262
3	5844	147765.532053169386	2331.5188986634
3	5854	148088.239037383087	2979.6560088379
3	5904	148868.165728823959	3636.8457321455
3	5908	148917.851666591801	3009.297085464
3	5927	149286.331573389993	3397.0830191863
3	5942	149848.639861920334	3891.3239844355
3	5952	150029.498789969571	3830.5202964291
3	5969	150220.561935288577	4017.1074435225
3	5991	150839.434717770151	2524.6850301559
3	6007	151241.970790914937	2935.2016765242
3	6055	152249.769985096015	3851.0713571997
3	6059	152306.905212288461	2652.5958953333
3	6072	152558.848067602907	1799.7477913834
3	6080	152611.609764366828	2726.9216544841
3	6108	153333.883339837717	2747.6129398214
3	6137	153857.390933403375	1897.2239052784
3	6167	154126.499023527064	2107.6515511237
3	6177	154377.441785597347	2313.0664093327
3	6195	154799.322289524339	3223.075549225
3	6229	155470.004985742975	1962.3499897867
3	6233	155496.095126086019	2620.0418716051
3	6237	155522.628881692517	3063.6776849723
3	6253	155965.810393955189	2064.0530144743
3	6273	156370.432418604153	2983.8859642279
3	6285	156679.472884987349	2462.2566431143
3	6298	157324.681327791058	3705.6983209346
3	6309	157711.397022922295	3162.6051879889
3	6324	158134.444447042052	4149.1646589302
3	6331	158282.717820202105	3799.9766694043
3	6368	159443.453939231816	3142.1289628698
3	6384	160107.977358596741	2258.974749567
3	6388	160132.097972253492	1953.7717462331
3	6395	160251.839122909358	2820.4728529695
3	6443	161363.347180638461	2424.2126519233
3	6477	162300.617456218251	2124.6614000201
3	6495	162795.367324588726	3620.7959140744
3	6519	163143.941536765712	2528.3385437541
3	6527	163222.29051103972	2792.8011384979
3	6559	163727.98323674284	3155.0077912162
3	6583	164569.884536188262	3544.7760112357
3	6587	164593.693220116103	3627.5791703736
3	6596	164747.30294150183	2126.1806814093
3	6608	164901.857572585168	3925.4861746727
3	6615	165020.505252132358	1919.1873965886
3	6659	165897.032872890877	2638.7840230933
3	6717	167296.118521693089	1605.9219319284
3	6725	167365.279091162512	4368.9327763466
3	6729	167573.028414374529	2612.7821116615
3	6748	168292.915190760358	2347.3487356175
3	6755	168308.524232295268	2679.5414670122
3	6782	169009.671611824946	3217.7018221468
3	6786	169023.868220932699	2547.90707957
3	6848	170549.737486778561	1804.4047518075
3	6881	171316.796279444175	3011.1316594016
3	6885	171317.031265548234	2456.902269028
3	6916	171640.402618582454	3678.5303508025
3	6925	171720.969251111897	2836.5052237486
3	6935	171890.14887875392	2636.9458345282
3	6959	172182.895228839283	3357.5909350112
3	6966	172281.283553742619	1829.2265070747
3	6982	172830.796569804464	3931.9249100596
3	7013	173378.342244439852	3449.1756155959
3	7017	173466.999967279648	2937.8480168325
3	7037	174015.404274991529	3401.2927596162
3	7044	174023.532577710961	4528.9168711034
3	7048	174051.467670994905	2525.7395952572
3	7079	174915.655074785267	2961.9813091576
3	7123	175766.278694678845	4559.4304325036
3	7127	175775.467222790328	4781.2955962196
3	7154	176052.756636165818	3567.0332966944
3	7165	176205.116309295212	3970.7044851945
3	7176	176509.899307192398	4695.938796995
3	7207	177019.077025479441	3941.0882772859
3	7211	177023.140083248531	3095.8177424704
3	7256	177643.164219758278	3150.3482669336
3	7275	178025.243646499516	4006.176632224
3	7319	178692.000301223984	4549.5711609146
3	7341	179319.207346397257	3329.8437419149
3	7345	179349.186825590955	3408.3588337538
3	7355	179849.578162190599	3087.2366845407
3	7367	179910.510714125635	4057.0411193749
3	7371	179916.101860157019	3924.5948986115
3	7406	180618.664123066506	4121.5802222925
3	7423	180967.320729690699	4829.6289400905
3	7427	181072.029048627979	3002.4094362748
3	7442	181246.834246084841	4318.688403857
3	7446	181346.687777354186	3769.6301293315
3	7484	182218.858349886527	3207.620344064
3	7514	182784.39253088533	5903.7986277165
3	7523	182944.738159240029	3315.721425771
3	7559	183719.577582892767	5059.5426813749
3	7571	183902.571944710604	2689.4547175792
3	7575	183988.083277476115	4041.1311226098
3	7593	184279.463664420696	4199.6616680759
3	7603	184459.674601279935	2645.8533813524
3	7639	185339.754469516782	3861.5953024824
3	7649	185685.286476346469	3419.060176041
3	7653	185733.677955294775	3737.5351155311
3	7666	185948.64233823008	4395.268618187
3	7710	186824.222011440238	3284.4812118926
3	7728	187119.322419003388	3815.3060248402
3	7745	187333.318089672181	3433.267901357
3	7791	188077.173097130659	3564.7318320725
3	7799	188188.91040178462	4529.2950496483
3	7815	188582.603759285799	4541.0008165488
3	7832	188952.502678050464	3418.7029249316
3	7836	188968.597134432571	3697.1624224727
3	7843	189043.716266901328	3216.2355881969
3	7888	189814.197358560564	2730.0392293361
3	7902	190151.769616185783	3810.2706426162
3	7912	190329.850408299631	3954.9891873758
3	7916	190370.939442203185	4565.9985885761
3	7928	190656.812045848734	3243.9902800393
3	7940	190787.764842553811	3609.9384845248
3	7944	190816.224932271151	4494.8785719924
3	7969	191478.567617940521	4682.6493567398
3	7973	191625.302932868807	4292.7432319453
3	7990	192060.734297768018	3840.069051157
3	7994	192090.095080972465	4244.5199120606
3	7998	192107.186328186459	2644.2440609486
3	8016	192512.709682147113	4981.7805574186
3	8036	193155.609906126561	3381.3293693121
3	8047	193538.597265911384	2998.2273503125
3	8065	193641.022794139377	4279.0157675073
3	8097	194188.217339531334	4383.4198274922
3	8138	194987.648732454391	2776.8007372878
3	8169	195519.888835350799	2874.9007533912
3	8179	195664.999485970279	2059.8443747691
3	8183	195688.015057017403	3285.938174855
3	8187	195824.266305311459	2650.2667162421
3	8213	196050.81163724077	2244.3909486997
3	8217	196229.389519025376	2629.9908944333
3	8227	196420.011215151163	2736.1056877776
3	8258	197402.191678487511	2721.615022566
3	8283	197903.821269268213	3967.6668038565
3	8290	197928.473166771969	2799.2123037287
3	8310	198505.938632736729	2905.5148812331
3	8344	199191.209755012808	4242.8365212481
3	8348	199250.406036811756	3243.8182790886
3	8357	199372.865085438629	3467.2115519543
3	8373	199780.093785416377	3170.4087586243
3	8398	200136.906700019541	3484.2488404947
3	8408	200362.08075316331	3971.9999084592
3	8412	200502.527320111918	3045.8766568363
3	8440	200900.169793418413	3485.6035110165
3	8453	201175.672598114985	2682.0623145848
3	8469	201490.124074485195	3580.6002173264
3	8504	202243.041968295297	2580.1131537091
3	8526	203066.795621064308	3575.8254387271
3	8530	203111.230742975015	3345.0136234251
3	8568	203789.892504844761	2831.2200452116
3	8593	204206.783632108984	3385.970915658
3	8597	204283.297989241821	2132.2029152494
3	8603	204325.901024105835	3332.3967936641
3	8664	205555.870301002583	3000.9383628326
3	8689	206326.152005524554	2551.8112105492
3	8693	206339.813930150935	3489.5665779244
3	8697	206436.399286537499	2597.4063449632
3	8712	207030.773987719736	3622.1743752982
3	8735	207530.263083268957	2989.5366813988
3	8739	207607.757645920733	3762.1961725133
3	8774	208363.044135995157	4048.8369568764
3	8778	208384.625137680278	3288.2186480642
3	8796	208967.466247594797	4764.9401825153
3	8819	209374.35613558925	2267.6370274318
3	8830	209763.34437527316	2877.4710562728
3	8856	210176.00615687582	3587.3057373837
3	8860	210192.248150856116	2914.3545008007
3	8880	210450.902418376127	2760.1953289607
3	8990	212486.957009478952	2359.2742185824
3	8994	212544.437886439342	3198.7802015338
3	9015	212930.701981871456	3029.0276389571
3	9057	213864.664621949274	3592.2641634622
3	9069	214012.502727301341	2942.7772305464
3	9089	214333.009285884977	3905.9367005756
3	9131	215090.202870779553	3911.7083356873
3	9135	215100.243465898108	4191.0254141434
3	9171	215806.964502842233	4324.6642544194
3	9194	216305.697111170816	4759.0102944765
3	9210	216473.251522358056	3818.2472465635
3	9240	217059.210052401827	3984.0544157047
3	9244	217151.491847504008	3821.3976904588
3	9287	218048.405566539164	4960.9837825269
3	9291	218062.826334796924	4322.9533649789
3	9295	218110.890363902668	4633.7982986943
3	9328	218992.287527737276	4820.3295876822
3	9343	219474.569488950888	4455.0496735689
3	9347	219674.74722675987	4843.5343579612
3	9351	219768.49792836934	4833.9673211769
3	9371	220250.012202598969	5088.8239743118
3	9389	220606.826461223022	5964.6871096002
3	9398	220653.421464385544	5072.9560737351
3	9425	221192.101560878451	4824.5835885947
3	9452	222084.068725255799	4899.6487095585
3	9464	222383.973298142733	3916.6964324283
3	9473	222502.099292818537	5053.9652169003
3	9483	222737.929223944317	5875.3458585128
3	9506	223197.033787700417	4242.2496216196
3	9529	223577.930231259686	3650.9519393424
3	9536	223838.361285408097	3467.3692596737
3	9547	224009.8718415302	4576.5864934987
3	9579	224732.816194853014	2437.9106206913
3	9587	225241.489621909053	2617.4470172916
3	9601	225615.515258682992	2531.9890176505
3	9621	226546.105928072986	3192.3159830086
3	9632	227292.649813785458	3307.9492218979
3	9654	227937.579441601494	2390.4365035705
3	9703	229879.041448359733	2458.9437632449
3	9707	229926.576613189002	3098.7685133144
3	9711	230035.538630862422	2079.3338801712
3	9718	230377.116979329697	2539.0257710405
3	9740	231252.471797180089	2388.4575505648
3	9769	232336.739142557347	2021.5931040421
3	9799	233210.105579951311	2374.3588485382
3	9842	234221.676373690724	3362.593174316
3	9848	234332.085463070607	2066.0271775536
3	9858	234645.117129550453	1923.4614714235
3	9862	234686.82506203896	3398.6616231501
3	9891	235332.827996810531	3038.4550301917
3	9917	235712.877074425405	3332.5162309303
3	9927	235975.890694671653	2105.5167118181
3	9960	236517.488759474724	2422.4971195869
3	9984	236972.70644459712	2756.3276862446
3	9998	237157.534931570187	2873.920082475
3	10046	238140.303027209143	3689.9906829232
3	10058	238426.301541471797	4318.8425118997
3	10073	238800.547671083257	4331.7075302338
3	10126	239755.594438830334	3541.9838070327
3	10130	239830.192037260055	3900.5868521339
3	10166	240598.110067488521	3980.1523595313
3	10190	240939.071282571125	3588.8164390539
3	10206	241320.158411728114	5301.054858013
3	10231	241600.471516504296	4271.3079250084
3	10238	241784.40189668712	2766.0339645386
3	10242	241827.724100215304	2529.8550412164
3	10246	242023.158842779946	3305.6815082105
3	10278	243050.891275975265	3512.9502562427
3	10291	243491.50497173326	3986.6674591918
3	10299	243601.842212517064	4178.1500960727
3	10303	243673.288213015877	4295.3167121564
3	10318	244074.940950281813	3585.0839179419
3	10322	244250.491043619224	2831.4177339407
3	10365	245397.58283037531	3135.211984213
3	10373	245761.789207405165	3578.1341619696
3	10381	246120.351955433417	2326.8551504239
3	10412	247084.204497917778	2334.1623665392
3	10434	247550.908910625981	3105.9069070034
3	10445	247780.361179006619	2564.6251939796
3	10513	249345.884081490924	2164.5443835855
3	10591	250674.321606335285	2410.3958037961
3	10595	250693.824893241183	3080.8889125474
3	10612	251116.094505353989	2690.3832267411
3	10616	251168.150148739972	2998.7363926135
3	10624	251289.266634908559	2302.1076663856
3	10664	251966.989957703212	3218.2296849068
3	10668	252102.142231208638	3028.8179675257
3	10707	252697.141952491524	4265.2951112473
3	10711	252789.048245511072	3676.0422944717
3	10729	253089.236716138134	3159.2021403339
3	10733	253168.406125172407	3889.3770216173
3	10744	253529.818878564106	4448.0234480828
3	10786	254587.422642768726	4304.3777636339
3	10802	254690.936034391793	4491.2269519517
3	10806	254738.843303508179	4724.8462668531
3	10821	255241.098511562737	4890.7517999894
3	10858	255772.90510145382	5738.3246499075
3	10866	255829.904173589678	4280.4184556563
3	10938	257016.059078838611	4818.8867883212
3	10953	257477.043710765587	6566.4882606897
3	10964	257622.188635296555	4964.8764278411
3	10968	257657.97690813342	3928.9148998518
3	10986	257828.093633973199	4483.5847711917
3	11012	258409.535267743337	3789.6100156968
3	11024	258640.163170298497	3493.9843461811
3	11032	258806.082228855596	4030.379273888
3	11075	259648.890536665144	5340.5419874337
3	11108	260001.720851040605	4854.0235698781
3	11112	260345.745810908632	4639.1459141725
3	11119	260696.010342663089	4486.0766752001
3	11150	261429.228139788899	5665.5177721574
3	11170	261539.299801890899	5066.3790067288
3	11174	261662.118483608524	5170.1442750444
3	11191	262053.283472764673	5899.8876454106
3	11195	262231.301348735738	5316.7120411633
3	11199	262290.613815411049	4836.4495834665
3	11206	262474.164679650152	4807.5603478937
3	11234	263045.193827427153	4895.3200840778
3	11249	263365.639349179278	5857.8587166319
3	11253	263401.572349852938	5412.2250712374
3	11279	263932.870899211051	5657.6844581262
3	11291	264234.181215777222	6203.3401358536
3	11301	264429.968840497602	5536.7237112555
3	11310	264592.40739340465	5200.4679446847
3	11327	264972.405123509402	5662.7173023259
3	11342	265520.460854252236	5654.220189442
3	11346	265577.723394594211	4785.0255280585
3	11350	265691.908941879098	4814.3071711822
3	11375	266209.691918674086	4390.9927434681
3	11385	266414.027227451149	4106.2012681405
3	11400	266843.052672542567	3937.4757880708
3	11426	267448.696998251038	4511.316420451
3	11445	267635.480060172428	4222.3386162992
3	11480	268516.594168157684	3109.6553292857
3	11489	268647.983803133537	4524.5993659063
3	11511	269003.447797880669	2647.622165683
3	11515	269100.664546642389	2949.8857549622
3	11526	269410.981836277221	3175.0585645762
3	11565	269896.263341213633	3057.0266203127
3	11577	270061.242060247244	3040.8760243678
3	11615	270622.570037297134	2819.1816718053
3	11621	270693.967464627619	1776.9629585557
3	11637	270932.630902945298	2580.0350979902
3	11647	271412.195587491187	2457.1364594623
3	11680	271928.378497059618	3096.6752777246
3	11693	272087.509292146112	2708.7013192063
3	11726	272831.483974240023	3099.9169782692
3	11743	273051.777300057163	2934.5372762389
3	11758	273405.505509960967	3425.2455739272
3	11770	273733.430979033853	3839.7942888878
3	11780	273795.178691405033	3751.9645270251
3	11784	274054.929611224252	3426.3584938284
3	11793	274088.499685346383	4149.2611337376
3	11813	274914.790487685402	4102.1254755405
3	11817	274946.104702480058	4681.591402187
3	11832	275126.523132340285	3767.8310221439
3	11872	276035.147273128423	5766.1552174177
3	11876	276045.957604008888	3847.1048727733
3	11883	276110.913114209894	5188.0285821863
3	11892	276183.810111299079	4492.5792524433
3	11913	276691.100912417787	3352.2376526948
4	281	10696.80057388929	4164.7964503616
4	300	11234.132177012869	3040.3890867066
4	350	12428.089082239883	2639.1163922793
4	432	15310.903363771251	3111.9318004791
4	466	16454.03220674621	2939.6520964801
4	488	17374.189017119652	2199.6389955003
4	565	19330.337703605458	2021.71649714
4	702	22167.201397103449	2878.2671666761
4	747	23041.920152674471	2927.1775142745
4	791	23940.150225332927	4514.8908850278
4	812	24227.553552352901	2717.4129261045
4	819	24349.493806376165	3497.08720242
4	973	27282.499877575444	4090.3467707515
4	977	27372.039286105882	4451.0368584189
4	999	27830.231473018493	4265.9458118623
4	1070	29244.320135244759	4567.5783621586
4	1283	33463.345283677461	5045.7918078461
4	1306	34047.192863863936	4273.2075726531
4	1378	35229.829384309831	4568.1650519275
4	1406	35943.65884672389	4828.7095892016
4	1416	36240.186192163257	5939.454724517
4	1490	37869.528157043261	4743.9908774048
4	1577	39607.733104267237	5072.3721511645
4	1610	40308.535820725418	3024.419682022
4	1623	40412.225315348324	3214.0702337336
4	1641	40944.137012257833	5213.6624536544
4	1836	44592.082034093372	3353.6587890198
4	1907	46891.472838593628	3404.3035686013
4	1911	46910.783249193616	2146.756666163
4	2028	50561.989582075179	2268.0436608475
4	2043	50643.069102269729	2767.3173103016
4	2074	51720.730342482887	2622.1312191524
4	2098	52161.463648878175	3039.4130611047
4	2142	53029.106981059643	3216.3237340003
4	2188	53807.172845922518	2531.7179880757
4	2192	53860.176750371241	3236.4080561791
4	2196	53880.731149197119	3446.0801147763
4	2337	56956.68834279851	3225.131023148
4	2376	57711.407925302658	4006.2221037673
4	2429	58535.301835194726	3168.3407342445
4	2457	59276.351006090748	3954.246412206
4	2480	59834.537945433982	2653.3792030192
4	2488	60358.407078947979	3271.49288941
4	2629	65703.921269680184	1462.2397510428
4	2653	66310.714806347711	2687.0659835357
4	2676	67221.14731042183	1851.0059221275
4	2680	67335.393213966559	1717.1681294125
4	2796	72167.440139445206	2473.6226326134
4	2835	72846.587776477232	3043.5354065616
4	2864	73456.160838074152	3409.6314389259
4	3050	77745.747500985362	3889.4423894356
4	3057	77857.319030017694	4098.9759393082
4	3069	78275.439730109206	2894.617189574
4	3233	83756.705984040639	3299.4998240378
4	3250	84037.860341037456	3696.8210685119
4	3327	85480.149349659878	2443.144659609
4	3412	87383.752934049994	3601.6320596051
4	3425	87663.040469532621	3158.3706147198
4	3487	89065.171055534643	4594.6817509855
4	3594	91465.896319125536	2756.0962101817
4	3662	93092.958995564406	3397.4148085272
4	3799	97849.866672429479	2053.4175791312
4	3850	99008.749179853972	2856.2780867424
4	3910	100507.536017174979	3394.5040992647
4	4299	110248.995369145646	3984.0357495349
4	4359	110916.943874433613	3278.1322690284
4	4366	111073.203855214251	1863.4577748925
4	4423	112364.697849325835	1956.9460951998
4	4427	112417.142942484107	3597.315839259
4	4437	112653.675946255339	2417.6890410762
4	4447	112910.801350578276	2974.7953257379
4	4508	114450.822902207387	4081.2542449925
4	4537	115178.860292366831	3054.4833626089
4	4614	116771.873040643646	3974.7692123995
4	4711	119327.672160159965	3706.8378177937
4	4729	119951.019050953658	3324.4934671605
4	4947	127469.793931168193	2004.0976447856
4	5608	142834.356102842583	3497.708413275
4	5631	143421.835559296839	2792.1094808509
4	5651	143784.736476500935	3732.9913171116
4	5679	144691.954620497623	4029.1359328145
4	5731	145527.225382478653	3889.6350672076
4	5788	146457.731345545239	3011.5223407466
4	5897	148844.299169934771	2902.6334131445
4	5973	150511.052347347663	2425.5854992056
4	6003	151099.40689864356	2628.8334484634
4	6068	152486.147253392787	3863.3709853641
4	6133	153797.023384978734	3199.5590134788
4	6249	155965.605986765454	3548.6971586756
4	6313	157734.611889165694	2428.77413241
4	6439	161290.784310901381	3002.6019024756
4	6568	164010.746467267919	3359.8015489429
4	6645	165649.573402212838	3037.6721361674
4	6666	166059.900949698631	2812.2441520518
4	6670	166066.399228336456	3627.4506640174
4	6709	167153.323620579132	2308.5170187335
4	6744	168131.036166446991	2990.0969140604
4	6955	172176.520478493628	3728.2654563145
4	7083	174934.723242861023	4652.8884651777
4	7199	176819.277554142104	3097.4243017979
4	7260	177771.480424367917	3710.5817887473
4	7287	178353.753715130595	3857.648890184
4	7392	180493.553583496055	4568.6895290669
4	7461	181782.813031897975	4269.7515600759
4	7507	182693.527331278755	4321.7832202292
4	7527	182945.141416114571	5880.1719694051
4	7714	186856.68455756372	3195.4366229194
4	7795	188091.620079056455	3560.827859626
4	8051	193565.465477038911	4586.4564964626
4	8109	194319.770482633998	2587.0410442147
4	8276	197710.072413968729	3068.8917731011
4	8457	201279.95165130763	2813.3788208883
4	8487	201764.424490767407	2780.1064189479
4	8516	202654.5023046751	2738.461892134
4	8578	203939.084033348414	3758.666171497
4	8646	205281.810441606858	2111.5317625925
4	8759	208143.046101232239	3581.5752008758
4	8808	209194.721172529453	4589.9513456284
4	8911	211162.564210370997	1980.5593682674
4	8939	211621.976108520771	2927.7401079331
4	8953	211758.503206777453	3423.1229889952
4	8961	212063.622718398341	2513.1639788329
4	9019	213061.900865902075	2678.2445761787
4	9096	214514.028117610219	3561.5822708606
4	9156	215345.945003005559	3087.6089776035
4	9206	216422.903566296095	4046.0385132784
4	9280	217868.902237792568	3424.020820837
4	9411	220939.369266738665	5773.5523769753
4	9444	221827.012804010962	5831.0187297136
4	9448	221970.220702732981	5072.2818369196
4	9540	223947.800645725882	4860.2223680136
4	9563	224462.400452590301	1757.1655570529
4	9605	225928.707277726385	2286.4608108345
4	9665	228247.244973612646	2884.8201727588
4	9759	232178.814402666863	2721.6492631473
4	10005	237197.712821116614	3441.3182293531
4	10018	237494.236451798461	3125.8849917523
4	10088	239076.896073437639	4350.4582673876
4	10106	239477.194855053227	3974.8906900521
4	10162	240555.660150682803	4535.0978190795
4	10183	240911.100019515835	5449.5959970585
4	10202	241282.673595048431	4090.3516253403
4	10266	242760.067368445814	3101.9958932191
4	10404	246729.109629001375	2280.3410473745
4	10408	246936.468214604729	2615.7553339843
4	10507	249254.679860558352	2841.7196081579
4	10517	249379.349360077904	1887.6063656621
4	10737	253319.968595844852	3373.0308852154
4	10790	254599.146031480218	4565.612188211
4	10870	255911.1030662853	5108.2539456749
4	10902	256479.58032450551	5942.975329242
4	10978	257795.213124364549	4255.3706503905
4	11084	259796.380630041527	5289.6974049417
4	11099	259980.160253545205	4502.6101204084
4	11430	267480.699639617521	4882.5548265963
4	11460	268079.7275459803	4648.2086729664
4	11542	269630.396802652564	2966.0482113028
4	11722	272776.264110028314	3111.1928760689
4	11896	276398.312149490391	2753.6373387058

