version 2
run Iteration-27-20200521-09:52:21-55460
attr configname Iteration
attr datetime 20200521-09:52:21
attr experiment Iteration
attr inifile omnetpp.ini
attr iterationvars "$i=3, $j=3, $0=15-(3+3)"
attr iterationvarsf i=3,j=3,15-(3+3)-
attr measurement "$i=3, $j=3, $0=15-(3+3)"
attr network Network
attr processid 55460
attr repetition 0
attr replication #0
attr resultdir results
attr runnumber 27
attr seedset 27
itervar i 3
itervar j 3
param **.resourcePool.amount 3
param **.resourcePool1.amount 3
param **.resourcePool2.amount 15-(3+3)
param **.source.interArrivalTime exponential(6min)
param **.delay.delay uniform(4min,28min)
param **.delay1.delay uniform(10min,28min)
param **.delay2.delay uniform(4min,16min)
param **.allocate.resourceModuleName "\"Network.resourcePool\""
param **.allocate1.resourceModuleName "\"Network.resourcePool1\""
param **.allocate2.resourceModuleName "\"Network.resourcePool2\""
param **.deallocate.resourceModuleName "\"Network.resourcePool\""
param **.deallocate1.resourceModuleName "\"Network.resourcePool1\""
param **.deallocate2.resourceModuleName "\"Network.resourcePool2\""
param **.router.randomGateIndex "uniform(0, 1) > 0.2 ? 0 : 1"

vector 0 Network.allocate queueLength:vector ETV
attr interpolationmode sample-hold
attr title "queue length, vector"
vector 1 Network.allocate1 queueLength:vector ETV
attr interpolationmode sample-hold
attr title "queue length, vector"
vector 2 Network.allocate2 queueLength:vector ETV
attr interpolationmode sample-hold
attr title "queue length, vector"
vector 3 Network.sinkStat lifeTime:vector ETV
attr interpolationmode none
attr title "lifetime of arrived jobs, vector"
attr unit s
vector 4 Network.sink lifeTime:vector ETV
attr interpolationmode none
attr title "lifetime of arrived jobs, vector"
attr unit s
0	0	0	0
0	11	1549.911798284519	1
0	13	1612.671214741778	0
0	18	1724.678597438843	1
0	20	1734.611581571371	0
0	66	4076.773163643039	1
0	76	4235.759866732893	2
0	78	4318.283099467193	1
0	83	4377.557576561595	2
0	85	4460.479745023487	3
0	91	4655.320511842405	2
0	96	4782.458088514816	1
0	101	4784.791682402158	0
0	109	5028.735062850895	1
0	111	5112.847302193081	0
0	419	17458.91583287943	1
0	429	17767.603502078354	0
0	434	17861.454034765883	1
0	436	18070.004011077982	0
0	441	18376.054852735359	1
0	443	18381.527898003362	2
0	449	18626.445157672762	1
0	454	18666.206999807842	2
0	460	18983.374575471681	1
0	465	19000.589354252815	0
0	469	19003.697055355184	1
0	480	19498.418259976607	0
0	647	24462.657446493943	1
0	649	24489.553312219092	0
0	654	24522.867642691998	1
0	668	24687.65188379707	0
0	718	26036.082073237586	1
0	720	26148.148319692772	0
0	1045	38077.710675389254	1
0	1047	38092.843725789798	0
0	1060	38366.141327892742	1
0	1062	38691.590305188307	2
0	1064	38704.15247215856	1
0	1073	38925.201383031863	0
0	1099	39514.270230918442	1
0	1101	39607.976912175903	0
0	1105	39898.451658963187	1
0	1107	39902.718346919397	2
0	1109	39940.528837832248	3
0	1129	40540.067275321468	2
0	1134	40716.894826217555	1
0	1142	40852.760291723201	0
0	1146	40928.332587849558	1
0	1152	41104.293128183469	0
0	1176	41954.027018445712	1
0	1178	41979.905311304592	2
0	1180	42174.845087825321	1
0	1193	42472.382555381225	2
0	1199	42584.229789680228	1
0	1213	42961.851908594431	2
0	1215	42983.053065313958	1
0	1219	43031.377209309852	0
0	1238	43555.314852959867	1
0	1244	43581.076277320438	2
0	1255	43830.702487825416	1
0	1273	44017.243061434841	0
0	1305	44948.340833728257	1
0	1316	45285.330187376952	0
0	1359	46246.997905214503	1
0	1361	46368.497514931234	0
0	1438	48860.591531009818	1
0	1440	48888.564058423339	0
0	1448	48986.349456631081	1
0	1455	49180.19475829137	2
0	1461	49237.248262071502	1
0	1466	49244.442844699221	0
0	1470	49294.912396018749	1
0	1485	49895.754199857908	0
0	1568	52376.414737133532	1
0	1583	52724.600534607843	2
0	1585	52884.733876441359	3
0	1591	53090.344633700265	2
0	1600	53257.288493145017	3
0	1602	53439.682957481784	2
0	1615	53971.634467707949	1
0	1628	54314.345948270816	2
0	1634	54389.025303226155	1
0	1643	54595.955120184723	2
0	1645	54665.447553301169	1
0	1654	54873.190074393528	0
0	1697	56024.989485412855	1
0	1699	56025.324878246269	2
0	1701	56186.267118664603	3
0	1703	56369.343944223347	4
0	1705	56399.731326865035	3
0	1710	56716.952951194721	2
0	1714	56766.090226625479	1
0	1731	57114.417604026052	0
0	1735	57225.347314807803	1
0	1742	57308.526174666363	0
0	1751	57598.96474071591	1
0	1761	57836.124769055244	2
0	1763	57841.252886023971	1
0	1771	58255.445070793308	0
0	1796	58575.968100016381	1
0	1802	58630.753970592412	2
0	1804	58949.11172897128	1
0	1812	59067.64731293517	2
0	1814	59190.523600210823	1
0	1822	59243.208381277176	0
0	1826	59261.812448716451	1
0	1833	59640.431324211565	2
0	1840	59751.550269543966	3
0	1842	59818.466265002429	4
0	1844	59832.740579691191	3
0	1861	60161.623615776576	2
0	1869	60292.32003375556	1
0	1873	60310.616854537037	2
0	1875	60574.97912910678	3
0	1877	60635.711470548662	2
0	1886	60779.502864084481	3
0	1888	60784.419891243257	2
0	1892	60863.674114180876	3
0	1904	61251.264418393346	4
0	1933	61818.909161981602	3
0	1937	61889.543983717837	2
0	1941	61895.140311461541	1
0	1963	62330.392462131955	0
0	1986	62756.733208733319	1
0	1992	62798.85816149846	0
0	2077	65255.658032399054	1
0	2084	65505.034551686536	0
0	2092	65642.903821179086	1
0	2094	65733.642461516778	0
0	2137	66904.579962513606	1
0	2148	67140.613003204009	2
0	2150	67246.204084464446	1
0	2154	67313.733681023936	0
0	2168	67454.782686940986	1
0	2170	67616.272419771496	2
0	2180	67815.119992748718	1
0	2184	67868.348286814918	0
0	2257	69375.613324822219	1
0	2263	69508.286028701937	0
0	2267	69512.624175012494	1
0	2274	69763.310994092843	2
0	2289	70383.654992467169	3
0	2291	70389.553268413144	2
0	2300	70620.898931998981	3
0	2307	70660.82721348076	2
0	2320	70838.471563544249	1
0	2337	71570.054262104529	0
0	2341	71669.36550150352	1
0	2348	71725.571606381038	2
0	2350	71801.857670428925	3
0	2357	71969.681915186037	2
0	2361	71990.641301217587	3
0	2367	72159.530672330534	2
0	2375	72328.473414565521	1
0	2393	72984.884926092004	0
0	2397	72985.611059044125	1
0	2399	73146.539269584316	0
0	2535	77145.352522274516	1
0	2537	77263.652505460351	0
0	2541	77264.174985875158	1
0	2548	77363.376172015779	2
0	2550	77389.753490293998	3
0	2561	77462.036894968045	4
0	2579	77834.773314321534	3
0	2584	77836.564067965889	2
0	2592	78014.305874218761	3
0	2594	78025.238441626112	4
0	2596	78047.723737326399	5
0	2598	78142.675611004403	6
0	2600	78166.474152351885	5
0	2604	78249.054482310013	6
0	2611	78422.593551924885	7
0	2618	78835.110801892476	6
0	2622	78842.844070377915	5
0	2640	79072.90715298667	4
0	2648	79103.756874573415	5
0	2650	79476.984777069235	4
0	2654	79556.397209985487	5
0	2656	79595.558146829872	4
0	2669	79701.327829598981	5
0	2671	79882.449719854818	6
0	2691	80340.656492142523	5
0	2695	80503.568200046318	4
0	2717	80954.818578135629	5
0	2719	80994.120940975586	6
0	2725	81088.568122047155	5
0	2738	81542.721315091992	4
0	2747	81570.503966282277	3
0	2755	81948.282164843875	2
0	2768	82238.466955242922	3
0	2770	82254.51058666703	2
0	2783	82660.156306482553	3
0	2789	82733.376501289562	4
0	2791	82779.414266115571	3
0	2800	82829.878652939695	2
0	2804	82919.09704489563	3
0	2806	82931.989477369063	4
0	2817	83257.42666638096	3
0	2821	83281.536197132016	2
0	2825	83384.572280115411	3
0	2836	83698.861911415347	4
0	2843	83895.303468476205	3
0	2847	83905.163615450387	4
0	2849	83997.628950621533	5
0	2855	84043.54389699747	4
0	2863	84404.246826057699	5
0	2870	84539.036594297265	6
0	2872	84611.761572341064	7
0	2884	84721.591609111572	6
0	2892	84945.422790741076	7
0	2903	85203.605248849696	8
0	2909	85224.377571339875	7
0	2913	85228.835459822911	6
0	2917	85278.289823262537	5
0	2921	85314.255801105341	6
0	2928	85756.070967513262	7
0	2939	86064.723550661293	8
0	2941	86206.127193784857	7
0	2953	86406.619375395912	8
0	2960	86530.831942172843	7
0	2964	86538.601578059762	6
0	2968	86609.644793754529	7
0	2970	86824.427656191557	6
0	2974	86871.015079790848	5
0	2983	87096.635835579461	6
0	3003	87519.190946286956	7
0	3009	87655.277428357447	6
0	3013	87764.998725267249	5
0	3017	87802.270542043417	4
0	3025	88018.894686578664	5
0	3027	88457.126280936026	6
0	3039	88572.939702524389	5
0	3048	88820.962803760665	4
0	3056	89204.233992728561	3
0	3060	89263.262602338689	2
0	3068	89390.108530289079	1
0	3076	89514.640696402463	2
0	3078	89575.791334117154	3
0	3080	89578.313194936899	4
0	3097	90242.334194168749	5
0	3099	90253.689939072873	4
0	3112	90559.233430713483	5
0	3118	90661.245875801116	4
0	3122	90865.498067723709	3
0	3162	91847.118045269098	2
0	3170	92242.237471970886	1
0	3183	92511.616184847551	0
0	3187	92626.83643426719	1
0	3208	92998.995674398282	2
0	3210	93015.374059188336	1
0	3214	93159.228882333782	0
0	3226	93778.034060288496	1
0	3232	93883.718658792943	0
0	3236	93888.014429853385	1
0	3238	94025.886748159426	0
0	3379	98110.044805908334	1
0	3381	98230.711231086864	0
0	3385	98258.737083733254	1
0	3387	98312.412363138998	0
0	3391	98352.466011814931	1
0	3412	98807.132660527243	0
0	3420	98832.236651502005	1
0	3422	98885.054902311069	0
0	3467	100190.918314135061	1
0	3469	100227.080905583135	2
0	3471	100271.79244396435	3
0	3490	100847.098296646471	4
0	3492	100893.237162643617	3
0	3501	100987.839197260589	4
0	3503	101051.530965056737	3
0	3517	101402.034265634139	2
0	3521	101408.701084478509	3
0	3527	101485.731071283214	2
0	3539	101923.955436017135	3
0	3550	102100.191643373569	4
0	3552	102152.767534555441	3
0	3561	102290.248819341056	2
0	3569	102347.031296271174	3
0	3571	102445.601308506449	2
0	3580	102609.073144310659	1
0	3584	102690.362651147839	2
0	3586	102790.511743717882	3
0	3602	103058.925759990804	2
0	3614	103374.45763195077	3
0	3616	103378.744982976933	2
0	3620	103423.472562399086	3
0	3631	103594.331763760692	2
0	3635	103664.875951160212	1
0	3639	103674.279032338778	2
0	3641	103728.457448159449	1
0	3645	103835.207326134394	2
0	3657	104249.954368283861	3
0	3667	104432.906776827295	2
0	3676	104608.21474716211	1
0	3685	104989.446212214522	0
0	3842	109628.699932186853	1
0	3848	109807.45920237175	0
0	3974	115017.489979938145	1
0	3976	115152.489800455422	2
0	3978	115204.409963418957	1
0	3983	115212.323630061577	2
0	3993	115639.029234178112	1
0	4002	115939.094777736707	2
0	4004	115977.703346917035	1
0	4017	116385.050799824045	0
0	4022	116474.30227737601	1
0	4024	116499.950319049176	0
0	4052	117189.128894909301	1
0	4058	117352.397411843058	0
0	4063	117427.548439135549	1
0	4065	117566.617845395843	2
0	4067	117737.287712053942	1
0	4076	117820.36692385708	2
0	4086	117907.712656050668	1
0	4090	118450.349225124507	2
0	4092	118462.908649710235	1
0	4096	118561.86743681925	2
0	4098	118593.350760079273	3
0	4105	118746.605300785589	2
0	4109	118825.202412751673	3
0	4116	118932.027009067138	4
0	4118	119087.018510555145	3
0	4122	119144.245389174126	4
0	4133	119462.312160474476	3
0	4137	119511.48101595764	2
0	4149	119990.226038278627	1
0	4153	120033.744782460902	2
0	4160	120067.756980115207	3
0	4167	120131.539458423601	2
0	4171	120191.898992429552	3
0	4173	120227.351201760911	4
0	4184	120654.860975719736	3
0	4188	120673.571210024175	2
0	4201	120806.867134213759	3
0	4207	121291.069811038421	2
0	4211	121406.126676493871	1
0	4229	121606.082603070465	2
0	4231	121663.741323031233	1
0	4243	121857.551627968059	2
0	4250	122194.751343247709	1
0	4259	122332.943856334313	2
0	4261	122471.272643511412	1
0	4270	122585.867041976738	0
0	4274	122745.244108084264	1
0	4280	122778.576372354971	0
0	4292	123079.414628218935	1
0	4294	123133.261528434958	2
0	4306	123505.885572390246	1
0	4310	123620.818668310759	0
0	4398	126257.391019735089	1
0	4400	126440.217951640087	2
0	4407	126594.390268313368	1
0	4411	126673.380893064795	0
0	4415	126683.637031177515	1
0	4417	126805.704738711563	2
0	4423	126936.636287855585	1
0	4431	126980.158291367768	2
0	4437	127073.136686999446	3
0	4449	127353.642279685905	2
0	4457	127560.454530423639	1
0	4461	127588.843318513503	2
0	4463	127605.264599764693	3
0	4470	127853.30029569876	4
0	4472	127919.821372837155	5
0	4474	128128.209366279912	6
0	4481	128204.137422299145	5
0	4489	128325.390981982132	4
0	4493	128346.77497162806	3
0	4502	128464.600280391258	4
0	4521	128909.125792595228	3
0	4530	129192.443407644503	4
0	4532	129225.56980020689	3
0	4540	129305.371753502118	4
0	4547	129331.089972916852	5
0	4549	129482.25707352691	6
0	4560	129736.890359042345	5
0	4564	129792.3298623817	6
0	4566	129871.47223173348	7
0	4577	130142.968867191544	6
0	4586	130265.398954662165	5
0	4594	130492.809525542213	6
0	4609	130596.382242470314	7
0	4611	130630.721628813538	8
0	4613	130686.613627417146	7
0	4617	130813.024938139727	8
0	4624	130832.762309114119	7
0	4636	131127.723212974748	6
0	4640	131345.851763764543	7
0	4642	131490.739700601867	6
0	4651	131615.458876887938	5
0	4655	131766.637148888281	4
0	4677	132265.424188679217	3
0	4686	132496.574425796649	2
0	4690	132751.856564165524	1
0	4694	132800.965499413656	2
0	4704	133070.710884326569	1
0	4713	133238.277842572509	2
0	4720	133494.124531895377	3
0	4722	133501.264169986031	2
0	4726	133542.507841294764	1
0	4734	133861.509459694177	2
0	4736	133898.391501509802	3
0	4756	134341.216909910223	2
0	4760	134372.600039201587	3
0	4762	134397.196829659997	2
0	4766	134476.468715093567	3
0	4768	134556.689566963784	2
0	4781	135034.233936661355	1
0	4790	135352.675243082127	0
0	4798	135403.08698213464	1
0	4800	135416.430409668146	0
0	4891	138284.201816486727	1
0	4893	138326.563601911577	0
0	4897	138352.335126141458	1
0	4904	138422.772074610758	2
0	4911	138601.291606219551	1
0	4915	138672.010250353517	2
0	4917	138773.193049600473	3
0	4936	139256.924269150676	4
0	4938	139327.027387748327	3
0	4947	139365.954964736542	2
0	4956	139502.403806828472	1
0	4977	139940.88128979719	2
0	4984	140169.616976582324	3
0	4990	140484.330295601925	2
0	4999	140671.807079668012	1
0	5012	141064.69259952443	2
0	5014	141078.899798736486	1
0	5027	141519.818956863085	2
0	5033	141723.581311943075	1
0	5042	141783.264601126823	0
0	5176	145535.285215621111	1
0	5182	145979.456524867638	0
0	5247	147185.48964779055	1
0	5254	147289.8182205415	0
0	5258	147295.821113692564	1
0	5277	148107.700889380242	0
0	5286	148329.686368396877	1
0	5297	148570.55533974485	0
0	5359	150414.48135306718	1
0	5378	150878.709416165108	0
0	5387	151073.213928091072	1
0	5397	151227.965728715148	2
0	5399	151273.686506659603	3
0	5401	151276.390546333838	4
0	5403	151435.795171293235	3
0	5408	151493.878615141377	2
0	5417	151528.487171687833	3
0	5419	151862.052599947976	4
0	5421	151890.5201016772	5
0	5423	151891.146004608924	4
0	5440	152184.71060643559	5
0	5446	152313.427891183167	6
0	5448	152319.657675006552	7
0	5454	152442.754628582949	6
0	5459	152617.743749120052	7
0	5461	152741.790433562452	6
0	5470	152938.042353928551	5
0	5474	152967.065789247668	4
0	5482	153038.309666069945	5
0	5489	153083.408273365973	6
0	5491	153179.086608976588	5
0	5504	153849.698886084175	4
0	5508	153982.507202018113	5
0	5510	154082.584616354758	4
0	5523	154300.471036020967	5
0	5525	154328.437090813274	4
0	5533	154414.865007527635	3
0	5547	154588.764055142915	2
0	5551	154794.255664953499	3
0	5557	155175.583301409239	2
0	5575	155396.797004844349	3
0	5577	155503.939702282464	2
0	5581	155684.801864319523	3
0	5583	155700.78248100029	2
0	5600	155992.287699856327	1
0	5604	156223.496405775463	0
0	5612	156400.934998250071	1
0	5619	156589.139324835593	0
0	5623	156618.539315029853	1
0	5625	156650.729068980084	0
0	5629	156760.735226193262	1
0	5641	157186.504424060499	0
0	5653	157536.847790081961	1
0	5655	157616.084234303886	0
0	5708	158696.779035744785	1
0	5710	158809.64219096964	0
0	5714	158941.8715805032	1
0	5733	159433.618024517681	2
0	5735	159561.63343891346	3
0	5737	159606.224644428314	2
0	5750	159774.335343619937	3
0	5757	159901.708343004547	2
0	5761	159999.150776171559	3
0	5772	160202.530791460627	2
0	5784	160651.019730654472	3
0	5791	160812.135008700911	4
0	5793	160847.700567579919	3
0	5797	160854.823862595679	2
0	5811	161364.3368924616	1
0	5824	161531.341459133623	2
0	5826	161580.520798315965	1
0	5843	161920.097582353019	0
0	5853	162253.270537734622	1
0	5863	162389.718634611381	2
0	5865	162452.547053438085	1
0	5879	162736.573225839259	0
0	5887	162929.639893129797	1
0	5889	162977.74749862236	0
0	5893	162986.173156702569	1
0	5895	163005.419538844355	2
0	5901	163170.533696276807	1
0	5905	163238.602186702098	2
0	5912	163443.989552160465	1
0	5916	163450.913686346668	0
0	6119	170423.825029256809	1
0	6121	170435.985579824625	0
0	6126	170616.665555657925	1
0	6128	170760.797514204148	0
0	6189	172095.140158369883	1
0	6199	172443.042821830289	2
0	6205	172585.591493294934	1
0	6210	172792.481579805154	0
0	6223	173211.364438809313	1
0	6225	173232.028645024995	0
0	6229	173331.137238737931	1
0	6231	173398.103160085266	0
0	6240	173472.204758081459	1
0	6247	173723.213140020508	0
0	6321	175706.615300084023	1
0	6323	175720.494798307103	2
0	6325	175854.621678160491	1
0	6342	176045.347822037543	0
0	6405	177924.473249546605	1
0	6411	178149.867892951964	0
0	6424	178564.941237490749	1
0	6426	178624.005628349983	0
0	6435	178796.954904829555	1
0	6437	179038.182040676448	0
0	6471	179398.181978920274	1
0	6473	179636.690989430223	2
0	6475	179731.967925647231	3
0	6482	179753.356761299047	2
0	6486	179772.397073588291	3
0	6496	179992.840567870433	2
0	6505	180064.741393402706	3
0	6507	180103.482188699744	4
0	6509	180114.498998143498	3
0	6513	180145.524379005293	4
0	6519	180431.288975166463	5
0	6521	180496.553257442984	4
0	6535	180842.14547258466	3
0	6548	181045.536503189031	2
0	6552	181099.5081529021	1
0	6556	181103.166652586162	2
0	6558	181210.609579651053	1
0	6570	181335.288234619075	2
0	6581	181490.617212913904	1
0	6585	181554.256242705877	0
0	6598	181895.133407428916	1
0	6600	181913.174824534352	0
0	6644	182880.598849576178	1
0	6646	183011.291566950363	2
0	6648	183153.503028936658	1
0	6652	183187.81180820765	2
0	6654	183199.251475258347	1
0	6662	183266.35357081415	0
0	6666	183362.171994318595	1
0	6676	183492.113896342025	2
0	6678	183604.237674845931	1
0	6687	183972.870242353744	2
0	6689	183981.326667480145	1
0	6703	184576.491749025856	0
0	6715	184749.473321472209	1
0	6717	184820.168300325142	2
0	6723	184884.493819507676	1
0	6732	184961.996924065132	2
0	6734	185164.96632519978	1
0	6738	185178.980834205354	2
0	6745	185501.583720889328	3
0	6752	185585.234900857228	2
0	6769	185866.63121485692	3
0	6771	185933.318447367295	4
0	6773	185978.088895119701	3
0	6777	186065.994244812605	2
0	6786	186257.938192221242	1
0	6790	186344.931148885367	0
0	6867	187950.00875181589	1
0	6869	188013.336568902762	2
0	6871	188032.616259521275	3
0	6873	188355.37720835615	4
0	6883	188476.214272812766	3
0	6892	188540.980566878584	2
0	6896	188927.048059953145	3
0	6907	189050.936354434924	4
0	6909	189194.784753547625	5
0	6911	189333.257138193049	4
0	6925	189618.207311355335	3
0	6937	190012.629915943413	4
0	6943	190155.622795586255	3
0	6947	190194.580696409607	4
0	6949	190228.170167752006	3
0	6953	190237.845716987156	4
0	6974	190776.97281206475	3
0	6978	191016.917738196221	2
0	6996	191576.32446209785	1
0	7004	191695.74610202054	0
0	7081	193753.859306668873	1
0	7083	193843.444762957053	0
0	7215	197246.93610023178	1
0	7234	197665.12892568433	0
0	7243	197769.844643779085	1
0	7245	197834.920150758048	2
0	7247	197835.743226554533	1
0	7256	197976.375959913056	2
0	7262	198284.680508411774	3
0	7264	198326.198426129696	2
0	7268	198361.50237011124	3
0	7270	198437.271540019492	4
0	7272	198447.489605039204	5
0	7288	198747.098111900923	4
0	7301	198953.104291053888	3
0	7309	199116.895093541881	2
0	7313	199133.901177858967	3
0	7325	199513.04828397586	2
0	7329	199636.268138306558	3
0	7335	199664.185227967915	4
0	7337	199982.723325877105	5
0	7343	200005.267964357909	4
0	7356	200159.441776565566	5
0	7363	200340.768901686606	4
0	7367	200401.691074688042	5
0	7369	200457.753167446991	4
0	7390	201307.37061660382	5
0	7392	201349.366814043661	4
0	7396	201355.802022683856	3
0	7415	201651.540822813686	2
0	7431	202250.487023451184	3
0	7433	202260.887606199321	2
0	7442	202318.109646544205	3
0	7444	202327.801555567821	4
0	7446	202615.659087540981	3
0	7455	202828.060023892959	2
0	7463	202971.932054481585	3
0	7474	203009.252443069991	2
0	7488	203437.015605213519	1
0	7492	203528.401152003845	0
0	7496	203556.298757550524	1
0	7498	203558.315795417365	0
0	7502	203715.671032108479	1
0	7508	203766.19998039977	2
0	7518	204077.334773723325	1
0	7527	204292.983513842273	2
0	7534	204646.13339221054	1
0	7538	204728.017031865593	0
0	7618	206738.762980010095	1
0	7624	206967.395019127464	0
0	7634	207205.220945828648	1
0	7646	207399.084001457545	2
0	7648	207524.649830592846	3
0	7650	207550.698453890265	2
0	7654	207593.458570142645	1
0	7662	207831.817056545892	2
0	7669	207913.425205206907	1
0	7673	208091.726253641206	0
0	7715	209353.02584723156	1
0	7717	209431.666111276829	0
0	7737	209749.062283767124	1
0	7739	209994.782820249611	0
0	7743	210020.47880800211	1
0	7745	210067.332169414842	0
0	7821	211976.784146244058	1
0	7823	212045.77412935398	0
0	7857	212936.715129613656	1
0	7863	213071.767983515928	2
0	7865	213134.72595045561	3
0	7867	213195.665651172916	2
0	7875	213326.941932408311	3
0	7882	213343.880975675258	4
0	7884	213550.398079756856	5
0	7891	213559.904296665126	4
0	7895	213696.837201684029	5
0	7902	214024.508887807437	6
0	7908	214100.481273657622	7
0	7910	214121.8831064609	6
0	7914	214125.478218183438	5
0	7922	214421.737177959447	6
0	7928	214702.479748732084	5
0	7942	215128.307413762541	4
0	7946	215248.83627133147	5
0	7948	215259.607781210592	6
0	7954	215343.120856456975	5
0	7958	215353.861340886587	4
0	7967	215630.525282031031	3
0	7976	215701.248195214802	2
0	7988	216153.972505987207	1
0	8006	216275.044260628321	2
0	8008	216297.053291290444	3
0	8019	216986.047863295237	4
0	8021	217065.698253853353	3
0	8033	217233.232466845447	2
0	8042	217376.386038721124	1
0	8046	217410.580440616342	0
0	8079	218341.679129279628	1
0	8085	218532.067277101907	0
0	8290	224663.066499995017	1
0	8306	225313.661898976121	2
0	8308	225414.696267280899	3
0	8319	225640.204213179381	2
0	8333	225813.239690919932	1
0	8341	225905.381027266116	0
0	8554	232483.765611479544	1
0	8556	232538.842761869968	2
0	8562	232814.626253589548	3
0	8569	232963.673384901108	4
0	8575	233114.611706224252	3
0	8584	233244.259160956481	2
0	8597	233469.386336609253	3
0	8603	233676.754056339134	2
0	8608	233776.27383822712	3
0	8610	233818.073729801674	4
0	8612	233856.103817088643	3
0	8616	233864.349495924297	2
0	8638	234451.919830013122	3
0	8640	234506.144845666094	4
0	8654	234899.592224968711	3
0	8663	235047.821054545213	2
0	8668	235071.495954959873	1
0	8677	235451.457554450372	0
0	8935	242331.941720989612	1
0	8937	242361.477998040791	2
0	8939	242367.551508721177	3
0	8945	242410.453203019032	2
0	8950	242425.926077978443	1
0	8955	242495.816939793168	2
0	8961	242723.483626803218	1
0	8966	242765.679258161913	0
0	8970	242778.740652146228	1
0	8972	242875.302264326594	2
0	8974	243128.037280728633	3
0	8976	243137.25950285376	4
0	8978	243174.694972833692	5
0	8980	243191.424586674308	6
0	8999	243784.339773872068	7
0	9001	243874.910651927649	6
0	9006	243894.260445010194	5
0	9014	244150.272640788685	4
0	9027	244422.298116086169	5
0	9029	244496.777340376507	4
0	9047	244945.503423286437	3
0	9051	244946.421159837672	2
0	9059	245344.220918526708	1
0	9067	245402.25072120804	2
0	9069	245488.106010051202	1
0	9073	245634.120530259141	0
0	9082	245929.332481475315	1
0	9089	246003.185433342605	2
0	9091	246132.351272987149	3
0	9093	246383.974369838766	4
0	9095	246411.378883586761	5
0	9102	246418.000550962951	6
0	9108	246575.590002794096	5
0	9116	246825.492539553082	6
0	9118	246872.169110996484	5
0	9122	247004.878533573579	4
0	9126	247029.682461290394	5
0	9142	247455.297615973114	4
0	9146	247458.711852110587	5
0	9165	248000.779350025414	4
0	9169	248110.091823486261	5
0	9171	248142.6744085343	4
0	9180	248248.343678523132	3
0	9184	248279.94366284257	2
0	9197	248576.17245629227	1
0	9201	248945.803510651256	2
0	9212	249085.271406059919	1
0	9216	249110.626396829503	2
0	9218	249115.347888374459	1
0	9222	249122.699947362635	2
0	9233	249411.485291092794	3
0	9240	249608.167183433005	2
0	9249	249705.912010719163	3
0	9251	249971.383121767187	4
0	9257	250087.959737756979	3
0	9266	250329.963867438454	4
0	9268	250455.934579053652	3
0	9280	250518.710200634131	2
0	9288	250593.35715479946	1
0	9297	250670.355510662897	2
0	9299	250816.782198818342	3
0	9301	250877.474149963331	4
0	9303	250882.897465450524	3
0	9307	250921.692320555793	4
0	9336	251709.554835764053	5
0	9338	251739.07758433169	4
0	9342	251757.184357547891	3
0	9346	252001.771677207479	2
0	9354	252142.943733239305	1
0	9368	252509.675579174423	2
0	9379	252736.949663961065	1
0	9387	253020.462829727957	0
0	9391	253103.805092230574	1
0	9393	253402.747478445827	0
0	9401	253704.985874169884	1
0	9403	253758.377764018011	0
0	9412	253831.852738862718	1
0	9419	253922.093350723114	2
0	9426	254122.035110125077	1
0	9430	254140.658874247501	0
0	9442	254367.209583574924	1
0	9444	254403.497993831945	2
0	9450	254736.350389977752	1
0	9454	254996.628736050558	0
0	9513	256304.55388721307	1
0	9515	256510.35383318996	2
0	9526	256688.343647726659	3
0	9528	256721.854925627677	4
0	9530	256868.869543486249	5
0	9536	256951.243617304593	6
0	9543	257049.887496048813	7
0	9550	257385.730187434083	6
0	9558	257472.341424013436	5
0	9571	257629.939476622297	4
0	9575	257653.428883559922	5
0	9582	257711.398619289356	6
0	9584	257885.202578204632	5
0	9601	258527.907499435669	4
0	9605	258541.734938592968	5
0	9611	258614.813974322075	6
0	9613	258629.473620465054	5
0	9617	258729.16634848391	6
0	9632	259195.696984018147	5
0	9646	259416.523509135499	4
0	9650	259637.882732371469	5
0	9652	259787.281640505447	4
0	9656	259814.988222504914	3
0	9660	259855.815108928209	2
0	9673	260089.105656070664	1
0	9686	260138.431851218765	0
0	9690	260357.275645312604	1
0	9701	260728.117699471058	2
0	9711	260857.388887664333	1
0	9720	261283.757792938591	2
0	9727	261325.001664000874	1
0	9731	261344.88116861266	2
0	9733	261427.329751226068	1
0	9746	261853.387603757933	0
0	9797	263036.415664621496	1
0	9816	263514.203839363023	2
0	9832	263736.981277164002	1
0	9845	263947.789022033729	0
0	9849	264105.065735439841	1
0	9855	264447.845380460855	2
0	9857	264469.160760499018	3
0	9863	264542.001489134244	2
0	9872	264704.944023150881	1
0	9894	265151.402887547127	0
0	9898	265220.41766385189	1
0	9900	265305.384740462222	0
0	9913	265864.714059975596	1
0	9920	265954.660185236414	0
0	9935	266232.251963787674	1
0	9945	266665.880472756164	2
0	9947	266740.585505956571	1
0	9951	266826.273378055473	0
0	9965	267159.629214433584	1
0	9967	267204.467977505108	0
0	9976	267289.197047068587	1
0	9988	267744.725473146816	0
0	10009	268177.529087218941	1
0	10011	268244.370490120511	0
0	10092	270735.573341732933	1
0	10112	271258.696097940132	0
0	10227	274532.481151324525	1
0	10233	274664.71002282785	2
0	10235	274677.785298941107	1
0	10239	274678.451255553222	2
0	10241	274689.631312547485	3
0	10248	275084.376048236214	4
0	10250	275142.854153379386	3
0	10254	275150.040488333039	2
0	10280	275982.692558408313	1
0	10289	276223.583359723361	0
0	10327	277119.960307776755	1
0	10329	277133.393531036945	0
1	0	0	0
1	45	3185.607408963115	1
1	47	3299.261476749525	0
1	103	4784.791682402158	1
1	113	5112.847302193081	2
1	116	5141.675174350405	3
1	122	5267.175567229699	4
1	124	5321.05553485479	3
1	130	5353.629855448639	4
1	132	5438.717641709631	3
1	152	6096.99420663554	2
1	157	6115.010243132969	1
1	163	6210.930516450466	2
1	166	6214.416926397117	3
1	168	6413.904120582577	2
1	185	7272.284812229013	1
1	190	7351.305859033277	0
1	221	8184.892572106495	1
1	234	8729.874756599245	2
1	236	8789.674551356843	1
1	241	8954.510107804349	0
1	266	9749.400418793712	1
1	272	9876.447048736995	0
1	467	19000.589354252815	1
1	475	19453.598934128433	0
1	482	19498.418259976607	1
1	485	19527.372302180528	2
1	487	19675.683793092322	1
1	496	20010.540317494598	0
1	502	20037.403409700393	1
1	508	20263.235718994885	0
1	524	20761.204468038875	1
1	529	20818.532964226034	0
1	547	20983.562248554073	1
1	560	21442.66215948902	0
1	566	21735.297241042881	1
1	572	21859.990499270867	2
1	578	22446.161537619483	1
1	586	22623.315722571862	0
1	592	22804.384209917618	1
1	594	22808.041289817094	0
1	600	22941.017870541028	1
1	617	23812.582425775182	0
1	722	26148.148319692772	1
1	725	26281.863821856488	2
1	728	26287.423184480823	3
1	730	26300.419004082093	2
1	739	26515.286310748868	1
1	745	26650.927143478256	2
1	755	26904.428431210389	1
1	763	27152.892975607627	0
1	776	27741.24231321114	1
1	778	27746.547293211614	0
1	986	35936.819599347299	1
1	989	36457.552758187215	2
1	995	36635.761051824246	1
1	1000	36812.103558339313	0
1	1079	39102.660596665455	1
1	1085	39301.913701914209	2
1	1091	39413.440272879315	1
1	1103	39607.976912175903	2
1	1111	40230.07839600229	1
1	1116	40244.800760917324	0
1	1136	40716.894826217555	1
1	1144	40852.760291723201	2
1	1154	41104.293128183469	3
1	1157	41176.292374012658	4
1	1163	41782.652664756361	3
1	1168	41865.670814501581	2
1	1182	42174.845087825321	3
1	1184	42179.554695073872	2
1	1201	42584.229789680228	3
1	1203	42615.656671157566	2
1	1208	42894.079679524485	1
1	1217	42983.053065313958	2
1	1221	43031.377209309852	3
1	1227	43166.47968071176	2
1	1233	43423.899439877257	3
1	1246	43633.926777212409	2
1	1257	43830.702487825416	3
1	1259	43848.90730417928	2
1	1264	43935.922828357626	1
1	1275	44017.243061434841	2
1	1278	44162.297536835351	3
1	1280	44286.118576700328	2
1	1293	44729.383771572221	1
1	1311	45025.793644037454	0
1	1318	45285.330187376952	1
1	1320	45326.913100161119	0
1	1330	45413.896231575869	1
1	1333	45526.350685093915	2
1	1343	45817.787513764534	1
1	1351	46232.972718147917	0
1	1363	46368.497514931234	1
1	1366	46381.432556749148	2
1	1368	46591.010641443073	1
1	1377	46994.17151476625	0
1	1403	47781.815408823761	1
1	1412	48050.891380241602	0
1	1424	48455.264307887877	1
1	1426	48532.625431030948	0
1	1442	48888.564058423339	1
1	1450	49048.099323166527	0
1	1468	49244.442844699221	1
1	1476	49668.385812355165	0
1	1487	49895.754199857908	1
1	1494	50211.197105229198	2
1	1497	50270.914314927053	3
1	1499	50488.220762083267	2
1	1505	50628.773205439645	3
1	1507	50708.350162031122	2
1	1512	50821.023724402752	1
1	1528	51400.793431740214	0
1	1560	52175.532391069233	1
1	1570	52468.691036168006	0
1	1679	55564.083307597977	1
1	1688	55917.533716855573	0
1	1712	56716.952951194721	1
1	1716	56766.090226625479	2
1	1718	56806.96377534227	1
1	1733	57114.417604026052	2
1	1737	57244.606831360611	1
1	1744	57308.526174666363	2
1	1746	57493.75010448322	1
1	1765	57841.252886023971	2
1	1773	58255.445070793308	3
1	1775	58275.394825840309	2
1	1780	58314.426701560619	1
1	1786	58398.885416628796	2
1	1788	58407.439487555999	1
1	1806	58949.11172897128	2
1	1816	59190.523600210823	3
1	1824	59243.208381277176	4
1	1828	59301.433579398323	3
1	1835	59715.669152678862	2
1	1846	59832.740579691191	3
1	1848	59885.129709651696	2
1	1863	60161.623615776576	3
1	1871	60292.32003375556	4
1	1879	60635.711470548662	5
1	1881	60671.617559192706	4
1	1890	60784.419891243257	5
1	1894	60920.469362528997	4
1	1899	60930.573512788802	3
1	1906	61351.902913551781	2
1	1915	61554.449677614498	1
1	1928	61652.568360285774	0
1	1935	61818.909161981602	1
1	1939	61889.543983717837	2
1	1943	61895.140311461541	3
1	1945	62167.964926593009	2
1	1954	62189.733917934823	1
1	1965	62330.392462131955	2
1	1968	62338.274056535621	3
1	1970	62362.045738210842	2
1	1994	62798.85816149846	3
1	1997	62874.684966062583	4
1	2003	63063.395809073005	3
1	2012	63419.540892355637	4
1	2019	63721.412738687914	5
1	2021	63757.955043239522	4
1	2026	63940.352983370364	3
1	2038	64417.285000201914	4
1	2040	64490.332730969417	3
1	2046	64506.468856926477	4
1	2056	64638.940106786791	3
1	2072	65106.720755571022	4
1	2079	65363.614320613385	3
1	2086	65505.034551686536	4
1	2096	65733.642461516778	5
1	2098	66052.656078131873	4
1	2103	66090.667429499269	3
1	2112	66165.464108714837	2
1	2118	66324.554537690013	3
1	2121	66338.967798008512	4
1	2143	67116.653375819266	3
1	2152	67246.204084464446	4
1	2156	67313.733681023936	5
1	2158	67331.756245240573	4
1	2163	67380.133330289278	3
1	2182	67815.119992748718	4
1	2186	67868.348286814918	5
1	2188	67908.685024080739	4
1	2193	68090.645572261889	3
1	2203	68260.44988927348	4
1	2209	68626.635293837578	3
1	2221	68660.154092384506	2
1	2226	68908.659695263956	1
1	2236	69015.619301491301	2
1	2242	69125.999757565488	3
1	2249	69308.937476006139	4
1	2265	69508.286028701937	5
1	2269	69569.064485317037	4
1	2276	69822.43480612338	3
1	2293	70389.553268413144	4
1	2295	70513.193120088432	3
1	2302	70650.522283742145	2
1	2309	70660.82721348076	3
1	2315	70837.780059304093	2
1	2322	70838.471563544249	3
1	2332	71541.285317556936	2
1	2339	71570.054262104529	3
1	2343	71692.61005910859	2
1	2352	71825.087576543853	1
1	2359	71969.681915186037	2
1	2369	72159.530672330534	3
1	2377	72328.473414565521	4
1	2383	72537.526409875605	3
1	2388	72716.00805250742	2
1	2395	72984.884926092004	3
1	2401	73146.539269584316	4
1	2404	73168.428943149437	5
1	2410	73327.244107460544	4
1	2415	73336.684537369763	3
1	2432	74080.445340646434	2
1	2440	74263.021001236454	1
1	2446	74462.400078561282	2
1	2449	74556.099034260112	3
1	2451	74584.273934436967	2
1	2474	75140.614367311761	1
1	2480	75352.033811828275	2
1	2487	75512.974095285401	3
1	2492	75719.029034160081	2
1	2497	75754.429004479205	1
1	2503	75895.254013012428	2
1	2516	76685.756543165014	1
1	2524	76865.668551193556	0
1	2530	76895.264055523277	1
1	2539	77263.652505460351	2
1	2543	77285.386187981818	1
1	2552	77406.035949604527	0
1	2586	77836.564067965889	1
1	2602	78166.474152351885	2
1	2606	78381.014721373037	1
1	2613	78752.050095831979	0
1	2620	78835.110801892476	1
1	2624	78842.844070377915	2
1	2630	78914.677758921058	1
1	2635	78981.482649331853	0
1	2642	79072.90715298667	1
1	2652	79476.984777069235	2
1	2658	79595.558146829872	3
1	2660	79626.254742609341	2
1	2677	79996.437005668819	1
1	2682	80042.358232602597	0
1	2693	80340.656492142523	1
1	2697	80503.568200046318	2
1	2703	80719.671249935523	1
1	2708	80776.438990000576	0
1	2727	81088.568122047155	1
1	2729	81166.12303286605	0
1	2749	81570.503966282277	1
1	2757	81948.282164843875	2
1	2763	82225.142424661786	1
1	2772	82254.51058666703	2
1	2774	82481.554223774517	1
1	2793	82779.414266115571	2
1	2795	82780.352578906347	1
1	2802	82829.878652939695	2
1	2812	83174.461656469972	1
1	2819	83257.42666638096	2
1	2823	83281.536197132016	3
1	2831	83652.845803665002	2
1	2838	83725.996163813913	1
1	2845	83895.303468476205	2
1	2857	84043.54389699747	3
1	2865	84449.307571105779	2
1	2874	84630.564518357212	1
1	2879	84704.533490732317	0
1	2886	84721.591609111572	1
1	2898	85121.867348780976	0
1	2911	85224.377571339875	1
1	2915	85228.835459822911	2
1	2919	85278.289823262537	3
1	2923	85651.505132930358	2
1	2930	85959.305460015828	1
1	2943	86206.127193784857	2
1	2955	86470.760848350944	1
1	2962	86530.831942172843	2
1	2966	86538.601578059762	3
1	2972	86824.427656191557	4
1	2976	86871.015079790848	5
1	2978	87036.606533853853	4
1	2985	87154.04505343922	3
1	2994	87380.673726560669	2
1	3011	87655.277428357447	3
1	3015	87764.998725267249	4
1	3019	87802.270542043417	5
1	3029	88532.782473592604	4
1	3034	88556.836235100525	3
1	3041	88572.939702524389	4
1	3043	88652.392908575019	3
1	3050	88820.962803760665	4
1	3058	89204.233992728561	5
1	3062	89263.262602338689	6
1	3070	89390.108530289079	7
1	3082	89644.348616272217	6
1	3087	89763.605188569571	5
1	3092	90070.281256890046	4
1	3101	90253.689939072873	5
1	3107	90468.75067812205	4
1	3120	90661.245875801116	5
1	3124	90865.498067723709	6
1	3134	91055.102128610532	5
1	3139	91206.393537454314	4
1	3148	91557.135825693729	3
1	3157	91830.819324551157	2
1	3164	91847.118045269098	3
1	3172	92242.237471970886	4
1	3174	92254.90127242222	3
1	3185	92511.616184847551	4
1	3193	92776.28410867055	3
1	3198	92887.875956797979	2
1	3203	92926.632316662516	1
1	3212	93015.374059188336	2
1	3216	93159.228882333782	3
1	3234	93883.718658792943	4
1	3240	94025.886748159426	5
1	3242	94164.855864407616	4
1	3248	94363.825676800805	5
1	3250	94396.535353267572	4
1	3259	94474.492755784239	3
1	3276	94778.495583041158	4
1	3278	94805.26267953788	3
1	3284	94839.433754854315	4
1	3290	95211.15421358046	5
1	3296	95368.60097673536	4
1	3308	96031.07834588376	3
1	3313	96117.019281462352	2
1	3319	96153.984803850242	3
1	3321	96676.729553962249	2
1	3330	96818.151604345075	1
1	3346	97038.807827151599	2
1	3353	97231.125153200969	3
1	3359	97597.627131986018	2
1	3364	97605.172913033638	1
1	3383	98230.711231086864	2
1	3389	98312.412363138998	3
1	3393	98390.416175514582	2
1	3398	98485.041946273304	1
1	3407	98655.596543932851	0
1	3414	98807.132660527243	1
1	3424	98885.054902311069	2
1	3431	99090.445579064096	3
1	3440	99576.002083705861	2
1	3446	99666.377982389643	3
1	3449	99735.561064842743	4
1	3451	99849.34325630591	3
1	3459	99872.248086026456	2
1	3481	100565.437421892356	1
1	3494	100893.237162643617	2
1	3496	100986.45034570818	1
1	3505	101051.530965056737	2
1	3507	101166.271408738575	1
1	3512	101363.723334661271	0
1	3519	101402.034265634139	1
1	3529	101485.731071283214	2
1	3545	101980.28401803971	1
1	3554	102152.767534555441	2
1	3556	102213.602744141716	1
1	3563	102290.248819341056	2
1	3573	102445.601308506449	3
1	3575	102460.548874615278	2
1	3582	102609.073144310659	3
1	3588	102857.68291071803	2
1	3593	102892.494976656634	1
1	3604	103058.925759990804	2
1	3618	103378.744982976933	3
1	3626	103577.499710785231	2
1	3633	103594.331763760692	3
1	3637	103664.875951160212	4
1	3643	103728.457448159449	5
1	3647	103946.458015535545	4
1	3652	104167.753459211562	3
1	3669	104432.906776827295	4
1	3671	104503.268147984526	3
1	3678	104608.21474716211	4
1	3680	104666.078572199267	3
1	3687	104989.446212214522	4
1	3690	105016.313707504888	5
1	3696	105086.827139925335	4
1	3705	105163.072449935607	3
1	3711	105357.151297045045	4
1	3714	105443.159674780018	5
1	3727	105734.318357175735	4
1	3736	106154.060524579144	3
1	3749	106757.006413169329	2
1	3755	106771.076598750917	3
1	3757	106784.379512712366	2
1	3766	107051.357864616958	1
1	3778	107673.572697505479	0
1	3788	107950.520345413675	1
1	3790	107959.86893422716	0
1	4030	116513.728538350763	1
1	4039	117012.955308245243	0
1	4088	117907.712656050668	1
1	4094	118462.908649710235	2
1	4100	118652.457028362648	1
1	4107	118746.605300785589	2
1	4111	118889.961118190777	1
1	4120	119087.018510555145	2
1	4128	119186.925422776105	1
1	4135	119462.312160474476	2
1	4139	119511.48101595764	3
1	4151	119990.226038278627	4
1	4155	120067.655324196191	3
1	4162	120089.21538766962	2
1	4169	120131.539458423601	3
1	4179	120496.046954154583	2
1	4186	120654.860975719736	3
1	4190	120673.571210024175	4
1	4192	120740.334556564437	3
1	4209	121291.069811038421	4
1	4213	121406.126676493871	5
1	4215	121409.608347551194	4
1	4224	121486.796576561021	3
1	4233	121663.741323031233	4
1	4245	122114.421418424311	3
1	4252	122194.751343247709	4
1	4254	122286.700007566931	3
1	4263	122471.272643511412	4
1	4265	122480.607773564053	3
1	4272	122585.867041976738	4
1	4282	122778.576372354971	5
1	4296	123441.322587677958	4
1	4301	123503.172463824588	3
1	4308	123505.885572390246	4
1	4312	123620.818668310759	5
1	4314	123714.395835814295	4
1	4324	123951.452155612158	5
1	4338	124382.417843756495	6
1	4341	124467.656475746619	7
1	4343	124599.919596663905	6
1	4348	124907.444003143895	5
1	4353	124917.157042246061	4
1	4362	125216.921847954278	5
1	4380	125518.669944700372	6
1	4388	126047.630021521119	5
1	4393	126177.37204136661	4
1	4402	126521.44908787285	3
1	4409	126594.390268313368	4
1	4413	126673.380893064795	5
1	4425	126936.636287855585	6
1	4439	127292.706068209601	5
1	4444	127299.472562769177	4
1	4451	127353.642279685905	5
1	4459	127560.454530423639	6
1	4465	127825.237355980638	5
1	4476	128151.454390152586	4
1	4483	128204.137422299145	5
1	4491	128325.390981982132	6
1	4495	128346.77497162806	7
1	4497	128354.59664087345	6
1	4504	128470.512985227245	5
1	4523	128909.125792595228	6
1	4525	129134.382513291431	5
1	4534	129225.56980020689	6
1	4542	129316.5174204537	5
1	4555	129684.218989083159	4
1	4562	129736.890359042345	5
1	4572	130073.444114406822	4
1	4579	130142.968867191544	5
1	4581	130204.133558306592	4
1	4588	130265.398954662165	5
1	4604	130557.553788436192	4
1	4615	130686.613627417146	5
1	4619	130814.933182760371	4
1	4626	130832.762309114119	5
1	4638	131127.723212974748	6
1	4644	131490.739700601867	7
1	4646	131593.640118367719	6
1	4653	131615.458876887938	7
1	4657	131766.637148888281	8
1	4659	131892.080745784181	7
1	4668	132195.675660535442	6
1	4679	132265.424188679217	7
1	4681	132398.318068855671	6
1	4688	132496.574425796649	7
1	4692	132751.856564165524	8
1	4706	133070.710884326569	9
1	4708	133169.116308822843	8
1	4715	133302.365990323695	7
1	4724	133501.264169986031	8
1	4728	133542.507841294764	9
1	4738	133908.265361956867	8
1	4743	133968.70514600095	7
1	4758	134341.216909910223	8
1	4764	134397.196829659997	9
1	4770	134556.689566963784	10
1	4776	134880.50322433536	9
1	4783	135034.233936661355	10
1	4785	135107.093367628051	9
1	4792	135352.675243082127	10
1	4802	135416.430409668146	11
1	4804	135429.544004000338	10
1	4814	135934.462911194323	11
1	4820	136212.322757221508	10
1	4825	136228.903102961915	9
1	4831	136235.052059808247	10
1	4837	136753.53692042329	11
1	4839	136762.271651779531	10
1	4852	136992.997729651245	9
1	4860	137258.994912249717	8
1	4874	137511.537576953125	9
1	4883	137982.365494151829	8
1	4895	138326.563601911577	9
1	4899	138361.831455105665	8
1	4906	138571.792620526242	7
1	4913	138601.291606219551	8
1	4927	139072.875891835658	7
1	4940	139327.027387748327	8
1	4942	139340.632946785289	7
1	4949	139365.954964736542	8
1	4951	139399.587776776019	7
1	4958	139502.403806828472	8
1	4972	139927.766684158934	7
1	4979	140142.470696953672	6
1	4992	140484.330295601925	7
1	4994	140551.469698068915	6
1	5001	140671.807079668012	7
1	5007	140899.900283148262	6
1	5016	141078.899798736486	7
1	5022	141472.022106455255	6
1	5035	141723.581311943075	7
1	5037	141770.45838689034	6
1	5044	141783.264601126823	7
1	5050	142124.902821607186	6
1	5060	142238.401357502255	7
1	5063	142300.98640346792	8
1	5065	142544.851764045406	7
1	5070	142642.636948193971	6
1	5082	142759.962238413511	5
1	5092	143061.212169507584	6
1	5108	143482.623303007085	5
1	5114	143504.940332343021	6
1	5116	143795.162685648767	5
1	5121	143895.791108378757	4
1	5131	144242.707230291267	5
1	5137	144434.10137972397	4
1	5146	144666.488848769654	3
1	5152	144783.964422238475	4
1	5157	145134.045984787164	3
1	5184	145979.456524867638	4
1	5186	146044.533779794101	3
1	5192	146106.593087637476	4
1	5194	146118.759411586065	3
1	5199	146255.482371687187	2
1	5208	146339.798841427096	3
1	5214	146545.891845729276	4
1	5221	146767.716509281168	5
1	5234	146946.011229905848	4
1	5242	147079.720904450162	3
1	5249	147254.5577952226	2
1	5256	147289.8182205415	3
1	5272	147912.758730040615	2
1	5279	148107.700889380242	3
1	5281	148264.989588451802	2
1	5292	148394.259638668586	1
1	5299	148570.55533974485	2
1	5302	148598.549714975678	3
1	5308	149057.367183589607	2
1	5317	149293.44555193161	1
1	5323	149448.638812630042	2
1	5330	149620.353640103306	3
1	5339	149886.909944522425	2
1	5344	149912.062753395726	1
1	5361	150570.145103591725	0
1	5425	151891.146004608924	1
1	5431	152044.157814894894	0
1	5472	152938.042353928551	1
1	5476	152967.065789247668	2
1	5484	153078.52177515542	1
1	5493	153179.086608976588	2
1	5495	153326.331081659624	1
1	5506	153849.698886084175	2
1	5512	154082.584616354758	3
1	5514	154087.573320352564	2
1	5527	154328.437090813274	3
1	5535	154414.865007527635	4
1	5537	154476.848124683927	3
1	5542	154526.707455542961	2
1	5549	154588.764055142915	3
1	5559	155175.583301409239	4
1	5565	155352.011912892664	3
1	5570	155366.635928739886	2
1	5579	155503.939702282464	3
1	5585	155700.78248100029	4
1	5591	155808.154086739847	3
1	5602	155992.287699856327	4
1	5606	156223.496405775463	5
1	5614	156531.92261222666	4
1	5621	156589.139324835593	5
1	5627	156650.729068980084	6
1	5631	156909.582087536435	5
1	5636	156918.932494082579	4
1	5643	157186.504424060499	5
1	5657	157616.084234303886	6
1	5659	157645.844907415191	5
1	5664	157760.927331409508	4
1	5678	158217.869482557093	5
1	5680	158261.599636496137	4
1	5689	158285.322374344335	5
1	5691	158405.115512794907	4
1	5703	158543.530058524662	3
1	5712	158809.64219096964	4
1	5720	159097.311093350033	3
1	5739	159606.224644428314	4
1	5745	159771.917934537957	3
1	5752	159848.902528201322	2
1	5759	159901.708343004547	3
1	5763	160042.845060144642	2
1	5774	160202.530791460627	3
1	5786	160655.843780514876	2
1	5795	160847.700567579919	3
1	5799	160854.823862595679	4
1	5801	161066.397058692852	3
1	5806	161122.826033420021	2
1	5813	161364.3368924616	3
1	5815	161492.595664233993	2
1	5828	161580.520798315965	3
1	5834	161860.850803022365	2
1	5845	161920.097582353019	3
1	5848	161967.190053536648	4
1	5867	162452.547053438085	5
1	5869	162595.82767517222	4
1	5874	162644.922512787486	3
1	5881	162736.573225839259	4
1	5891	162977.74749862236	5
1	5903	163170.533696276807	6
1	5907	163342.875488800089	5
1	5914	163443.989552160465	6
1	5918	163450.913686346668	7
1	5921	163621.031528247716	8
1	5924	163722.971585741007	9
1	5930	163866.618915311153	8
1	5935	164061.701683671306	7
1	5948	164519.014469948071	8
1	5957	165012.614317339937	7
1	5962	165058.653634888212	6
1	5968	165197.532437646503	7
1	5970	165355.508339553232	6
1	5976	165555.15142370841	7
1	5990	166175.702640608977	6
1	5998	166489.097509616147	5
1	6007	166700.700834550135	6
1	6009	166908.142323996032	5
1	6014	167033.685410226788	4
1	6023	167184.454023175965	3
1	6037	167553.696467183794	4
1	6047	167638.443517507146	3
1	6052	167745.891295279469	2
1	6057	167791.856979400943	1
1	6074	168429.976285285409	0
1	6134	170814.958290275852	1
1	6141	170893.642261846541	2
1	6146	171155.409427105619	1
1	6151	171191.47241650018	0
1	6160	171641.322610962323	1
1	6162	171784.22616705036	0
1	6172	171823.852684121791	1
1	6181	172033.047017975329	0
1	6212	172792.481579805154	1
1	6214	172866.320635729639	0
1	6227	173232.028645024995	1
1	6233	173398.103160085266	2
1	6235	173426.841528023212	1
1	6242	173648.199527738044	0
1	6249	173723.213140020508	1
1	6264	174192.351377243286	2
1	6266	174212.932248159481	1
1	6272	174217.96060624196	2
1	6281	174801.499018901388	3
1	6287	174990.108430551915	2
1	6293	175002.480697141292	3
1	6301	175316.950993397633	2
1	6306	175423.567533909513	1
1	6312	175448.199289245769	2
1	6327	175854.621678160491	3
1	6337	176006.829107272057	2
1	6344	176045.347822037543	3
1	6346	176126.66028767767	2
1	6352	176545.93455979413	3
1	6354	176550.862070487051	2
1	6368	177020.527752471127	3
1	6374	177154.302019122416	2
1	6380	177236.201959130372	3
1	6382	177325.760968410028	2
1	6393	177772.832946784033	1
1	6413	178149.867892951964	2
1	6419	178531.092832423175	1
1	6428	178624.005628349983	2
1	6430	178762.015466921581	1
1	6439	179038.182040676448	2
1	6446	179202.919204437433	3
1	6448	179226.514359460572	2
1	6454	179256.551641049587	3
1	6462	179377.072358920409	2
1	6477	179750.528432027055	1
1	6484	179753.356761299047	2
1	6498	179992.840567870433	3
1	6500	179997.825388367648	2
1	6511	180114.498998143498	3
1	6523	180496.553257442984	4
1	6525	180632.265269613995	3
1	6530	180753.470277831508	2
1	6537	180842.14547258466	3
1	6543	180995.64032700787	2
1	6550	181045.536503189031	3
1	6554	181099.5081529021	4
1	6560	181210.609579651053	5
1	6576	181467.149756501599	4
1	6583	181490.617212913904	5
1	6587	181554.256242705877	6
1	6589	181814.68018147106	5
1	6602	181913.174824534352	6
1	6604	181950.764835801525	5
1	6610	182158.427589677993	6
1	6612	182343.721335974692	5
1	6622	182386.843654668327	6
1	6624	182632.9325962806	5
1	6633	182805.984302413268	4
1	6650	183153.503028936658	5
1	6656	183199.251475258347	6
1	6664	183266.35357081415	7
1	6680	183604.237674845931	8
1	6682	183796.067283365114	7
1	6691	183981.326667480145	8
1	6693	183999.062613201688	7
1	6698	184485.518611919684	6
1	6705	184576.491749025856	7
1	6725	184884.493819507676	8
1	6727	184926.335234965368	7
1	6736	185164.96632519978	8
1	6740	185370.883657325608	7
1	6747	185526.009514582704	6
1	6754	185585.234900857228	7
1	6756	185611.179890937342	6
1	6775	185978.088895119701	7
1	6779	186065.994244812605	8
1	6781	186067.493130544749	7
1	6788	186257.938192221242	8
1	6792	186344.931148885367	9
1	6798	186383.524557619526	8
1	6816	186771.523771621261	9
1	6822	186813.115394371468	10
1	6825	186941.558669021902	11
1	6827	187037.86602104957	10
1	6833	187260.75646396721	11
1	6835	187280.394096270752	10
1	6857	187888.086462232455	9
1	6862	187918.123778979655	8
1	6885	188476.214272812766	9
1	6887	188535.19742581005	8
1	6894	188540.980566878584	9
1	6898	188957.176268220496	8
1	6913	189333.257138193049	9
1	6915	189403.862496071666	8
1	6920	189506.584198101785	7
1	6927	189618.207311355335	8
1	6945	190155.622795586255	9
1	6951	190228.170167752006	10
1	6955	190302.4235823538	9
1	6960	190313.346351486248	8
1	6969	190737.513228635665	7
1	6976	190776.97281206475	8
1	6980	191016.917738196221	9
1	6986	191386.946189140141	8
1	6991	191496.807489338692	7
1	6998	191576.32446209785	8
1	7006	191695.74610202054	9
1	7008	191954.620354286012	8
1	7022	192191.356288925571	9
1	7028	192412.527341455617	10
1	7030	192579.292174670275	9
1	7039	192698.903509049848	8
1	7052	193133.222330574658	9
1	7057	193211.718359755901	8
1	7071	193476.29008279845	9
1	7076	193722.312878462847	8
1	7085	193843.444762957053	9
1	7087	193970.402594850016	8
1	7093	194030.996482231337	9
1	7095	194088.695313490168	8
1	7101	194203.284176309364	9
1	7107	194292.262657109067	10
1	7114	194628.631957953004	11
1	7120	194817.268756962742	10
1	7129	195008.936288439286	9
1	7141	195478.588858728469	8
1	7146	195484.387378775875	7
1	7169	196254.223559842062	6
1	7174	196346.447693416278	5
1	7180	196508.35380251715	6
1	7186	196643.720915331464	7
1	7191	196769.436309232549	6
1	7197	196789.172646796698	7
1	7199	196901.629362105009	6
1	7221	197390.60483392271	5
1	7236	197665.12892568433	6
1	7238	197679.334153576927	5
1	7249	197835.743226554533	6
1	7251	197892.164155662608	5
1	7266	198326.198426129696	6
1	7278	198522.585648642283	5
1	7283	198542.381076252636	4
1	7290	198747.098111900923	5
1	7292	198827.029956986369	4
1	7303	198953.104291053888	5
1	7311	199116.895093541881	6
1	7315	199348.033493523103	5
1	7320	199460.739035261225	4
1	7327	199513.04828397586	5
1	7345	200005.267964357909	6
1	7347	200061.28948393947	5
1	7358	200300.161793901947	4
1	7365	200340.768901686606	5
1	7371	200457.753167446991	6
1	7373	200642.261170864654	5
1	7394	201349.366814043661	6
1	7398	201355.802022683856	7
1	7400	201466.234275195178	6
1	7405	201495.787561933683	5
1	7410	201497.112587521402	4
1	7417	201651.540822813686	5
1	7435	202260.887606199321	6
1	7437	202276.361901796785	5
1	7448	202615.659087540981	6
1	7450	202697.56506967227	5
1	7457	202828.060023892959	6
1	7469	203005.847145448801	5
1	7476	203009.252443069991	6
1	7478	203072.815586763607	5
1	7483	203333.259697527243	4
1	7490	203437.015605213519	5
1	7494	203528.401152003845	6
1	7500	203558.315795417365	7
1	7520	204077.334773723325	8
1	7522	204252.462478687228	7
1	7529	204410.420277630341	6
1	7536	204646.13339221054	7
1	7540	204728.017031865593	8
1	7542	204835.727010051338	7
1	7551	205194.681000429568	6
1	7557	205197.575822022101	7
1	7567	205545.688961464402	8
1	7569	205624.079149614261	7
1	7582	205833.627687692073	6
1	7588	205871.87704345065	7
1	7594	206006.606239814861	6
1	7606	206527.651510079753	5
1	7626	206967.395019127464	6
1	7629	207012.953774180261	7
1	7636	207237.226050148891	6
1	7641	207268.943698861255	5
1	7652	207550.698453890265	6
1	7656	207593.458570142645	7
1	7664	207835.83195347282	6
1	7671	207913.425205206907	7
1	7675	208091.726253641206	8
1	7682	208337.939537993109	9
1	7684	208461.172792202412	8
1	7696	208625.269084905447	7
1	7702	208806.575213218213	8
1	7719	209431.666111276829	9
1	7721	209441.491598802981	8
1	7726	209627.824519750281	7
1	7732	209651.354948518235	8
1	7741	209994.782820249611	9
1	7747	210067.332169414842	10
1	7749	210165.46885696909	9
1	7755	210165.616739039074	10
1	7762	210488.454205171549	11
1	7772	210550.640700281217	10
1	7777	210777.770270648775	9
1	7793	211206.116460335614	8
1	7799	211267.040566633159	9
1	7804	211407.591253610879	8
1	7812	211895.717469574315	7
1	7825	212045.77412935398	8
1	7832	212273.343306802092	9
1	7841	212465.328591026917	8
1	7847	212491.951555062283	9
1	7852	212579.650572330864	8
1	7869	213195.665651172916	9
1	7877	213327.313537186563	8
1	7886	213552.990620657233	7
1	7893	213559.904296665126	8
1	7897	213769.118558389308	7
1	7912	214121.8831064609	8
1	7916	214125.478218183438	9
1	7930	214702.479748732084	10
1	7932	214938.48102656062	9
1	7937	214970.407654204769	8
1	7944	215128.307413762541	9
1	7956	215343.120856456975	10
1	7960	215353.861340886587	11
1	7962	215394.960247992711	10
1	7969	215630.525282031031	11
1	7971	215654.787627523197	10
1	7978	215701.248195214802	11
1	7990	216153.972505987207	12
1	7996	216176.799086368263	11
1	8001	216211.453974141912	10
1	8014	216766.328528215541	9
1	8023	217065.698253853353	10
1	8035	217233.232466845447	11
1	8037	217262.644614212767	10
1	8044	217376.386038721124	11
1	8048	217410.580440616342	12
1	8051	217556.124127140874	13
1	8057	217737.613778353842	12
1	8062	217769.347729766174	11
1	8067	217986.670431381644	10
1	8087	218532.067277101907	11
1	8090	218548.562841997067	12
1	8095	218756.654213664295	11
1	8105	218943.051029821965	12
1	8107	219199.172291195573	11
1	8112	219330.02965637426	10
1	8125	219443.963770665528	11
1	8134	220251.080082178669	10
1	8143	220321.348775920631	9
1	8149	220358.44987213763	10
1	8152	220372.004871596614	11
1	8154	220463.992706871956	10
1	8174	221326.054456707643	9
1	8179	221340.818779281705	8
1	8184	221633.981563399719	7
1	8190	221676.593243464927	8
1	8197	222041.958500644686	9
1	8207	222218.136826119007	8
1	8212	222550.813244981125	7
1	8224	222865.310086335229	6
1	8233	223261.363879009168	7
1	8247	223635.300756440787	8
1	8253	223762.174463888258	9
1	8255	223766.24070852007	8
1	8260	223801.955466399522	7
1	8265	224208.507852616893	6
1	8274	224388.385402773995	7
1	8292	224852.817219122678	6
1	8297	224950.705399074213	5
1	8314	225616.885428613604	4
1	8321	225640.204213179381	5
1	8323	225787.493054016666	4
1	8328	225800.768365915298	3
1	8335	225813.239690919932	4
1	8343	225905.381027266116	5
1	8346	225923.056946927774	6
1	8363	226677.058881110133	5
1	8369	226700.118765195426	6
1	8371	226927.433918348686	5
1	8380	227137.236861213475	4
1	8386	227152.838101826341	5
1	8395	227605.121546906592	4
1	8401	227612.266498820405	5
1	8413	227886.711343031929	4
1	8419	227950.601728259753	5
1	8426	228138.039475768797	6
1	8438	228668.594416854337	5
1	8444	228703.12581144719	6
1	8450	228804.427274027205	7
1	8452	228866.598156977997	6
1	8461	229195.22700683883	5
1	8471	229390.204344586626	6
1	8473	229494.139047441438	5
1	8479	229986.051767716767	6
1	8489	230432.822238950611	5
1	8494	230589.664263601588	4
1	8503	231089.399446723417	3
1	8512	231550.689769421877	2
1	8520	231814.029778316051	1
1	8525	231816.887320027308	0
1	8549	232290.054399655585	1
1	8564	232827.967145673172	0
1	8614	233856.103817088643	1
1	8618	233864.349495924297	2
1	8620	234016.423937747368	1
1	8625	234018.327742165868	0
1	8670	235071.495954959873	1
1	8672	235450.257597568427	0
1	8679	235451.457554450372	1
1	8682	235514.675802414287	2
1	8693	235711.474850824216	3
1	8696	235730.22715923119	4
1	8698	235733.238740249519	3
1	8706	235927.328574689219	2
1	8722	236382.911773588155	3
1	8732	236657.861110739524	2
1	8737	236660.799333483894	1
1	8742	236710.262786329706	0
1	8763	237333.482440316082	1
1	8780	237726.367105147947	2
1	8783	237766.042719847114	3
1	8786	237883.386789893455	4
1	8788	237998.05378740931	3
1	8793	238031.804382655884	2
1	8806	238331.75529428139	3
1	8822	238919.675724327421	2
1	8828	239009.850846499493	3
1	8834	239266.088278016989	2
1	8840	239512.201551582374	3
1	8852	239665.337009722481	2
1	8857	239952.931476065746	1
1	8862	240123.151035274361	0
1	8884	240664.669606346226	1
1	8900	240896.763573584935	0
1	8968	242765.679258161913	1
1	8990	243599.958367988225	0
1	9008	243894.260445010194	1
1	9016	244150.272640788685	2
1	9022	244335.412240845917	1
1	9031	244496.777340376507	2
1	9037	244889.449448508977	1
1	9042	244924.712594195958	0
1	9049	244945.503423286437	1
1	9053	244946.421159837672	2
1	9061	245344.220918526708	3
1	9071	245488.106010051202	4
1	9075	245634.120530259141	5
1	9077	245806.91937277822	4
1	9084	245933.177724916323	3
1	9097	246411.955948358159	2
1	9110	246575.590002794096	3
1	9120	246872.169110996484	4
1	9124	247004.878533573579	5
1	9128	247145.91803354932	4
1	9137	247282.76361631958	3
1	9144	247455.297615973114	4
1	9148	247587.266521917491	3
1	9167	248000.779350025414	4
1	9173	248142.6744085343	5
1	9175	248226.147291406823	4
1	9182	248248.343678523132	5
1	9186	248279.94366284257	6
1	9188	248302.61443639895	5
1	9199	248576.17245629227	6
1	9203	248991.86119055165	5
1	9214	249085.271406059919	6
1	9220	249115.347888374459	7
1	9224	249239.254790179266	6
1	9235	249568.235393872319	5
1	9242	249608.167183433005	6
1	9244	249618.359122665357	5
1	9259	250087.959737756979	6
1	9261	250263.739353071733	5
1	9270	250455.934579053652	6
1	9282	250518.710200634131	7
1	9290	250593.35715479946	8
1	9292	250606.997945856137	7
1	9305	250882.897465450524	8
1	9309	251177.539071149882	7
1	9314	251207.497455568819	6
1	9323	251518.853257454766	5
1	9340	251739.07758433169	6
1	9344	251757.184357547891	7
1	9348	252001.771677207479	8
1	9356	252142.943733239305	9
1	9358	252397.813248585745	8
1	9363	252429.238303441389	7
1	9370	252675.091758601126	6
1	9381	252736.949663961065	7
1	9389	253020.462829727957	8
1	9395	253402.747478445827	9
1	9405	253758.377764018011	10
1	9407	253792.991815700963	9
1	9414	253863.664986982776	8
1	9421	254103.374752120805	7
1	9428	254122.035110125077	8
1	9432	254140.658874247501	9
1	9452	254736.350389977752	10
1	9456	254996.628736050558	11
1	9458	255315.840249320327	10
1	9463	255319.185935415086	9
1	9469	255397.512275833915	10
1	9471	255468.429212204948	9
1	9477	255627.180005999041	10
1	9480	255781.630765272139	11
1	9485	256024.794637977912	10
1	9504	256241.886974589735	9
1	9517	256557.559872761127	8
1	9538	257018.8408055695	7
1	9545	257359.248610816654	6
1	9552	257385.730187434083	7
1	9560	257472.341424013436	8
1	9566	257605.301409780814	7
1	9573	257629.939476622297	8
1	9577	257680.391461204574	7
1	9586	257885.202578204632	8
1	9596	258406.841676251798	7
1	9603	258527.907499435669	8
1	9615	258629.473620465054	9
1	9623	258896.110787575823	8
1	9634	259195.696984018147	9
1	9636	259214.100209081382	8
1	9641	259290.792043151169	7
1	9648	259416.523509135499	8
1	9654	259787.281640505447	9
1	9658	259814.988222504914	10
1	9662	259855.815108928209	11
1	9668	260083.158872404902	10
1	9675	260089.105656070664	11
1	9681	260110.068652869892	10
1	9688	260138.431851218765	11
1	9696	260508.302354726777	10
1	9713	260857.388887664333	11
1	9715	261269.627944936811	10
1	9722	261297.024502230645	9
1	9729	261325.001664000874	10
1	9735	261427.329751226068	11
1	9741	261738.806922014561	10
1	9748	261853.387603757933	11
1	9755	262128.482422109073	12
1	9764	262387.879085687679	11
1	9770	262425.164102437854	12
1	9773	262519.11758251305	13
1	9775	262657.328541649342	12
1	9783	262702.152874812319	11
1	9789	262809.826347490549	12
1	9799	263049.846147482973	11
1	9818	263531.227892858743	10
1	9827	263683.46141460149	9
1	9834	263736.981277164002	10
1	9840	263940.652534326297	9
1	9847	263947.789022033729	10
1	9865	264542.001489134244	11
1	9867	264564.405282426384	10
1	9874	264704.944023150881	11
1	9876	264802.651290351361	10
1	9885	264872.427970569416	9
1	9896	265151.402887547127	10
1	9902	265305.384740462222	11
1	9908	265813.171306930318	10
1	9915	265880.072152314544	9
1	9922	265954.660185236414	10
1	9925	265989.571617165319	11
1	9930	266129.209333628175	10
1	9949	266740.585505956571	11
1	9953	266826.273378055473	12
1	9956	266896.566997175732	13
1	9969	267204.467977505108	14
1	9971	267243.832785336137	13
1	9978	267392.826836367905	12
1	9983	267474.697794083265	11
1	9990	267744.725473146816	12
1	10000	268071.694562880159	11
1	10013	268244.370490120511	12
1	10016	268497.08531319515	13
1	10019	268531.850963015425	14
1	10031	269050.758767824456	13
1	10036	269123.9059755837	12
1	10042	269205.317519526859	13
1	10048	269582.142085337848	12
1	10065	269836.627878022035	13
1	10067	269925.661548513755	12
1	10075	270045.427744256092	11
1	10081	270124.679405995589	12
1	10084	270216.264891276784	13
1	10102	271117.466439015999	12
1	10107	271163.205156175256	11
1	10114	271258.696097940132	12
1	10117	271444.745972280579	13
1	10119	271575.503344217075	12
1	10133	271761.576242593836	13
1	10135	271892.169130274862	12
1	10141	271997.770528666601	13
1	10143	272063.397100640297	12
1	10160	272871.106955956504	11
1	10165	272989.299366174026	10
1	10170	273287.593196209356	9
1	10183	273616.443178912385	8
1	10201	274061.838123656645	7
1	10207	274182.277978859219	8
1	10214	274267.985010939968	9
1	10222	274485.305516196251	8
1	10237	274677.785298941107	9
1	10243	274809.39862080647	8
1	10252	275142.854153379386	9
1	10256	275150.040488333039	10
1	10262	275263.193495550885	9
1	10275	275978.39428177832	8
1	10282	275982.692558408313	9
1	10284	276095.894547633663	8
1	10291	276223.583359723361	9
1	10293	276323.56937327212	8
1	10299	276403.657195582574	9
1	10309	276603.442342259519	10
1	10318	276903.936921318828	9
1	10331	277133.393531036945	10
1	10333	277143.685674413875	9
1	10339	277172.511643679431	10
2	0	0	0
3	39	2921.021021585103	2721.3503860217
3	107	4939.660924793619	3616.92072873
3	139	5477.523764649377	3752.8451672105
3	150	6009.161048047503	2885.8043270465
3	175	6635.984031288212	3326.7306559791
3	179	6724.78226399075	2489.0223972579
3	183	6812.77656687	3349.2560711224
3	211	8064.818683783945	3036.0836209331
3	231	8261.972928066065	3801.4931830426
3	252	9096.218330431989	3385.8988395608
3	256	9204.323345162234	4044.5138071051
3	283	10306.182611501103	2114.381968703
3	294	10692.546915179377	2773.668185745
3	320	11556.910556786116	3393.5798711423
3	332	12142.539800826255	2683.4830910806
3	340	12857.160040979763	2511.563066449
3	355	13454.435484005516	2184.3588518165
3	376	15083.704180930783	3549.1792046931
3	392	16193.629351518629	3271.4117506798
3	423	17519.137296750026	2871.5068768524
3	447	18403.874750473566	3662.6317742094
3	473	19364.366167458146	1945.2489940636
3	494	19948.005727115571	2858.4250100702
3	518	20449.592042762962	2588.1380079971
3	551	21104.411862932321	2438.2048631245
3	555	21212.770212220204	2831.2423142168
3	607	23079.479703476829	4075.7826481216
3	611	23209.832772838127	2698.115731043
3	615	23595.710271890759	3170.802858002
3	635	24099.14744027473	2270.2178672438
3	658	24602.416427118879	3370.9160751501
3	675	24883.44031731802	4111.6922888182
3	683	25154.425651498315	2669.452054371
3	687	25362.675406020933	2409.4045735896
3	709	25834.170166240355	1872.6010234281
3	737	26324.863860846841	2178.8145030756
3	749	26706.592504780153	2243.9350582862
3	753	26825.493789860718	2493.3920137491
3	770	27193.120360155871	2670.2527174639
3	785	27801.380520393812	1845.551506808
3	827	29513.362126141136	2549.1977906246
3	849	30562.595896272359	2257.6803157479
3	865	30951.090169591986	3589.2398435343
3	869	31037.009004284561	1896.0654472187
3	883	32082.379265145249	1608.4962590039
3	920	33756.151106599515	1511.0465417337
3	950	34629.621315773322	3194.078278821
3	957	35233.475545406665	3490.6674861722
3	993	36465.9913995995	2950.5694557913
3	1010	37145.925334611837	3137.5849639066
3	1028	37611.62230984135	2998.3067690302
3	1036	37804.870989460633	2087.118188139
3	1054	38134.723887083982	3021.0346489137
3	1058	38348.328614832789	2895.2074267343
3	1089	39358.722284772235	1972.7551836334
3	1123	40341.912909519387	3519.3343472108
3	1140	40840.106083437759	2916.902637966
3	1150	40930.117484244046	2852.4068088548
3	1161	41188.971646194943	3988.6072769389
3	1191	42212.054917445866	3520.4646122576
3	1197	42552.353711867664	4186.2123839749
3	1225	43114.585570130854	3616.8138093408
3	1242	43564.538619077292	4050.2683881589
3	1287	44477.344609486399	4536.8157716542
3	1291	44489.644062031417	3561.3114741819
3	1300	44764.550412617583	4861.8320656982
3	1327	45396.100230045973	3490.5736600794
3	1337	45583.46413088636	3111.0815755051
3	1341	45598.044807635207	3618.1394963306
3	1375	46773.330147577409	3811.478238983
3	1384	47145.401014896571	3564.3247375761
3	1388	47145.640645703657	3642.8833340985
3	1396	47289.774118693505	3734.4592657336
3	1407	47861.369956206887	2913.0291224786
3	1433	48684.272983191996	2590.0400001041
3	1446	48921.982104316313	4097.1982304446
3	1474	49512.253380259492	3265.594079392
3	1483	49752.629076043605	3505.6311708291
3	1491	50141.663741370623	2041.619018745
3	1519	51121.390493823176	3006.5388170284
3	1523	51199.934896274921	2345.3027485963
3	1553	51835.228154458065	2655.0333961667
3	1557	52137.375208009027	3276.7836769992
3	1589	52971.78733425912	3985.437877628
3	1598	53215.02405505996	3920.1116590412
3	1609	53473.868543769697	2253.4024163336
3	1632	54373.055417730924	2903.8914881365
3	1652	54711.157965751304	3260.2816478536
3	1673	55423.061745993795	3051.0929557588
3	1683	55784.507619168801	3059.907084561
3	1725	56826.03227538802	3941.2983989467
3	1729	56885.691935623004	4509.2771984895
3	1755	57631.414461273703	4374.1259681287
3	1759	57677.647652307465	3363.3017040366
3	1800	58627.607515489623	2602.6180300768
3	1855	60076.426183095142	4051.1013048489
3	1867	60257.594139015306	4071.3270203507
3	1913	61382.300653437155	2806.3325534208
3	1926	61616.29804428481	4390.950729477
3	1952	62176.828731697056	4577.8639909811
3	1961	62276.874513475227	3742.2966667279
3	1980	62459.44403292419	3828.6900623318
3	1984	62576.835311258215	3509.187998323
3	1990	62793.199635500029	3152.7683112885
3	2001	62920.019660748545	3658.2072120321
3	2016	63716.501307755713	3964.9510382117
3	2050	64622.752344150037	4804.2860791476
3	2066	64843.073676152158	4268.0945470454
3	2110	66125.846356905938	5262.1722427251
3	2128	66641.660335630119	3248.6478450078
3	2132	66654.505733994771	4252.4918450392
3	2141	66923.976501634348	5672.712083241
3	2178	67772.508900564168	3524.4509379962
3	2200	68194.754736579959	5438.0215278466
3	2207	68471.657151931838	3492.1915786965
3	2216	68630.403649302204	3808.880290785
3	2233	68977.549929374833	3827.2074752778
3	2246	69128.632070802093	3872.974038403
3	2261	69461.043554756794	2628.7577916858
3	2283	70035.404327845142	4392.5005066661
3	2287	70381.306730739776	3240.6937275358
3	2313	70780.163648713384	4362.1338533946
3	2326	71086.284327765867	4181.7043652523
3	2330	71515.186381217097	4060.4036942761
3	2365	72053.061897473413	4436.7894777019
3	2373	72261.653893280779	3199.4829499124
3	2381	72534.042482783959	3890.9179261412
3	2408	73175.233888074759	3856.5276215197
3	2422	73608.022847937425	4264.8963704578
3	2426	73671.21327144833	4295.5999466261
3	2458	74637.104503659472	4253.4495111923
3	2484	75431.184008361712	3629.3263379328
3	2507	76216.717686735097	4491.1460803541
3	2514	76472.1535040699	4802.7880025664
3	2559	77435.549308432207	5444.9080072146
3	2569	77543.853280672809	3335.261581201
3	2573	77661.497408568863	4675.8863495247
3	2577	77795.870103443047	2917.3327096391
3	2590	77856.116927562223	3104.6121757305
3	2646	79078.715527148921	3423.6031375442
3	2675	79917.867663090989	3680.1762044126
3	2701	80532.321092121244	3142.5676018272
3	2723	81062.207906570226	3036.9694649441
3	2745	81544.818507233754	3530.512633015
3	2753	81666.667570171882	4303.2913981561
3	2781	82494.603702366472	4446.8799650401
3	2787	82725.174483592207	4476.1200012822
3	2829	83451.361075114579	4347.6042005412
3	2853	84030.915271861483	4329.5874422625
3	2890	84869.563016310454	5313.165806325
3	2907	85209.860076243574	2971.3931210007
3	2937	86048.338578051077	5054.2176370755
3	2947	86361.124431090946	5406.3058529553
3	2951	86386.46857743897	3726.3122709564
3	2992	87176.715397868427	4443.3388965789
3	3001	87501.872663973415	4569.8831866044
3	3007	87566.58813049831	4647.4910856027
3	3023	87989.558445518957	4604.9861654035
3	3054	89053.62295104005	5148.4593355897
3	3066	89307.514445940549	5309.885495319
3	3074	89457.850683486211	5758.9887720709
3	3116	90577.514905063952	5965.7533327229
3	3128	90978.690158898133	6439.6535646009
3	3146	91555.324537642817	6609.9017469017
3	3155	91757.097938478	6001.0269709647
3	3168	92117.477277403704	5507.8324836492
3	3181	92270.608347576233	6956.3525464709
3	3191	92677.34364015102	6612.6200894897
3	3220	93323.93526835938	6917.3158929635
3	3224	93602.276805947121	6505.6409703677
3	3230	93783.468971269212	5764.5742846905
3	3257	94431.521142726885	6912.3301964399
3	3269	94738.208960572264	6281.0826796362
3	3273	94747.118883384909	5232.4781869824
3	3294	95334.668563852208	5758.8772297351
3	3306	96016.653791598982	5774.3195974302
3	3343	97025.969930850487	7447.6567359136
3	3350	97118.553085381172	6559.3196546677
3	3374	97853.505889862899	3308.6934983653
3	3405	98498.808591636415	5499.8129172381
3	3418	98815.625696375973	5037.5916360875
3	3475	100306.961101131637	3469.843195468
3	3488	100803.915615650412	3943.9544632784
3	3525	101461.829832383018	3203.0927486498
3	3533	101748.443871355202	3395.9778595403
3	3537	101837.063576156396	3727.0187702481
3	3543	101963.949738049886	4288.686615704
3	3567	102310.577815983451	2990.2380518117
3	3608	103295.571321258839	3270.3303486836
3	3612	103333.751645691699	3106.6707401086
3	3661	104321.446305849176	4130.5279917141
3	3694	105037.789294233552	4049.950096973
3	3703	105106.44108218712	4834.6486382228
3	3721	105587.997537386191	4179.2964529077
3	3725	105655.416511666153	3731.461075649
3	3734	106088.061449097476	3987.8698057239
3	3743	106486.059685766703	3111.6020538159
3	3747	106582.205645693985	3891.8429945461
3	3785	107693.623528881518	4903.1117851636
3	3800	108130.428626477843	4456.1495941391
3	3811	108601.355531604967	4351.4011633211
3	3830	109171.515250001622	5336.3079238672
3	3846	109669.64501615428	2530.4942042049
3	3855	109830.830857647708	4252.7328862432
3	3879	110850.640045140003	2349.3305274937
3	3895	111290.723680102319	3272.7659732848
3	3899	111368.493000509182	1963.0081541743
3	3921	112351.578120701228	2722.8781885144
3	3936	112893.318811288977	3425.3388820589
3	3951	113601.325296935014	1597.7369533852
3	3991	115330.684195233812	2888.9575457107
3	4000	115694.50686136055	2202.8331473563
3	4046	117053.675772636425	2805.581974173
3	4080	117842.540069883319	3498.5867387988
3	4084	117862.719028569055	2845.2290486309
3	4126	119164.310994703071	3951.9873646415
3	4143	119655.024023591769	3180.7217462158
3	4177	120481.141442810865	4542.0466650742
3	4205	120995.925177592532	3175.5582537355
3	4222	121426.105136911931	3998.5566977764
3	4237	121806.699494743017	3244.8320579238
3	4241	121854.760824305551	4288.1429789097
3	4286	122925.225939362857	3780.9805501887
3	4290	123006.003400725993	4555.6541756015
3	4321	123900.986009532201	5307.6352494529
3	4328	124039.915555515555	5107.8885464484
3	4332	124062.934875735762	4029.1900932749
3	4366	125281.236990536792	3675.1543874663
3	4373	125379.034349299716	5187.1353568702
3	4421	126892.109784600554	6664.7585828396
3	4429	126971.415249410632	6164.5481151969
3	4435	127017.396937343972	4684.4530810097
3	4455	127554.168933085394	5696.6173051173
3	4487	128241.590629821392	5108.3291013864
3	4511	128726.248241547245	4408.4460173807
3	4515	128742.463129464153	5997.2190213799
3	4553	129672.549006897253	3918.3353299728
3	4570	130012.430692711594	4698.5442011986
3	4592	130378.452349075663	4121.0613293406
3	4598	130504.759072694676	4064.5411210546
3	4602	130538.846404017178	4681.3190830422
3	4630	131024.472154447424	4044.3138630797
3	4634	131085.067274994446	4401.4302438169
3	4666	132034.393907762813	5228.6891690513
3	4675	132218.744981171178	4629.9016626577
3	4698	132807.444974086928	5734.3082870875
3	4702	132973.820884791432	5368.5562850267
3	4732	133627.335473118099	5774.0351774193
3	4750	134113.133281621697	6193.3119087845
3	4754	134192.408083028706	4999.9646753842
3	4774	134728.463948038636	6600.2545817587
3	4796	135383.946345966058	6052.8563730492
3	4811	135793.66861721058	6311.4115436837
3	4818	135991.619309283408	7527.0190288921
3	4846	136833.484448058146	6962.0122163247
3	4850	136859.046191178012	7066.7163287963
3	4867	137285.885709733932	7980.5139562318
3	4871	137503.733822520437	6690.7088843807
3	4881	137883.958288548264	7391.1487630061
3	4921	138880.14168862742	8249.4200598139
3	4925	139013.84640085845	8417.4641583881
3	4934	139225.457134252164	6424.4916348385
3	4962	139507.116796788989	6268.8389542165
3	4966	139600.075523048389	8254.2237592838
3	4988	140305.322037930829	6811.1975060355
3	5005	140865.379339785862	5462.2923576512
3	5020	141222.330833361713	6849.7307941601
3	5031	141670.267884177837	7808.7584244837
3	5057	142160.727478280413	4089.3128902905
3	5077	142654.380203890844	6200.6335569853
3	5089	142999.112349185843	5136.6940915742
3	5096	143073.371974346457	4721.036848205
3	5103	143218.124644349877	6166.6430127113
3	5128	143992.263199012477	5708.0613825257
3	5135	144274.440443315772	5851.668368705
3	5144	144458.212014952291	5786.2017645988
3	5164	145177.778996502597	5008.1620199203
3	5171	145252.945297309879	6479.7522477094
3	5180	145776.691324790237	6519.7670556396
3	5218	146679.385042575736	6738.5037527785
3	5225	146781.416607709352	5261.5976508463
3	5232	146941.256654146357	5876.5640546219
3	5266	147587.327551770572	4331.0735559209
3	5270	147778.206522404899	5035.7891306976
3	5290	148348.569831164306	3165.4331199068
3	5306	148708.788545900255	3394.3573560189
3	5327	149480.821007811695	3191.2385679733
3	5334	149628.055715519687	4092.7704998986
3	5354	150243.249809197381	3341.6337970697
3	5372	150742.011249320199	4368.6913157636
3	5385	150962.112973645082	3986.6453498836
3	5391	151151.352198752805	3965.8625509623
3	5415	151516.03116784579	3186.3447994489
3	5429	152035.820561819941	4739.9994481274
3	5444	152289.251480520794	2003.3541505504
3	5468	152933.894403981782	3136.9263650849
3	5480	152996.557976292908	2899.8356066365
3	5502	153668.862264416272	2395.1757577567
3	5531	154382.013410636316	3105.6228643025
3	5555	154964.846809645275	3891.6328815542
3	5563	155304.173959651123	4076.208230936
3	5589	155715.004919412637	3852.9523194647
3	5598	155842.452245214115	3951.9321435369
3	5610	156356.44204291431	4827.9548712265
3	5647	157359.158466457481	5039.5007914509
3	5651	157446.002372828403	5132.5744816452
3	5675	158142.945350212137	5525.2016010921
3	5701	158542.82935405066	5504.5196879807
3	5718	158956.028559672738	4161.7728947192
3	5727	159177.943827304148	4877.4727912832
3	5731	159211.313677904288	6127.9054045383
3	5743	159747.002764073293	5764.4955620552
3	5770	160118.816956234257	3717.8819579842
3	5778	160526.402673618029	5129.6056687737
3	5782	160540.191393279561	4855.38952896
3	5841	161908.564152763316	4371.7163626814
3	5857	162299.416778897028	4036.6895142262
3	5885	162853.044958905409	3291.4115199919
3	5899	163017.350420522595	4515.146791791
3	5928	163747.404186678211	4805.532606175
3	5984	165872.715865167881	6098.3805215479
3	5988	165921.17369295014	5109.0386842492
3	6030	167209.738420191313	5678.3969610577
3	6034	167280.315750417392	4890.597115806
3	6041	167596.260586761962	5342.9900490273
3	6045	167618.012347481306	4631.8391907787
3	6085	169053.511136173363	4375.4914470671
3	6096	169367.961303274239	4984.0756854055
3	6117	170212.57226205347	3816.9353161947
3	6169	171816.920916399538	2099.2315832153
3	6176	171879.581426090731	2750.6682567392
3	6253	173776.538965326904	2776.3090249245
3	6257	173907.79413109514	3291.1285754372
3	6285	174827.078668109311	2924.2971390307
3	6319	175569.781259744047	3474.6411013742
3	6331	175919.449501269857	3877.3231245198
3	6335	175938.88886778353	3495.8460459532
3	6372	177102.535382469355	3891.17094366
3	6403	177896.701455618614	3267.9903854328
3	6409	178065.695676941974	3622.9905215235
3	6469	179392.612946312303	4282.4437032178
3	6490	179916.156127608551	4410.5071447661
3	6517	180250.295760211153	2478.6004481197
3	6541	180935.234313960547	3287.3744690871
3	6564	181243.026907861782	3318.5536583152
3	6568	181295.04542781709	3480.3209465996
3	6574	181396.954430406342	2832.0131929156
3	6596	181815.731218612923	3018.7763137834
3	6619	182383.880117208315	3086.9228966927
3	6631	182756.160940573911	3441.3279123387
3	6660	183209.708478038369	3811.5264991181
3	6670	183403.259588162775	3766.5685987326
3	6674	183471.969580360306	3740.0016547131
3	6713	184725.564479927702	4953.1674063394
3	6721	184830.164322563065	4684.6399435578
3	6763	185629.445540036245	5198.1565648698
3	6767	185827.514006987763	5724.031818288
3	6796	186376.795996119629	5041.5077615006
3	6805	186453.038106176241	4557.9046987473
3	6809	186626.425523745998	3760.5190844017
3	6813	186720.057250651148	5616.890598065
3	6845	187654.690625433427	4643.3990584831
3	6855	187822.344060362678	4987.9412454095
3	6877	188422.84746569319	5542.248616117
3	6905	189004.864504029404	4255.3911825572
3	6931	189861.835737906945	6674.0239296993
3	6935	189973.666121027794	6000.7958786741
3	6967	190659.489090320272	5839.3207899951
3	6984	191123.663639628499	6161.6667155634
3	7002	191608.603558167245	6107.0198372779
3	7015	192076.158062086612	6897.1772278813
3	7019	192175.93652151468	6242.6180741474
3	7037	192608.867259136018	6742.2360442791
3	7049	193132.474192499355	6319.9565551125
3	7064	193224.317153915193	5434.9358279394
3	7068	193475.65115306395	6163.6882948594
3	7111	194328.517068810191	6646.4709196007
3	7118	194693.88023524283	6743.8714834269
3	7139	195211.309816091682	7178.6935565704
3	7163	195871.686940071533	5859.0570241281
3	7167	196071.534177788705	7144.4861178356
3	7206	197143.738900580061	8092.8025461451
3	7213	197235.261978478532	6997.4162614914
3	7219	197285.968004006134	8091.1832504585
3	7228	197529.700381810394	7335.1196854008
3	7232	197656.821449081775	5300.8612986303
3	7276	198509.946611848277	5323.1955090351
3	7307	199096.750359115552	5342.8910524467
3	7333	199661.993950416507	5953.7647578361
3	7341	199992.428259429139	4906.3695680477
3	7354	200073.086561830144	4508.4738198084
3	7380	200660.820470021279	4874.3268926766
3	7384	201079.747390140397	4435.5425328474
3	7388	201133.782589863416	4571.2397583044
3	7421	201744.49005978125	4497.5539595495
3	7429	202011.740243050443	4818.9978438325
3	7461	202904.68724789041	5134.8426041113
3	7467	202977.578709673686	4692.8982012619
3	7506	203735.138601008234	5758.7626410952
3	7516	203947.294209011449	5510.022668992
3	7549	204961.422657144429	5827.5214792855
3	7561	205274.002686878097	5637.7345485715
3	7576	205631.815762052862	7184.3261570137
3	7580	205659.130638967631	5499.6888624021
3	7592	205993.111205051826	6010.3878791747
3	7604	206264.23052797894	6600.045300011
3	7616	206736.354669872102	5428.9840532683
3	7622	206888.514796541434	4638.0277730902
3	7660	207810.950607440607	5492.8409608964
3	7679	208155.5993613867	7753.9082866987
3	7691	208461.586526613113	5489.6544721315
3	7709	209061.513921857984	5505.2151643075
3	7713	209081.287954504221	6753.4863989364
3	7759	210333.672415092019	6618.0013829835
3	7766	210491.434291244658	6198.4507774024
3	7770	210524.242709957613	6758.0427295578
3	7787	211019.774555526105	5001.3767462158
3	7791	211171.4116130663	5689.2297389662
3	7819	211902.284686953934	4780.2874404779
3	7829	212122.629315348893	5478.7874179009
3	7839	212452.476662406129	5713.713682396
3	7906	214069.30210167411	5029.6508803379
3	7920	214262.617015744922	7057.3960699163
3	7952	215264.1770243911	6690.4419494885
3	7986	216022.367078856928	6273.3047950898
3	7994	216166.053848571317	6513.5338033237
3	8027	217123.804356520428	6212.4329768918
3	8031	217124.058972045021	5593.0753015193
3	8055	217704.533540782139	6302.0101802949
3	8077	218219.238143858673	6242.4539976146
3	8083	218402.897922461285	6053.6490670058
3	8122	219377.984881845476	6441.2697522318
3	8129	219778.840448985429	6644.1144985298
3	8141	220276.54584414269	7204.7778606268
3	8164	221027.241550348132	7476.8434705913
3	8168	221042.866290711971	7715.9243583037
3	8194	221839.301501176685	7738.8202275191
3	8222	222791.695833447011	8369.9586554876
3	8240	223412.027054791704	8163.1907834602
3	8244	223615.735971114772	8356.1281899042
3	8284	224515.421126474992	7529.3732631798
3	8288	224648.913439063908	8373.8691784356
3	8304	225056.004188384103	8758.9508970937
3	8312	225428.071518167287	7086.3923888877
3	8339	225842.195101798133	7748.7539252492
3	8361	226554.248984473378	6304.0941658937
3	8378	227065.844116973312	6411.6829546206
3	8393	227410.393486003756	4066.6905456503
3	8411	227835.51965557708	5069.3620175423
3	8423	227981.809375041337	4220.2444789071
3	8433	228408.737843547569	5515.3668887978
3	8468	229247.952332579896	5003.019400926
3	8483	230005.054825672122	5548.4698232819
3	8487	230314.570022569403	5842.3084900522
3	8501	230843.656025676609	5529.9941267005
3	8510	231453.374488323169	6038.6782210423
3	8532	231960.565212042437	4801.7420203908
3	8539	232104.917858668776	4428.5236585896
3	8543	232223.284342445986	5698.1747507019
3	8560	232708.36980722788	4504.7000135431
3	8601	233631.433770719157	5852.9839155989
3	8632	234144.908417266415	5639.0743512306
3	8636	234322.988182089464	2743.5672415623
3	8686	235557.72237649465	3073.9567650151
3	8690	235613.232956728079	3074.3901948581
3	8716	236136.444688423519	3661.3660572988
3	8726	236510.986863555501	3547.3134786544
3	8730	236520.054343997483	3705.4280904079
3	8752	237268.73047069924	3492.4566324721
3	8773	237477.818883009369	3659.7451532077
3	8777	237519.573789698054	4050.1874530888
3	8803	238135.981811408867	3684.0619813957
3	8817	238584.212858457233	4078.0680127911
3	8832	239164.117848694181	3429.2519199941
3	8844	239553.192770558392	3360.0569903348
3	8869	240222.945255650322	3406.9506248077
3	8881	240445.108349712423	2999.7297353552
3	8888	240788.937433337907	2755.2257587116
3	8892	240792.056762914155	3351.262183008
3	8918	241405.243735553554	3050.7939890116
3	8926	241431.118081168254	2669.8127677117
3	8930	241707.769491071219	2086.9765800331
3	8984	243308.776245867336	2435.1523619145
3	8988	243350.193969977877	3713.2046945787
3	9020	244216.901242152134	2441.4898744784
3	9035	244830.805268173872	3728.5410472378
3	9057	245291.951981995012	2930.4739839542
3	9065	245378.299050589859	3010.7475418687
3	9106	246544.658287715001	4212.7165667254
3	9135	247264.999339969586	4136.962059241
3	9155	247874.724171895368	5095.9835197491
3	9159	247949.19117711274	4774.496204279
3	9195	248548.677569877115	5411.4180670234
3	9210	249002.090393107218	5810.6658064329
3	9231	249340.644017828387	4918.3459017422
3	9286	250533.239026598467	4149.2646567597
3	9330	251522.195638714193	5110.8167551274
3	9334	251656.673351086434	5727.3408696111
3	9352	252062.021296217872	5032.3388349275
3	9377	252718.916080321952	6300.915529359
3	9385	252787.207406245007	5961.7148666919
3	9399	253558.482667661962	6099.7708155514
3	9436	254215.733997735961	5093.0340503733
3	9440	254341.695413186982	5395.8919025357
3	9448	254558.982345981282	5448.3559491518
3	9492	256048.89733237004	5718.9334649316
3	9511	256255.85159399344	8145.7597705072
3	9524	256586.435389777481	5769.6531909591
3	9556	257394.417563320905	6516.9434133576
3	9564	257486.255460146573	7780.3434494274
3	9590	257951.99678198224	7281.6412713193
3	9594	258022.996622834191	6313.4417870701
3	9621	258757.552652226596	6247.8770730522
3	9630	259154.626927168798	5449.6410529989
3	9666	259925.825144050478	6093.9724051878
3	9694	260422.348133398055	6055.1385498231
3	9705	260783.032493514699	6860.9391427916
3	9709	260804.847725115553	6401.3497312836
3	9739	261635.572901347489	5415.2406172266
3	9752	261881.84499293363	5940.3330585086
3	9762	262310.562574106958	6113.1755143188
3	9806	263149.072752350778	6844.5188651377
3	9810	263159.114576296639	6470.77092857
3	9814	263494.316950689837	6983.9631174999
3	9825	263531.698583902549	6809.8436582749
3	9838	263851.986616456717	6198.5577328968
3	9853	264183.82871656476	7232.5850992602
3	9861	264532.078721279037	7482.1912252302
3	9883	264863.078518964109	6248.264544642
3	9892	265132.340171875268	7420.9415525859
3	9939	266596.19068453817	8054.4557459452
3	9943	266600.587115881801	6962.7043835103
3	9960	266958.422252673415	8229.2559041895
3	9994	267934.738962108106	7206.621262637
3	9998	267961.569339779973	7604.2936944674
3	10007	268116.425067584721	6832.6672746461
3	10046	269405.054094035014	7186.1173376348
3	10058	269830.579147569595	6903.8020356855
3	10062	269833.828090650797	7146.3473944665
3	10096	270864.110453881159	7987.3883646485
3	10100	270972.152767998857	7935.7371033774
3	10150	272138.105877244605	7690.2604967837
3	10154	272665.326157098472	6569.8840812631
3	10158	272776.092076951474	8306.9313164525
3	10177	273300.426582030788	8080.0089181789
3	10181	273598.499123554513	6932.6186507983
3	10211	274239.247061794384	8006.9950980067
3	10231	274594.039167824968	6416.510080606
3	10260	275223.231279652401	7934.0342325838
3	10269	275431.785599419683	8272.1563849861
3	10316	276733.566111277624	8034.7106012133
3	10325	276957.204025301919	8378.3973193832
4	70	4177.758532183216	3742.1190515254
4	74	4197.10519762629	2647.1933993418
4	146	5849.144717036074	1772.371553393
4	215	8121.333975019192	3743.7763984576
4	270	9830.700744734835	2391.1904923059
4	324	11570.933760348966	3334.1437941774
4	414	17385.852661106261	2684.6581866313
4	506	20246.628192963254	3821.48174325
4	536	20834.819493624865	3375.9036607454
4	576	22280.523642735108	3904.4687899997
4	793	28068.076018165146	2473.0990227228
4	797	28192.687131853187	2640.0913575738
4	820	28803.785862369204	2767.7037891316
4	906	32925.105490701609	3122.7293486148
4	965	35340.861030964731	1731.4039967582
4	1253	43803.797790551517	4522.1869581518
4	1271	43953.234036887421	4054.7823779242
4	1309	44993.110704241781	3039.0836857961
4	1542	51453.325973106541	3470.5617597305
4	1661	54968.992453811882	2618.4270032588
4	1769	58096.723778255287	3500.7686580706
4	1810	58959.449066322299	3083.1152292179
4	1820	59242.736231477935	3766.5175150832
4	1859	60137.216493653136	3767.8725494298
4	1922	61608.291698832005	3772.1669297768
4	2054	64629.162704663354	4318.5458501263
4	2090	65544.725966796283	4765.2231027118
4	2174	67693.963141318351	3529.7904602368
4	2430	73740.574118483817	3977.263124391
4	2462	74744.506519192833	5231.8823441803
4	2472	75010.263630373408	4389.3646983744
4	2628	78879.551772752718	2066.0711216766
4	2667	79642.070085104675	2677.1103860904
4	2689	80327.828518262137	3182.4759959876
4	2715	80894.429178942115	3630.254193067
4	2761	82009.93859589839	4547.9017009303
4	2810	83035.161430386831	4892.4858193824
4	2861	84169.179881020034	5746.5863290951
4	2896	84992.390058755879	5109.9403389011
4	3105	90301.361682776368	5897.1148567187
4	3132	91007.323414914316	5803.7181660646
4	3328	96754.705986525986	4127.8695522588
4	3357	97291.219634456683	3403.2052046033
4	3428	98973.377395641181	3048.4546129079
4	3435	99310.39276837423	4155.1557182112
4	3479	100311.513617828495	2380.963088389
4	3600	102977.712653136003	4145.476001634
4	3624	103507.766270978499	3647.4840877513
4	3665	104327.963068204007	3480.8647715575
4	3764	107045.596198398744	4698.5649021276
4	3773	107100.012157026685	3676.5395946276
4	3891	111280.962029798169	2164.6796704363
4	3947	113558.035863805132	1393.0933115724
4	4034	116666.029898781077	2132.9295766912
4	4074	117795.242958949627	2642.7531584942
4	4147	119689.304308075072	2898.5970386211
4	4199	120776.062119887439	3586.9332249781
4	4278	122751.907031811071	3926.7046190594
4	4377	125477.097477776546	5409.3404976613
4	4519	128857.561359047187	5778.1467308283
4	4538	129231.786133640993	4108.6167472946
4	4970	139743.152123171452	5844.7606216616
4	5048	141962.462184888858	7485.9934697953
4	5262	147351.199577334567	4193.290306879
4	5315	149150.651731280227	4195.3013164862
4	5521	154128.759309434423	3714.2779563672
4	5671	157803.512434166949	5618.8018277314
4	5822	161510.243052923212	4891.7037378934
4	5832	161786.849276478494	5026.1140502852
4	5861	162368.595558599661	3671.8165228549
4	5942	164250.835316906775	4251.6845407352
4	5952	164663.001679134648	5229.383654617
4	5980	165593.923043188731	3467.3816306746
4	6021	167120.036703319381	6469.0169726649
4	6064	168159.936952059249	4921.3347653572
4	6068	168250.001470473687	5320.3615773439
4	6072	168334.608577861543	5329.1890390172
4	6138	170883.355602360423	4318.3065097992
4	6193	172382.84802637863	1959.0229971218
4	6203	172537.866703641771	2897.5375958834
4	6221	173014.484674964312	3554.5686089247
4	6261	173976.666824994037	2373.5507489182
4	6361	176718.772299549902	3246.5675414684
4	6365	176935.522579568057	3604.3853408301
4	6417	178350.013549502178	3063.8479409825
4	6443	179197.907093659593	3491.2917935756
4	6494	179957.330267791996	4236.8354694849
4	6709	184602.099288207839	4537.3578948051
4	6881	188447.566337640758	4955.4524412987
4	6941	190126.003603839486	6763.8316095209
4	7127	194839.610697951717	6826.274129049
4	7156	195618.089341790033	7262.7121334339
4	7260	198197.526612828659	5114.0210997001
4	7299	198883.181306345936	4596.6759767769
4	7425	201911.161801385311	4076.2416506273
4	7512	203844.058327718811	5482.5559576076
4	7861	213047.993301299574	5648.909299842
4	7873	213200.249692340001	5675.5998617472
4	7926	214580.484190748247	6748.6671342024
4	7982	215781.602810387863	6428.5769631563
4	8012	216553.017967975319	6532.5391599732
4	8102	218784.28259730208	6265.7940225606
4	8172	221199.491731737362	7855.6107560621
4	8201	222067.105676650243	8370.2684749662
4	8205	222168.487774272071	8143.9788864646
4	8350	226089.995003610091	6715.0891535036
4	8357	226549.610139056474	7819.8728566192
4	8459	229168.247748658613	4505.1812486636
4	8591	233288.836703309224	4533.4785768764
4	8644	234534.703542592917	2501.8264084216
4	8648	234536.855625448862	2255.9256860241
4	8813	238492.132083217596	2495.7814260939
4	9012	243992.958440843727	3132.620389061
4	9114	246751.928983412518	4256.1120436193
4	9163	247983.067905435174	5107.7656411086
4	9255	250049.484323959632	4647.2336027516
4	9274	250497.571182267498	4494.3857489249
4	9278	250515.65047286248	6731.3106989904
4	9321	251493.966422851963	5361.6151498648
4	9496	256116.037930620669	6144.6548088535
4	9534	256940.375101871624	7528.8898107788
4	9609	258544.860437203034	7623.1681166472
4	9679	260090.64504232055	6986.83995009
4	9906	265706.992686509921	8838.1231430237
4	10026	268615.742424370558	7270.8612557579
4	10126	271630.765964135363	8116.5621247723
4	10130	271638.820530602545	7533.7547951627
4	10196	273802.878317011281	7938.1642570357
4	10273	275902.509116137161	8845.5071864774
4	10306	276587.193777419387	6956.3321957188

