version 2
run Iteration-10-20200521-09:51:25-70236
attr configname Iteration
attr datetime 20200521-09:51:25
attr experiment Iteration
attr inifile omnetpp.ini
attr iterationvars "$i=1, $j=11, $0=15-(1+11)"
attr iterationvarsf i=1,j=11,15-(1+11)-
attr measurement "$i=1, $j=11, $0=15-(1+11)"
attr network Network
attr processid 70236
attr repetition 0
attr replication #0
attr resultdir results
attr runnumber 10
attr seedset 10
itervar i 1
itervar j 11
param **.resourcePool.amount 1
param **.resourcePool1.amount 11
param **.resourcePool2.amount 15-(1+11)
param **.source.interArrivalTime exponential(6min)
param **.delay.delay uniform(4min,28min)
param **.delay1.delay uniform(10min,28min)
param **.delay2.delay uniform(4min,16min)
param **.allocate.resourceModuleName "\"Network.resourcePool\""
param **.allocate1.resourceModuleName "\"Network.resourcePool1\""
param **.allocate2.resourceModuleName "\"Network.resourcePool2\""
param **.deallocate.resourceModuleName "\"Network.resourcePool\""
param **.deallocate1.resourceModuleName "\"Network.resourcePool1\""
param **.deallocate2.resourceModuleName "\"Network.resourcePool2\""
param **.router.randomGateIndex "uniform(0, 1) > 0.2 ? 0 : 1"

vector 0 Network.allocate queueLength:vector ETV
attr interpolationmode sample-hold
attr title "queue length, vector"
vector 1 Network.allocate1 queueLength:vector ETV
attr interpolationmode sample-hold
attr title "queue length, vector"
vector 2 Network.allocate2 queueLength:vector ETV
attr interpolationmode sample-hold
attr title "queue length, vector"
vector 3 Network.sinkStat lifeTime:vector ETV
attr interpolationmode none
attr title "lifetime of arrived jobs, vector"
attr unit s
vector 4 Network.sink lifeTime:vector ETV
attr interpolationmode none
attr title "lifetime of arrived jobs, vector"
attr unit s
0	0	0	0
0	5	658.922824628228	1
0	7	801.039203303503	0
0	12	904.581480809956	1
0	14	1401.929149106772	2
0	20	1953.492656844305	1
0	25	2043.904127993475	2
0	27	2053.081953816841	3
0	29	2132.542974524613	4
0	35	2577.195923035921	5
0	37	2688.311837588207	6
0	39	2755.005030064636	7
0	45	2865.159880871374	8
0	47	2923.826768979378	9
0	49	3033.475965345847	8
0	58	3340.10397070761	9
0	60	3341.528160335992	10
0	62	3488.977299224039	11
0	64	3747.397514025102	12
0	66	4258.17449976747	11
0	71	4544.698730998721	12
0	77	4886.017149884311	13
0	87	5346.54872757366	14
0	93	5668.348686108935	13
0	98	5814.50554031912	14
0	100	5865.243762978021	15
0	102	6146.790899096949	16
0	104	6338.98339196069	17
0	106	6394.189172301726	18
0	108	6687.217226857889	17
0	113	6937.201017556724	18
0	119	7340.857445479793	19
0	125	7464.827919426012	18
0	130	7550.772506672784	19
0	132	7896.993458325117	20
0	138	8017.047719380812	21
0	140	8041.459807783511	22
0	146	8329.80807271843	21
0	151	8419.804538448786	22
0	161	9008.728899225374	23
0	163	9349.506307224836	24
0	165	9435.304161767114	23
0	174	10153.214609856356	22
0	179	10211.002431209315	23
0	181	10339.765620644362	24
0	191	10523.476074236084	23
0	196	10530.435687960616	24
0	198	10547.727059388934	25
0	204	10756.453651499726	26
0	206	10803.273978993384	27
0	208	11088.81083100558	28
0	214	11562.491118535452	29
0	216	11616.278053031052	30
0	218	11696.136435563107	31
0	224	11956.777178655018	30
0	233	12220.369203203868	31
0	239	12726.19084360778	32
0	241	12852.5229527528	33
0	247	13394.842441836943	32
0	252	13593.6894429769	33
0	258	13820.486118577296	34
0	264	14571.235630764399	35
0	266	14697.622455154546	36
0	268	14732.945850183688	37
0	270	14783.614819464888	38
0	276	15050.392489294161	37
0	281	15403.160380792406	38
0	283	15508.051394196798	37
0	288	15577.65026520744	38
0	290	15784.048470544123	39
0	296	16605.484424653103	38
0	309	17365.210067325466	39
0	311	17469.435803311019	40
0	317	17502.562971870055	39
0	322	17537.052075405425	40
0	328	17902.803894912671	41
0	330	18070.579519069451	42
0	332	18314.479878815462	41
0	337	18391.731697064722	42
0	343	18557.94561774527	41
0	348	18678.248793340891	42
0	350	18708.185058479315	43
0	352	18839.407005476711	44
0	354	18935.861769987703	45
0	360	18980.785076292803	44
0	369	19080.420397182123	45
0	371	19162.125670418505	46
0	381	19364.167895026332	47
0	383	19455.87002493745	48
0	397	19820.172609297104	49
0	399	19836.031913042304	50
0	401	19931.360131966749	51
0	403	20335.100705223729	50
0	412	20694.40061230382	51
0	414	21376.486892896344	50
0	419	21452.030225427053	51
0	425	21891.915904998005	52
0	427	22121.866736682703	51
0	440	22510.653585637384	52
0	442	22620.130925134098	53
0	444	22739.969977759715	54
0	450	22868.821338887392	55
0	452	22878.083392276922	56
0	454	22892.202435134079	57
0	456	23022.183903041922	58
0	462	23101.258684071352	57
0	467	23167.671472754233	58
0	469	23341.651124442567	57
0	478	23561.006329853992	58
0	480	24056.607072415367	59
0	482	24181.325080678929	60
0	484	24235.862427771074	61
0	486	24259.769332647617	62
0	496	24395.981230037858	61
0	501	24436.566699968091	62
0	503	24682.552234333082	63
0	505	24922.531749478509	64
0	507	25125.160524333467	63
0	520	25517.704131315102	62
0	533	26281.811548043334	63
0	535	26316.895055870921	64
0	549	26960.926069068362	63
0	558	27009.425241784739	64
0	560	27052.456846781283	65
0	562	27508.932567718074	66
0	564	27791.564257481636	67
0	566	27869.850429455389	66
0	571	28109.063517884848	67
0	585	28832.137402396768	68
0	591	28871.422164116189	69
0	593	29114.217954778247	70
0	595	29147.800396690716	69
0	600	29372.742903501925	70
0	602	29429.81895976757	69
0	607	29698.011881628024	70
0	609	29716.658526435425	71
0	611	29798.253759872066	72
0	613	29899.057933958818	71
0	618	29946.649952375603	72
0	620	29969.525487082182	73
0	622	30040.486452487851	74
0	628	30289.4659560076	75
0	630	30392.296401592777	76
0	636	30555.99027373804	77
0	642	30644.868820141543	78
0	656	31147.547338656852	79
0	658	31354.59919535612	78
0	663	31638.924672844553	79
0	665	31937.798306132306	78
0	670	32114.842030000072	79
0	672	32172.342331933964	80
0	678	32780.694178163678	81
0	684	33039.286465468456	80
0	689	33207.262569395501	81
0	691	33469.878144307727	82
0	693	33572.778308261073	83
0	699	33582.688843804051	82
0	720	34648.873648288824	83
0	722	34801.362966121047	84
0	724	34824.891215423693	83
0	733	35159.208123544802	82
0	738	35735.576237252627	83
0	740	35740.965990388154	84
0	750	36167.406203831186	83
0	755	36231.910393288045	84
0	761	36796.768249813296	85
0	767	37093.59771844389	86
0	769	37232.567825476279	85
0	778	37848.985776360246	86
0	784	38293.195566424817	87
0	786	38351.081790962259	88
0	792	38519.16876411387	89
0	794	38649.302278990497	88
0	799	39009.967077536925	89
0	805	39049.749519553587	90
0	807	39258.230490428021	91
0	809	39352.792132943696	92
0	811	39418.227275406221	93
0	817	39799.909101758587	94
0	819	39888.503974537005	93
0	828	40320.293674879654	94
0	830	40406.163516201468	95
0	832	40985.6849293275	96
0	834	41307.915611276974	95
0	847	42162.629532731168	96
0	853	42242.10752162491	97
0	855	42361.697567226936	96
0	860	42448.355380989628	97
0	866	42849.588890860322	98
0	868	43135.796755673935	97
0	877	43419.982922161569	96
0	882	43827.300045328279	97
0	888	43856.166976663841	98
0	890	43959.677918788629	99
0	892	44134.752307572304	100
0	894	44292.938736503542	101
0	900	44359.18246008847	102
0	906	44628.309632959415	101
0	915	45015.020859355044	102
0	917	45324.565615021811	103
0	927	45730.944221737434	102
0	932	46003.968511936545	103
0	938	46241.450487527447	104
0	940	46307.790687094082	103
0	945	46526.555654643738	104
0	947	46578.268560739805	103
0	952	47026.291277858532	104
0	954	47089.749407197178	105
0	960	47310.58725298591	106
0	970	47569.694789108719	107
0	976	47649.502614697618	108
0	982	48206.480446616759	107
0	991	48473.236708427619	108
0	997	49153.24582796495	109
0	1003	49578.112853142073	108
0	1008	49641.914782773855	109
0	1010	49836.096572539282	110
0	1012	49836.451948300654	111
0	1014	49881.136512844063	112
0	1016	50379.990200324944	113
0	1018	50475.757300863614	112
0	1023	50528.856007598759	113
0	1025	50702.854117959949	114
0	1031	51155.800966292412	115
0	1037	51184.679652621801	116
0	1039	51267.698955223073	117
0	1045	51780.407106728538	118
0	1047	51796.965506608238	117
0	1052	51845.661113504233	118
0	1058	52229.536159232618	119
0	1060	52460.082947398176	118
0	1065	52815.414813321239	119
0	1067	53008.487492401126	120
0	1069	53043.802944890655	121
0	1071	53080.477323107772	122
0	1081	53684.679140693088	123
0	1083	54034.687723788073	122
0	1092	54130.249219044842	123
0	1098	54256.278824833646	124
0	1100	54327.101990849961	125
0	1102	54434.190100715685	126
0	1104	54841.211241158297	125
0	1113	55383.870215571745	126
0	1115	55597.59499885202	127
0	1121	55852.642662839633	128
0	1127	56224.789935572644	129
0	1129	56275.550011778822	128
0	1134	56311.105018414378	129
0	1136	56327.402035132436	130
0	1142	57156.703707399418	129
0	1147	57544.135541340888	130
0	1153	57853.185955482175	129
0	1162	58266.505192537834	130
0	1164	58425.023101589619	131
0	1166	58443.183824045393	132
0	1172	58539.994496899297	131
0	1177	58574.163003670831	132
0	1183	58686.530823950255	133
0	1189	58838.961672994684	134
0	1191	58996.110765665646	135
0	1201	59216.506967799687	136
0	1203	59498.22819812866	137
0	1209	59825.576701956441	136
0	1214	60095.886232932617	137
0	1216	60104.791221594698	138
0	1218	60142.189756373977	139
0	1220	60646.573277349224	138
0	1229	60841.932483644663	139
0	1231	61286.459122470502	140
0	1237	61475.792509893304	141
0	1243	61754.583914975069	142
0	1245	62069.343351582637	141
0	1250	62091.87674540063	142
0	1256	62369.980254989779	143
0	1258	62664.786631574327	144
0	1264	63525.594508546045	143
0	1273	64230.421181920614	144
0	1275	64292.422365816882	143
0	1280	64431.993700889807	144
0	1282	64446.086677129204	145
0	1292	65110.968772443583	144
0	1297	65246.520778930689	145
0	1299	65358.397606010059	146
0	1305	65652.848789292028	145
0	1314	65925.886244399899	146
0	1320	66205.99009356558	147
0	1322	66486.526342975547	146
0	1327	66668.762189555308	147
0	1329	66691.056564406354	148
0	1335	66751.671944018046	149
0	1337	66971.669447526329	150
0	1343	67065.191910366006	151
0	1345	67408.537398748441	152
0	1347	67544.164280997914	153
0	1349	67546.277153427353	152
0	1358	67709.371195383997	153
0	1364	68064.937546845817	154
0	1370	68684.706184645375	155
0	1372	68807.118052656259	156
0	1374	68977.796917826971	157
0	1380	69093.465310937935	158
0	1382	69147.24493541812	157
0	1391	69424.277928106316	158
0	1393	69729.833683716705	157
0	1398	69866.571940392998	158
0	1400	70020.826861159192	159
0	1402	70067.803748945492	160
0	1404	70242.719867056266	161
0	1406	70463.697365668216	162
0	1416	70923.967447290769	161
0	1421	71081.855343061768	162
0	1423	71159.163927450418	163
0	1437	71907.788938376439	164
0	1439	72143.994545573941	163
0	1444	72463.383017546708	164
0	1454	73096.874305455317	165
0	1456	73174.233195087982	166
0	1458	73503.141932142834	167
0	1460	73620.449132817438	166
0	1469	73693.652815673468	167
0	1471	74261.963372401394	168
0	1473	74305.521041420702	169
0	1479	74767.969971985993	170
0	1481	74768.008249478793	171
0	1483	75200.967940362742	170
0	1492	75291.747316007201	171
0	1494	75657.582192855048	172
0	1496	75658.436763457578	173
0	1498	75661.771760384248	174
0	1500	75798.387335244918	175
0	1502	76080.659730119336	176
0	1508	76252.752880054166	175
0	1513	76528.206093152497	176
0	1519	76725.895529170546	177
0	1521	76921.269855047293	178
0	1523	76962.72801780199	177
0	1528	77095.764064864111	178
0	1530	77137.041660748304	179
0	1536	77956.310910018446	180
0	1538	77978.135330627118	181
0	1544	78309.994135166263	182
0	1546	78336.612870163891	183
0	1548	78386.819861090549	184
0	1550	78453.441196987977	183
0	1559	78517.623674564762	184
0	1565	78719.213865798235	185
0	1567	78818.677141117504	184
0	1572	79238.965314426157	185
0	1582	79899.717595363608	184
0	1587	79997.687881455766	185
0	1589	80141.084670238486	186
0	1595	80450.739897834709	185
0	1600	80514.145195791359	186
0	1606	80641.256602696573	187
0	1608	80772.284504147818	186
0	1613	81064.949231714376	187
0	1619	81180.771621512821	186
0	1624	81483.529763316651	187
0	1630	81629.598427536538	186
0	1655	82665.83092076646	187
0	1661	82936.762243451284	188
0	1663	82988.879062729528	187
0	1676	83365.789415221601	188
0	1678	83559.805510240247	187
0	1687	83893.223147915121	188
0	1689	84058.253408867002	189
0	1699	84942.113340655913	188
0	1704	85248.61019856791	189
0	1706	85407.562162481769	190
0	1708	85431.721499469263	191
0	1714	85767.835226031592	190
0	1719	85877.295600434113	191
0	1729	86810.306831272891	190
0	1742	87349.721848751059	189
0	1747	87967.360212103637	190
0	1749	87988.85103288549	191
0	1751	88117.619493861087	192
0	1757	88224.370726546569	193
0	1763	88481.420525442656	194
0	1765	88597.569190422645	193
0	1786	90091.25572905933	192
0	1791	90407.946319549175	193
0	1793	90470.862725261012	194
0	1795	90593.51833661978	195
0	1801	90982.626811212646	196
0	1803	91052.594875036452	197
0	1805	91340.703073372578	198
0	1807	91510.214799689702	197
0	1816	91579.035163544222	198
0	1818	91815.281315540644	199
0	1820	91888.736375440554	200
0	1822	91943.350245902602	201
0	1824	92287.444361346703	202
0	1826	92759.855741692995	203
0	1832	92957.765695723347	202
0	1837	93544.644957040843	203
0	1843	93898.843088897167	204
0	1845	93941.942251371793	203
0	1850	94152.037190528843	204
0	1852	94268.340652400962	205
0	1858	94460.310508209791	206
0	1860	94562.2651754046	205
0	1865	94736.332005388225	206
0	1871	95370.213219424939	207
0	1881	95544.947559582642	206
0	1886	95727.882126051549	207
0	1888	96069.389299648615	208
0	1898	96477.137320193116	209
0	1900	96565.619364364808	210
0	1902	96654.686501162117	211
0	1908	97132.312355610183	210
0	1913	97386.381121585718	209
0	1918	97495.220388590217	210
0	1920	97546.206137679105	211
0	1922	97606.069497724018	212
0	1932	97951.551447632364	211
0	1941	98203.743802207164	210
0	1954	98463.233458167732	211
0	1956	98569.733796092324	210
0	1961	98829.214378754251	209
0	1966	98993.997472038412	210
0	1968	99036.700704487092	211
0	1970	99165.720990682595	210
0	1979	99195.939932733323	211
0	1981	99246.683729494302	212
0	1995	99640.228598754446	213
0	1997	99782.812860150249	214
0	1999	99830.902305143528	213
0	2004	99897.356674552442	214
0	2006	99921.192739508238	215
0	2016	100154.318532204868	216
0	2018	100304.266272383385	215
0	2031	100600.888333874543	216
0	2041	101056.896597106391	217
0	2043	101178.927637497537	216
0	2048	101365.810007804208	217
0	2058	101472.671336131744	216
0	2063	101774.698549603786	217
0	2065	101798.431858761279	218
0	2075	102141.305369464155	219
0	2085	102520.971921886042	220
0	2087	102651.844082149319	219
0	2096	102660.640207829126	220
0	2098	102674.336352872975	221
0	2104	103008.244890347249	222
0	2114	104208.851210410349	221
0	2119	104213.933818267084	222
0	2121	104310.705615130986	223
0	2123	104416.811861071169	224
0	2125	104423.845206736888	225
0	2127	104573.928558531954	226
0	2129	104633.150334645684	227
0	2131	104737.070239992677	228
0	2133	104749.486831246111	229
0	2135	104834.610200645976	228
0	2140	104870.832776745138	229
0	2142	105031.769226986593	230
0	2144	105163.402532325357	231
0	2150	105791.828347495755	232
0	2152	105983.143930505138	233
0	2154	106148.233530050347	234
0	2160	106253.328309488582	235
0	2162	106350.570930271346	236
0	2164	106363.044636020308	237
0	2170	106488.45238973444	236
0	2179	106897.037915001511	237
0	2181	107252.894844741876	238
0	2183	107695.062326500767	237
0	2192	107943.51183038478	238
0	2194	108154.031396950582	239
0	2196	108207.678811001235	238
0	2209	108969.372027585923	239
0	2211	109245.076566609198	238
0	2220	109528.734644649364	239
0	2226	109661.850998626624	240
0	2228	109714.314142663822	241
0	2234	109984.809866078503	242
0	2236	110024.81515496073	243
0	2238	110115.312650288099	242
0	2243	110294.205804354409	243
0	2245	110397.975504445487	242
0	2250	110468.404076221352	243
0	2256	111125.547533038571	244
0	2262	111257.069092067534	243
0	2267	111403.033070600524	244
0	2269	111424.884894923017	245
0	2275	111613.849617983591	246
0	2277	111656.420861695981	247
0	2279	111725.325796625972	248
0	2285	111857.67955278104	247
0	2294	112042.957386791449	248
0	2308	112911.429892226537	249
0	2310	113035.312224987884	250
0	2312	113058.451650191382	251
0	2318	113438.229729369041	252
0	2320	113467.718548225815	251
0	2325	113803.950866567276	252
0	2327	113851.114080371911	251
0	2332	114014.652559204347	252
0	2338	114606.30035829584	253
0	2352	115481.509992825443	252
0	2357	115556.098661210619	253
0	2359	116007.979234756708	254
0	2369	117135.595634291524	253
0	2378	117433.336125036275	254
0	2380	117492.752387794729	255
0	2382	117703.535274243819	256
0	2384	117790.525276335532	255
0	2393	118164.991218671863	256
0	2395	118279.716874817962	255
0	2404	118739.757026150889	256
0	2406	118783.544697013506	257
0	2408	119034.33700090927	258
0	2418	119668.66493308043	257
0	2427	119879.399019571369	258
0	2433	120268.420884127466	259
0	2435	120488.365333872401	260
0	2437	120825.506921122427	259
0	2446	121005.240851729205	260
0	2448	121045.159083246876	261
0	2450	121216.272513508912	262
0	2456	121473.542595078066	263
0	2458	121846.867975766151	264
0	2460	122139.696293483133	263
0	2469	122365.586102392603	264
0	2471	122405.466931025657	265
0	2477	122600.112506235594	264
0	2490	123634.015584709806	265
0	2492	123751.822136753996	266
0	2498	124003.44030779844	265
0	2507	124657.458472187275	264
0	2512	125009.811369052887	265
0	2526	125896.941567306458	266
0	2528	126077.766915635722	267
0	2534	126239.973321343416	266
0	2539	126278.170312579327	267
0	2541	126283.424621877221	268
0	2543	127002.405490996891	267
0	2552	127283.575015961798	268
0	2554	127471.596494215184	267
0	2563	128052.496460350805	266
0	2568	128061.311796567802	267
0	2574	128503.414643752032	266
0	2579	128621.757021118758	267
0	2597	129277.393435993521	268
0	2599	129353.279482198266	269
0	2605	129510.463521838885	270
0	2607	129607.53757550612	271
0	2617	130052.694679210537	270
0	2622	130055.690674692957	271
0	2624	130400.071179525268	272
0	2626	130572.743245373123	271
0	2631	131292.977864984053	272
0	2641	131715.864721309852	273
0	2651	132154.943737956338	272
0	2656	132333.502662916967	273
0	2658	132920.877285322821	274
0	2660	133026.49881899308	275
0	2662	133152.378268837188	276
0	2664	133154.035241539233	275
0	2669	133177.58831226905	276
0	2671	133184.763017719342	277
0	2677	133658.042754429035	276
0	2682	133956.651519430503	277
0	2692	134398.837786047371	278
0	2702	135041.184332942902	279
0	2704	135097.155776833974	280
0	2710	135236.546630906515	279
0	2715	135353.473787582959	280
0	2717	135364.311060986602	281
0	2719	135905.888811714	282
0	2721	135910.026770033263	283
0	2723	136167.096754769437	282
0	2728	136756.337940029661	283
0	2730	136779.161575776844	284
0	2732	136884.952113973551	283
0	2741	137356.749579405773	284
0	2751	137702.239958402278	285
0	2753	137716.288534114389	286
0	2759	137986.321964422815	285
0	2764	138030.493885144833	286
0	2770	138541.140324795624	287
0	2780	138932.642532156169	288
0	2782	138938.782121460864	289
0	2784	139161.234659734346	290
0	2786	139324.841119321637	289
0	2795	139872.379041397889	290
0	2797	140056.802659685481	291
0	2799	140244.156235056572	290
0	2804	140673.938092919469	291
0	2806	140897.278835336321	290
0	2815	141284.350510957294	289
0	2820	141340.584438555525	290
0	2822	141434.094430664123	291
0	2828	141726.812678063863	290
0	2837	141919.312262922297	291
0	2839	142008.825740683284	292
0	2841	142031.044349195848	293
0	2859	142631.069589213957	294
0	2861	142902.101959132805	295
0	2863	143129.964475753361	294
0	2868	143169.245037879067	295
0	2870	143196.785797521648	296
0	2872	143198.646884804299	297
0	2882	143336.369846104494	298
0	2888	143758.026363300547	299
0	2890	143825.79662571205	300
0	2892	143918.162141425174	301
0	2894	144062.366982782835	300
0	2899	144344.381850416693	301
0	2909	144895.648218626732	300
0	2914	144945.889967538818	301
0	2920	145072.148976218323	302
0	2922	145212.481461839699	303
0	2924	145330.072232150864	304
0	2934	145974.049202846939	303
0	2943	146558.005659155437	304
0	2945	146597.544662499522	305
0	2947	146846.504588720932	306
0	2953	147031.472517021232	307
0	2955	147066.552666998723	308
0	2957	147388.552835295553	307
0	2966	148355.527917156572	306
0	2971	148377.212307491754	307
0	2973	148423.50968774492	308
0	2975	148457.525298988078	309
0	2977	148554.528501306348	310
0	2979	148575.345151281832	311
0	2981	148687.654099658065	312
0	2983	148715.681069503183	311
0	3000	149458.436244028265	310
0	3005	149464.165626157872	311
0	3011	149984.157337928767	310
0	3020	150439.144607763825	311
0	3022	150595.879236833111	312
0	3028	150853.57945448004	313
0	3030	151166.778750280495	312
0	3043	151412.360290016031	313
0	3053	151590.531689626773	314
0	3055	151592.055518990026	315
0	3057	151619.875365567731	316
0	3059	151647.359715005845	317
0	3061	151950.694777453895	316
0	3070	152340.602647642935	317
0	3072	152381.19434800988	316
0	3077	152670.857815346199	317
0	3079	152757.230775015646	318
0	3081	152788.097508433667	319
0	3087	152894.391389954299	320
0	3089	152930.692889234692	321
0	3095	153057.413101764973	320
0	3100	153136.068222209117	321
0	3118	154696.155074360426	320
0	3123	154962.733733990601	321
0	3125	155209.266886573979	322
0	3127	155263.667117739673	321
0	3132	155326.602525371155	322
0	3142	155688.509138260505	323
0	3148	156225.960080324248	324
0	3158	156545.239860810256	325
0	3160	156748.92866988724	324
0	3165	157007.276715555537	325
0	3167	157265.216815891321	324
0	3172	157449.585650442852	325
0	3174	157479.784490047907	326
0	3184	158300.957981544192	325
0	3189	158340.079539185626	326
0	3199	158828.431072335733	327
0	3205	158945.484901900048	326
0	3210	159011.927923815629	327
0	3212	159217.242894954693	328
0	3214	159218.833155720754	329
0	3216	159251.759907887426	330
0	3218	159305.964184493059	331
0	3224	159781.755384768522	332
0	3230	159835.860247176765	333
0	3232	160087.078817347641	332
0	3241	160191.875562342925	333
0	3247	161117.468958246167	332
0	3252	161422.943098537645	333
0	3258	161603.017422429876	334
0	3260	161876.727960976417	333
0	3269	162358.210646333749	332
0	3274	162560.077794473014	333
0	3276	162792.467046357721	334
0	3278	162853.018363428686	335
0	3284	162887.338072257693	334
0	3289	162932.791859652263	335
0	3295	163392.214295833623	336
0	3309	163814.976314912195	335
0	3318	164464.164960423452	336
0	3320	164554.935143956407	337
0	3322	164558.726181871516	338
0	3324	164644.830916303273	339
0	3330	164677.112285163239	340
0	3332	164945.521725001129	341
0	3338	165110.574483210797	340
0	3343	165306.654327656954	341
0	3349	165787.296301359887	340
0	3354	165916.789578552707	341
0	3360	166522.038493946516	342
0	3362	166630.737975622172	341
0	3367	166632.982419987786	342
0	3369	166834.78038446754	343
0	3383	167575.701144891054	344
0	3385	167722.777924027271	345
0	3387	167769.059047895128	344
0	3392	168051.835773559863	343
0	3405	168623.63168470098	344
0	3407	168699.117313840023	345
0	3409	168703.253031812046	346
0	3411	168719.846019702358	347
0	3417	168853.440484789771	348
0	3423	169718.784691328759	347
0	3432	169788.381262286168	348
0	3434	169921.942087888192	349
0	3436	169969.486626667953	350
0	3438	170102.00024334629	351
0	3444	170434.421503926272	350
0	3453	170793.19933414038	351
0	3455	171104.904866675491	350
0	3468	172157.378707005259	351
0	3470	172622.292928333039	350
0	3475	172642.18327396058	351
0	3485	172956.511294441874	350
0	3490	173096.663435582765	351
0	3496	173643.752138850388	352
0	3506	173743.042300023106	353
0	3512	174147.659568610246	352
0	3517	174247.214370576586	353
0	3519	174250.970715622023	354
0	3521	174373.421759543473	355
0	3523	174516.214275061839	356
0	3529	174572.798579648664	357
0	3539	175668.875014791841	356
0	3544	175786.703726861732	357
0	3546	175944.436876820976	356
0	3551	176392.911731659184	357
0	3553	176427.548124725781	358
0	3555	176530.728240039507	359
0	3557	176809.422679851407	358
0	3574	177277.283667149598	357
0	3579	177327.569334624013	358
0	3585	177645.960387566154	359
0	3587	177768.104464978498	360
0	3589	177922.796391672726	361
0	3599	178313.592979657108	360
0	3608	178894.796772479616	361
0	3614	178990.441754134948	360
0	3619	179065.952380795188	361
0	3625	179174.14291343005	362
0	3631	179504.639652006137	363
0	3633	179745.877276966924	362
0	3638	179969.523349993825	363
0	3640	180345.693702253406	364
0	3642	180523.393829027767	363
0	3651	180608.165656906395	364
0	3653	180718.180029799715	365
0	3659	181211.870043958182	364
0	3664	181306.273059021905	365
0	3666	181348.806220036181	366
0	3676	181802.871708009118	367
0	3686	182347.22589775433	368
0	3688	182595.83151591068	367
0	3693	182607.793044787198	368
0	3695	182648.600472039479	369
0	3705	183175.001321576849	370
0	3711	183300.117836194689	369
0	3716	183577.172434110886	370
0	3718	183674.661960625791	371
0	3728	184143.285959594751	372
0	3730	184568.493689196761	371
0	3739	185044.962107417317	372
0	3741	185769.836635823007	371
0	3750	186749.31842983758	370
0	3763	187141.95575650268	371
0	3773	187975.019415450591	372
0	3775	187997.439831914957	371
0	3780	188180.911373824161	372
0	3786	188754.48870011663	371
0	3799	189519.187162253211	372
0	3801	189525.973530195174	373
0	3803	189550.308671305533	372
0	3816	190573.869616697188	371
0	3821	190794.387990918757	372
0	3823	190850.877828756924	371
0	3832	190959.75320958479	372
0	3834	191146.907498974182	373
0	3840	191315.829946632142	372
0	3845	191478.094977898124	373
0	3863	192299.868447306211	372
0	3868	192412.317986090676	373
0	3878	192733.125674711057	374
0	3880	193726.264281074081	375
0	3882	193935.175787890906	374
0	3891	194104.135115680728	375
0	3897	194878.278532261605	374
0	3902	194883.73660980588	375
0	3904	194976.891181844015	376
0	3910	195420.867653052993	377
0	3912	195482.674475694651	376
0	3925	196062.750868211145	375
0	3934	196193.472991205378	376
0	3936	196256.687136017378	377
0	3938	196330.735594479397	378
0	3948	196662.705060867105	379
0	3954	196826.946181079988	380
0	3956	197147.839674538341	381
0	3958	197191.43738999956	382
0	3960	197258.909308994765	381
0	3969	197704.059497332238	382
0	3971	197955.051377540187	383
0	3977	198253.714122893865	382
0	3982	198415.465162307265	383
0	3984	198666.609529229457	382
0	3993	198902.868905877333	383
0	3995	198928.265968779503	384
0	4001	199306.43999382709	385
0	4003	199557.899687347545	386
0	4009	199768.200510323215	387
0	4011	199859.548189024345	388
0	4013	199934.548697481508	387
0	4022	200314.955530282432	388
0	4024	200345.088118271188	389
0	4034	200667.035816017033	390
0	4040	201098.776599662955	389
0	4045	201271.827504509057	390
0	4047	201604.939300065191	391
0	4049	201642.242405222687	392
0	4051	201731.956667775494	393
0	4053	201812.698958392609	394
0	4055	202147.388773086126	393
0	4068	202719.901846808252	394
0	4070	202816.331295831374	395
0	4076	202985.653479234045	396
0	4078	203071.210966782189	397
0	4080	203168.469882133062	396
0	4085	203243.434677882392	397
0	4087	203287.241958306712	398
0	4093	203811.238522331714	399
0	4095	204419.095467527493	400
0	4101	204590.697416561301	399
0	4106	204656.634079073543	400
0	4112	204943.859898886879	401
0	4114	205211.423858463663	402
0	4116	205339.053377357358	403
0	4122	206083.599476204802	404
0	4124	206198.279462615605	403
0	4129	206458.183368064878	404
0	4135	206755.875830883737	403
0	4144	207284.524995207697	404
0	4158	207814.106291290538	405
0	4160	208207.46711477919	406
0	4162	208266.735894215097	407
0	4164	208368.460402610357	406
0	4169	208575.247142630644	407
0	4171	208744.571384313162	406
0	4176	209016.20663772064	407
0	4178	209252.937972045242	408
0	4180	209638.00855226492	409
0	4186	210013.2715955103	408
0	4191	210080.417672735122	409
0	4193	210089.509725993971	410
0	4199	210528.483052221781	411
0	4201	210707.855501595528	412
0	4211	211173.968600193616	411
0	4216	211201.701657679388	412
0	4218	211233.669667695806	413
0	4220	211330.745346496143	414
0	4222	211553.868796666507	415
0	4224	211587.448620135542	414
0	4249	213085.696242461559	413
0	4254	213165.515083288439	414
0	4256	213317.355526174448	415
0	4258	213447.972956811889	416
0	4264	213833.224969246468	417
0	4266	214554.162241304871	416
0	4275	214806.65209995343	417
0	4277	215152.250187591259	418
0	4283	215352.981496011244	419
0	4285	215615.542248234023	420
0	4291	216208.227154994961	419
0	4304	217510.883410634407	420
0	4310	217725.054368439868	421
0	4312	217792.429292658922	420
0	4317	217874.626789283344	421
0	4319	217906.527982930361	422
0	4321	218032.698030654743	423
0	4323	218062.303399799722	424
0	4325	218517.052829015351	425
0	4331	218694.837747598645	424
0	4336	218735.496939197139	425
0	4342	219376.11793207194	426
0	4344	219437.816048516622	427
0	4346	219590.176316658613	426
0	4355	219866.186781747946	427
0	4357	220205.145054283199	426
0	4362	220433.467660142583	427
0	4372	220883.35942021853	428
0	4374	221115.210794861783	429
0	4380	221331.883967170393	430
0	4382	221353.954489166496	429
0	4387	221598.176017830088	430
0	4393	221905.905002542157	431
0	4395	222360.763293142078	430
0	4408	223125.650458179894	431
0	4410	223276.870434696056	432
0	4412	223370.755357559243	433
0	4414	223397.976609304846	434
0	4420	223567.12957904732	433
0	4425	223644.180542326797	434
0	4427	223788.874317117553	435
0	4429	223893.894927322903	436
0	4435	224227.150572039899	437
0	4437	224262.96115791025	438
0	4443	224434.472754123268	437
0	4448	224687.562278444526	436
0	4461	226025.086544776234	437
0	4467	226089.996319013295	436
0	4472	226270.984823211357	437
0	4478	226434.045590383656	438
0	4480	226461.102621773351	439
0	4482	226606.245427065115	440
0	4484	226951.185222532267	441
0	4498	227606.927753696797	440
0	4503	227616.825245589488	441
0	4505	227649.922385546404	442
0	4507	227669.486962754523	443
0	4509	227824.842992062353	444
0	4523	229059.139896156845	443
0	4528	229297.714880927572	444
0	4530	229303.033695528862	443
0	4535	229547.832168797609	442
0	4540	229558.200524787569	443
0	4546	230347.497299509701	442
0	4555	230474.704295092763	443
0	4561	230648.687062973519	444
0	4563	230807.27567524707	443
0	4572	231043.826742362429	444
0	4578	231408.394582206961	443
0	4583	231483.740376692202	444
0	4609	232711.318502026257	443
0	4614	232782.7307062733	444
0	4616	232960.458859811184	443
0	4625	233450.325139329415	444
0	4635	233967.768853732186	445
0	4637	233987.273028611732	446
0	4643	234308.649405288157	445
0	4648	234506.721315245385	446
0	4650	234606.346517712003	447
0	4652	234770.32747274572	448
0	4658	235071.935598003325	447
0	4663	235282.03345910576	448
0	4665	235392.315179119465	447
0	4670	235496.45295272687	448
0	4672	235642.240801873264	447
0	4677	235746.830655731021	448
0	4683	235974.627758167559	449
0	4697	236614.75191731582	450
0	4703	236723.984580825269	451
0	4705	236883.277152400212	452
0	4715	237188.731549839136	451
0	4720	237542.928068039834	452
0	4734	238680.984295826855	453
0	4736	238698.957336256859	452
0	4741	238739.854317145109	453
0	4743	238988.726589907429	454
0	4745	239222.73605500446	455
0	4747	239279.383523362336	454
0	4756	239890.071503343639	453
0	4765	240158.386932822015	454
0	4771	240617.802258203652	455
0	4773	240717.505135285315	454
0	4790	241407.846629443225	453
0	4795	241669.592903899607	452
0	4808	242588.835694203731	451
0	4813	242627.063545287394	452
0	4815	242716.351624650767	453
0	4821	242980.82415868586	452
0	4838	243884.997735866505	453
0	4844	244170.1609064365	452
0	4857	244358.138113993236	453
0	4859	244770.5828675884	454
0	4865	245184.070187341809	455
0	4867	245619.827741841433	454
0	4872	245681.73461389314	455
0	4878	245854.926148594206	456
0	4880	246038.089650617386	457
0	4882	246112.704247916696	456
0	4887	246172.84051741142	457
0	4893	246247.510970855653	458
0	4895	246445.719730735877	459
0	4901	246831.427700419419	460
0	4903	246910.189126926122	459
0	4908	247056.78808070614	460
0	4910	247082.463351412345	461
0	4912	247157.855444509245	462
0	4926	247846.73706924755	463
0	4928	248081.691530114441	464
0	4930	248146.438178018504	465
0	4932	248273.578142703215	466
0	4934	248389.244258205886	467
0	4940	248575.962114642022	466
0	4945	248626.945169140871	467
0	4951	249381.725229444561	466
0	4956	249454.77760486886	467
0	4958	249490.560381404902	468
0	4960	249697.174855203313	469
0	4962	249949.969455797188	470
0	4964	250024.943263652382	469
0	4977	250416.570805978614	470
0	4983	250520.927456552742	469
0	4992	250847.311644056186	470
0	5006	251883.263906617548	471
0	5008	251970.44901762729	472
0	5014	252035.602193223892	471
0	5019	252571.236589623203	472
0	5021	252742.971539768039	471
0	5026	252920.359669957826	472
0	5028	253123.454142475802	473
0	5038	253812.824557255576	474
0	5044	254162.334154444395	473
0	5049	254284.326795963556	474
0	5055	254732.681233769837	475
0	5061	255044.636980156063	474
0	5066	255099.728850889215	475
0	5068	255615.002215663551	474
0	5077	255873.821021924375	473
0	5082	256252.287355629304	474
0	5088	256785.061985450445	473
0	5105	257191.477649397085	474
0	5107	257326.132066706775	473
0	5120	257615.969703216087	474
0	5122	257676.474970517541	475
0	5128	258128.899637267229	476
0	5130	258269.368920362744	477
0	5136	258361.737886081098	476
0	5145	259003.735323744474	475
0	5154	259431.782852401038	476
0	5156	259476.07163243985	475
0	5161	259650.590482803426	476
0	5163	259810.033237042068	477
0	5185	260838.32205270475	476
0	5190	261086.945433847325	477
0	5196	261510.059551345764	476
0	5201	261597.659894299851	477
0	5203	261912.730739014803	476
0	5208	261931.096116033477	477
0	5214	262316.23982759285	478
0	5216	262441.065169895928	479
0	5226	262747.36105101651	480
0	5232	262867.141299741923	479
0	5245	263270.103278095483	478
0	5250	263399.842735664873	479
0	5256	263592.832461919547	480
0	5258	264170.937433587968	479
0	5271	264639.787168362697	480
0	5281	265347.600468186122	481
0	5283	265450.789702856829	482
0	5289	265617.784353690803	481
0	5294	266032.639759802387	482
0	5296	266134.780400529064	483
0	5302	266511.019207063579	484
0	5304	266535.225599256434	485
0	5306	266703.852710994542	484
0	5315	267289.730518768192	483
0	5320	267719.665337255496	484
0	5322	267734.869144354064	485
0	5324	267822.164886706332	486
0	5326	267977.254847745797	487
0	5332	268388.025306455353	488
0	5334	268434.676873954595	487
0	5343	268619.902939840104	488
0	5345	268681.800788322984	489
0	5351	269287.464923166225	490
0	5357	269343.742945502163	489
0	5362	269810.568703293933	490
0	5376	270448.227897072793	489
0	5381	270643.129453571056	490
0	5387	270879.196430636818	491
0	5389	271209.920439543785	490
0	5402	271896.993167149486	489
0	5411	272184.138088824023	490
0	5413	272496.940384354533	491
0	5415	272572.712123441162	490
0	5424	272798.971140545005	491
0	5426	272872.618538598182	490
0	5435	273222.845848631906	491
0	5437	273285.770482489528	492
0	5447	273749.619088202188	493
0	5449	273772.785711521866	492
0	5454	273817.933304383062	493
0	5456	273852.347877724587	494
0	5458	273946.014603258539	495
0	5472	274514.614152563217	496
0	5478	274842.439555498423	495
0	5483	274845.803296165699	496
0	5485	274877.603204297153	497
0	5491	275163.950828323724	496
0	5496	275299.168683997092	497
0	5498	275453.326752193121	498
0	5500	275541.023382293644	497
0	5509	275660.095901924016	498
0	5511	275680.170976569631	499
0	5513	276034.350457836814	500
0	5523	276400.55764028033	501
0	5525	276435.966433835104	502
0	5531	276945.929903248909	501
1	0	0	0
2	0	0	0
3	33	2478.42039497626	1947.263994785
3	56	3099.877704578089	2440.9548799499
3	81	4925.184763772982	4020.603282963
3	91	5522.296826979715	4120.3676778729
3	123	7411.585171186003	5367.6810431925
3	159	8527.290238338161	6474.2082845213
3	202	10702.147880709369	8013.8360431212
3	222	11945.440870700974	9190.4358406363
3	237	12507.802707404469	9642.6428265331
3	274	14869.016069621418	11528.912098914
3	303	16858.651935486694	13517.123775151
3	315	17475.472322526027	13986.495023302
3	341	18464.467544369971	14717.070030345
3	379	19346.39189982844	14801.69316883
3	391	19759.590636399214	14413.041908826
3	410	20472.706807703351	14658.201267384
3	438	22435.416382197862	16570.17261922
3	460	23097.839158597042	16951.0482595
3	476	23471.808410483052	17132.825018522
3	514	25213.161028288876	18275.960010732
3	518	25248.192913001974	18854.0037407
3	539	26604.500791375165	19263.643345895
3	547	26857.45448678789	19306.681980115
3	556	26968.114916589683	19071.121458265
3	583	28708.037162814861	20690.989443434
3	589	28855.537207387958	20814.077399604
3	646	30857.866396438901	21508.360089214
3	654	31129.927585581889	22121.198686357
3	682	32834.472379917849	22623.469948709
3	710	34207.505076910008	23867.739456266
3	718	34583.163321428572	24052.727633468
3	731	35134.086598503043	24586.359539114
3	803	39011.983851120448	27449.492732585
3	845	42054.5037887158	30358.367353153
3	886	43847.509229519044	31121.318385911
3	904	44596.279356331204	31743.756403578
3	925	45627.990798652743	32034.301355676
3	936	46113.029234856938	32292.54311628
3	968	47426.650644010504	32855.415013246
3	974	47620.655648122181	32887.709797938
3	989	48215.213985043217	33517.591529889
3	1001	49297.389464201977	34513.774644737
3	1043	51306.411711536919	35903.251330745
3	1056	52024.720018478682	36447.069753271
3	1090	54096.684668660736	38312.636198117
3	1096	54244.497569110816	36879.287501785
3	1125	55861.729371380632	38392.29356807
3	1140	56420.613936661383	38883.561861256
3	1187	58718.616163107207	40815.812268195
3	1195	59073.962512473216	40682.230815408
3	1207	59548.302992303496	40870.054198963
3	1235	61291.381854881172	42583.196796402
3	1271	63611.719654761827	44675.857884774
3	1290	64811.038977280831	45730.618580099
3	1341	66984.104073327606	47619.936178301
3	1356	67648.884761315411	48193.014736378
3	1368	68316.202635048528	48496.030025751
3	1389	69417.32172326242	49581.28981022
3	1431	71645.256325081563	51713.896193115
3	1448	72744.662087131864	51292.631861705
3	1490	75210.75260252749	52700.09901689
3	1517	76630.984673277116	54010.853748143
3	1557	78475.624291813573	55735.654314054
3	1563	78522.408326231515	55653.586987344
3	1604	80551.427263841605	57659.224828708
3	1649	82361.682258509671	58800.675928656
3	1670	83027.864822373366	58846.539741694
3	1674	83141.469513066686	59084.862440651
3	1693	84080.072828904366	59844.210401133
3	1712	85682.485707244476	61422.716374597
3	1740	86953.440293744778	62516.873593777
3	1772	88846.569585959068	63924.037836481
3	1776	89136.454655519328	62854.643107476
3	1784	89705.04427268227	63388.149216811
3	1814	91555.285952715776	64545.860710931
3	1841	93705.706767403162	66653.249920622
3	1892	96162.478611311517	68053.415093427
3	1896	96241.609495161674	68450.04523768
3	1930	97924.865368558667	69092.727966162
3	1952	98457.831451381198	69343.613496603
3	1985	99516.138418326727	70143.395514825
3	2014	99991.258305125512	70193.004545253
3	2025	100370.731479749657	70672.719598122
3	2035	100734.915262098067	71018.256735663
3	2056	101459.947927529566	71513.297975154
3	2079	102148.078124058076	72107.59167157
3	2094	102656.52329180447	72264.226890212
3	2102	102896.435345998608	72606.969389991
3	2112	103680.94175207486	73124.951478337
3	2158	106152.359426795148	75507.490606654
3	2177	106827.989103999563	75680.441765343
3	2203	108645.709596602821	77006.784923758
3	2218	109257.832064042443	77142.990034042
3	2232	109849.94950654974	77677.607174616
3	2260	111142.356678695062	78361.662500531
3	2292	111869.03380314877	78661.771233753
3	2302	112346.206363356316	78876.328219049
3	2306	112898.557129502873	79325.778821242
3	2336	114266.011925247142	79617.138276958
3	2346	115154.350616681035	80352.98765056
3	2376	117433.027157420869	81692.061167033
3	2402	118289.422817025909	82057.512423738
3	2416	119609.528875426034	82812.760625613
3	2431	120263.238912923837	83169.64119448
3	2475	122573.852352956886	84280.656786532
3	2505	124198.845137125457	85679.676373012
3	2520	125630.067714127356	86620.10063659
3	2532	126143.138925005326	87093.389405452
3	2561	127752.096015234122	88493.865524806
3	2583	128729.380145231837	89376.588012288
3	2645	132077.450248078086	91091.765318751
3	2649	132081.985612847486	91675.822096646
3	2686	134258.7752122624	92096.145679531
3	2768	138126.690795943715	94299.390750615
3	2774	138634.387744246625	94778.220767583
3	2793	139555.913569676333	95596.235650888
3	2835	141851.336580915951	97716.584273344
3	2849	142462.472922560402	98169.534186057
3	2853	142477.715677982771	98118.533217894
3	2880	143286.19362819066	98271.172768836
3	2886	143496.531751342693	98171.966136321
3	2907	144700.440224186161	98696.47171225
3	2928	145483.684835266897	99242.234347739
3	2941	146064.633444771747	99538.077790128
3	2964	147470.582527798245	100444.29124994
3	2998	149291.359801833163	102201.61039464
3	3009	149575.767444354127	102265.18019137
3	3037	151190.203849897365	103620.50906079
3	3047	151559.600316007267	103086.36360758
3	3051	151581.789747160504	103932.28713246
3	3093	153046.707161740045	103893.46133378
3	3108	153791.119887205418	104149.20510443
3	3112	153937.642150754686	104101.54557822
3	3136	155362.606583098527	105526.1546348
3	3152	156391.943680942635	106510.8071681
3	3156	156521.651243232768	106141.66104291
3	3197	158557.91786683781	107855.06374888
3	3222	159727.642770065572	108571.84180377
3	3239	160170.781396069209	108986.10174345
3	3256	161551.618754678051	110283.91979945
3	3293	163146.694730800222	111366.28762407
3	3316	164436.531170169468	111621.11635685
3	3328	164665.074270992185	112435.53811176
3	3347	165427.20332652388	112418.71583412
3	3377	167001.692117658088	113957.88917277
3	3381	167505.573061714526	114425.09573861
3	3421	169023.121143961901	115338.44200327
3	3462	171301.958201388473	116974.85621054
3	3483	172870.35714332072	118436.16704261
3	3494	173115.817690212855	117731.94747464
3	3510	173981.162591046299	118128.51992821
3	3527	174570.545002595166	118972.95000374
3	3537	175663.77420691831	119438.98427135
3	3572	177252.014857736061	120924.6128226
3	3583	177565.351222735474	121254.24620432
3	3606	178636.164974701236	120369.65978216
3	3623	179073.666949999163	121529.53140866
3	3629	179386.075317534262	120961.05221594
3	3670	181385.93986375315	122942.75603971
3	3674	181553.703983352164	122979.54097968
3	3726	184096.482517263497	125100.3717516
3	3761	187062.963335766103	127564.73513764
3	3767	187222.156828027795	127126.2705951
3	3784	188511.031206101756	128406.23998451
3	3797	189242.533211680706	129100.34345531
3	3830	190952.402034504916	129665.94291203
3	3838	191278.023627577927	130436.09114393
3	3861	192160.060824044626	130684.26831415
3	3872	192519.60685717931	130427.73011178
3	3876	192648.269739430975	130893.68582446
3	3923	196024.917468205671	133360.13083663
3	3942	196383.291423218901	132152.8702413
3	3946	196546.190169305185	132114.19646842
3	3991	198867.406522473897	133620.88574354
3	4007	199724.957271954621	134366.55966594
3	4028	200488.028468182887	134562.14222378
3	4038	200935.779436147417	134729.78934258
3	4066	202526.51014640985	135857.74795685
3	4091	203780.722399242799	137089.66583484
3	4110	204879.195154077019	138127.52321006
3	4152	207547.394619156252	140482.20270879
3	4156	207771.308677858318	140362.77127911
3	4209	211001.734597012978	143292.36340163
3	4247	212902.507705893945	144217.80152125
3	4262	213776.254311251101	144969.13625859
3	4281	215188.16083807556	146210.36392025
3	4308	217661.928634215724	148237.65070611
3	4340	219151.299492763933	149284.72755237
3	4370	220541.887686048281	150521.06082489
3	4378	221236.129623912853	151168.32587497
3	4406	222729.475501301346	152486.75563425
3	4459	225734.229822364283	154575.06589491
3	4488	227032.790836608617	155125.00189823
3	4492	227222.135415329245	154758.75239778
3	4517	228370.007420844046	155273.13311539
3	4521	228878.536456600411	155704.30326151
3	4553	230384.269966874851	156881.12803473
3	4576	231163.333381536064	156901.37000913
3	4587	231567.38281842379	157873.73000275
3	4599	232080.359762171862	157312.38979019
3	4607	232446.555138808322	158141.03409739
3	4623	232966.295501189884	158198.28725171
3	4656	234955.615967605841	159663.8686516
3	4695	236487.968796073106	160826.19703569
3	4701	236669.188090600652	161010.75132714
3	4713	236971.347445436401	160890.68771532
3	4728	237873.09254949039	162074.70521425
3	4732	238401.458057035339	161873.25196388
3	4769	240353.476492157785	163627.58096299
3	4780	240898.314476516677	163977.04462147
3	4788	241275.743676275593	164179.97961141
3	4806	242487.058458021489	165350.01679727
3	4832	243679.706457425487	165723.39554741
3	4842	243899.303696938438	165921.16836631
3	4851	244240.976336803865	165930.98220164
3	4863	245146.802164074612	166810.18929391
3	4891	246230.225461545047	167843.40560045
3	4916	247408.213086249885	168890.58941169
3	4938	248420.928008668704	169181.96269424
3	4949	248641.72416012792	169922.51029433
3	4981	250443.061407562925	170445.37352611
3	4990	250556.01829770079	170414.93362746
3	5004	251786.347314641459	171272.20211885
3	5042	254040.966642276032	172976.01741056
3	5053	254468.732815953552	172985.20305264
3	5075	255737.602226175947	173071.77130541
3	5103	257098.98884815222	174162.2266047
3	5118	257589.811548730938	174224.02213351
3	5126	257688.948611142694	173795.72546323
3	5134	258288.61025005637	174230.35684119
3	5152	259301.934097149057	174053.32389858
3	5175	260489.990472226052	175082.42830974
3	5183	260722.805251777751	175291.08375231
3	5194	261495.147499358861	175617.85189892
3	5243	263091.35893901868	175102.50790613
3	5269	264509.800700182676	176285.42997364
3	5275	264874.675740097299	176393.25521465
3	5287	265523.913947260589	175115.96762771
3	5341	268474.516770849586	177880.99843423
3	5374	270332.970207511098	179280.37533247
3	5385	270693.191914186464	179352.48884081
3	5409	272058.592024334357	180479.55686079
3	5422	272641.253895434202	180825.97257989
3	5445	273681.24393933511	181792.50756389
3	5462	274137.420068104403	181849.97570676
3	5476	274767.881901609364	182824.53165571
3	5517	276191.699922728004	182647.05496569
4	155	8459.301711489085	6326.7587369645
4	189	10399.447179595579	7822.2512565597
4	256	13812.996288855199	10889.169519876
4	387	19672.078944780503	14786.061794896
4	650	30950.688375253801	22530.883836805
4	759	36526.598412413721	25770.144760914
4	765	36851.658706004371	26048.384727011
4	782	38216.258290252289	27127.447459247
4	826	40055.474488502939	28439.196435472
4	864	42521.296760282119	30300.927557078
4	1170	58517.237742525166	40446.658223456
4	1254	62354.714206206252	43515.30720073
4	1312	65699.057974545857	46536.932304127
4	1427	71556.174101960486	50861.773489657
4	1467	73684.060728094181	51792.144823096
4	1593	80229.669435239037	57351.586042962
4	1641	81966.913569160379	58944.729666118
4	1659	82724.858010020679	59557.186537266
4	1736	86899.068078240952	62216.515843908
4	1869	95185.51527638977	67676.582708672
4	1948	98362.000980368457	69490.578816252
4	2069	101827.335959999465	71857.810472917
4	2363	116111.511717290263	80375.935480038
4	2454	121434.415158192272	83585.429381832
4	2488	123221.510086479241	84870.428295517
4	2603	129360.593731599504	89560.684629841
4	2611	129630.702742329442	89310.40906745
4	2615	129764.944323562661	90346.717048156
4	2700	134881.927318545633	92639.819796921
4	2708	135151.012299843706	92702.656918854
4	2757	137792.586440146543	94942.997549286
4	3193	158418.965145312826	107890.10913771
4	3299	163645.8523993293	111800.19128583
4	3415	168764.353616955334	114634.10439791
4	3442	170425.652258340845	116169.37343351
4	3699	182844.163336065243	124157.63251211
4	3703	182965.979207521881	124127.01753453
4	3737	184868.725103429164	125652.21813563
4	3895	194512.311723111774	132142.33146812
4	3967	197433.422542811016	132987.33586568
4	4133	206583.159501059557	139611.49005353
4	4205	210789.977050526645	143245.81276953
4	4235	212354.237536704745	144289.29998986
4	4298	216695.62774797028	147602.16243703
4	4418	223399.176316075606	152935.47895041
4	4441	224417.380149355738	153335.52480629
4	4633	233948.547301022914	158290.96510817
4	5012	251986.749998657613	171345.49339596
4	5220	262451.954777287899	174484.59456518
4	5239	262986.355954669996	174868.73646081
4	5313	267017.147511002257	176546.28478574
4	5355	269298.060870562331	178315.43405935
4	5489	275013.172926577392	182253.31718488
4	5538	277187.080288446161	183035.04309792

