version 2
run Iteration-74-20200521-09:55:45-72408
attr configname Iteration
attr datetime 20200521-09:55:45
attr experiment Iteration
attr inifile omnetpp.ini
attr iterationvars "$i=8, $j=5, $0=15-(8+5)"
attr iterationvarsf i=8,j=5,15-(8+5)-
attr measurement "$i=8, $j=5, $0=15-(8+5)"
attr network Network
attr processid 72408
attr repetition 0
attr replication #0
attr resultdir results
attr runnumber 74
attr seedset 74
itervar i 8
itervar j 5
param **.resourcePool.amount 8
param **.resourcePool1.amount 5
param **.resourcePool2.amount 15-(8+5)
param **.source.interArrivalTime exponential(6min)
param **.delay.delay uniform(4min,28min)
param **.delay1.delay uniform(10min,28min)
param **.delay2.delay uniform(4min,16min)
param **.allocate.resourceModuleName "\"Network.resourcePool\""
param **.allocate1.resourceModuleName "\"Network.resourcePool1\""
param **.allocate2.resourceModuleName "\"Network.resourcePool2\""
param **.deallocate.resourceModuleName "\"Network.resourcePool\""
param **.deallocate1.resourceModuleName "\"Network.resourcePool1\""
param **.deallocate2.resourceModuleName "\"Network.resourcePool2\""
param **.router.randomGateIndex "uniform(0, 1) > 0.2 ? 0 : 1"

vector 0 Network.allocate queueLength:vector ETV
attr interpolationmode sample-hold
attr title "queue length, vector"
vector 1 Network.allocate1 queueLength:vector ETV
attr interpolationmode sample-hold
attr title "queue length, vector"
vector 2 Network.allocate2 queueLength:vector ETV
attr interpolationmode sample-hold
attr title "queue length, vector"
vector 3 Network.sink lifeTime:vector ETV
attr interpolationmode none
attr title "lifetime of arrived jobs, vector"
attr unit s
vector 4 Network.sinkStat lifeTime:vector ETV
attr interpolationmode none
attr title "lifetime of arrived jobs, vector"
attr unit s
0	0	0	0
0	10413	254748.467246041144	1
0	10415	254809.604856141798	0
1	0	0	0
1	238	8430.564121133243	1
1	240	8530.03119639059	0
1	255	8764.688763754155	1
1	261	8871.613988109647	0
1	340	10537.514465356432	1
1	342	10556.292330629643	0
1	1030	30887.198225402911	1
1	1032	30897.04150884332	0
1	1240	35408.471152556405	1
1	1242	35510.554958000601	0
1	1252	35531.228322115351	1
1	1254	35620.530118385606	0
1	1467	40773.482308823046	1
1	1470	40809.758083493187	2
1	1472	41059.1892594989	1
1	1476	41110.773706526869	0
1	1916	56241.877833699736	1
1	1918	56644.407239158859	0
1	2098	61472.211835848028	1
1	2105	61594.154031779525	2
1	2108	61668.680872686713	3
1	2110	61735.880818113175	2
1	2115	61818.113331714964	1
1	2123	62079.925576360782	0
1	2190	63077.936449047923	1
1	2193	63126.555106024614	2
1	2196	63200.853701607898	3
1	2199	63282.890923807974	4
1	2204	63470.400313152319	3
1	2211	63521.946204806346	2
1	2215	63533.318965261837	1
1	2224	63752.226816067358	0
1	2229	63804.382733095551	1
1	2240	64110.169045792741	2
1	2242	64137.640411467277	1
1	2255	64349.579606405998	2
1	2260	64519.874795064649	1
1	2270	64839.874307045597	2
1	2272	64845.19500091288	1
1	2281	64997.472685309162	0
1	2460	69166.51824080636	1
1	2462	69287.427642114275	0
1	2467	69343.629889007055	1
1	2469	69347.484983375026	0
1	2482	69495.693414687071	1
1	2484	69517.523785602163	0
1	2569	71295.716730401888	1
1	2571	71318.856481594543	0
1	2581	71521.042178066526	1
1	2583	71711.219953461909	0
1	2708	74446.867727300525	1
1	2710	74494.183829057103	0
1	2791	75855.300110006678	1
1	2794	75945.826957684212	2
1	2796	75959.479779260604	1
1	2811	76177.518014292121	2
1	2814	76232.764876159959	3
1	2816	76305.52841850216	2
1	2820	76438.235515949641	1
1	2825	76489.054867799099	2
1	2828	76548.646152964391	3
1	2830	76561.707740347465	2
1	2847	76878.98632831448	1
1	2851	76979.481839292072	0
1	2856	77130.633811972497	1
1	2871	77465.216735738654	0
1	2904	77985.582533798634	1
1	2906	78021.898141825892	0
1	2944	78611.661782714986	1
1	2950	78659.580953535708	2
1	2962	78874.566879716091	1
1	2966	78935.895215778416	0
1	3156	83223.028470819362	1
1	3162	83322.097056608047	2
1	3164	83333.176316571486	1
1	3173	83448.783491647664	0
1	3292	86276.838893439646	1
1	3299	86646.86584542802	0
1	3311	86786.800739344539	1
1	3322	86918.424668598428	2
1	3324	86919.024204538679	1
1	3339	87129.036764254038	0
1	3344	87254.033865039392	1
1	3351	87368.91742742917	0
1	3356	87401.052445092576	1
1	3364	87571.83697831892	2
1	3366	87610.669667496939	1
1	3375	87696.062989543667	0
1	3829	98746.927231942334	1
1	3836	98787.76908344032	0
1	3841	98870.037643346721	1
1	3858	99210.709130409847	2
1	3871	99317.029120253392	3
1	3880	99527.359932404943	2
1	3885	99580.290609097772	1
1	3891	99722.5335030928	2
1	3894	99723.655692905137	3
1	3896	99750.117742966591	2
1	3901	99799.188228766501	3
1	3903	99830.601281173544	2
1	3912	100148.709299501014	1
1	3917	100302.597845848503	2
1	3924	100668.570904716866	1
1	3929	100701.567815636373	2
1	3936	100845.492711425759	1
1	3943	100900.456212337791	0
1	4173	106824.811409060261	1
1	4175	106907.915376708543	0
1	4295	109828.169669008379	1
1	4298	109955.343293717698	2
1	4300	110062.493773468168	1
1	4305	110075.167180644898	0
1	5063	129955.603633436093	1
1	5065	130115.171631182765	0
1	5148	131347.153740527052	1
1	5150	131737.903563673006	0
1	5155	131741.073378749832	1
1	5161	131825.49091114286	2
1	5168	131874.040240521174	1
1	5176	132089.374648124414	2
1	5178	132114.63609198902	1
1	5190	132313.75332889765	0
1	5198	132436.317162574267	1
1	5206	132682.652717354126	2
1	5209	132692.539157575901	3
1	5217	132775.377611606114	4
1	5219	132802.046744063949	3
1	5227	132915.186194350031	4
1	5233	133138.312953333679	5
1	5236	133158.447785861734	6
1	5238	133170.865560178043	5
1	5247	133466.568296697553	4
1	5259	133708.905113317664	3
1	5263	133734.33180582572	2
1	5275	133873.552269725581	1
1	5284	134160.7347701903	0
1	5308	134600.816092602736	1
1	5321	134931.681979153635	0
1	5391	136471.919049096501	1
1	5393	136522.124623436811	0
1	5643	143974.561478912551	1
1	5649	144196.872884902481	0
1	6195	160251.267324303083	1
1	6205	160380.44190295236	2
1	6208	160421.760995076863	3
1	6218	160540.944340876258	4
1	6223	160715.645111756542	3
1	6228	160730.075021161211	2
1	6234	160806.817934716142	3
1	6237	160947.707844240431	4
1	6239	161062.273071094287	3
1	6244	161142.987369443259	4
1	6246	161329.173039404171	3
1	6255	161377.096458294996	2
1	6259	161391.579056650845	1
1	6269	161764.232420979104	2
1	6271	161820.053655741879	1
1	6283	162246.777108035618	0
1	6360	163425.535691553477	1
1	6362	163530.940373058999	0
1	6373	163631.591912194616	1
1	6376	163791.633890793878	2
1	6379	163814.536727149818	3
1	6382	163858.492752147414	4
1	6384	164015.956418694556	3
1	6388	164017.141938784871	2
1	6403	164398.064325631196	3
1	6405	164518.838665308743	2
1	6409	164529.648892131804	1
1	6419	164563.56281233158	2
1	6442	165130.227622858817	1
1	6446	165253.222129978552	0
1	6451	165276.195020188277	1
1	6453	165285.406197064726	0
1	6579	167572.151655961296	1
1	6589	167876.878252853213	0
1	6904	174527.486843453392	1
1	6911	174944.00875241318	0
1	7043	177918.902530755973	1
1	7046	178031.599507713736	2
1	7054	178299.65988266502	1
1	7059	178303.220753397773	0
1	7065	178383.744094641611	1
1	7072	178623.790975609449	2
1	7078	178721.171529918493	1
1	7083	178739.0631022279	0
1	7089	178774.528216331565	1
1	7101	179134.924546026033	0
1	7129	179795.332696765789	1
1	7131	179861.359060982223	0
1	7137	179862.0973858835	1
1	7140	179916.08531738147	2
1	7142	179996.062420487744	1
1	7151	180151.226538743157	0
1	7244	182166.408017382965	1
1	7254	182234.835933941749	0
1	7305	183176.694328138142	1
1	7308	183202.125251567175	2
1	7310	183535.973539850125	1
1	7314	183615.615639774188	0
1	7329	183769.470959523183	1
1	7344	183905.547689712939	0
1	7349	184089.693844319319	1
1	7351	184239.7706888002	0
1	7361	184475.899148706146	1
1	7363	184528.855784213552	0
1	7472	186871.698128850858	1
1	7494	187136.682225748333	2
1	7497	187155.726836513675	3
1	7499	187336.09559830925	2
1	7507	187353.874297207522	3
1	7514	187486.077766034317	2
1	7518	187751.679666401049	1
1	7528	187843.228740632227	0
1	7538	187913.526794675088	1
1	7540	187920.159802027268	0
1	7553	188344.521141470627	1
1	7561	188405.905067102075	2
1	7566	188452.860155037553	1
1	7571	188477.883533986974	2
1	7579	188626.013332613336	3
1	7581	188743.802462683556	2
1	7585	188841.597580374381	1
1	7589	188906.981390016375	0
1	7599	189113.197859029608	1
1	7601	189122.513670870727	0
1	7611	189417.587811651497	1
1	7624	189790.941116192327	0
1	7658	190324.083894686532	1
1	7660	190485.62631048744	0
1	7946	198619.055734016767	1
1	7948	198667.129016680937	0
1	7954	198799.912068341512	1
1	7956	198882.026872949989	0
1	7962	198882.879444521342	1
1	7965	198931.460403976984	2
1	7968	198945.225994964613	3
1	7980	199226.484410326585	2
1	7986	199327.35969017075	3
1	7995	199483.529628333799	2
1	8006	199778.887861566289	1
1	8010	199795.359439410584	0
1	8015	199801.124880674078	1
1	8034	200211.978673650187	2
1	8036	200250.330318225842	1
1	8041	200331.978301570087	2
1	8044	200344.243970494567	3
1	8046	200406.98091830094	2
1	8058	200695.247402177356	1
1	8066	200824.424637631935	2
1	8073	200895.61777795817	1
1	8078	201039.61946143972	2
1	8081	201110.531414646652	3
1	8086	201131.539035149233	2
1	8095	201213.801143462133	1
1	8100	201214.269624995988	2
1	8106	201444.367493644348	3
1	8108	201510.376182980506	2
1	8113	201547.152016071579	3
1	8116	201611.088961348539	4
1	8123	201812.39288069153	3
1	8127	201848.486217599657	2
1	8131	202015.941536748014	1
1	8145	202359.193127827377	0
1	8342	207866.759322703642	1
1	8350	208394.083501280053	0
1	8383	208837.31440865698	1
1	8390	209179.88306665019	0
1	8582	213727.872543039496	1
1	8584	213745.099914251549	0
1	8749	217477.708331860008	1
1	8751	217502.978857477565	0
1	8757	217590.971937618895	1
1	8759	217683.096197588302	0
1	8764	217692.299887427602	1
1	8778	217830.319857503804	2
1	8780	217857.526760260019	1
1	8787	217912.649407794466	0
1	8805	218205.679845595122	1
1	8807	218483.836810292114	0
1	8832	218902.909035397212	1
1	8847	219182.316438146311	0
1	8882	219512.395726356735	1
1	8889	219887.86044824906	0
1	8894	219991.585207947961	1
1	8905	220133.093329389949	0
1	8910	220155.154265260397	1
1	8925	220338.331205977793	0
1	9274	229869.075022564685	1
1	9279	229967.11537879835	0
1	9311	230700.026600845637	1
1	9313	230781.461740815445	0
1	9544	235915.44326009306	1
1	9552	236137.585151555259	2
1	9554	236165.794678911938	1
1	9558	236490.554766136414	0
1	9862	244161.948151725619	1
1	9864	244209.749832461908	0
1	9869	244257.782344237104	1
1	9872	244339.854657953912	2
1	9884	244457.473866970595	1
1	9891	244756.930899796565	0
1	9896	244769.388918685625	1
1	9901	244850.50826273485	0
1	10072	248149.591179519209	1
1	10075	248220.096454680424	2
1	10077	248327.064821202637	1
1	10092	248592.8210661601	2
1	10108	248865.459547328703	1
1	10114	249039.880607926395	2
1	10116	249048.121384743667	1
1	10121	249060.174886273908	0
1	10126	249072.342104740937	1
1	10128	249073.650742658611	0
1	10327	253508.638324392134	1
1	10329	253614.24240862938	0
1	10335	253615.295985594156	1
1	10341	253689.621487003228	2
1	10347	253752.020413453384	3
1	10349	253804.187040913507	2
1	10368	254253.113769800794	3
1	10371	254291.326147777095	4
1	10373	254301.364835640289	3
1	10382	254412.413745515854	2
1	10396	254529.446215499178	3
1	10398	254583.120903935478	2
1	10402	254614.000346649095	1
1	10406	254678.067463787025	0
1	10417	254809.604856141798	1
1	10420	254812.180900659291	2
1	10431	255195.746045784245	3
1	10433	255268.896229522497	2
1	10443	255343.720139436724	3
1	10446	255371.01830366534	4
1	10452	255594.260026860361	5
1	10455	255638.152307466786	6
1	10462	255717.346264713318	5
1	10467	255861.000784959055	6
1	10469	255870.412679454185	5
1	10487	256072.707175187961	4
1	10491	256113.046803001067	3
1	10496	256140.918391838909	4
1	10507	256243.901372247331	5
1	10509	256249.938482192933	4
1	10514	256456.651417890436	5
1	10525	256659.012250488827	6
1	10528	256660.849325369631	7
1	10533	256860.044497372456	6
1	10548	257155.088034675504	7
1	10553	257324.118033361496	6
1	10562	257434.875145515084	5
1	10571	257540.247857106602	4
1	10576	257562.141433372524	5
1	10578	257563.757207052977	4
1	10583	257729.279724768596	5
1	10586	257731.113222500353	6
1	10589	257794.143429440684	7
1	10599	258179.667910493567	6
1	10608	258308.812317419671	5
1	10616	258473.463060964896	6
1	10629	258765.225083125332	7
1	10631	258882.366346150389	6
1	10638	258930.251893077852	5
1	10642	259029.42418857257	4
1	10651	259084.394286241577	3
1	10668	259520.235500475266	2
1	10680	259880.467367772208	1
1	10684	259965.630940229507	0
1	10697	260307.624703536632	1
1	10704	260405.541395337909	0
1	10722	260601.269035616989	1
1	10729	260688.494775418999	0
1	10746	260963.817225527525	1
1	10748	260971.462427331009	0
1	10753	261333.45328748038	1
1	10763	261593.320299831807	0
1	10934	265722.531752045471	1
1	10948	266005.699391954895	2
1	10950	266024.124673406193	1
1	10954	266098.342677462123	0
1	10967	266155.087198758418	1
1	10969	266228.704353006635	0
1	11112	269195.88999507545	1
1	11124	269465.782085396307	0
1	11132	269726.378625274414	1
1	11140	269946.010584072752	2
1	11147	269977.145426273895	1
1	11151	270101.734455359718	0
1	11156	270217.820420459786	1
1	11173	270272.264081378767	2
1	11175	270364.885275065841	1
1	11193	270697.656371342087	2
1	11195	270703.804679731593	1
1	11199	270773.22201002385	0
1	11214	270955.435240583017	1
1	11216	271063.670057849901	0
1	11221	271283.656608419723	1
1	11228	271405.895297396886	0
2	0	0	0
2	59	3127.479387871756	1
2	62	3268.496279165021	2
2	64	3378.333713721953	1
2	69	3399.030973758265	0
2	85	3722.005029660878	1
2	87	3808.398537256293	0
2	267	9014.534980023346	1
2	273	9099.918127826728	0
2	279	9236.857028709269	1
2	282	9278.754751001796	2
2	291	9438.974391864075	3
2	293	9488.888734147667	2
2	299	9685.795619577884	3
2	312	9996.760982830792	2
2	320	10044.824620544292	1
2	344	10556.292330629643	2
2	346	10813.589306476839	1
2	352	10815.396677287393	2
2	354	10919.845002383708	1
2	360	11203.703227939552	2
2	362	11206.588699224718	1
2	385	11443.041572762728	2
2	388	11474.995473245054	3
2	390	11500.770595517724	2
2	396	11571.771670288857	3
2	402	11887.272044870384	2
2	415	12129.194550535955	1
2	420	12185.112570483952	0
2	426	12215.742545533297	1
2	432	12240.327671310836	2
2	452	12523.647120451635	3
2	454	12792.580413393058	2
2	460	12826.153333988782	3
2	462	12881.631788291752	2
2	470	13071.252497437723	1
2	479	13179.2784757137	0
2	489	13486.525274115105	1
2	492	13626.132975759485	2
2	494	13661.070187088817	1
2	500	13735.33026382967	2
2	514	13973.996678643644	1
2	519	14000.673977586754	0
2	537	14315.505951471999	1
2	539	14332.759274092287	0
2	549	14576.575535345578	1
2	552	14606.967525670564	2
2	557	14709.525344443292	1
2	562	14779.984410818048	0
2	568	14812.673731543888	1
2	579	15060.940297772584	2
2	581	15246.405079287261	1
2	593	15499.195719383039	0
2	599	15611.8453855933	1
2	609	15771.08373646382	2
2	611	16056.782839313865	1
2	617	16077.9819180887	2
2	623	16319.973075461358	1
2	628	16450.648007079341	0
2	637	16543.015959790266	1
2	640	16630.317462914127	2
2	642	16825.368086549767	1
2	655	17222.187688161403	0
2	667	17698.652292136698	1
2	669	17721.788892581441	0
2	686	18261.676509560267	1
2	695	18472.196223347761	0
2	736	20065.175908085459	1
2	741	20284.667699177254	0
2	840	24366.354764909139	1
2	842	24578.512192001547	0
2	897	26944.20796767407	1
2	912	27543.590008949123	0
2	1068	31589.357957596395	1
2	1077	31910.021491101978	0
2	1083	31927.702853762674	1
2	1096	32435.221073428146	0
2	1141	33480.584132367972	1
2	1156	33783.157866525466	2
2	1158	33821.681617781625	1
2	1169	33968.757512858669	0
2	1196	34392.747476928622	1
2	1199	34422.874698888537	2
2	1205	34562.1482601674	1
2	1210	34672.473551622053	0
2	1216	34825.862966700071	1
2	1226	35058.34791374446	0
2	1260	35708.633717150829	1
2	1263	35834.478244768842	2
2	1268	36179.942693358563	1
2	1276	36345.561208460302	0
2	1282	36400.749838158764	1
2	1285	36469.293786171646	2
2	1291	36645.858535359598	3
2	1293	36777.711423693501	2
2	1302	36990.288771796794	1
2	1318	37545.444142486221	2
2	1324	37732.782776115738	1
2	1329	37756.493374217124	0
2	1335	37916.479425629195	1
2	1341	38160.73162825992	0
2	1347	38312.454665916039	1
2	1349	38347.655294347377	0
2	1422	40124.064182771589	1
2	1431	40144.40000604993	2
2	1449	40556.655529925494	1
2	1454	40613.290797974485	0
2	1474	41059.1892594989	1
2	1478	41110.773706526869	2
2	1480	41123.456165810941	1
2	1486	41161.805786404428	2
2	1491	41439.699946771878	1
2	1503	41835.861401354788	0
2	1515	41905.805076821427	1
2	1518	41916.591658094486	2
2	1521	42043.589476058677	3
2	1531	42152.785505018699	2
2	1536	42161.893626825778	1
2	1546	42289.688980008849	2
2	1549	42556.903403156716	3
2	1558	42851.761018328287	4
2	1560	42942.790362238455	3
2	1573	43113.772587088762	2
2	1583	43385.016248839396	3
2	1586	43429.855553959398	4
2	1588	43483.09165030675	3
2	1596	43999.631072284548	2
2	1602	44128.687861901053	3
2	1609	44319.154411511881	4
2	1611	44320.198303106744	3
2	1623	44646.219351237534	2
2	1628	44648.754301350136	1
2	1637	44777.791116024218	2
2	1642	44958.603056056319	1
2	1650	45131.328477132638	0
2	1656	45138.543140565166	1
2	1666	45409.493682346811	0
2	1672	45494.210962448596	1
2	1677	45760.583779720484	0
2	1683	46063.500157519722	1
2	1689	46190.344270169308	0
2	1699	46410.042736526626	1
2	1704	46488.423546144633	0
2	1763	48623.259757781806	1
2	1765	48806.554080708058	0
2	1808	50649.256835086038	1
2	1816	51057.417489741758	0
2	1862	53351.239319998771	1
2	1864	53659.380531596464	0
2	1931	57029.840088739597	1
2	1933	57039.362035871705	0
2	2043	60116.346289442043	1
2	2051	60456.924584330978	0
2	2125	62079.925576360782	1
2	2130	62160.480694057739	0
2	2156	62473.356902399328	1
2	2166	62752.392112042245	2
2	2168	62785.204323115146	1
2	2177	62892.038309422263	0
2	2206	63470.400313152319	1
2	2213	63521.946204806346	2
2	2217	63533.318965261837	3
2	2219	63702.452588597631	2
2	2226	63752.226816067358	3
2	2231	63811.081229557225	2
2	2244	64137.640411467277	3
2	2246	64207.819280025491	2
2	2262	64519.874795064649	3
2	2264	64542.094961231893	2
2	2274	64845.19500091288	3
2	2276	64864.70686679179	2
2	2283	64997.472685309162	3
2	2285	65027.494339083263	2
2	2291	65062.084412076496	3
2	2293	65119.513039248382	2
2	2299	65123.021829536784	3
2	2305	65703.537767563888	2
2	2311	65729.534093099034	3
2	2313	65857.249298965876	2
2	2319	65916.603891359677	3
2	2326	66081.769210831989	4
2	2328	66174.44823272241	3
2	2334	66242.629691125711	4
2	2339	66321.64991510505	3
2	2345	66725.777221278281	4
2	2347	66806.910599483495	3
2	2359	67013.880425614246	2
2	2377	67516.482773213034	1
2	2385	67569.850553792843	0
2	2406	68059.99769907788	1
2	2412	68103.146138481596	2
2	2414	68224.352676118111	1
2	2425	68484.121302568295	0
2	2464	69287.427642114275	1
2	2471	69347.484983375026	2
2	2476	69433.551876728364	1
2	2486	69517.523785602163	2
2	2488	69576.212379506315	1
2	2494	69765.680694362414	2
2	2500	70122.009413928666	1
2	2515	70351.197549966187	2
2	2520	70459.154004978473	1
2	2530	70570.655051642891	2
2	2533	70614.092847194337	3
2	2535	70627.541139868029	2
2	2549	70880.002589804782	3
2	2551	70969.562643712844	2
2	2560	71209.65175960445	1
2	2573	71318.856481594543	2
2	2575	71476.818570715316	1
2	2585	71711.219953461909	2
2	2587	71848.159769067999	1
2	2593	71860.76821052424	2
2	2596	72089.470704283143	3
2	2601	72165.663763789918	2
2	2607	72289.127747841363	3
2	2612	72328.210342504956	2
2	2618	72548.532915658996	3
2	2624	72807.275863403912	2
2	2633	72923.518167226934	3
2	2641	73122.560157834079	2
2	2646	73221.311449349798	1
2	2656	73555.061699718563	2
2	2669	73832.375005932983	1
2	2681	74124.013441225972	0
2	2727	74872.220703338959	1
2	2730	74881.785444644246	2
2	2736	74974.707617818451	1
2	2748	75192.473360307305	0
2	2757	75254.002405091584	1
2	2760	75349.340540527439	2
2	2772	75516.175250395274	1
2	2798	75959.479779260604	2
2	2800	76008.716955043166	1
2	2805	76029.853555898255	0
2	2818	76305.52841850216	1
2	2822	76438.235515949641	2
2	2832	76561.707740347465	3
2	2834	76613.961406967676	2
2	2842	76651.848708957224	1
2	2849	76878.98632831448	2
2	2853	76979.481839292072	3
2	2858	77405.282446782178	2
2	2866	77449.062838412612	1
2	2873	77465.216735738654	2
2	2876	77500.008515794201	3
2	2882	77620.810970324656	4
2	2884	77823.251828595787	3
2	2908	78021.898141825892	4
2	2919	78209.333946279323	3
2	2925	78255.616192729634	4
2	2931	78475.918707533812	3
2	2937	78493.005099107836	4
2	2952	78674.155371121853	3
2	2957	78718.734811752176	2
2	2964	78874.566879716091	3
2	2968	78935.895215778416	4
2	2973	79015.922905973232	3
2	2979	79063.049656676006	4
2	2985	79343.036998271084	3
2	2991	79351.119905624025	4
2	2996	79530.038030508697	3
2	3002	79703.957990982019	4
2	3005	79947.558360906638	5
2	3012	80075.377867647066	6
2	3022	80183.948434799052	5
2	3027	80280.511810321152	4
2	3033	80299.793540167427	5
2	3035	80452.156459058709	4
2	3043	80866.665402993351	3
2	3051	81089.033135588355	2
2	3060	81133.996221753021	3
2	3066	81344.832306932911	4
2	3075	81653.607801183201	3
2	3080	81686.958601761401	2
2	3089	81815.224284926808	3
2	3095	81954.523985556401	2
2	3100	81961.515846092046	1
2	3120	82531.860502009318	2
2	3126	82597.903758456331	3
2	3136	82733.569919954128	2
2	3141	82879.797317765445	1
2	3150	83139.697910889775	0
2	3166	83333.176316571486	1
2	3168	83372.016992813982	0
2	3175	83448.783491647664	1
2	3178	83641.519293695577	2
2	3181	83738.487198005158	3
2	3187	83922.938925942433	4
2	3192	83981.714128240086	3
2	3200	84096.732991680295	2
2	3209	84515.681154078878	1
2	3220	84826.516422040553	0
2	3226	84888.08712771428	1
2	3233	84998.987468768907	2
2	3239	85287.851817480363	1
2	3249	85429.303814181537	2
2	3254	85538.594415847005	1
2	3273	85944.050934840127	2
2	3278	86079.096984642632	1
2	3294	86320.013515639843	0
2	3301	86646.86584542802	1
2	3304	86758.783089617833	2
2	3313	86822.646842545904	1
2	3326	86919.024204538679	2
2	3334	86995.558772243352	1
2	3341	87129.036764254038	2
2	3346	87308.821051272638	1
2	3353	87368.91742742917	2
2	3358	87407.318552739711	1
2	3368	87610.669667496939	2
2	3370	87678.986481789292	1
2	3377	87696.062989543667	2
2	3382	87737.559905669726	1
2	3394	88072.589712211107	2
2	3396	88393.693741208948	1
2	3402	88434.688045359638	2
2	3404	88525.088485281707	1
2	3410	88530.850368713201	2
2	3419	89047.185617014428	3
2	3422	89136.711162926173	4
2	3424	89247.783590632565	3
2	3429	89257.887385606558	2
2	3449	89719.022660542072	1
2	3458	90020.227346502037	0
2	3464	90166.461870361883	1
2	3470	90207.556403673328	0
2	3508	91070.069780551278	1
2	3510	91181.74063128438	0
2	3523	91252.826110601862	1
2	3532	91588.884842618528	0
2	3570	92219.246355657199	1
2	3578	92407.161821540048	0
2	3709	95683.895748711491	1
2	3711	95704.024987143707	0
2	3746	96675.374831992888	1
2	3757	96854.508225330674	0
2	3822	98682.730295166817	1
2	3831	98782.787110626903	0
2	3838	98787.76908344032	1
2	3846	98980.790757850889	0
2	3898	99750.117742966591	1
2	3905	99830.601281173544	2
2	3907	100052.221886762418	1
2	3914	100148.709299501014	2
2	3919	100511.767738091492	1
2	3926	100668.570904716866	2
2	3931	100788.567287498154	1
2	3938	100845.492711425759	2
2	3945	100900.456212337791	3
2	3951	101225.595664263435	4
2	3953	101245.868052935892	3
2	3958	101287.358353962191	2
2	3964	101511.086744297313	3
2	3967	101549.113350493816	4
2	3973	101687.562201335095	5
2	3980	101926.918282357707	6
2	3982	102103.899369803258	5
2	3987	102200.939236881876	4
2	4004	102974.012086333319	5
2	4010	103055.092656188645	4
2	4018	103147.521440352047	3
2	4023	103423.320859619417	2
2	4031	103718.090994975263	1
2	4037	103751.379961835525	2
2	4046	103929.057413623669	1
2	4052	104153.069517692664	2
2	4058	104413.356679123827	1
2	4063	104526.330037976349	0
2	4069	104542.839833245165	1
2	4087	105173.912148033269	0
2	4112	105688.778705273898	1
2	4122	105988.953000606097	2
2	4131	106131.841836222448	1
2	4139	106193.889692680443	0
2	4149	106452.2785795498	1
2	4151	106482.14172141021	0
2	4177	106907.915376708543	1
2	4182	107086.053685561143	0
2	4188	107191.403670988265	1
2	4190	107385.817288601304	0
2	4196	107467.388312638286	1
2	4198	107749.03874257239	0
2	4208	107946.359743918547	1
2	4210	108046.069690861129	0
2	4216	108059.070340606957	1
2	4224	108098.382801221217	0
2	4236	108544.814063488086	1
2	4239	108570.410858145615	2
2	4244	108704.587534625404	1
2	4252	108909.572319065685	0
2	4311	110397.143299827206	1
2	4317	110603.13529042019	2
2	4319	110623.077847408681	1
2	4328	110739.938579045565	0
2	4334	110963.274349572466	1
2	4344	111181.340126674794	2
2	4346	111228.537472459107	1
2	4352	111410.203896090938	2
2	4354	111488.994281154455	1
2	4367	111724.918372356352	2
2	4369	111890.17413253951	1
2	4383	112079.006798989112	2
2	4386	112257.09080865762	3
2	4388	112313.557580626189	2
2	4393	112440.942370325656	1
2	4407	112744.82022910598	0
2	4431	113156.548121194723	1
2	4433	113246.528403657108	0
2	4517	115134.233887786264	1
2	4520	115134.963751020987	2
2	4529	115188.308237930928	1
2	4546	115887.633065603644	2
2	4548	115945.847843680527	1
2	4553	115953.667156277393	0
2	4559	116035.182953455835	1
2	4566	116089.295718929628	2
2	4568	116213.650243254547	1
2	4574	116226.054276255599	2
2	4579	116519.882059320804	1
2	4584	116606.010048343037	0
2	4609	117141.192532692063	1
2	4611	117426.975445235316	0
2	4617	117704.912904657229	1
2	4619	117758.880493852856	0
2	4753	122320.580070881347	1
2	4756	122420.217009502081	2
2	4758	122513.876344733627	1
2	4763	122561.058437285283	0
2	4817	123907.993855881279	1
2	4826	124094.028057260179	0
2	4835	124130.954825166642	1
2	4838	124192.74798541504	2
2	4844	124371.210296588097	1
2	4854	124595.397244039084	2
2	4856	124720.383933046573	1
2	4868	125126.238835105751	0
2	4874	125193.916054580294	1
2	4880	125336.648306267493	2
2	4883	125369.265188635989	3
2	4885	125455.867945781056	2
2	4894	125474.50260356974	1
2	4903	125762.694378150368	0
2	5093	130782.342823873495	1
2	5096	130787.980934586286	2
2	5106	130996.98743077309	3
2	5108	131008.622573967095	2
2	5130	131275.706452291284	1
2	5139	131305.02023694944	0
2	5152	131737.903563673006	1
2	5163	131826.268534081992	0
2	5170	131874.040240521174	1
2	5180	132114.63609198902	2
2	5182	132133.487523730669	1
2	5192	132313.75332889765	2
2	5200	132546.297929639932	1
2	5211	132726.233420215372	0
2	5221	132802.046744063949	1
2	5240	133170.865560178043	2
2	5242	133264.398740019474	1
2	5249	133466.568296697553	2
2	5251	133483.752793258991	1
2	5261	133708.905113317664	2
2	5265	133734.33180582572	3
2	5270	133858.690594389859	2
2	5277	133873.552269725581	3
2	5279	133967.600117268976	2
2	5286	134160.7347701903	3
2	5288	134198.560634564433	2
2	5294	134359.150695834871	3
2	5301	134574.069447841982	4
2	5313	134691.885567157533	3
2	5323	134931.681979153635	4
2	5326	134991.003130315324	5
2	5328	135115.334217782888	4
2	5334	135181.204392677879	5
2	5340	135344.904867165382	6
2	5342	135361.621578402642	5
2	5350	135498.460720571693	4
2	5363	135920.044018822137	5
2	5365	136043.461041356441	4
2	5385	136292.185751005832	3
2	5395	136522.124623436811	4
2	5398	136719.444504774571	5
2	5400	136747.979316834185	4
2	5405	136756.075529101309	3
2	5411	136779.215961836672	4
2	5413	137031.301717303518	3
2	5419	137224.937173677354	4
2	5422	137350.656573130223	5
2	5425	137359.605639189812	6
2	5427	137453.252362701115	5
2	5439	137722.147576894436	4
2	5444	138239.025628845212	3
2	5449	138463.983982346777	2
2	5458	138926.902692176003	3
2	5467	139081.716199423191	2
2	5479	139411.561121411447	1
2	5485	139540.540773991957	2
2	5487	139549.597359615383	1
2	5502	140234.193196549837	0
2	5539	141275.812730451698	1
2	5542	141287.315935101449	2
2	5551	141495.757043719545	1
2	5560	141968.354845040997	0
2	5590	142702.747036792327	1
2	5593	142753.161347766118	2
2	5601	142859.775673498919	1
2	5610	143062.585781630985	0
2	5631	143697.986801525927	1
2	5633	143809.855353472343	0
2	5655	144210.582023416867	1
2	5661	144348.838008603685	2
2	5663	144517.955325144652	1
2	5671	144551.270915971658	0
2	5691	145118.546993521418	1
2	5693	145127.803632275722	0
2	5699	145189.594697001055	1
2	5701	145424.862489170704	0
2	5729	145788.954261496041	1
2	5738	146281.345656934503	0
2	5768	146852.106572050418	1
2	5774	147437.197665860598	2
2	5776	147456.891403269413	1
2	5784	147515.856551833845	0
2	5790	147569.367846902149	1
2	5792	147847.559235036763	0
2	5892	151218.906406067699	1
2	5900	151577.262281581614	0
2	6044	155509.847501942294	1
2	6047	155565.14528250079	2
2	6049	155706.869211412357	1
2	6054	155790.800691358647	0
2	6060	156042.778723706234	1
2	6062	156278.510333179818	0
2	6072	156409.157961616694	1
2	6074	156661.313691660664	0
2	6110	157960.950321165128	1
2	6119	158447.884484417494	0
2	6241	161062.273071094287	1
2	6248	161329.173039404171	2
2	6250	161357.687022367937	1
2	6257	161377.096458294996	2
2	6261	161391.579056650845	3
2	6263	161620.471360864261	2
2	6273	161820.053655741879	3
2	6275	161920.311981009764	2
2	6285	162246.777108035618	3
2	6293	162391.352907003978	2
2	6299	162562.865416419563	3
2	6310	162786.242090257329	2
2	6320	162856.53790233515	3
2	6323	162873.593525850641	4
2	6329	162958.713449271539	5
2	6338	163216.406078277299	4
2	6351	163376.804822495652	3
2	6364	163530.940373058999	4
2	6386	164015.956418694556	5
2	6390	164017.141938784871	6
2	6392	164129.851959603051	5
2	6397	164253.533701541347	4
2	6407	164518.838665308743	5
2	6411	164529.648892131804	6
2	6413	164561.92389875106	5
2	6421	164592.292221727294	4
2	6429	164880.096734142075	3
2	6437	165001.755782867295	2
2	6444	165130.227622858817	3
2	6448	165253.222129978552	4
2	6455	165285.406197064726	5
2	6461	165542.962124574557	6
2	6468	165568.872261110473	7
2	6482	165781.582146411906	6
2	6490	165924.317610690815	5
2	6496	166016.810155415146	6
2	6510	166318.563353177473	7
2	6513	166466.999733991558	8
2	6519	166622.194902671946	7
2	6525	166674.690385969045	8
2	6527	166703.527864454459	7
2	6547	166851.024382796768	8
2	6553	166991.112956715893	7
2	6559	167010.90411861535	8
2	6561	167092.136998510433	7
2	6573	167432.507769389523	6
2	6584	167782.373493796659	5
2	6591	167876.878252853213	6
2	6593	167898.202558228891	5
2	6599	167935.271415575669	6
2	6602	168006.258146590811	7
2	6604	168143.043648971689	6
2	6618	168325.43758721022	7
2	6624	168422.77642073772	8
2	6626	168636.352020291757	7
2	6631	168711.727628427071	6
2	6640	168853.357094405995	7
2	6647	169088.957822687433	8
2	6649	169191.888308202993	7
2	6659	169256.147473803295	8
2	6661	169260.956006812376	7
2	6670	169507.390257524472	6
2	6675	169507.573842740131	5
2	6684	169564.118783308175	6
2	6694	170260.983191016395	7
2	6696	170315.706541942578	6
2	6701	170320.15501316495	5
2	6707	170574.164346514789	6
2	6712	170605.626175454032	5
2	6718	170848.614029616395	6
2	6723	171051.327918487114	5
2	6742	171316.710587589515	4
2	6747	171395.101556399983	3
2	6755	171584.693004375768	2
2	6764	172095.051981172037	1
2	6770	172123.840848840737	2
2	6772	172175.491182798666	1
2	6796	172438.873430627744	2
2	6804	172558.071075970453	1
2	6809	172561.915490979773	0
2	6822	173013.622661566631	1
2	6825	173081.126675779869	2
2	6827	173176.932272868377	1
2	6832	173235.432764718753	0
2	6849	173616.678335469142	1
2	6852	173639.629759035527	2
2	6854	173709.737992527407	1
2	6859	173766.733563015384	0
2	6879	173811.969922380905	1
2	6889	174181.3102627157	2
2	6898	174440.567290110957	1
2	6906	174720.098318880571	0
2	6913	174944.00875241318	1
2	6916	175029.434529106435	2
2	6923	175177.614392443517	3
2	6925	175235.211096050661	2
2	6931	175284.227576694047	3
2	6937	175532.633427562339	2
2	6943	175708.317164958566	3
2	6945	175708.85865257911	2
2	6951	175754.217674622366	3
2	6956	175985.001934709471	2
2	6961	176113.078687688483	1
2	6967	176420.528831154194	2
2	6970	176453.883029673104	3
2	6975	176581.326362209838	2
2	6980	176642.020892160161	1
2	6991	176881.021897064965	0
2	7107	179174.338435826661	1
2	7112	179397.064461812717	0
2	7144	179996.062420487744	1
2	7146	180049.012765337122	0
2	7153	180151.226538743157	1
2	7156	180392.769424516292	2
2	7165	180516.569028377873	1
2	7171	180591.111588851826	2
2	7177	180807.596742918696	1
2	7189	181097.158646138725	2
2	7195	181205.299654110078	3
2	7202	181316.130815975349	4
2	7204	181390.696466595275	3
2	7210	181438.147456783135	4
2	7219	181544.20375458708	3
2	7227	181827.372655419614	2
2	7249	182234.20542012712	1
2	7256	182234.835933941749	2
2	7258	182344.663311664356	1
2	7270	182709.586799390027	2
2	7273	182761.435755726581	3
2	7275	182799.449347665515	2
2	7294	183064.289767311868	1
2	7299	183157.21358421479	0
2	7312	183535.973539850125	1
2	7316	183615.615639774188	2
2	7322	183706.133428685585	3
2	7334	183848.115887677279	2
2	7339	183885.901467308743	1
2	7346	183905.547689712939	2
2	7353	184239.7706888002	3
2	7355	184369.824388541622	2
2	7365	184528.855784213552	3
2	7368	184535.657930236687	4
2	7371	184586.153527397064	5
2	7373	184601.922302132454	4
2	7378	185043.75584229116	3
2	7391	185316.691179703485	4
2	7396	185387.165068404731	3
2	7402	185419.786685318136	4
2	7404	185424.025850754573	3
2	7410	185468.969479523658	4
2	7422	185802.084277302369	3
2	7434	185981.61761606766	4
2	7439	186194.262481776979	3
2	7451	186304.177827027037	2
2	7483	187065.395697986689	1
2	7488	187116.163296934559	0
2	7501	187336.09559830925	1
2	7509	187450.049784628656	0
2	7516	187486.077766034317	1
2	7520	187751.679666401049	2
2	7530	187843.228740632227	3
2	7532	187881.593987921234	2
2	7542	187920.159802027268	3
2	7544	188010.144031543627	2
2	7555	188398.546242339518	1
2	7568	188452.860155037553	2
2	7573	188588.122094396844	1
2	7583	188743.802462683556	2
2	7587	188841.597580374381	3
2	7591	188906.981390016375	4
2	7593	189043.170203341153	3
2	7603	189122.513670870727	4
2	7605	189387.048110396012	3
2	7613	189471.844725960848	2
2	7626	189790.941116192327	3
2	7628	189803.8641058076	2
2	7634	190035.060884102745	3
2	7640	190100.629185133024	2
2	7646	190220.071693775868	3
2	7652	190303.924741594104	2
2	7662	190485.62631048744	3
2	7665	190529.861712760241	4
2	7667	190564.768765673383	3
2	7673	190574.094105009211	4
2	7675	190668.392347672937	3
2	7684	190955.96470923265	4
2	7687	191015.18438955878	5
2	7689	191075.766862610338	4
2	7697	191263.583446119322	3
2	7702	191554.115643196149	2
2	7707	191767.612108251063	1
2	7713	191872.039048313326	2
2	7718	192010.855355763791	1
2	7727	192505.585814688696	0
2	7784	194614.888044260856	1
2	7787	194679.642968688444	2
2	7789	194683.502393868485	1
2	7794	194699.327387843727	0
2	7803	194786.822330686752	1
2	7809	195050.308386814514	0
2	7900	197647.4613826608	1
2	7911	197848.301751470778	0
2	8008	199778.887861566289	1
2	8012	199795.359439410584	2
2	8023	199964.10144187992	1
2	8028	200148.792201440439	0
2	8038	200250.330318225842	1
2	8048	200406.98091830094	2
2	8053	200497.470309459768	1
2	8060	200695.247402177356	2
2	8068	200859.97521921213	1
2	8075	200895.61777795817	2
2	8088	201131.539035149233	3
2	8090	201208.849550434552	2
2	8097	201213.801143462133	3
2	8110	201510.376182980506	4
2	8118	201686.465874306515	3
2	8125	201812.39288069153	4
2	8129	201848.486217599657	5
2	8133	202015.941536748014	6
2	8135	202024.759497814976	5
2	8140	202290.308596204624	4
2	8147	202359.193127827377	5
2	8150	202473.226595166741	6
2	8152	202578.974853274577	5
2	8158	202739.78466549359	6
2	8161	202825.847090524785	7
2	8164	202877.904256608652	8
2	8166	202920.634300421581	7
2	8174	203130.292856716715	6
2	8179	203320.212727255777	5
2	8188	203555.66517315957	6
2	8190	203567.576874983661	5
2	8202	204226.11332831125	4
2	8207	204288.183829435311	3
2	8215	204614.591509077356	2
2	8227	205047.128517334513	1
2	8233	205193.2933456747	2
2	8235	205298.860456985585	1
2	8243	205517.157977644012	0
2	8249	205653.242761957187	1
2	8262	205818.876732095734	0
2	8294	206823.97923492493	1
2	8306	206979.024950280909	0
2	8360	208417.460889854221	1
2	8363	208417.997704793024	2
2	8369	208711.540826196864	1
2	8385	209167.846740198089	0
2	8392	209179.88306665019	1
2	8395	209186.056602919738	2
2	8400	209462.884277748957	1
2	8408	209643.003316906048	0
2	8428	209954.479402336709	1
2	8431	210069.426075063081	2
2	8441	210487.671070986195	1
2	8457	210709.207451363736	2
2	8459	210748.404115310638	1
2	8471	211406.802597895964	0
2	8477	211424.361964432346	1
2	8487	211582.282010250432	2
2	8489	211682.180772836088	1
2	8495	211706.518786453933	2
2	8497	211788.58022391121	1
2	8510	211987.112166659062	2
2	8513	212259.930904903049	3
2	8515	212317.048587159022	2
2	8520	212373.037565446227	1
2	8529	212580.031653170242	0
2	8535	212611.129423180246	1
2	8554	213143.520095360234	0
2	8609	214240.547249114718	1
2	8612	214359.255082645176	2
2	8619	214658.232527126038	3
2	8621	214763.312151796577	2
2	8630	214971.941295638413	1
2	8636	215279.646746573171	2
2	8641	215462.23013534343	1
2	8650	215806.677107731241	2
2	8652	215847.821751571924	1
2	8658	215913.729065246468	2
2	8673	216143.317996021092	1
2	8678	216246.838827404586	0
2	8712	216841.012141805921	1
2	8714	216885.329148873148	0
2	8761	217683.096197588302	1
2	8766	217692.404235399666	0
2	8782	217857.526760260019	1
2	8789	217912.649407794466	2
2	8791	218099.409420323928	1
2	8799	218182.078304610553	0
2	8809	218483.836810292114	1
2	8815	218551.762766256437	2
2	8817	218636.519519538989	1
2	8826	218828.849669809791	0
2	8853	219206.12272667489	1
2	8856	219227.998073749177	2
2	8866	219315.155526384118	1
2	8872	219326.181351868319	2
2	8884	219846.470103115219	1
2	8891	219887.86044824906	2
2	8907	220133.093329389949	3
2	8915	220218.390067502263	2
2	8920	220235.715209581334	1
2	8927	220338.331205977793	2
2	8929	220526.210528615269	1
2	8938	220763.720235550838	2
2	8941	220801.076812451958	3
2	8943	220899.937423263121	2
2	8957	221187.454515836571	3
2	8959	221399.250449764881	2
2	8965	221437.404721780125	3
2	8967	221450.916559603441	2
2	8981	221525.064894606094	3
2	8990	221769.948874659244	2
2	8996	221809.604343430867	3
2	8998	221897.055343594778	2
2	9014	222249.684267136056	3
2	9017	222263.06996652103	4
2	9019	222329.369056728113	3
2	9028	222646.084380339239	2
2	9034	222776.224601367672	3
2	9037	222834.815285474187	4
2	9039	223158.216394021515	3
2	9044	223179.882363491136	2
2	9056	223622.685843020085	1
2	9062	223634.014117120369	2
2	9064	223715.421144701916	1
2	9070	223732.282425778663	2
2	9076	224188.077179736797	1
2	9089	224446.512535510308	2
2	9091	224482.307835892218	1
2	9100	224798.796266057842	2
2	9102	224875.144098180685	1
2	9108	225035.288447539371	2
2	9110	225067.696239762383	1
2	9119	225816.052605643276	0
2	9211	228717.037596739031	1
2	9226	228805.190824264013	2
2	9231	229002.618367321956	1
2	9237	229102.716051758075	2
2	9239	229126.371581744346	1
2	9255	229484.136246614325	0
2	9285	230028.619429293556	1
2	9288	230051.267807034713	2
2	9290	230085.016596730965	1
2	9296	230252.465747791561	2
2	9315	230781.461740815445	3
2	9317	230782.31691588591	2
2	9323	230939.264514107491	3
2	9325	231019.063540458846	2
2	9338	231154.728996306054	3
2	9341	231191.464329071527	4
2	9353	231446.148078245476	3
2	9359	231514.005839549618	4
2	9365	231766.707015437438	5
2	9367	231826.697635188866	4
2	9375	231991.268835747048	3
2	9381	232118.394403826611	4
2	9387	232157.545626179585	5
2	9389	232242.552492045033	4
2	9394	232328.110350472286	3
2	9407	232713.42775019275	2
2	9423	233054.935032380178	1
2	9432	233404.057270851154	0
2	9438	233527.629490068428	1
2	9447	233735.474900458176	0
2	9456	233789.807297989261	1
2	9459	233795.196294929916	2
2	9461	233974.935793997153	1
2	9471	234094.829855067379	2
2	9477	234421.724522194797	3
2	9480	234470.899256357681	4
2	9482	234606.568941999395	3
2	9487	234757.201633313104	2
2	9495	235152.290094894722	1
2	9521	235557.587372832169	0
2	9530	235672.27020662961	1
2	9546	236024.244633679643	0
2	9556	236165.794678911938	1
2	9560	236490.554766136414	2
2	9562	236491.773602500727	1
2	9567	236508.569723655835	0
2	9576	236847.83627501015	1
2	9578	236887.364212395057	0
2	9588	237139.907840453888	1
2	9590	237232.700144987723	0
2	9600	237281.42563353578	1
2	9603	237331.018279021977	2
2	9606	237626.324211985997	3
2	9608	237694.65603965278	2
2	9619	238122.202692259273	1
2	9634	238493.431828477785	0
2	9640	238525.98452451767	1
2	9649	238768.594090314016	0
2	9741	241284.758665522464	1
2	9746	241385.613314604451	0
2	9801	242742.465192329544	1
2	9806	243045.084589854853	0
2	9844	243783.380778143825	1
2	9866	244209.749832461908	2
2	9874	244394.642057646476	1
2	9879	244421.4334111784	0
2	9886	244457.473866970595	1
2	9893	244756.930899796565	2
2	9903	244850.50826273485	3
2	9906	245069.787498631831	4
2	9908	245127.735714134239	3
2	9916	245204.566346475144	2
2	9922	245262.075787045797	3
2	9928	245555.559573661946	2
2	9940	245686.562880886008	1
2	9949	245888.792633871868	2
2	9958	245966.513303400238	1
2	9964	246014.849776895274	2
2	9967	246098.13655619136	3
2	9972	246371.95620283898	2
2	9984	246495.603192814847	1
2	9990	246595.345762690957	2
2	9993	246665.740478734839	3
2	9995	246674.00257705193	2
2	10008	247002.906395132485	3
2	10010	247036.961084999554	2
2	10025	247373.575380243771	1
2	10030	247416.816848007252	0
2	10036	247517.617160803935	1
2	10057	247863.798407472373	2
2	10062	248090.450935200267	1
2	10079	248327.064821202637	2
2	10081	248341.526707162371	1
2	10086	248345.052765742355	0
2	10123	249060.174886273908	1
2	10130	249073.650742658611	2
2	10133	249236.177943390192	3
2	10135	249581.440079144143	2
2	10147	249701.308466975334	3
2	10150	249790.901687795362	4
2	10155	249864.070322725988	3
2	10161	249893.080613614257	4
2	10164	249900.283898484833	5
2	10177	250178.691559719794	4
2	10186	250342.588183086432	3
2	10191	250765.568308296554	2
2	10201	250968.980997662832	3
2	10204	251005.016768644043	4
2	10206	251155.394747749038	3
2	10215	251446.938589966797	2
2	10221	251578.889557665277	3
2	10223	251670.127172291346	2
2	10232	251821.004170481031	3
2	10247	252209.356899305188	2
2	10258	252456.124755374097	1
2	10263	252549.595443707027	0
2	10269	252578.410342604677	1
2	10289	252996.614195639003	2
2	10295	253054.907400782161	1
2	10317	253428.183019671657	0
2	10351	253804.187040913507	1
2	10356	254020.865627601616	0
2	10375	254301.364835640289	1
2	10377	254345.44023786492	0
2	10384	254412.413745515854	1
2	10400	254583.120903935478	2
2	10404	254614.000346649095	3
2	10408	254678.067463787025	4
2	10422	254844.884906038515	3
2	10435	255268.896229522497	4
2	10437	255296.046864453771	3
2	10457	255710.712033379696	2
2	10464	255717.346264713318	3
2	10471	255870.412679454185	4
2	10473	255924.896508146145	3
2	10489	256072.707175187961	4
2	10493	256113.046803001067	5
2	10501	256213.855197541289	4
2	10511	256249.938482192933	5
2	10516	256466.134308602729	4
2	10535	256860.044497372456	5
2	10537	257021.721081052044	4
2	10542	257022.468738444023	3
2	10555	257324.118033361496	4
2	10557	257328.303154863486	3
2	10564	257434.875145515084	4
2	10566	257482.120783980809	3
2	10573	257540.247857106602	4
2	10580	257563.757207052977	5
2	10591	257907.470852181384	4
2	10601	258179.667910493567	5
2	10603	258232.513712290548	4
2	10610	258308.812317419671	5
2	10618	258572.094827759885	4
2	10623	258626.328642580727	3
2	10633	258882.366346150389	4
2	10640	258930.251893077852	5
2	10644	259029.42418857257	6
2	10646	259050.086573816905	5
2	10653	259084.394286241577	6
2	10655	259147.090216688686	5
2	10660	259307.347233899007	4
2	10670	259520.235500475266	5
2	10675	259567.992729730778	4
2	10682	259880.467367772208	5
2	10686	259965.630940229507	6
2	10688	259983.796173993567	5
2	10699	260318.375795390331	4
2	10706	260405.541395337909	5
2	10709	260428.738579956567	6
2	10724	260637.147867623591	5
2	10731	260688.494775418999	6
2	10734	260744.254223037706	7
2	10736	260894.36826499931	6
2	10750	260971.462427331009	7
2	10758	261524.117511380338	6
2	10765	261593.320299831807	7
2	10768	261613.638316088232	8
2	10771	261661.432485368417	9
2	10773	261673.269460357795	8
2	10779	261794.216623948761	9
2	10781	261804.617660175883	8
2	10791	262224.263928900841	9
2	10800	262604.858551523684	10
2	10802	262618.042258199374	9
2	10807	262696.466815620535	8
2	10819	263014.543934890657	9
2	10835	263328.861419901322	8
2	10844	263630.495101231956	7
2	10852	263957.942142438214	6
2	10862	264147.902773621369	7
2	10870	264334.085634872192	6
2	10880	264368.10876936993	7
2	10897	264634.88984354181	8
2	10900	264714.006131606121	9
2	10905	264741.400316868048	8
2	10910	264778.29259956243	7
2	10919	265118.937070023339	6
2	10928	265668.221832979345	5
2	10936	265743.036077812385	4
2	10952	266024.124673406193	5
2	10956	266098.342677462123	6
2	10958	266103.987111568522	5
2	10971	266228.704353006635	6
2	10974	266525.259592031905	7
2	10976	266557.870847303295	6
2	10981	266786.261569920998	5
2	10991	266863.896746044256	6
2	10994	266914.012075156555	7
2	11007	267372.303422025004	8
2	11017	267451.474362406754	7
2	11022	267542.167784728181	6
2	11031	267733.078411625777	7
2	11033	267959.737664759033	6
2	11045	268029.958805839457	7
2	11057	268310.087158743363	6
2	11063	268355.35591424987	7
2	11066	268406.854772344683	8
2	11074	268601.438430033695	7
2	11083	268634.225243870043	6
2	11089	268672.258404481597	7
2	11106	269123.907348476224	6
2	11114	269375.858355536931	5
2	11119	269390.894643411111	4
2	11126	269465.782085396307	5
2	11134	269793.669807594144	4
2	11142	269977.070038586926	3
2	11149	269977.145426273895	4
2	11153	270101.734455359718	5
2	11158	270252.585858832919	4
2	11177	270364.885275065841	5
2	11182	270529.424684867137	4
2	11187	270598.258390266519	3
2	11197	270703.804679731593	4
2	11201	270773.22201002385	5
2	11204	270852.894803482658	6
2	11218	271063.670057849901	7
2	11223	271401.469836048656	6
2	11230	271405.895297396886	7
2	11232	271424.520369943302	6
2	11238	271513.596543605057	7
2	11244	271643.836488745388	8
2	11247	271731.525137145015	9
2	11249	271770.423929326307	8
2	11254	271969.12786636489	7
2	11268	272301.083804909098	8
2	11271	272352.6068088177	9
2	11273	272406.869140349399	8
2	11278	272757.12034799146	7
2	11283	272847.314086116921	6
2	11289	273060.648701016371	7
2	11291	273482.326619010293	6
2	11296	273522.884515252035	5
2	11302	273665.049329755517	6
2	11307	274119.04574558891	5
2	11315	274368.282402053546	4
2	11324	274419.708718154454	3
2	11335	274715.603072706681	2
2	11348	275026.416366275471	1
2	11356	275094.46779666456	0
2	11380	275786.86164186102	1
2	11382	275804.423735998446	0
2	11388	275826.862031219024	1
2	11397	276166.451322957748	0
2	11406	276326.508142441122	1
2	11423	276600.698868790451	0
2	11429	276675.108414319534	1
2	11434	277027.209354713434	0
3	67	3378.333713721953	3297.0096348692
3	159	6212.159147804089	2767.4135939777
3	182	6994.141074280189	3092.6761195343
3	357	10919.845002383708	2751.8756480536
3	465	12881.631788291752	3600.3838347258
3	497	13661.070187088817	3230.0692184325
3	542	14332.759274092287	2917.9160495831
3	658	17222.187688161403	2546.450811
3	797	22548.192167904082	2357.7323754039
3	845	24578.512192001547	2881.2033060193
3	849	24604.873693906199	2914.0569711942
3	942	28428.92283439295	1851.6174503602
3	967	29018.860862950798	1536.8749238178
3	996	29858.513770259607	2885.0852413941
3	1109	32577.733340854792	3752.4539202513
3	1130	33302.134338846407	3598.9609634991
3	1161	33821.681617781625	3525.319504682
3	1296	36777.711423693501	2903.8038400476
3	1405	39437.744850925005	1982.1218587551
3	1591	43483.09165030675	3397.7010912253
3	1614	44320.198303106744	4176.5028038735
3	1626	44646.219351237534	2774.0940289479
3	1645	44958.603056056319	4209.5530151082
3	1669	45409.493682346811	3520.4544385976
3	1726	47287.492279467999	2937.0687713063
3	1748	47944.581938317925	3213.1842922512
3	1775	49001.121504468739	2560.0560513418
3	1787	49273.295246413083	2258.762589635
3	1823	51365.031814542428	2407.3462293624
3	1970	58133.63173602359	2785.6615171954
3	1985	58516.060850232129	2775.5217810732
3	2054	60456.924584330978	1972.1450845152
3	2267	64542.094961231893	3426.3043468766
3	2523	70459.154004978473	2972.6520453121
3	2554	70969.562643712844	2867.7175249124
3	2692	74169.589772668607	3860.9299429629
3	2751	75192.473360307305	3066.4306096919
3	2808	76029.853555898255	3119.4195860155
3	3171	83372.016992813982	3980.9648797723
3	3203	84096.732991680295	2982.01675926
3	3223	84826.516422040553	3122.4056339673
3	3297	86320.013515639843	4242.926834157
3	3513	91181.74063128438	3163.4592244215
3	3543	91774.366257013941	2820.9967828484
3	3547	91925.790842509988	2930.3436383015
3	3585	92444.82833352212	1454.3796760775
3	3671	94952.212974533908	2571.4167647995
3	3714	95704.024987143707	3152.5138401333
3	3722	96200.04937160505	1781.3405526429
3	3760	96854.508225330674	2904.7634210531
3	3865	99245.769012205508	2886.4195438155
3	3910	100052.221886762418	3245.1628664508
3	3956	101245.868052935892	3830.4444677771
3	4142	106193.889692680443	3080.1930064615
3	4154	106482.14172141021	1584.4323282898
3	4247	108704.587534625404	2530.238066773
3	4357	111488.994281154455	2708.4911062362
3	4447	113498.745987565549	1991.8466387875
3	4551	115945.847843680527	3219.2615935765
3	4556	115953.667156277393	2899.6686205323
3	4582	116519.882059320804	3369.6623408839
3	4622	117758.880493852856	3352.2783792112
3	4637	118343.792824901255	1832.8866718056
3	4847	124371.210296588097	2287.7966326475
3	4910	126009.544299772088	2920.3522329295
3	4939	126898.140676545793	2793.5337656178
3	5005	128426.655160398673	1940.5476709921
3	5142	131305.02023694944	1843.4339965808
3	5345	135361.621578402642	3464.5864873207
3	5368	136043.461041356441	4241.7288198676
3	5554	141495.757043719545	2529.8352887202
3	5576	142369.233027514324	3610.7205376277
3	5636	143809.855353472343	2435.8884726256
3	5696	145127.803632275722	3152.6545340427
3	5779	147456.891403269413	2934.032592494
3	5787	147515.856551833845	2794.7345070262
3	5960	153549.193355318586	2755.4580879305
3	6057	155790.800691358647	2191.1154894624
3	6065	156278.510333179818	3230.4749436341
3	6096	157465.86010951539	2823.0170520204
3	6129	158485.662331104586	3047.107992461
3	6416	164561.92389875106	3978.9560793157
3	6440	165001.755782867295	4520.6031011384
3	6522	166622.194902671946	4309.4450607256
3	6530	166703.527864454459	4061.5363015456
3	6767	172095.051981172037	3296.7350519385
3	6862	173766.733563015384	2230.6132286562
3	6959	175985.001934709471	3495.3668755829
3	7115	179397.064461812717	1876.2638341824
3	7252	182234.20542012712	2552.9709600073
3	7297	183064.289767311868	3932.5970047215
3	7358	184369.824388541622	3393.3632249556
3	7399	185387.165068404731	3938.9643502468
3	7407	185424.025850754573	2801.4093910141
3	7491	187116.163296934559	3319.9886708712
3	7576	188588.122094396844	2623.3837419815
3	7596	189043.170203341153	3347.2942238695
3	7631	189803.8641058076	3632.9264260587
3	7670	190564.768765673383	4717.6221929882
3	7730	192505.585814688696	5160.3496364167
3	7792	194683.502393868485	3555.5500117689
3	8093	201208.849550434552	2996.62139608
3	8169	202920.634300421581	3452.7406853296
3	8265	205818.876732095734	2889.8682540653
3	8309	206979.024950280909	2146.6146162897
3	8324	207259.724053538376	3166.9777689222
3	8328	207317.351977970575	2748.9683102721
3	8474	211406.802597895964	3522.9244522166
3	8557	213143.520095360234	2488.5953957477
3	8594	214007.335031359179	2463.4887836035
3	8644	215462.23013534343	2655.630401735
3	8655	215847.821751571924	2627.8202641355
3	8769	217692.404235399666	1980.5886291247
3	8932	220526.210528615269	3196.9697926599
3	8962	221399.250449764881	3700.6817155276
3	9079	224188.077179736797	4111.3395340062
3	9137	226492.620319149796	3054.2381153035
3	9265	229758.442772202137	2125.9244845162
3	9370	231826.697635188866	3543.0918054403
3	9637	238493.431828477785	3313.8808025572
3	9882	244421.4334111784	3504.6411432792
3	10033	247416.816848007252	3845.2719584172
3	10084	248341.526707162371	3147.5751489889
3	10194	250765.568308296554	3091.717373613
3	10261	252456.124755374097	3837.3652743292
3	10324	253495.320925979816	3382.1832146199
3	10519	256466.134308602729	3608.5716037884
3	10560	257328.303154863486	4486.679618958
3	10621	258572.094827759885	4399.8440789878
3	10678	259567.992729730778	5052.2300474268
3	10691	259983.796173993567	5565.7077895281
3	10979	266557.870847303295	5131.1412128572
4	72	3399.030973758265	2113.9061298687
4	90	3808.398537256293	3530.6023534822
4	101	3921.834077216401	2678.5751710626
4	109	4095.253774628513	2521.405304407
4	117	4262.021250086007	2049.4952553045
4	125	4816.262791687523	2643.8612871151
4	147	5707.03934483538	3375.0636919029
4	171	6615.721300367163	3168.5348320752
4	231	8184.397227576485	2918.628021637
4	259	8808.855242328098	1880.9236945398
4	276	9099.918127826728	3683.7675239984
4	296	9488.888734147667	2370.455253236
4	315	9996.760982830792	2345.1087264654
4	323	10044.824620544292	2913.6883127794
4	349	10813.589306476839	3187.3441948219
4	365	11206.588699224718	3639.7260105402
4	393	11500.770595517724	3608.027645889
4	405	11887.272044870384	3326.6378157951
4	418	12129.194550535955	3486.5992661913
4	423	12185.112570483952	2792.0637500978
4	457	12792.580413393058	4060.5720127183
4	473	13071.252497437723	2633.3457065821
4	482	13179.2784757137	3317.0427591873
4	517	13973.996678643644	2623.8711688726
4	522	14000.673977586754	3965.1398544174
4	560	14709.525344443292	2308.576305332
4	565	14779.984410818048	3462.5756869991
4	584	15246.405079287261	2971.8780127457
4	596	15499.195719383039	3269.500580757
4	614	16056.782839313865	3540.2715299949
4	626	16319.973075461358	2196.1039904727
4	631	16450.648007079341	3434.1658029313
4	645	16825.368086549767	2810.7665512392
4	672	17721.788892581441	3585.727213339
4	676	17823.899560623586	3713.8082787006
4	698	18472.196223347761	3159.991812308
4	709	18610.1368579767	2088.1118283514
4	717	19219.431504833825	3474.2042865885
4	744	20284.667699177254	3031.9275503419
4	751	20667.134647789728	2079.4828928076
4	759	21036.693453405488	3728.8880386669
4	775	21549.851984911636	3490.7640616223
4	785	21782.418732284412	3351.2623125874
4	815	23396.539110364538	3090.9559710324
4	857	24863.375863028671	2272.5457161678
4	872	25544.113263995431	2793.8145669177
4	915	27543.590008949123	3979.5790494047
4	923	27827.47039954641	2443.9247877616
4	931	28149.34123839923	4253.8433423001
4	1000	29866.705986096898	3372.9153035022
4	1023	30297.180333703759	1829.3253663182
4	1039	30958.915046779771	3908.869951861
4	1047	31203.312294864225	2083.903252976
4	1054	31270.887288095967	2734.1589444224
4	1080	31910.021491101978	2245.8829689212
4	1099	32435.221073428146	4082.4252973683
4	1172	33968.757512858669	2758.1192625593
4	1185	34238.654484734044	2930.6191881372
4	1208	34562.1482601674	2484.9037490017
4	1213	34672.473551622053	2926.7947495356
4	1229	35058.34791374446	2565.8367905783
4	1237	35400.332214041074	2901.0307778906
4	1249	35525.590069993	2938.4689832684
4	1271	36179.942693358563	2138.5597802605
4	1279	36345.561208460302	3146.8505129591
4	1305	36990.288771796794	3991.0238029057
4	1327	37732.782776115738	3659.283947678
4	1332	37756.493374217124	3695.4242996113
4	1344	38160.73162825992	4217.8637398028
4	1352	38347.655294347377	1877.7211406199
4	1359	38513.833889292829	2598.6675744678
4	1388	39069.157788600595	2735.6702304239
4	1452	40556.655529925494	3026.9279882591
4	1457	40613.290797974485	2026.0239780508
4	1483	41123.456165810941	2374.5366016772
4	1494	41439.699946771878	3020.4424411784
4	1506	41835.861401354788	2487.7994836367
4	1534	42152.785505018699	3345.8298769054
4	1539	42161.893626825778	2817.0095056894
4	1563	42942.790362238455	3694.8237697639
4	1576	43113.772587088762	3663.8622266375
4	1599	43999.631072284548	3869.3206135865
4	1631	44648.754301350136	2980.6122755456
4	1653	45131.328477132638	3740.0474017349
4	1680	45760.583779720484	3120.431794466
4	1692	46190.344270169308	3403.3696484067
4	1707	46488.423546144633	2599.0047259922
4	1711	46488.932468108406	1492.1593298205
4	1730	47384.501513748469	2432.456428539
4	1768	48806.554080708058	3261.7742419336
4	1819	51057.417489741758	3285.8029382117
4	1831	51514.312649319616	3639.3998119421
4	1855	53255.356839608816	3358.637599647
4	1867	53659.380531596464	3124.079641616
4	1871	53975.200856603951	2986.1769562773
4	1878	54447.589364225489	3391.0088969399
4	1936	57039.362035871705	2535.5465484783
4	1940	57369.619149075111	2449.4682700016
4	1944	57538.680027375097	3340.8738721535
4	1978	58364.297152907566	3302.2121521644
4	2011	59078.021181383823	2310.7637151238
4	2029	59433.912683349298	1715.2544936445
4	2062	60541.863264907547	2916.5774513874
4	2084	61226.633322676631	2369.0516423237
4	2102	61509.710469157723	2551.878276011
4	2133	62160.480694057739	2889.114561975
4	2149	62334.710203527895	2381.6744057369
4	2171	62785.204323115146	1922.3890622318
4	2180	62892.038309422263	2756.314242091
4	2222	63702.452588597631	4334.7257090445
4	2234	63811.081229557225	3384.8823899208
4	2249	64207.819280025491	1988.9235759976
4	2279	64864.70686679179	3616.7282654921
4	2288	65027.494339083263	2717.1582472165
4	2296	65119.513039248382	2981.3769433269
4	2308	65703.537767563888	3402.2306320445
4	2316	65857.249298965876	3654.0179262792
4	2331	66174.44823272241	4304.7957377092
4	2342	66321.64991510505	2881.7505194118
4	2350	66806.910599483495	3896.8620691416
4	2362	67013.880425614246	4414.6481874749
4	2380	67516.482773213034	3516.7023456064
4	2388	67569.850553792843	3256.1145679105
4	2417	68224.352676118111	4706.8720384489
4	2428	68484.121302568295	4038.7465227805
4	2443	68824.879442187344	2531.9200732006
4	2479	69433.551876728364	2507.6130613826
4	2491	69576.212379506315	2204.6657564398
4	2503	70122.009413928666	2554.3280755963
4	2538	70627.541139868029	3128.7977566673
4	2563	71209.65175960445	2815.2481723312
4	2578	71476.818570715316	3728.2554208505
4	2590	71848.159769067999	3406.7478180954
4	2604	72165.663763789918	3228.7499274695
4	2615	72328.210342504956	3579.6517308183
4	2627	72807.275863403912	3401.5362904939
4	2644	73122.560157834079	2707.1371884024
4	2649	73221.311449349798	3041.0397522314
4	2672	73832.375005932983	4745.6286648068
4	2684	74124.013441225972	3827.5361102488
4	2705	74388.303682974067	3115.7182163039
4	2739	74974.707617818451	1936.2384305522
4	2775	75516.175250395274	1950.0596912944
4	2803	76008.716955043166	3687.6898766577
4	2837	76613.961406967676	2558.7527093838
4	2845	76651.848708957224	3699.061046624
4	2861	77405.282446782178	3046.7599965136
4	2869	77449.062838412612	3080.3300989423
4	2887	77823.251828595787	3602.4876380827
4	2922	78209.333946279323	3532.1678624185
4	2934	78475.918707533812	2623.1464147607
4	2955	78674.155371121853	3258.5222001705
4	2960	78718.734811752176	3498.1788752574
4	2976	79015.922905973232	3570.4645534312
4	2988	79343.036998271084	4350.6721192565
4	2999	79530.038030508697	3750.1976716673
4	3025	80183.948434799052	4644.7956259918
4	3030	80280.511810321152	2752.5340289662
4	3038	80452.156459058709	3040.6303079988
4	3046	80866.665402993351	2723.2985000926
4	3054	81089.033135588355	4462.1526924108
4	3078	81653.607801183201	3796.9227544773
4	3083	81686.958601761401	3539.1610758485
4	3098	81954.523985556401	3882.7200147477
4	3103	81961.515846092046	4131.3315947193
4	3139	82733.569919954128	3790.8873233934
4	3144	82879.797317765445	4225.3564755037
4	3153	83139.697910889775	2499.2142076667
4	3195	83981.714128240086	2831.2912200987
4	3212	84515.681154078878	2942.569534667
4	3242	85287.851817480363	4228.7781969331
4	3257	85538.594415847005	2981.1237588113
4	3281	86079.096984642632	4019.1418431473
4	3316	86822.646842545904	2873.0679337062
4	3337	86995.558772243352	3696.7274293896
4	3349	87308.821051272638	3243.2431447505
4	3361	87407.318552739711	3486.8661931727
4	3373	87678.986481789292	1804.2220694242
4	3385	87737.559905669726	3193.7370392602
4	3399	88393.693741208948	3587.4834875329
4	3407	88525.088485281707	2993.5555806679
4	3427	89247.783590632565	3213.2026754084
4	3432	89257.887385606558	3524.3892969008
4	3452	89719.022660542072	2731.3581589447
4	3461	90020.227346502037	3132.6435099676
4	3473	90207.556403673328	4550.6736580074
4	3477	90538.176248933263	2571.1630127805
4	3481	90609.879593837799	3639.0032550478
4	3535	91588.884842618528	3883.3691289369
4	3581	92407.161821540048	2988.9615978487
4	3596	92702.113775372108	1845.0070085608
4	3611	93371.585662870416	2734.8762101121
4	3618	93460.589419471132	1941.7712636478
4	3630	93734.311169875304	2688.3052271325
4	3645	94077.353044576251	2861.3319461234
4	3690	95238.42579010543	2942.328398684
4	3702	95583.056677828947	2209.4594660215
4	3739	96602.468274722599	3784.5652765688
4	3781	97477.422616470361	2359.5003615227
4	3785	97480.217716069483	2677.144340325
4	3834	98782.787110626903	2346.0818990506
4	3849	98980.790757850889	2261.8977792095
4	3878	99436.555317097489	2430.6090067077
4	3922	100511.767738091492	3968.180061914
4	3934	100788.567287498154	3966.7840001707
4	3961	101287.358353962191	3356.6968194144
4	3985	102103.899369803258	4629.92759698
4	3990	102200.939236881876	3030.8260512079
4	4013	103055.092656188645	4147.3550420841
4	4021	103147.521440352047	5204.3689707136
4	4026	103423.320859619417	4165.6354878749
4	4034	103718.090994975263	4736.5382294122
4	4049	103929.057413623669	4692.8617275182
4	4061	104413.356679123827	3515.6012787739
4	4066	104526.330037976349	5102.8519370236
4	4090	105173.912148033269	4180.1283809791
4	4094	105205.929070955808	2819.1535635633
4	4134	106131.841836222448	4512.964186097
4	4162	106570.333724957891	2678.0854905693
4	4185	107086.053685561143	2418.8402111549
4	4193	107385.817288601304	3960.2943084124
4	4201	107749.03874257239	3076.1735248488
4	4213	108046.069690861129	2509.9218215121
4	4227	108098.382801221217	3316.2432505621
4	4255	108909.572319065685	3002.4976456872
4	4259	109310.694693044149	2402.0787502507
4	4289	109772.751994629855	3688.2175153057
4	4322	110623.077847408681	2558.0141660012
4	4331	110739.938579045565	2310.1610632427
4	4349	111228.537472459107	3078.8874615028
4	4372	111890.17413253951	3314.998886183
4	4391	112313.557580626189	2626.3362754583
4	4396	112440.942370325656	4352.2347278634
4	4410	112744.82022910598	3050.8004568865
4	4414	112990.199224103571	2400.4747902701
4	4436	113246.528403657108	3423.9591988228
4	4443	113494.858919056683	2349.9205529273
4	4498	114906.312509622717	2236.1235308088
4	4510	115074.558058704906	2378.4817876015
4	4532	115188.308237930928	1740.5499981623
4	4571	116213.650243254547	1969.0191483183
4	4587	116606.010048343037	2116.1942788798
4	4602	117026.800661161539	2943.8461414176
4	4614	117426.975445235316	3397.679600772
4	4626	118201.398597592656	2761.5345598778
4	4649	119238.641909417721	4053.4583685547
4	4667	119505.64815214825	2636.1035973486
4	4684	120103.344227462653	1817.589062294
4	4725	121624.303525678304	2333.728309432
4	4729	121800.47005080369	2010.382859325
4	4761	122513.876344733627	3192.8037303966
4	4766	122561.058437285283	2818.923986312
4	4785	122903.023870088847	3012.0840957282
4	4789	123071.824480706164	2545.7753271542
4	4829	124094.028057260179	2647.7477127593
4	4859	124720.383933046573	2542.7571938047
4	4871	125126.238835105751	3042.1019894258
4	4888	125455.867945781056	2850.4525921559
4	4897	125474.50260356974	4069.0596660765
4	4906	125762.694378150368	2020.9454696081
4	4914	126048.213523728514	2713.1095035784
4	4954	127332.119517451876	3294.9666213244
4	4966	127525.383281481608	2602.5771396048
4	4980	128025.928618871539	2703.2904051896
4	5009	128659.12938540902	2516.4195978921
4	5053	129794.806169606919	3652.2187026311
4	5060	129942.764410012188	1983.0371514335
4	5079	130380.760439447348	3317.2216369025
4	5111	131008.622573967095	3105.7424517162
4	5133	131275.706452291284	2954.4085547794
4	5166	131826.268534081992	3437.3636413139
4	5185	132133.487523730669	3896.5648223571
4	5203	132546.297929639932	1972.7719452741
4	5214	132726.233420215372	2475.1839400876
4	5245	133264.398740019474	3577.3207148213
4	5254	133483.752793258991	4145.1698346813
4	5273	133858.690594389859	4002.3181710088
4	5282	133967.600117268976	4271.2557143132
4	5291	134198.560634564433	2972.4022895052
4	5316	134691.885567157533	3669.1141807498
4	5331	135115.334217782888	4303.9360870662
4	5353	135498.460720571693	4322.6889019404
4	5388	136292.185751005832	4123.6653714113
4	5403	136747.979316834185	3887.4771706168
4	5408	136756.075529101309	4325.0480891197
4	5416	137031.301717303518	3438.7179226717
4	5430	137453.252362701115	6114.5507379661
4	5442	137722.147576894436	4627.388707438
4	5447	138239.025628845212	4486.4400794536
4	5452	138463.983982346777	3019.041342799
4	5470	139081.716199423191	3522.4093628177
4	5482	139411.561121411447	4679.0905440804
4	5490	139549.597359615383	4917.793287857
4	5505	140234.193196549837	5043.7231669897
4	5516	140321.120239532558	4117.1905608954
4	5528	140841.788580316876	3323.1406333384
4	5563	141968.354845040997	2875.990624493
4	5604	142859.775673498919	3010.8561381078
4	5613	143062.585781630985	2890.7987899147
4	5647	144016.226409231238	3731.010026837
4	5666	144517.955325144652	2080.4543313291
4	5674	144551.270915971658	2344.2565986749
4	5704	145424.862489170704	2623.5340122377
4	5722	145716.971298319808	2939.207312884
4	5741	146281.345656934503	4046.472609502
4	5745	146292.927994267923	1579.0622585267
4	5757	146709.835934090737	3357.4604828317
4	5795	147847.559235036763	3628.951457637
4	5803	148064.232992910243	2517.2664982069
4	5811	148445.814050272448	2483.0864079762
4	5818	148511.002610322478	3039.3092474684
4	5851	149659.678771861913	2183.8391412981
4	5866	150193.139747613613	2870.6153717637
4	5881	150923.279734489409	2285.8926755469
4	5903	151577.262281581614	3074.7934790701
4	5907	151615.651930336488	2957.3944004159
4	5929	152452.799103122059	3927.5862150783
4	5933	152660.41336372634	2481.6789006907
4	5967	153810.614042655191	2396.9467010256
4	5989	154312.044397247671	1871.330156168
4	6004	154664.966922397166	3162.6872501336
4	6012	154773.781471921666	3035.6813151017
4	6052	155706.869211412357	1555.2412930503
4	6077	156661.313691660664	2629.1662718751
4	6081	156756.365533686565	1943.0454720283
4	6122	158447.884484417494	3494.3366323505
4	6146	159244.681766237821	2476.6394908992
4	6199	160296.539450544471	2445.7161633298
4	6212	160424.845065427814	1754.0847380832
4	6253	161357.687022367937	2369.5742800087
4	6266	161620.471360864261	3317.5207221508
4	6278	161920.311981009764	2635.4534297861
4	6296	162391.352907003978	3912.7987522657
4	6313	162786.242090257329	3540.7252895971
4	6341	163216.406078277299	3533.7899090462
4	6354	163376.804822495652	3930.07315536
4	6395	164129.851959603051	3825.7393755914
4	6400	164253.533701541347	5187.5839599525
4	6424	164592.292221727294	4924.533495571
4	6432	164880.096734142075	5318.2139224365
4	6485	165781.582146411906	3743.8043095922
4	6493	165924.317610690815	3209.5538127056
4	6556	166991.112956715893	4042.2859822673
4	6564	167092.136998510433	4062.3233178749
4	6576	167432.507769389523	4739.6720919153
4	6587	167782.373493796659	4392.2193095062
4	6596	167898.202558228891	5563.7073926745
4	6607	168143.043648971689	3437.294730881
4	6629	168636.352020291757	5046.3324701811
4	6634	168711.727628427071	5165.6874672192
4	6652	169191.888308202993	4294.8643213124
4	6664	169260.956006812376	3554.1991013436
4	6673	169507.390257524472	4206.9571016477
4	6678	169507.573842740131	3769.9502602908
4	6699	170315.706541942578	4742.1024816287
4	6704	170320.15501316495	4653.8613980759
4	6715	170605.626175454032	4560.3337918919
4	6726	171051.327918487114	5196.8961314497
4	6745	171316.710587589515	4130.642397373
4	6750	171395.101556399983	4633.372027607
4	6758	171584.693004375768	4735.4070157204
4	6775	172175.491182798666	4474.927438602
4	6807	172558.071075970453	2881.2572944461
4	6812	172561.915490979773	4181.0926234405
4	6830	173176.932272868377	2596.2799816525
4	6835	173235.432764718753	3680.682700324
4	6857	173709.737992527407	2546.348275227
4	6901	174440.567290110957	2232.7576643141
4	6909	174720.098318880571	3663.1468397311
4	6928	175235.211096050661	4219.3959943001
4	6940	175532.633427562339	3348.7272770385
4	6948	175708.85865257911	3262.9194819465
4	6964	176113.078687688483	2572.6188856762
4	6978	176581.326362209838	3666.7615743428
4	6983	176642.020892160161	2853.3238152611
4	6994	176881.021897064965	3114.1206042808
4	7001	177004.730331855042	2795.2607491319
4	7023	177462.067422157597	3404.0294191005
4	7069	178586.545783385974	2754.218132291
4	7076	178709.090234253536	2040.708300937
4	7093	178966.235551267446	2030.8263858687
4	7119	179598.230544475172	2518.8078850787
4	7149	180049.012765337122	3554.1965128803
4	7168	180516.569028377873	2687.1007096852
4	7180	180807.596742918696	3060.066999521
4	7207	181390.696466595275	4018.9839868683
4	7222	181544.20375458708	4828.0453673268
4	7230	181827.372655419614	3627.7253543342
4	7261	182344.663311664356	4158.2218397791
4	7278	182799.449347665515	3430.7279796208
4	7302	183157.21358421479	4121.8182219263
4	7337	183848.115887677279	3406.7038029848
4	7342	183885.901467308743	2930.2795609177
4	7376	184601.922302132454	3471.7796359617
4	7381	185043.75584229116	2901.3256327232
4	7425	185802.084277302369	4136.7375150323
4	7442	186194.262481776979	3986.6174883139
4	7454	186304.177827027037	3822.2177813378
4	7486	187065.395697986689	4053.5098856487
4	7512	187450.049784628656	4480.0071443589
4	7535	187881.593987921234	2548.8492333619
4	7547	188010.144031543627	4362.3872303361
4	7558	188398.546242339518	3172.2545627788
4	7608	189387.048110396012	3701.9230014012
4	7616	189471.844725960848	3016.6886134523
4	7643	190100.629185133024	3809.0426034191
4	7655	190303.924741594104	3341.3087334956
4	7678	190668.392347672937	3772.0496221341
4	7692	191075.766862610338	3239.6414036589
4	7700	191263.583446119322	3467.7075511323
4	7705	191554.115643196149	3429.3639830402
4	7710	191767.612108251063	4704.9695640758
4	7721	192010.855355763791	3587.6511018881
4	7741	192768.112630097179	2978.937261856
4	7755	193326.170971405102	3684.9659894804
4	7797	194699.327387843727	3918.3015338425
4	7812	195050.308386814514	3048.5560662023
4	7816	195303.136698637604	2537.9528928065
4	7832	195845.323979445467	2480.6963923156
4	7836	195962.209088259652	2949.9199384265
4	7856	196593.262469606513	3301.6234301683
4	7878	197112.317167469683	3250.8515454456
4	7914	197848.301751470778	1869.0762774088
4	7922	198030.096624614546	3279.6223795507
4	7926	198152.772266293529	1907.9080877256
4	7975	199029.088172441643	2089.4942983054
4	7990	199452.920068444998	3190.1025645342
4	8026	199964.10144187992	3602.9577410314
4	8031	200148.792201440439	2333.9050711133
4	8056	200497.470309459768	3896.8343761708
4	8071	200859.97521921213	3206.043995182
4	8121	201686.465874306515	4247.9270495345
4	8138	202024.759497814976	3596.7008365273
4	8143	202290.308596204624	4447.532300315
4	8155	202578.974853274577	4250.059662887
4	8177	203130.292856716715	3369.5802231607
4	8182	203320.212727255777	4105.8378615139
4	8193	203567.576874983661	2861.4496342586
4	8205	204226.11332831125	4682.9311900543
4	8210	204288.183829435311	5311.8940999409
4	8218	204614.591509077356	4671.9272476431
4	8230	205047.128517334513	3924.2398052413
4	8238	205298.860456985585	4879.1717416366
4	8246	205517.157977644012	5626.9836808272
4	8273	205916.328341351054	4569.7645413508
4	8277	206392.95170406963	3061.2154124798
4	8372	208711.540826196864	3311.6139308643
4	8388	209167.846740198089	3512.8660661448
4	8403	209462.884277748957	2845.9821844291
4	8411	209643.003316906048	2786.4261832651
4	8415	209776.728179502383	3043.1437144609
4	8444	210487.671070986195	3361.0581030198
4	8462	210748.404115310638	3855.2488591652
4	8492	211682.180772836088	4118.8708379505
4	8500	211788.58022391121	3671.0440055094
4	8518	212317.048587159022	2880.2879299448
4	8523	212373.037565446227	2742.6465862682
4	8532	212580.031653170242	2798.5523173543
4	8564	213324.090561906575	3494.9732538514
4	8579	213677.994208738908	3173.1014134522
4	8624	214763.312151796577	2780.3165323567
4	8633	214971.941295638413	3987.0885133836
4	8676	216143.317996021092	2365.4117749991
4	8681	216246.838827404586	3486.4254725063
4	8717	216885.329148873148	3387.8025600052
4	8721	216932.682866602868	4247.5784266697
4	8743	217283.662563852427	1833.673932294
4	8794	218099.409420323928	2066.2192298379
4	8802	218182.078304610553	1811.8861184432
4	8820	218636.519519538989	2711.7250596275
4	8829	218828.849669809791	2708.4505412035
4	8839	218987.525569686105	2015.4028314073
4	8869	219315.155526384118	2514.1347529254
4	8887	219846.470103115219	3210.7717553516
4	8918	220218.390067502263	3133.0369024014
4	8923	220235.715209581334	3859.2623209289
4	8946	220899.937423263121	3021.7959880148
4	8970	221450.916559603441	2466.1218001393
4	8993	221769.948874659244	3945.756993077
4	9001	221897.055343594778	3735.2227810343
4	9022	222329.369056728113	3335.6414490494
4	9031	222646.084380339239	3498.2919447961
4	9042	223158.216394021515	3648.6564440649
4	9047	223179.882363491136	4649.973380471
4	9059	223622.685843020085	3573.0643405715
4	9067	223715.421144701916	3536.4062988651
4	9094	224482.307835892218	4422.3904353681
4	9105	224875.144098180685	4122.743226378
4	9113	225067.696239762383	3345.9708261505
4	9122	225816.052605643276	3622.8495254048
4	9126	226021.21098844372	3872.5735681588
4	9154	227306.4364082441	3011.567624649
4	9187	227927.39240126621	3182.4923174735
4	9234	229002.618367321956	2978.9165912289
4	9242	229126.371581744346	2444.6548493486
4	9258	229484.136246614325	1988.3635766944
4	9293	230085.016596730965	2359.0475056371
4	9320	230782.31691588591	3635.8483512048
4	9328	231019.063540458846	3763.0006673678
4	9356	231446.148078245476	3116.2282329718
4	9378	231991.268835747048	3062.2882971987
4	9392	232242.552492045033	4122.6635931227
4	9397	232328.110350472286	2403.5392302182
4	9410	232713.42775019275	2889.32767619
4	9426	233054.935032380178	3231.6091433398
4	9435	233404.057270851154	4108.0209208687
4	9450	233735.474900458176	4208.2721077063
4	9464	233974.935793997153	2886.7433086999
4	9485	234606.568941999395	2877.8349387384
4	9490	234757.201633313104	2879.9153560753
4	9498	235152.290094894722	2120.8612655659
4	9524	235557.587372832169	4156.2443754804
4	9549	236024.244633679643	4779.3964801844
4	9565	236491.773602500727	4339.6131202974
4	9570	236508.569723655835	2804.5029903967
4	9581	236887.364212395057	3149.4348930904
4	9593	237232.700144987723	2384.9782303067
4	9611	237694.65603965278	3422.2776754914
4	9622	238122.202692259273	2792.8233160668
4	9652	238768.594090314016	3191.3508453436
4	9656	238779.590600155464	3321.6711410911
4	9664	239145.594572882313	3246.1572186649
4	9683	239579.635609564737	2814.3747487925
4	9695	239947.91896732199	2212.0796782896
4	9707	240176.468089678917	1864.3747672532
4	9711	240582.297214391878	2231.1537377257
4	9749	241385.613314604451	3536.3571005501
4	9753	241489.292685368688	2943.1035942212
4	9768	241957.006881052693	2431.9253668973
4	9809	243045.084589854853	2193.9161634352
4	9820	243383.679384529136	2497.5845420547
4	9824	243442.012580283956	2791.2071899479
4	9877	244394.642057646476	3448.9785918966
4	9911	245127.735714134239	3788.4352636558
4	9919	245204.566346475144	2982.9398040677
4	9931	245555.559573661946	3771.5940388209
4	9943	245686.562880886008	3079.2276067694
4	9961	245966.513303400238	2406.7398300926
4	9975	246371.95620283898	3032.058022086
4	9987	246495.603192814847	3750.7172436774
4	9998	246674.00257705193	3179.3256556961
4	10013	247036.961084999554	3192.2391714803
4	10028	247373.575380243771	2900.9806482605
4	10065	248090.450935200267	3317.7663993156
4	10089	248345.052765742355	2758.2279034882
4	10099	248675.153958157858	2363.3117360208
4	10106	248800.869599733912	2914.4483518881
4	10138	249581.440079144143	3648.9856812079
4	10158	249864.070322725988	3405.0631209835
4	10180	250178.691559719794	2478.2646223439
4	10189	250342.588183086432	3000.0082858157
4	10209	251155.394747749038	2385.0604437207
4	10218	251446.938589966797	4137.9035228887
4	10226	251670.127172291346	3792.2567934837
4	10250	252209.356899305188	5246.4764979691
4	10266	252549.595443707027	2870.0953456445
4	10298	253054.907400782161	3425.7931883027
4	10320	253428.183019671657	3616.7862752119
4	10359	254020.865627601616	2137.9439726472
4	10380	254345.44023786492	2606.5792320374
4	10425	254844.884906038515	2749.753143864
4	10440	255296.046864453771	3444.7231816491
4	10460	255710.712033379696	3003.5380395381
4	10476	255924.896508146145	3494.3976482971
4	10504	256213.855197541289	2915.4967138992
4	10540	257021.721081052044	4652.6071114106
4	10545	257022.468738444023	3288.4047690168
4	10569	257482.120783980809	3288.751154269
4	10594	257907.470852181384	4610.6737767422
4	10606	258232.513712290548	5157.1628340397
4	10626	258626.328642580727	4963.5083325085
4	10649	259050.086573816905	4592.0823864015
4	10658	259147.090216688686	4410.6687571002
4	10663	259307.347233899007	5390.1312338037
4	10702	260318.375795390331	5569.9085493492
4	10727	260637.147867623591	5243.604668697
4	10739	260894.36826499931	5954.7655372701
4	10761	261524.117511380338	5470.8212280292
4	10776	261673.269460357795	5464.4329734859
4	10784	261804.617660175883	5265.299910439
4	10805	262618.042258199374	6636.928447087
4	10810	262696.466815620535	5881.9862272596
4	10838	263328.861419901322	7273.0810078746
4	10847	263630.495101231956	5255.496351397
4	10855	263957.942142438214	5918.9339437252
4	10873	264334.085634872192	7178.9077964002
4	10908	264741.400316868048	5187.4350474264
4	10913	264778.29259956243	5849.7768252732
4	10922	265118.937070023339	5668.7282964827
4	10931	265668.221832979345	5160.2337040001
4	10939	265743.036077812385	5737.1237482994
4	10961	266103.987111568522	5531.8762692158
4	10984	266786.261569920998	3649.0878621258
4	11020	267451.474362406754	4712.2158536838
4	11025	267542.167784728181	5027.8065231763
4	11036	267959.737664759033	5558.0092502683
4	11060	268310.087158743363	5586.5461436301
4	11077	268601.438430033695	4958.1099539287
4	11086	268634.225243870043	5563.9150123435
4	11109	269123.907348476224	4388.7155628638
4	11117	269375.858355536931	5152.0273685858
4	11122	269390.894643411111	5206.307064878
4	11137	269793.669807594144	5339.5811756706
4	11145	269977.070038586926	5409.7461423782
4	11161	270252.585858832919	4453.8623298173
4	11185	270529.424684867137	4405.6429488113
4	11190	270598.258390266519	4745.6395428742
4	11226	271401.469836048656	4422.4765618448
4	11235	271424.520369943302	4169.7574352735
4	11252	271770.423929326307	4041.2689900831
4	11257	271969.12786636489	3848.8052553584
4	11276	272406.869140349399	4413.1042996777
4	11281	272757.12034799146	4755.6674553874
4	11286	272847.314086116921	4378.7223642249
4	11294	273482.326619010293	4002.1496782399
4	11299	273522.884515252035	4937.7444168358
4	11310	274119.04574558891	5838.3828663745
4	11318	274368.282402053546	4110.6619528167
4	11327	274419.708718154454	4049.632443087
4	11338	274715.603072706681	4443.9070741558
4	11351	275026.416366275471	6064.7004716832
4	11359	275094.46779666456	4835.919440338
4	11370	275387.965015646141	3812.7372930623
4	11385	275804.423735998446	4893.7078337355
4	11400	276166.451322957748	1828.2228311732
4	11426	276600.698868790451	1939.5060435031
4	11437	277027.209354713434	3333.8290286645

