version 2
run Iteration-23-20200521-09:52:11-58668
attr configname Iteration
attr datetime 20200521-09:52:11
attr experiment Iteration
attr inifile omnetpp.ini
attr iterationvars "$i=2, $j=11, $0=15-(2+11)"
attr iterationvarsf i=2,j=11,15-(2+11)-
attr measurement "$i=2, $j=11, $0=15-(2+11)"
attr network Network
attr processid 58668
attr repetition 0
attr replication #0
attr resultdir results
attr runnumber 23
attr seedset 23
itervar i 2
itervar j 11
param **.resourcePool.amount 2
param **.resourcePool1.amount 11
param **.resourcePool2.amount 15-(2+11)
param **.source.interArrivalTime exponential(6min)
param **.delay.delay uniform(4min,28min)
param **.delay1.delay uniform(10min,28min)
param **.delay2.delay uniform(4min,16min)
param **.allocate.resourceModuleName "\"Network.resourcePool\""
param **.allocate1.resourceModuleName "\"Network.resourcePool1\""
param **.allocate2.resourceModuleName "\"Network.resourcePool2\""
param **.deallocate.resourceModuleName "\"Network.resourcePool\""
param **.deallocate1.resourceModuleName "\"Network.resourcePool1\""
param **.deallocate2.resourceModuleName "\"Network.resourcePool2\""
param **.router.randomGateIndex "uniform(0, 1) > 0.2 ? 0 : 1"

vector 0 Network.allocate queueLength:vector ETV
attr interpolationmode sample-hold
attr title "queue length, vector"
vector 1 Network.allocate1 queueLength:vector ETV
attr interpolationmode sample-hold
attr title "queue length, vector"
vector 2 Network.allocate2 queueLength:vector ETV
attr interpolationmode sample-hold
attr title "queue length, vector"
vector 3 Network.sinkStat lifeTime:vector ETV
attr interpolationmode none
attr title "lifetime of arrived jobs, vector"
attr unit s
vector 4 Network.sink lifeTime:vector ETV
attr interpolationmode none
attr title "lifetime of arrived jobs, vector"
attr unit s
0	0	0	0
0	8	733.982021364011	1
0	10	1281.826830856739	2
0	12	1401.288215937774	3
0	14	1708.404538227836	4
0	16	1798.333426294558	5
0	18	1865.834148611788	4
0	23	2002.604980173083	3
0	28	2008.300417821609	4
0	30	2187.69144270363	5
0	32	2276.977239330161	6
0	34	2483.285439948114	5
0	39	2623.467053536149	6
0	49	2823.792713259145	7
0	55	3093.99395172662	6
0	68	3599.392015636245	7
0	74	3920.000383250857	8
0	76	3923.29374093798	7
0	89	4608.318411011164	6
0	94	5144.736440407606	5
0	99	5301.071602200276	6
0	109	5536.190283513725	7
0	111	5681.875343184833	6
0	116	5890.426324853722	7
0	118	5953.451452630135	6
0	131	6194.212941157195	5
0	140	6398.425514267122	6
0	150	6637.974030675861	5
0	155	6882.588610734706	4
0	168	7146.203232516041	5
0	178	7601.719496009543	6
0	180	7605.462644131109	7
0	182	7739.775224860673	6
0	187	7932.087680237142	7
0	193	8130.464550855133	6
0	198	8161.787401532347	7
0	220	8953.565595086579	6
0	225	9072.976282537305	7
0	227	9283.662611770007	6
0	248	10208.563597027128	5
0	253	10310.890274801325	6
0	255	10409.964053673396	7
0	261	10637.665575596067	6
0	266	10705.239667083984	5
0	275	10878.275490480038	4
0	284	11363.864824186927	3
0	297	11520.791107408237	4
0	310	11960.018323197841	5
0	312	12054.967809744055	6
0	314	12130.730506574708	7
0	316	12160.378483500068	8
0	323	12494.540868366631	7
0	336	12691.352348167725	8
0	338	12786.029164716842	9
0	340	12868.796246509916	8
0	353	13357.96862987126	9
0	359	14000.266030768427	8
0	368	14251.418134494433	9
0	370	14430.63821141786	8
0	379	14550.966040224002	9
0	381	14578.374501282844	8
0	398	15466.741915906343	7
0	411	15767.311387725075	8
0	417	16040.924587000078	7
0	426	16196.177018223549	8
0	428	16234.655231372424	9
0	434	16458.922068255517	8
0	439	16637.457860682076	7
0	444	16785.196172735421	8
0	450	16981.882719549791	9
0	460	17158.219290257713	10
0	465	17414.586912395927	9
0	470	17724.166013013488	8
0	475	17735.106092941416	9
0	490	18108.969011059241	10
0	492	18246.341546180221	9
0	497	18363.799807678877	10
0	499	18384.761849764651	9
0	512	18488.126715240179	10
0	514	18807.075608085757	9
0	519	18814.454935907292	10
0	525	19103.254449423322	11
0	527	19191.027341868644	10
0	540	19538.248600635593	9
0	545	19546.604017617675	8
0	550	19585.453704253539	9
0	552	19602.644450661131	10
0	554	19747.151188315373	11
0	556	19795.860771203908	10
0	565	19942.473236556884	11
0	575	20146.747020583927	12
0	580	20373.528191947718	13
0	582	20405.511402312582	12
0	592	20675.978475258611	13
0	594	20787.801562923497	14
0	596	20789.615094874266	15
0	598	20822.188417541358	14
0	619	21247.795132587227	13
0	635	21462.735357347527	14
0	637	21474.033546533351	13
0	650	21697.116351204487	12
0	655	21797.64386379255	13
0	657	21880.378223559923	14
0	672	22213.384239450825	15
0	674	22223.619192752272	16
0	684	22575.141624446874	15
0	693	23035.331667984817	16
0	703	23198.876447940739	15
0	708	23400.548890728419	14
0	713	23402.516507480025	15
0	719	23499.691914359601	14
0	724	23565.171528848427	15
0	726	23705.607276867991	14
0	731	23757.30904908773	15
0	737	23943.035957592102	14
0	746	24414.211586568783	15
0	752	24454.393466279634	16
0	761	24593.983647788437	15
0	779	25044.664241785677	14
0	787	25169.29699034608	13
0	809	25645.838025111622	12
0	826	26082.470390342974	13
0	836	26367.908038376268	14
0	842	26412.988846565159	13
0	847	26636.640267681247	12
0	856	27306.095642309552	11
0	861	27466.279886181029	10
0	866	27523.520764504374	11
0	868	27866.627957479757	12
0	878	28197.501082255175	13
0	883	28293.849632724586	14
0	885	28447.975223075515	13
0	890	28594.606135748418	14
0	900	28812.314048598083	13
0	910	28994.137344147767	14
0	912	29037.630389159492	15
0	914	29168.755648622783	14
0	923	29204.252977823284	15
0	929	29694.687006298369	14
0	934	29823.379095050069	13
0	947	30056.485499898579	14
0	957	30512.68276094032	15
0	959	30567.252655612271	16
0	965	30756.886416037313	17
0	971	31066.275581840342	16
0	980	31164.391206654283	15
0	989	31181.340166475729	16
0	991	31220.523294807838	17
0	993	31239.033990181264	18
0	999	31362.829720686369	19
0	1005	31942.240617882377	18
0	1018	32385.884249212021	19
0	1020	32447.571965876883	18
0	1029	32715.810483510169	17
0	1038	32756.323922775628	18
0	1040	32834.08078132884	19
0	1042	32921.24778077851	20
0	1044	33022.890888895411	21
0	1050	33369.114256230094	22
0	1052	33449.44592986266	23
0	1054	33633.407573654747	24
0	1056	33778.681491885251	23
0	1073	34235.433886202909	24
0	1075	34279.719944077107	23
0	1084	34557.059027715889	24
0	1090	34691.333816426369	23
0	1099	34787.639323830041	24
0	1101	34875.930724331133	25
0	1103	34934.855521125448	26
0	1105	34945.366110574644	27
0	1111	35186.993291253191	28
0	1113	35405.000405397183	27
0	1126	36139.540125320229	26
0	1139	36642.11619037593	27
0	1145	36997.936357755131	26
0	1154	37752.207284944627	25
0	1167	37948.213907975621	24
0	1176	38200.874133344657	23
0	1181	38329.638600885568	24
0	1187	38615.990561630494	23
0	1196	38926.681139985079	24
0	1198	39000.083161978389	25
0	1200	39135.043437658643	26
0	1206	39175.140709395084	25
0	1211	39227.803304773366	26
0	1233	40202.091360960073	25
0	1242	40366.150593480902	26
0	1244	40483.069123963389	25
0	1249	40501.669688042196	26
0	1255	40650.430307697422	25
0	1272	41466.849500173595	26
0	1278	41614.034337925288	25
0	1283	41618.429097847529	26
0	1285	41697.961028862662	25
0	1290	41903.292291350881	26
0	1300	42228.325059425003	25
0	1305	42292.010477907524	26
0	1311	42529.262254948291	25
0	1316	42670.988271233745	26
0	1318	42861.333475404776	27
0	1324	42963.551098670989	28
0	1338	43470.662467484833	29
0	1344	43596.112996090121	28
0	1349	43866.229718391073	29
0	1355	44026.419338698062	28
0	1364	44348.627875259461	29
0	1366	44419.726179700262	28
0	1375	44528.949868509675	29
0	1381	44539.961859960899	30
0	1383	44574.935278447839	29
0	1388	44944.540065641078	28
0	1397	45368.215421483556	29
0	1407	45585.463293168611	28
0	1412	45901.398508360506	29
0	1414	45937.380583549413	28
0	1422	45983.733155887491	27
0	1440	46612.962029019865	26
0	1448	46690.471063155598	25
0	1456	46857.395268569263	24
0	1461	47060.545345942898	25
0	1476	47392.335584943817	26
0	1481	47688.975972437361	27
0	1483	47821.826366197235	26
0	1501	48016.712315941723	25
0	1509	48194.261216495103	24
0	1514	48222.921749278167	25
0	1516	48646.141710730763	24
0	1531	48907.267400522503	25
0	1533	49007.901534638049	26
0	1546	49204.646062406273	25
0	1559	49648.180516932077	24
0	1564	49677.688019815966	25
0	1566	49774.129550246959	26
0	1581	49965.029146347849	27
0	1583	50198.574073860909	28
0	1585	50300.556908736499	27
0	1593	50429.013467889197	26
0	1598	50492.176342110786	27
0	1605	50661.145584771903	26
0	1610	50731.82292792483	27
0	1624	51133.117376148189	28
0	1638	52012.882026258774	27
0	1643	52060.552967379363	26
0	1660	52231.47865539901	27
0	1662	52332.757594405009	28
0	1668	52780.768158824074	29
0	1674	52853.923943268629	28
0	1683	53315.613652355426	29
0	1689	53430.100523541479	30
0	1691	53463.293193440802	29
0	1704	53925.312843213352	28
0	1709	54283.869662771496	27
0	1722	54602.553919548063	28
0	1728	54995.493795037825	29
0	1730	55073.805451590486	28
0	1743	55468.309197763476	27
0	1752	56036.411293089229	28
0	1762	56308.361169182814	29
0	1764	56481.665410224267	28
0	1777	56904.783828186366	27
0	1782	56984.462929186848	28
0	1784	57034.986233787081	29
0	1786	57099.259626820636	30
0	1788	57149.64670018982	31
0	1794	57349.136185216201	32
0	1796	57394.421397561702	31
0	1801	57418.155672524043	30
0	1810	57684.065970967732	31
0	1816	57708.116049628623	30
0	1821	57717.510000336299	31
0	1823	57868.32384258985	32
0	1825	57899.798369298629	33
0	1833	58176.738100613031	32
0	1843	58339.318375524052	31
0	1848	58439.565367492521	32
0	1859	58815.194918610481	33
0	1861	59142.189176863406	34
0	1867	59234.681358050474	33
0	1876	59319.233359482028	34
0	1878	59373.868271610858	35
0	1887	59583.734284831304	36
0	1894	59856.086864958081	35
0	1899	59928.610199812719	34
0	1904	59929.010066018341	35
0	1910	60322.758730477836	36
0	1912	60462.140731673607	35
0	1925	60705.929209927592	34
0	1934	61087.722296385741	35
0	1940	61181.075090656552	34
0	1945	61214.173584703275	33
0	1962	61791.335062498722	32
0	1970	61843.591473869904	33
0	1972	61873.902436282405	32
0	1982	62004.794212728955	33
0	1987	62082.72437281482	34
0	1989	62115.300776068548	35
0	1991	62203.293364547511	36
0	2014	62852.82106772301	35
0	2031	63151.070719251905	34
0	2036	63532.834368433723	33
0	2053	64123.352246943557	34
0	2055	64202.654885586271	33
0	2064	64418.312396945538	34
0	2066	64551.316935590345	35
0	2072	64582.756991787714	36
0	2074	64606.52099944887	35
0	2079	64796.595774714649	36
0	2081	64828.074779075336	37
0	2091	65415.605225144627	38
0	2096	65477.630747335528	37
0	2110	65730.70589215673	36
0	2115	65751.815773798969	37
0	2117	65994.056112179178	38
0	2119	66033.732619921242	37
0	2124	66165.547154702133	38
0	2134	66393.422225108681	39
0	2136	66520.995638101952	40
0	2142	66906.704354394448	41
0	2144	67012.355143625646	42
0	2154	67161.780256491075	41
0	2159	67341.859090661853	42
0	2161	67349.534207131125	43
0	2163	67653.452457378184	42
0	2172	67711.157603547443	43
0	2182	68493.903835203419	42
0	2187	68601.064519810056	41
0	2196	68903.460835788319	40
0	2201	68946.526104482039	41
0	2207	69170.606061509167	42
0	2209	69175.105757015716	43
0	2211	69206.533740226735	44
0	2213	69214.972997445674	45
0	2215	69273.533368336534	44
0	2220	69386.17412093588	45
0	2222	69387.215636495421	44
0	2227	69540.89588906852	43
0	2232	69571.247971617479	44
0	2234	69655.810496335274	45
0	2244	69816.367952573965	44
0	2256	69919.244846984331	45
0	2258	70106.276005367239	46
0	2260	70242.14707766334	47
0	2270	70473.631594038808	48
0	2275	70485.509299489236	47
0	2280	70534.817774770745	48
0	2293	70749.089045862234	47
0	2303	70974.984687856338	48
0	2310	71280.149475049148	47
0	2315	71299.431819163187	48
0	2322	71639.427310611973	47
0	2330	71834.148985112584	46
0	2340	71980.305823227324	47
0	2353	72202.054155182014	46
0	2358	72250.538008735633	47
0	2360	72266.355230177319	46
0	2370	72669.548584735963	47
0	2372	72687.1441872069	46
0	2377	72768.303940563739	47
0	2409	73695.901401724587	46
0	2419	74052.800540516651	45
0	2424	74093.653039931694	46
0	2426	74315.350639547641	47
0	2445	74971.092653016127	46
0	2450	75054.313936642919	47
0	2452	75056.925460834878	48
0	2454	75230.371402848433	47
0	2463	75460.585220016908	48
0	2465	75510.644984270489	49
0	2467	75585.298611385534	50
0	2469	75664.2668458843	49
0	2474	75737.479721691381	48
0	2483	75800.481722691839	49
0	2489	75893.163923300985	50
0	2503	76822.807921136297	49
0	2508	76868.773993572811	50
0	2510	76907.610354546379	49
0	2515	77107.223548696937	50
0	2517	77136.553279987414	51
0	2531	77602.531536195349	50
0	2536	77671.71651092157	51
0	2546	77773.262468138144	52
0	2552	77987.752622041773	51
0	2557	77993.125366384315	52
0	2559	78013.974663654841	51
0	2564	78157.123576576199	52
0	2574	78619.524645957085	53
0	2580	78801.506498112682	54
0	2582	78872.804887426099	55
0	2588	78965.376498728731	56
0	2590	78995.660264531649	55
0	2595	79043.517721028002	56
0	2605	79261.781882590527	57
0	2611	79498.949580687951	56
0	2616	79557.404748847228	57
0	2618	79569.025130277473	58
0	2624	79682.308012339466	59
0	2630	80181.119003301467	60
0	2636	80258.315813575784	61
0	2638	80456.007930894311	62
0	2644	80579.353961313642	61
0	2649	80630.297449615229	62
0	2651	80720.000131868816	63
0	2657	80894.483857902266	62
0	2662	81166.756554219793	61
0	2671	81693.670546547346	62
0	2677	81851.205188299097	61
0	2682	81961.898226644783	62
0	2696	82437.31710669763	61
0	2701	82495.874614084639	60
0	2710	82610.074518618525	61
0	2716	82913.609913113472	62
0	2722	83351.691116953768	61
0	2731	83436.41579122461	60
0	2736	83442.095753799281	61
0	2746	83504.555867299794	62
0	2748	83580.910086370217	63
0	2766	84469.265542554237	62
0	2775	84606.188743796121	61
0	2780	84963.575867912348	62
0	2786	85140.735069748475	63
0	2792	85505.826628553253	64
0	2794	85817.327427829184	63
0	2807	86143.009860712956	62
0	2816	86831.759535523631	61
0	2825	87130.83978843123	62
0	2827	87138.935750808488	61
0	2832	87148.618222262142	62
0	2834	87297.889314437495	63
0	2836	87302.870270641397	64
0	2838	87322.507353460001	65
0	2840	87394.325856769762	66
0	2850	87881.983640838336	65
0	2871	88479.735889424257	66
0	2873	88487.734037193038	65
0	2878	88565.2140234482	66
0	2884	88805.461343336429	67
0	2890	89213.553366459665	68
0	2892	89338.597468335103	67
0	2897	89447.336354841106	68
0	2903	89590.895514350306	67
0	2912	89764.500552790739	66
0	2921	90055.753624822866	65
0	2926	90128.271092476823	64
0	2931	90426.309472059642	65
0	2941	90732.586650486236	66
0	2951	91010.469193303346	67
0	2969	91375.321333261707	66
0	2978	91561.910871650945	65
0	2983	91762.169696877279	64
0	2988	92224.373764178262	65
0	2994	92388.280933330747	66
0	2996	92446.394474257132	67
0	2998	92620.78052107481	66
0	3007	92793.70251381577	67
0	3013	92889.530448013038	68
0	3018	93083.106866452764	67
0	3023	93083.447420346559	68
0	3025	93100.170566621839	69
0	3032	93445.127585905173	68
0	3041	93694.4379690773	67
0	3062	94298.948942350724	66
0	3075	94557.2604584307	67
0	3077	94572.106043409929	68
0	3079	94663.375585022251	69
0	3081	94682.281077133992	68
0	3086	94706.692446845311	69
0	3088	94866.120307697229	70
0	3102	95024.267744768333	69
0	3107	95462.535496058443	68
0	3124	96012.283046843985	67
0	3133	96590.621470224034	66
0	3154	96912.340179517618	67
0	3156	96957.54243136562	66
0	3161	96959.018949607888	65
0	3166	96960.4764380422	66
0	3176	97711.089424642304	65
0	3181	97712.334058742892	64
0	3190	97967.748385446647	63
0	3202	98385.493522400537	62
0	3223	98829.930699404251	61
0	3228	98854.582273189011	62
0	3238	99122.247430991303	61
0	3243	99215.042173171281	62
0	3245	99308.671812769975	63
0	3260	99778.258413376787	62
0	3265	99927.443405257867	63
0	3270	100094.764127597916	64
0	3272	100111.652310389947	63
0	3277	100176.218202848881	64
0	3288	100455.983549833063	65
0	3297	100677.383963506711	66
0	3304	100937.454874265861	65
0	3313	101035.299023764708	64
0	3326	101718.851478731152	65
0	3340	102366.058124864974	64
0	3349	102563.353090334606	63
0	3354	102612.434016763816	64
0	3356	102615.872474086545	65
0	3362	103162.053450431597	64
0	3371	103374.826434070745	63
0	3376	103397.440977486532	64
0	3386	103708.56023122735	63
0	3391	103842.103057543316	62
0	3396	103882.127106973348	63
0	3398	103922.137664217689	64
0	3400	103988.526778122387	65
0	3402	104050.740054564786	66
0	3404	104081.207523878586	65
0	3421	104802.760197015263	66
0	3443	105467.069221066811	65
0	3452	105554.457348782492	64
0	3457	106081.675062517204	63
0	3474	106592.30707169689	62
0	3487	106860.327171745613	63
0	3493	107546.424133423572	64
0	3499	107591.711087504158	65
0	3501	107744.516498709597	64
0	3506	107816.969999458564	63
0	3511	107836.487259537869	64
0	3513	107855.803945462618	65
0	3519	108234.594307254923	64
0	3528	108558.268285731353	63
0	3553	109381.070217790581	62
0	3570	109860.274711510345	63
0	3572	109908.988477002753	62
0	3577	110176.19677755793	63
0	3583	110336.252760427503	64
0	3597	111033.464434605016	63
0	3602	111042.925055364646	62
0	3611	111797.797340119757	61
0	3620	112005.588429565122	62
0	3626	112428.688001940734	63
0	3628	112432.563264604582	62
0	3645	113035.188058588578	61
0	3650	113077.396284186407	62
0	3660	113292.632550189771	61
0	3665	113295.326367361394	62
0	3667	113371.987400147325	63
0	3673	113762.163027014508	62
0	3678	113805.459612573065	61
0	3691	114362.794996003804	62
0	3696	114524.156480815186	61
0	3714	115004.778211845841	62
0	3716	115028.892788405098	61
0	3729	115383.908899437561	60
0	3746	116111.670520875528	59
0	3755	116132.941274723848	60
0	3757	116186.378283367787	61
0	3759	116234.02051923273	62
0	3769	116532.341062466182	61
0	3778	117072.557895759553	62
0	3780	117089.966492545147	63
0	3786	117360.772987206055	64
0	3792	117656.007514192632	65
0	3794	117690.661407338955	64
0	3799	117711.31606233485	63
0	3808	118028.415871413924	62
0	3821	119284.166904363706	61
0	3834	119423.522781521799	62
0	3836	119430.743547643103	61
0	3841	119716.615166530967	62
0	3847	119852.560206960812	61
0	3856	120139.241807099705	62
0	3858	120455.348364516238	63
0	3860	120513.800839718357	62
0	3869	120636.356581079342	61
0	3874	120662.521758944083	62
0	3876	120794.113556527488	63
0	3885	120919.501977379002	62
0	3890	120969.493772770257	63
0	3892	120985.90402019389	62
0	3897	121113.456561503849	63
0	3904	121274.325390208138	64
0	3918	121555.85383399671	65
0	3920	121591.065517099592	66
0	3926	121729.841728089424	67
0	3928	121791.449465749193	68
0	3936	121824.253200071432	67
0	3941	121878.643151684385	68
0	3943	122273.554429013208	67
0	3958	122605.272468330838	66
0	3963	122669.817681424095	67
0	3965	122957.706257823781	66
0	3970	123125.668066407122	65
0	3983	123277.411095734612	64
0	3988	123358.509355156374	65
0	3990	123373.812576009523	66
0	4000	123554.151353056111	65
0	4005	123811.624122049586	64
0	4029	124048.084389370366	65
0	4039	124507.727559070961	64
0	4047	124627.930837395343	65
0	4059	124890.080006348469	64
0	4064	124998.222683352296	65
0	4066	125091.856179358883	66
0	4076	125284.155741663846	67
0	4078	125352.611205396941	68
0	4080	125467.698153504328	69
0	4086	125530.616375359275	68
0	4091	125580.422466523003	69
0	4093	125670.582288253979	68
0	4102	125843.315983715036	67
0	4119	126194.68253196396	66
0	4128	126471.950750370642	67
0	4138	126804.757148417021	68
0	4140	126856.612746722804	69
0	4145	127089.719750147239	68
0	4159	127295.922666430631	69
0	4165	127381.65906582264	68
0	4170	127384.912766425488	69
0	4172	127417.030378606614	70
0	4182	127777.499846698235	71
0	4184	127863.139369567505	72
0	4186	127977.491604734138	71
0	4191	128396.086525533126	72
0	4193	128475.219196244038	73
0	4195	128646.055337503089	74
0	4208	129047.047954166809	73
0	4222	129486.867285121158	72
0	4231	129797.833828779438	71
0	4236	130315.439330277607	72
0	4238	130328.554278884947	73
0	4244	130574.523713992125	74
0	4250	130814.184255959878	75
0	4252	130845.430981221178	74
0	4260	131116.164656963125	73
0	4274	131574.040542814616	74
0	4280	132183.066878656426	73
0	4285	132230.252713758424	72
0	4294	132644.673268731609	71
0	4299	132668.931494916359	70
0	4311	132990.340051471838	71
0	4313	133023.810865815654	70
0	4326	133379.388492519537	69
0	4336	133496.877065530165	70
0	4346	133700.232971620095	71
0	4351	133929.831732886413	70
0	4367	134536.884307611659	69
0	4398	135302.085182780901	68
0	4403	135362.272759316539	69
0	4405	135441.877248323963	70
0	4407	135534.490841867093	71
0	4409	135680.645591106191	70
0	4418	135807.055307540287	71
0	4424	135895.838114913248	72
0	4426	136181.015706371441	71
0	4431	136274.479316251854	70
0	4436	136434.069868502715	71
0	4438	136478.909606336801	72
0	4440	136503.305162798538	71
0	4469	137493.581578124095	72
0	4471	137586.413053024485	71
0	4476	137592.464405612115	72
0	4478	137603.41717706061	73
0	4488	137949.37056973813	72
0	4493	137978.411533545628	71
0	4502	138473.584015231127	72
0	4508	138532.73452572761	71
0	4517	138756.536518311073	72
0	4519	138982.056194955985	71
0	4528	139169.161245200708	70
0	4536	139303.128156478087	69
0	4562	139936.713694662746	70
0	4568	139985.312714669361	71
0	4574	140274.029445212259	70
0	4579	140430.128598811607	69
0	4584	140506.237459112791	70
0	4598	140851.669099118485	69
0	4603	141086.761350557089	70
0	4609	141440.311591420146	71
0	4611	141547.227092238645	70
0	4620	141730.322960178009	71
0	4630	141998.608725529089	70
0	4635	142092.574687271702	71
0	4641	142224.918381539297	72
0	4643	142263.134917234893	73
0	4645	142334.074198130443	72
0	4650	142404.132457613367	73
0	4656	142629.131823118701	72
0	4661	142637.097047599663	73
0	4675	142930.479869584124	72
0	4680	143087.335297402993	73
0	4682	143439.334165868189	74
0	4684	143498.911449334182	75
0	4690	143609.511790531702	76
0	4692	143631.406625103691	77
0	4694	143718.79427308437	78
0	4700	143894.572474781349	77
0	4709	143992.970213643707	78
0	4711	144052.236578530515	79
0	4720	144342.39332739013	80
0	4727	144382.214824932199	79
0	4732	144451.673629326228	80
0	4734	144568.882435134086	81
0	4736	144712.307046735745	82
0	4738	144820.871224265471	81
0	4743	144904.931374343615	80
0	4748	144936.845501394282	81
0	4766	145617.200164338466	82
0	4776	145911.531907629147	81
0	4785	145936.447647737842	80
0	4794	146230.41132305054	79
0	4815	146983.63502753146	78
0	4820	147234.431356194001	77
0	4833	147487.540077290288	78
0	4839	147552.197699665769	79
0	4845	147698.720705947189	80
0	4847	148030.044269719897	81
0	4849	148045.266785669997	80
0	4854	148171.991192530643	81
0	4856	148233.899003381413	80
0	4865	148488.607972376156	81
0	4875	148762.254486981917	82
0	4877	148793.738658897296	83
0	4879	148869.485237572267	82
0	4884	149063.078214500781	83
0	4894	149381.283430277311	84
0	4896	149386.760355869812	83
0	4901	149500.341522965505	82
0	4913	149841.113010349256	81
0	4927	150287.816579090578	82
0	4933	150671.881286538902	83
0	4939	150783.670830430967	82
0	4944	150888.583884660079	81
0	4965	151541.941901710026	82
0	4967	151608.21016934879	81
0	4972	151755.620556688629	82
0	4974	151975.302092146053	81
0	4979	152122.170524559348	82
0	4993	152335.126199091358	81
0	4998	152507.042787607684	80
0	5007	152853.869992885509	81
0	5017	153127.170968404075	82
0	5035	153752.19569135694	81
0	5040	153957.013001974597	80
0	5049	154350.734475853426	79
0	5070	155124.572187300697	78
0	5075	155152.998327751787	79
0	5077	155266.079663712394	80
0	5091	155561.525857786221	79
0	5108	156592.452345762327	78
0	5113	156611.949996503574	77
0	5118	156756.910440661624	78
0	5128	156907.58105935022	79
0	5138	157417.613001217336	80
0	5140	157426.726224236113	81
0	5142	157670.874150630012	80
0	5151	158008.035252403393	79
0	5160	158269.980608525259	78
0	5165	158302.096204121665	79
0	5167	158360.672531407363	80
0	5173	158477.017871846372	81
0	5175	158593.153728146031	80
0	5180	158594.284796866161	79
0	5185	158610.052124314284	80
0	5187	158647.036206143399	81
0	5189	158685.465309555202	82
0	5191	158707.176570153779	83
0	5193	158786.965343636525	84
0	5195	158834.357957645019	85
0	5197	158908.320507074279	84
0	5217	159464.785432716081	85
0	5222	159532.088631849661	84
0	5227	159585.900154980391	85
0	5242	159988.122285727337	84
0	5252	160231.589374925982	85
0	5254	160247.771483177823	84
0	5267	160386.911176736537	85
0	5269	160401.773948154634	86
0	5271	160505.103833043227	87
0	5273	160605.081351541398	88
0	5275	160773.761278290125	89
0	5277	160920.834476586357	88
0	5282	160938.631035588442	89
0	5292	161066.367729138559	90
0	5294	161624.101390542966	89
0	5311	162008.892911944464	88
0	5320	162361.287209170443	87
0	5333	162775.580622426649	88
0	5339	163057.814250409769	89
0	5345	163164.391471486299	90
0	5351	163288.71078022061	89
0	5356	163295.463997509256	88
0	5361	163315.641575542324	89
0	5367	163647.94277454931	90
0	5369	163661.553450676185	89
0	5374	163809.136403661147	88
0	5383	164054.591785283052	89
0	5385	164296.272596876994	88
0	5390	164304.411497246849	89
0	5392	164366.049781204616	90
0	5394	164381.237837888198	91
0	5400	164540.147716405374	90
0	5416	164751.629231393623	91
0	5434	165212.516492662034	92
0	5441	165253.394152527068	93
0	5443	165451.753463799269	94
0	5445	165575.757806527001	93
0	5450	165641.911627376247	94
0	5456	165865.651477093381	93
0	5461	165916.363152835444	92
0	5474	166287.338224398346	93
0	5480	166297.984076157285	94
0	5482	166609.13422810033	95
0	5488	166667.948922181034	96
0	5490	166725.702688305564	97
0	5492	166948.657072459771	98
0	5506	167269.202050018982	97
0	5511	167284.400683978482	98
0	5513	167388.178280743343	97
0	5526	167910.732445197684	96
0	5531	168029.467670034544	95
0	5540	168722.259608220236	94
0	5555	168864.390258987683	95
0	5557	168951.086763799943	96
0	5559	169038.312909576969	95
0	5569	169218.822172174734	94
0	5579	169473.410923595113	93
0	5584	169545.124370096581	94
0	5586	169731.402627613323	93
0	5595	169844.947492844551	94
0	5597	169877.070284596253	95
0	5599	169993.173756910399	96
0	5605	170081.17165783565	97
0	5611	170120.356014476036	98
0	5620	170359.95616386384	99
0	5622	170385.385950272651	100
0	5632	170625.03416035561	99
0	5650	171326.675621878283	98
0	5659	171547.334863720944	99
0	5669	172118.795994969589	98
0	5678	172641.333715293484	97
0	5687	173216.752171183509	96
0	5692	173397.170045913297	97
0	5694	173410.323245788779	98
0	5700	173657.879063386398	97
0	5709	173789.410121070725	96
0	5714	173839.240428064602	97
0	5720	173948.977514213787	98
0	5722	174034.846167922315	99
0	5736	174564.053032218419	100
0	5738	174617.890638689998	101
0	5740	174915.980607133287	100
0	5749	175189.790815303606	99
0	5754	175189.969605085192	100
0	5780	175914.429297710341	99
0	5785	176012.830493498522	98
0	5794	176326.053170575682	99
0	5796	176441.633358328162	100
0	5802	176647.777144235416	101
0	5804	176761.307840002712	102
0	5806	176818.630365117836	103
0	5808	176872.116104329508	102
0	5821	177482.873293284255	101
0	5834	177744.530501573674	102
0	5836	177778.749122286719	101
0	5845	177953.706422645527	100
0	5854	178115.56656862065	101
0	5856	178510.24043884365	100
0	5865	178644.146128233451	99
0	5877	178771.376605872051	100
0	5879	178889.083470948606	101
0	5886	179145.928481430258	102
0	5891	179402.489518525583	101
0	5909	180069.169284526188	100
0	5922	180332.662915411358	101
0	5924	180368.440114895386	100
0	5933	181052.071760440509	101
0	5935	181222.77526249357	100
0	5940	181299.995537137169	101
0	5946	181614.340176863172	102
0	5952	181941.197066197676	101
0	5957	181990.749818349668	102
0	5963	182140.056668680091	101
0	5968	182471.976762043816	100
0	5976	182605.222410400568	101
0	5987	182735.043957989593	100
0	5992	182752.508842704362	101
0	5994	183202.58146435259	100
0	5999	183324.222068383485	101
0	6001	183450.199728805502	100
0	6014	183586.355578003768	101
0	6020	183712.679733076562	102
0	6022	183933.508842776102	101
0	6044	184179.400134432991	100
0	6049	184381.215733664614	99
0	6054	184415.625166623575	100
0	6061	184623.565674502108	101
0	6068	184834.515556012722	102
0	6070	184841.491686604029	103
0	6081	185143.935590291123	104
0	6087	185354.387873376292	103
0	6092	185435.934144163434	104
0	6097	185597.167128066105	103
0	6107	185741.376864180626	104
0	6109	185858.971519779344	103
0	6118	185925.342754610642	104
0	6132	186284.32912530868	105
0	6138	186733.043063318462	106
0	6144	187030.160041197354	107
0	6146	187055.190876165909	106
0	6151	187055.516380015135	107
0	6161	187407.453265827402	108
0	6163	187434.11712041348	109
0	6165	187505.746361028333	108
0	6174	187644.283359223671	109
0	6180	187732.484338572972	110
0	6182	187835.630306327639	111
0	6184	187990.46498934022	112
0	6186	188004.009207094879	113
0	6188	188078.15166278816	114
0	6190	188345.495824331922	113
0	6199	188635.275224570115	112
0	6204	188680.850160943849	111
0	6209	188878.374869828767	112
0	6219	189198.369451197823	113
0	6225	189411.701016974759	114
0	6231	189515.606473193825	115
0	6237	189691.62464718562	116
0	6243	189745.220350289204	117
0	6249	190102.314119415863	116
0	6254	190195.042456548591	115
0	6263	190740.550802650435	114
0	6268	190779.331104947101	115
0	6278	191105.226200378635	116
0	6284	191197.745110329171	115
0	6289	191367.406747714324	116
0	6291	191383.852186581234	117
0	6309	192179.105996119363	116
0	6318	192323.980227235635	115
0	6327	192714.675017560405	114
0	6332	192898.202722381731	113
0	6337	193106.933836707428	114
0	6358	193901.621899802168	113
0	6368	194194.361509087068	112
0	6377	194453.446778219124	111
0	6382	194858.722281679661	112
0	6392	195010.216790066125	113
0	6394	195051.394471863789	112
0	6403	195273.443282928249	111
0	6416	195438.708370199006	112
0	6418	195744.309253392866	113
0	6440	196472.088064365905	114
0	6446	196571.786951276047	113
0	6451	196867.214504677734	112
0	6456	197067.320893819017	111
0	6461	197180.630866337499	110
0	6470	197688.594777100388	111
0	6472	197756.24861036274	112
0	6478	197881.625127052982	113
0	6480	197977.557723572963	114
0	6490	198103.226262229229	115
0	6492	198227.616983664003	116
0	6494	198371.589541139586	115
0	6499	198442.70420273014	114
0	6504	198701.775124639757	115
0	6518	199178.470023649318	114
0	6523	199394.488599476651	115
0	6525	199473.019829180023	114
0	6542	199685.193175013133	115
0	6544	199816.292718583581	116
0	6546	199831.525386079662	117
0	6559	200375.790524493834	116
0	6564	200415.482089637067	117
0	6566	200423.391200217179	118
0	6568	200423.584938507754	119
0	6570	200521.950210812349	120
0	6577	200711.366293954236	119
0	6582	200721.292337993528	120
0	6584	200863.787168585679	121
0	6586	200978.356850009343	120
0	6595	201214.391655998809	119
0	6600	201338.502771358227	120
0	6625	202231.688296377584	121
0	6632	202596.305813278934	120
0	6641	202692.342637593431	119
0	6650	203590.686806056155	120
0	6652	203663.491492497308	119
0	6665	203990.138766590437	118
0	6674	204228.705814404115	119
0	6680	204609.079528924148	120
0	6682	204735.142609988865	121
0	6692	205145.562003816051	120
0	6697	205384.17169333615	119
0	6710	205674.600146377964	118
0	6715	205738.148692520438	119
0	6717	205865.752335469665	120
0	6723	206107.030503909966	119
0	6728	206266.095201759744	120
0	6730	206327.061304721667	121
0	6740	206797.766906025393	120
0	6745	207046.833932845829	121
0	6754	207129.781364704186	122
0	6756	207193.073141908307	123
0	6763	207378.251175696535	122
0	6768	207415.15727319934	121
0	6773	207424.407585789654	122
0	6787	207772.688124832005	123
0	6793	208260.09170607843	122
0	6798	208370.875333779893	123
0	6800	208495.382284984934	124
0	6806	208521.384762937708	123
0	6815	208746.457469623466	122
0	6820	208768.138193276736	123
0	6826	208850.131932393704	124
0	6840	209820.708652327342	123
0	6845	209935.048042584141	122
0	6850	209966.364198489764	123
0	6856	210188.660479066871	124
0	6858	210376.283247282198	125
0	6860	210415.13238925141	126
0	6874	210612.40867603807	125
0	6883	211187.740874135463	126
0	6885	211226.717538022635	127
0	6887	211333.224999869747	126
0	6896	211411.277717214008	125
0	6913	211803.793018350882	124
0	6918	212041.664227916424	125
0	6920	212192.07807172686	126
0	6930	212410.340988387796	127
0	6932	212656.315339061005	126
0	6937	212682.129916677918	127
0	6943	212728.841942187329	126
0	6960	213258.581783149322	125
0	6965	213390.682306827692	126
0	6971	213557.222126569686	127
0	6973	213564.59459532289	126
0	6994	214296.74217265336	125
0	7003	214510.703361187893	126
0	7005	214720.830572035094	125
0	7010	214872.312731968743	124
0	7015	215032.692439008435	123
0	7028	215262.224021866376	124
0	7038	215658.303887127106	125
0	7040	215749.364006450397	126
0	7049	216027.336387757143	125
0	7057	216258.339369075877	124
0	7062	216313.246384832939	123
0	7077	216455.64826825712	124
0	7079	216600.597575905306	123
0	7084	216632.517513381402	124
0	7102	217179.399251940233	123
0	7111	217310.709552758328	124
0	7117	217509.463965587088	125
0	7123	217869.793820690295	124
0	7132	218177.692417091118	125
0	7137	218295.034047888461	126
0	7139	218349.05909355608	127
0	7146	218606.670107434077	126
0	7155	218654.028034295818	125
0	7160	218749.405274601185	126
0	7166	219005.841419699175	125
0	7175	219173.344677833777	126
0	7177	219332.29895522066	125
0	7186	219545.321466664357	124
0	7195	219937.006293686611	123
0	7220	220603.812984388253	122
0	7225	220621.205151296408	123
0	7238	221173.856234403831	122
0	7248	221256.144696702176	123
0	7262	221996.682098808271	122
0	7271	222177.60521573194	121
0	7276	222371.115541480825	122
0	7282	222501.42025617119	123
0	7292	223014.972150775177	122
0	7301	223406.223042250871	123
0	7303	223517.88356772294	124
0	7305	223634.478219386122	123
0	7314	223756.492872881183	124
0	7316	223860.721297352667	125
0	7318	223997.408975539347	126
0	7328	224692.136187145991	125
0	7333	224709.273485887728	124
0	7350	225318.711588496847	123
0	7355	225602.571370777058	124
0	7365	225819.844223868034	123
0	7374	226102.521000932365	124
0	7380	226182.702894966982	123
0	7385	226475.648419281067	124
0	7387	226480.624951438718	125
0	7393	226731.563537950811	126
0	7395	226765.382257673822	125
0	7400	226821.233824866397	124
0	7409	227053.168516057101	125
0	7411	227231.485773601376	126
0	7413	227270.316273812652	127
0	7423	227613.861945860433	128
0	7425	227616.479820760472	127
0	7442	227985.141711730443	126
0	7447	228107.740040019109	127
0	7453	228218.986473100596	128
0	7463	228504.515552076085	127
0	7480	229078.762876253508	126
0	7485	229370.390966723247	125
0	7494	229714.112230935202	126
0	7500	229925.935166074539	127
0	7502	230034.604905780338	126
0	7515	230639.125904429209	127
0	7517	230672.919659921982	128
0	7519	230683.101282818428	129
0	7521	230695.557491036637	128
0	7526	230713.342911635527	129
0	7536	230993.642921505343	130
0	7538	231113.153798906426	131
0	7540	231226.733158382161	130
0	7545	231245.810586516369	131
0	7547	231282.084547441386	130
0	7560	231609.323741991006	129
0	7565	231623.903964982838	130
0	7567	231739.161682434227	131
0	7577	232164.551561783932	130
0	7582	232264.059384385636	131
0	7584	232330.930789825752	132
0	7601	232508.036030543291	133
0	7603	232575.481560982932	134
0	7605	232689.112575876101	133
0	7610	232740.435362382778	134
0	7617	232855.87513772019	133
0	7626	233301.611921342596	132
0	7639	233578.911850345817	133
0	7641	233586.956116195701	132
0	7661	234243.228050630473	131
0	7674	234480.291361848399	130
0	7679	234672.163975495508	131
0	7681	234797.332540567076	132
0	7692	234970.957644343976	133
0	7694	235023.667945780351	134
0	7696	235027.140054596547	135
0	7698	235257.763481984535	136
0	7700	235428.297266894402	137
0	7702	235601.46639434796	138
0	7704	235672.975529182636	137
0	7721	235946.605877850138	136
0	7726	235963.046608271584	135
0	7731	236059.576396851013	136
0	7733	236299.892365868864	137
0	7743	236674.388291279361	136
0	7752	236859.822059544221	137
0	7766	237482.442119467937	136
0	7774	237649.321668336675	135
0	7779	237868.400792341613	134
0	7784	238203.81468928845	135
0	7803	238496.944140169703	134
0	7808	238636.343040580437	133
0	7821	239217.390234667741	132
0	7830	239257.816121480442	133
0	7836	239627.403652424344	134
0	7850	239989.892156582259	133
0	7855	240168.940136356191	134
0	7857	240191.911121795461	133
0	7874	240624.03539295519	134
0	7876	240689.896145661866	135
0	7882	240903.919544207111	136
0	7888	241169.86552708648	137
0	7890	241311.780869888649	136
0	7899	241429.599505003475	135
0	7904	241524.752037882702	136
0	7906	241655.670528989174	137
0	7908	241720.007082755755	138
0	7910	241805.84989040729	139
0	7912	241924.436636085198	138
0	7921	242015.368169781869	139
0	7923	242180.427971799549	140
0	7933	242447.740077126705	139
0	7946	242796.557321336054	138
0	7955	243138.455415979886	139
0	7957	243153.821621325791	140
0	7959	243258.073399476557	141
0	7965	243388.503054396854	142
0	7967	243420.028032625601	141
0	7972	243683.656068934925	142
0	7978	243846.184363525295	141
0	7987	244180.024781416537	142
0	7989	244311.217181424186	141
0	7994	244317.192223405307	142
0	8000	244449.07228942526	143
0	8002	244515.573728545037	144
0	8004	244601.34401038526	143
0	8009	244703.462788639262	144
0	8015	244839.387336821846	145
0	8021	245023.304002594137	144
0	8029	245185.261451543628	145
0	8036	245469.296539526082	146
0	8044	245697.685545722529	145
0	8062	246181.790647826233	146
0	8064	246186.757121544266	145
0	8074	246252.949446872099	146
0	8076	246507.587307023391	145
0	8089	246750.188292536819	144
0	8098	247140.918225321853	143
0	8103	247237.333501061746	144
0	8105	247471.57271197807	145
0	8115	247526.851185945778	146
0	8117	247591.199838233526	147
0	8127	247935.575690309092	146
0	8132	248052.607338029826	145
0	8137	248134.582906616715	146
0	8151	248413.092705162748	145
0	8156	248741.628420124986	146
0	8158	248768.758938382044	147
0	8172	248891.522720469636	148
0	8178	249229.780465710843	147
0	8183	249324.559517058119	146
0	8188	249366.795052510614	147
0	8194	249473.055466190959	148
0	8196	249502.540066921041	149
0	8198	249752.207051019079	150
0	8200	249793.202141978973	151
0	8202	250061.321762960339	150
0	8211	250158.010742437608	151
0	8216	250221.89751100032	150
0	8221	250297.720499688111	151
0	8236	250774.528073083544	150
0	8245	250968.027980702504	149
0	8262	251753.006184790866	150
0	8264	251778.908625293458	149
0	8277	252127.298874298617	148
0	8302	252956.601236366015	149
0	8304	253268.700749574508	150
0	8306	253281.864692207361	149
0	8315	253428.839526178235	150
0	8317	253439.377395780336	151
0	8319	253538.466489503667	150
0	8328	253773.678141752804	151
0	8330	253888.576980244444	152
0	8336	254004.852926205209	153
0	8338	254081.842366989637	152
0	8343	254399.643183187849	153
0	8353	254465.478153649653	152
0	8358	254576.471070761368	151
0	8363	254626.622685485471	152
0	8369	254949.778331334278	151
0	8374	255135.248913782349	152
0	8376	255202.550252314592	151
0	8393	255475.997465322092	152
0	8395	255612.64850296317	151
0	8411	256025.018021028424	150
0	8416	256046.328709388658	149
0	8426	256184.871141804209	150
0	8428	256217.089386623786	151
0	8438	256521.648075777972	150
0	8443	256598.116927888196	151
0	8457	256963.354279351782	152
0	8467	257321.342342721805	151
0	8476	257548.034698527241	150
0	8484	257673.399355115876	149
0	8505	258503.857113328519	150
0	8516	258969.70147189864	149
0	8529	259141.943285877392	148
0	8534	259486.939032191398	149
0	8536	259496.246556095848	150
0	8538	259576.623169083084	149
0	8547	259992.120348130759	150
0	8560	260708.368824396218	149
0	8565	260724.29637402533	148
0	8570	260817.901217344655	149
0	8572	260945.437917363028	150
0	8583	261136.611258219289	151
0	8585	261157.213771875883	150
0	8602	261959.957176636509	151
0	8604	262065.507659697974	152
0	8606	262088.292695770547	151
0	8619	262210.470421325479	152
0	8625	262696.46398511895	151
0	8630	262733.464475948722	152
0	8636	263028.53203983431	153
0	8638	263149.664860275537	154
0	8644	263236.988767247582	153
0	8649	263412.315771906913	154
0	8651	263485.330603137472	155
0	8661	263728.903494479642	154
0	8666	264148.382887255335	153
0	8671	264290.632870603151	154
0	8685	264633.377937276072	155
0	8687	264641.399372292883	156
0	8693	264769.315667452798	155
0	8698	264943.977192183782	156
0	8700	264978.550814621609	157
0	8706	265288.474591730462	158
0	8716	265631.749333340609	157
0	8721	265653.343030514703	156
0	8730	266055.45435347774	155
0	8735	266057.885799288154	156
0	8741	266701.973522084341	155
0	8746	266812.581081554563	156
0	8748	266892.974975658296	157
0	8750	266991.25204589558	158
0	8756	267083.184804579331	159
0	8758	267154.791698355162	158
0	8770	267443.05989398751	159
0	8780	267769.5050108624	160
0	8782	267880.830908382819	159
0	8800	268087.055121783101	158
0	8809	268579.293531377202	159
0	8819	268739.56499517201	158
0	8824	268762.589856522902	159
0	8826	268825.965746093495	160
0	8828	268880.602959861861	161
0	8830	269090.564786542141	160
0	8843	269311.084243480179	161
0	8845	269322.763779515379	162
0	8847	269485.299357969248	161
0	8856	269811.263160521672	160
0	8861	269836.996060862535	161
0	8867	270011.058159705186	160
0	8872	270131.878276811324	161
0	8884	270645.403243380175	160
0	8899	271177.499555547825	161
0	8909	271449.707871202314	160
0	8914	271586.307137946175	159
0	8923	271893.970600676001	160
0	8925	271924.698748413408	159
0	8930	271953.366939433731	160
0	8936	272173.913067441368	159
0	8945	272386.817298197294	160
0	8947	272523.696064448373	161
0	8949	272592.245187910782	160
0	8966	272942.308370202032	161
0	8979	273322.740335392343	160
0	8989	273455.787029232666	161
0	8995	273596.308420415738	162
0	8997	273750.710030358219	161
0	9017	274554.282242471861	160
0	9027	274779.955171720191	161
0	9029	274834.43580580509	162
0	9035	275025.458183287302	163
0	9037	275127.312002547398	164
0	9039	275244.353751216018	163
0	9044	275316.208839698615	164
0	9054	275951.546637911284	163
0	9059	276096.983529569012	164
0	9061	276210.4737428972	163
0	9070	276542.329702493608	164
0	9076	276637.767125264695	165
0	9078	276698.596120117401	166
0	9080	276735.552098315812	167
0	9082	276870.49302138552	168
0	9084	277088.299643106915	169
0	9086	277119.89728234875	170
1	0	0	0
2	0	0	0
2	201	8184.138219945627	1
2	203	8246.299358031276	0
2	300	11666.15092899886	1
2	303	11826.939266195437	2
2	305	11850.272572293794	1
2	318	12341.512917021784	0
2	329	12510.084892038173	1
2	331	12686.22804227463	0
2	404	15489.406946555275	1
2	406	15624.382589946065	0
2	463	17294.986320773056	1
2	477	17741.16596878742	0
2	578	20225.466528173452	1
2	587	20548.744780730373	0
2	625	21264.907861959105	1
2	628	21344.38789097828	2
2	630	21445.520824586888	1
2	642	21671.730765590938	0
2	648	21685.532150587562	1
2	659	22060.22327739981	0
2	665	22139.233105473715	1
2	667	22183.321091199209	0
2	759	24529.472121431054	1
2	767	24872.573522406193	2
2	769	24993.121326968568	1
2	774	25017.096204461445	0
2	785	25055.055187532594	1
2	792	25308.078039858984	0
2	819	25974.538738198495	1
2	821	25998.004579378786	0
2	829	26295.281753355554	1
2	831	26336.962418176727	0
2	881	28233.911814645427	1
2	892	28664.468185866746	0
2	898	28749.416646446949	1
2	905	28876.528504259802	0
2	1160	37812.844116847879	1
2	1162	37850.811747696168	0
2	1222	39501.714650049723	1
2	1224	39529.239703763194	0
2	1420	45981.817308330826	1
2	1427	46335.681457102793	0
2	1446	46686.997728293679	1
2	1454	46698.16214448019	2
2	1464	47068.721126646298	3
2	1466	47213.935231652605	2
2	1471	47347.210847327981	1
2	1479	47535.490922725322	2
2	1489	47922.69047267913	3
2	1491	47947.149946263555	2
2	1496	47982.709271453815	1
2	1507	48071.34010522862	2
2	1521	48852.239371400821	1
2	1526	48900.995684063557	0
2	1536	49059.354679735295	1
2	1539	49073.581090003169	2
2	1541	49175.111769915122	1
2	1551	49212.315958051506	0
2	1557	49223.097248815494	1
2	1568	49838.790212294582	0
2	1574	49919.095750164734	1
2	1576	49952.262441173691	0
2	1591	50323.319236601265	1
2	1600	50504.17680962247	0
2	1828	58047.087294163101	1
2	1831	58096.072057981539	2
2	1838	58214.348031470471	1
2	1850	58484.323618852097	0
2	1885	59579.855653785664	1
2	1889	59832.554433552467	0
2	1955	61697.56901888355	1
2	1957	61769.594181675383	0
2	1968	61834.499505164597	1
2	1977	61946.083513798688	0
2	1985	62061.042198243115	1
2	1993	62304.595573155705	0
2	1999	62306.42515756368	1
2	2001	62522.951507672587	0
2	2020	62909.984880576406	1
2	2022	63020.156997062185	0
2	2094	65452.051287826647	1
2	2101	65535.713815076772	0
2	2254	69897.125888227051	1
2	2262	70398.915662637478	0
2	2268	70424.452647913745	1
2	2273	70473.668178694243	2
2	2283	70565.569898636932	3
2	2285	70597.600589694376	2
2	2291	70731.975675422619	3
2	2298	70905.983449949449	2
2	2305	71263.771995680327	1
2	2317	71414.212201426303	0
2	2328	71643.323815839863	1
2	2335	71901.913653763508	0
2	2343	71989.744278697795	1
2	2345	72025.397885089661	0
2	2351	72045.132428241814	1
2	2365	72381.260611100043	0
2	2396	73276.974424955001	1
2	2399	73309.147371400068	2
2	2401	73567.785449802796	1
2	2407	73601.497447185716	2
2	2414	73789.434162697321	1
2	2428	74459.760024670432	0
2	2689	82105.663729759432	1
2	2691	82111.187256707377	0
2	2954	91090.895076703202	1
2	2956	91105.300842609756	0
2	2962	91108.107502229433	1
2	2964	91356.751580976449	0
2	3016	92897.294771096238	1
2	3027	93388.97931843301	0
2	3139	96603.799971698353	1
2	3141	96687.332865858951	0
2	3200	98319.913624778891	1
2	3207	98547.843709403571	0
2	3213	98570.377772462124	1
2	3216	98721.913683183992	2
2	3218	98760.58230593979	1
2	3231	98865.587704164829	2
2	3233	99042.294418869462	1
2	3247	99406.334166174676	0
2	3268	99988.01826520128	1
2	3279	100221.184184683408	0
2	3295	100645.348488215279	1
2	3299	100894.644020425077	0
2	3432	105250.219349192956	1
2	3434	105455.589899488295	0
2	3538	108678.831219172028	1
2	3540	108952.624828901065	0
2	3546	109113.63341408029	1
2	3548	109200.89626312492	0
2	3694	114482.714803984313	1
2	3701	114524.788480505271	0
2	3722	115172.81524324037	1
2	3724	115176.958261916914	0
2	3883	120903.243676984608	1
2	3899	121193.827726470231	0
2	3931	121792.666666667834	1
2	3934	121804.437024474644	2
2	3948	122275.133081108831	1
2	3953	122503.707273362131	0
2	3976	123126.4357525035	1
2	3978	123211.095413763575	0
2	4019	123917.606124600895	1
2	4022	123937.602914806382	2
2	4024	123982.766760822885	1
2	4031	124380.521501640358	0
2	4037	124426.32527087994	1
2	4045	124523.903696977102	2
2	4049	124637.337659758084	1
2	4054	124654.317251911887	0
2	4131	126490.390618995332	1
2	4133	126583.403050380327	0
2	4143	127063.874686567039	1
2	4150	127140.916334039101	0
2	4206	128950.320892317721	1
2	4213	129168.586195914001	0
2	4258	131095.247000941933	1
2	4265	131253.760575049126	0
2	4309	132898.860546464026	1
2	4318	133324.079855170026	0
2	4324	133357.354836717749	1
2	4331	133387.009542121121	0
2	4349	133739.152009656578	1
2	4357	134066.540022969171	2
2	4359	134300.089102929958	1
2	4365	134400.830210067833	2
2	4372	134544.413931809867	1
2	4377	134590.564112963655	0
2	4383	134817.370510969812	1
2	4385	134882.155068295577	0
2	4454	136952.290836211796	1
2	4456	137004.232129447663	0
2	4534	139301.143652109931	1
2	4541	139305.595326807275	0
2	4547	139408.971175096855	1
2	4549	139588.55186072357	0
2	4668	142825.666981983855	1
2	4670	142836.126223599463	0
2	4718	144277.206562862303	1
2	4722	144351.174357432797	0
2	4769	145646.27607690407	1
2	4771	145797.757982409131	0
2	4911	149765.591148326098	1
2	4918	149924.926449173987	0
2	5024	153502.281666856184	1
2	5026	153600.566550151018	0
2	5207	159291.116819030178	1
2	5210	159318.277533848343	2
2	5212	159328.304114017561	1
2	5220	159518.070831701085	2
2	5230	159595.238891488445	3
2	5232	159718.42258445166	2
2	5237	159810.649091435522	1
2	5247	160142.709486365243	0
2	5414	164732.437624849883	1
2	5419	164770.080481918454	2
2	5421	164830.31342040984	1
2	5427	164962.351831097082	2
2	5429	165173.374285495412	1
2	5436	165229.659578550533	0
2	5550	168848.558177466077	1
2	5553	168859.525805890487	2
2	5564	169179.883337218819	1
2	5574	169250.549087069856	0
2	5618	170253.39617843045	1
2	5624	170391.943157475946	0
2	5630	170392.096966003926	1
2	5637	170965.477325582804	0
2	5643	170967.97942574315	1
2	5645	171090.711867541579	0
2	5875	178769.526190470833	1
2	5881	178908.142744732948	0
2	5889	179372.252975117344	1
2	5896	179563.352537064385	0
2	5974	182476.347726836731	1
2	5978	182626.417090633814	0
2	6028	184011.055993337114	1
2	6031	184078.771413678807	2
2	6034	184080.012151339953	3
2	6037	184109.032511471343	4
2	6039	184118.092303995547	3
2	6056	184502.322385629569	2
2	6063	184756.089719936756	1
2	6072	184969.939411098067	0
2	6095	185570.245049076659	1
2	6102	185612.139479985391	0
2	6302	191965.519305013625	1
2	6304	192094.948234643717	0
2	6348	193693.886611193349	1
2	6350	193714.655214829875	0
2	6356	193854.592803765019	1
2	6363	194044.238315450532	0
2	6409	195370.369593121042	1
2	6411	195417.140428817403	0
2	6549	200088.362887429005	1
2	6552	200136.10720244473	2
2	6554	200191.923843298612	1
2	6572	200568.272131338647	0
2	6615	201963.507033570243	1
2	6617	202108.929182963377	0
2	6623	202189.181818144327	1
2	6627	202511.249414880333	0
2	6752	207106.994933506405	1
2	6758	207219.070501170984	0
2	6776	207525.378449067978	1
2	6778	207588.185577217994	0
2	7047	215787.408006733214	1
2	7055	216129.408343315629	2
2	7067	216347.433304286136	1
2	7072	216351.842544956063	0
2	7095	217002.522305494105	1
2	7097	217176.072296372187	0
2	7135	218234.461162055415	1
2	7141	218379.361749283901	0
2	7205	220098.386254927648	1
2	7207	220285.914004269919	0
2	7213	220347.746532076901	1
2	7215	220374.244961610568	0
2	7228	220820.854333641512	1
2	7230	220846.474052064052	0
2	7236	220870.2682391019	1
2	7243	221232.010510268194	0
2	7416	227376.333107046716	1
2	7418	227379.206706035814	0
2	7456	228255.858647602184	1
2	7458	228362.696488184788	0
2	7469	228678.632783537664	1
2	7471	228951.983075497606	0
2	7591	232359.302220756121	1
2	7594	232365.752832277252	2
2	7596	232411.805961078538	1
2	7612	232778.057048024543	0
2	7651	233702.734354996987	1
2	7654	234015.384470850736	2
2	7656	234050.011714885517	1
2	7667	234324.911997869544	2
2	7669	234465.949974071168	1
2	7683	234932.233920434996	0
2	7772	237552.100642511555	1
2	7786	238236.142186077818	0
2	7843	239851.387158280746	1
2	7845	239895.511617857896	0
2	8027	245026.867031094194	1
2	8031	245256.724680868842	0
2	8039	245618.630665980786	1
2	8042	245694.325822658771	2
2	8049	245856.602383369515	1
2	8055	245866.350759530947	2
2	8057	245877.109466532179	1
2	8069	246231.937765108357	0
2	8144	248248.062900362471	1
2	8146	248260.628469653362	0
2	8214	250210.055231183702	1
2	8223	250332.597535226429	0
2	8291	252567.634833075041	1
2	8293	252750.129673483356	0
2	8401	255766.107891166518	1
2	8404	255907.093906060368	2
2	8406	256006.699288983405	1
2	8421	256077.562651226233	0
2	8431	256304.532017104834	1
2	8433	256359.336570978672	0
2	8446	256684.738960537995	1
2	8448	256891.05688165179	0
2	8482	257582.092401880706	1
2	8489	257794.252032816345	0
2	8495	257930.649381356821	1
2	8497	257945.495389814064	0
2	8503	258349.768985018069	1
2	8507	258579.276389490748	0
2	8558	260510.46537962922	1
2	8574	260966.66179110533	0
2	8768	267429.215471728281	1
2	8773	267577.132353896209	2
2	8775	267612.30076411976	1
2	8787	267904.426160009513	0
2	8793	267930.736021382669	1
2	8795	268033.646073157475	0
2	8879	270436.643097542734	1
2	8882	270548.741789415413	2
2	8889	270676.485325472364	1
2	8894	270796.16345377876	0
2	8959	272742.309863839233	1
2	8961	272775.147547277199	0
2	8969	272951.530634511197	1
2	8971	272992.583050478185	0
2	8977	273212.428636180745	1
2	8984	273415.761492142962	0
2	9015	274428.144516555527	1
2	9022	274584.196281668307	0
3	53	2906.323621395891	2644.1156229749
3	62	3493.703166798251	2833.3602391463
3	83	4235.850976260294	3501.8689548963
3	125	6048.119484336962	4339.7149461091
3	138	6268.170832966017	4866.8826170282
3	148	6419.678196210908	4621.3447699163
3	162	6890.66366497605	4882.3632471544
3	218	8820.657003151748	5996.8642898926
3	234	9324.277626156723	5404.2772429059
3	242	10078.986532792944	6479.5945171567
3	259	10535.284486452032	5234.2128842518
3	321	12341.512917021784	4739.7934210122
3	334	12686.22804227463	6287.8025280075
3	351	13032.430245850152	5426.967601719
3	377	14486.683396987534	6324.8959954552
3	388	14826.71498539162	6894.6273051545
3	409	15624.382589946065	5214.4185362727
3	415	15895.885025525961	6822.9087429887
3	424	16090.297235587529	5779.4069607862
3	448	16969.768266978237	5009.7499437804
3	480	17741.16596878742	5686.1981590434
3	484	18022.448220217517	6501.6571128093
3	488	18072.407972042012	5941.6774654673
3	523	18899.49127138828	6739.1127878882
3	534	19234.039324365472	6542.6869761977
3	569	19988.49814649907	7202.4689817822
3	590	20548.744780730373	7190.7761508591
3	605	20824.366892103022	5057.0555043779
3	609	20883.985749084419	6333.0197088604
3	633	21445.520824586888	5249.3438063633
3	645	21671.730765590938	7420.3126310965
3	670	22183.321091199209	5948.6658598268
3	678	22441.087349021723	4705.9812560803
3	682	22456.346361713978	5474.4636421642
3	701	23138.204976723092	5029.2359656639
3	744	23950.263222047975	6792.0439317903
3	772	24993.121326968568	6504.9946117284
3	795	25308.078039858984	6204.8235904357
3	799	25348.827983943661	5746.1835332825
3	824	25998.004579378786	5851.2575587949
3	834	26336.962418176727	6394.4891816198
3	895	28664.468185866746	8290.939993919
3	908	28876.528504259802	8088.7269413363
3	921	29200.421334776945	7737.6859774294
3	927	29572.095395608368	8782.4803007341
3	963	30737.151770565575	8939.507906773
3	978	31076.545459285872	8852.9262665336
3	997	31287.648064188576	9074.2638247378
3	1003	31538.921964580688	8503.5902965959
3	1027	32714.787480041301	9312.2709725613
3	1036	32751.634396913024	9186.4628680646
3	1082	34520.005274957541	10105.793688389
3	1088	34577.281737757763	10122.888271478
3	1109	35132.799728728748	9050.3293383858
3	1133	36205.237465419369	8338.6095079396
3	1137	36576.280905178311	10208.372866802
3	1174	38058.2292771363	9860.7281948811
3	1204	39137.167256281275	10542.561120533
3	1227	39529.239703763194	10324.98672594
3	1240	40220.489391211338	10164.003891313
3	1266	41049.495510470618	12011.865121311
3	1309	42521.940252866514	11765.053836829
3	1332	43244.601150669075	11881.771429983
3	1342	43506.714110478676	12286.190815671
3	1353	43919.647540210309	12738.307373735
3	1379	44531.325924780715	13292.291934599
3	1395	45153.149380685679	12767.265131474
3	1430	46335.681457102793	13579.357534327
3	1434	46382.234060468646	13460.98627969
3	1494	47947.149946263555	14924.259057368
3	1524	48852.239371400821	14064.600047571
3	1529	48900.995684063557	15451.549754201
3	1544	49175.111769915122	14618.052742199
3	1554	49212.315958051506	14976.882071849
3	1571	49838.790212294582	14893.42410172
3	1579	49952.262441173691	15076.331716843
3	1614	50798.240965653706	12468.602364768
3	1618	51078.203063795838	15891.209772543
3	1650	52165.60194672321	13238.920806738
3	1658	52181.555183792405	13181.472021814
3	1666	52425.556797164054	13290.513359505
3	1687	53326.869844330393	14099.066539557
3	1702	53701.936126167448	13335.785532687
3	1716	54347.008235345157	12880.158735172
3	1737	55205.754791304963	13587.325693457
3	1741	55441.450213707902	14939.780525666
3	1756	56286.7685947032	13994.758116796
3	1792	57307.368043970812	14636.379772737
3	1853	58484.323618852097	15520.772520181
3	1857	58604.506162220531	15133.843694736
3	1892	59832.554433552467	15303.604565043
3	1908	60011.424521628686	15471.462661668
3	1919	60465.923931861215	16117.296056602
3	1932	60987.189162366012	15085.790654006
3	1960	61769.594181675383	14709.048835732
3	1996	62304.595573155705	13397.328172633
3	2004	62522.951507672587	14833.975535235
3	2008	62740.124733878795	15347.789148935
3	2025	63020.156997062185	13342.468977246
3	2029	63145.42234468452	14922.500595406
3	2047	63961.314113616863	14953.412578979
3	2051	63961.854091140006	14187.724540893
3	2108	65698.451614418918	14966.628686494
3	2128	66357.373108661298	15865.196766551
3	2170	67679.938999239852	15448.460343841
3	2194	68607.663883745591	15826.895724922
3	2238	69778.291373814022	16462.677721459
3	2265	70398.915662637478	15796.361743089
3	2288	70597.600589694376	17167.500066153
3	2301	70905.983449949449	14869.57215686
3	2308	71263.771995680327	14279.309066493
3	2320	71414.212201426303	16418.718406388
3	2338	71901.913653763508	14866.927419976
3	2348	72025.397885089661	15717.036715907
3	2368	72381.260611100043	15282.000984279
3	2381	72784.959653376167	15435.82346816
3	2389	72983.688670249577	15834.04197006
3	2404	73567.785449802796	15699.461607213
3	2435	74702.558665594584	16985.048665258
3	2501	76579.004886767395	17205.136615157
3	2603	79176.987801913094	17172.193589184
3	2622	79678.448018303062	17595.723645488
3	2628	79937.127886929117	18093.536413059
3	2642	80561.36559627255	18358.072231725
3	2669	81387.457898754548	19272.157122686
3	2708	82540.0066624134	18121.694265468
3	2752	84042.034299692061	19245.438524977
3	2760	84185.038167082273	19356.963388007
3	2773	84517.322059890177	19101.716834746
3	2784	85006.734036274754	19254.918262476
3	2801	85972.600316063069	19978.544203884
3	2814	86741.10333967201	20575.55618497
3	2861	88262.072213434183	21868.649988326
3	2865	88284.536515764813	21272.181372139
3	2888	89015.249078564846	22108.54472417
3	2910	89657.9759940616	22308.44178693
3	2935	90536.963395841919	23195.10430518
3	2945	90918.421808771711	23207.264205224
3	2959	91105.300842609756	22158.774738128
3	2967	91356.751580976449	22150.21784075
3	2976	91417.587190952652	22242.481433937
3	3030	93388.97931843301	24002.805197497
3	3052	93832.480441213154	24261.232469596
3	3073	94465.305465387101	24809.494969052
3	3092	94896.129327334385	24653.982249671
3	3114	95674.316688368597	25568.040683001
3	3148	96767.800884090287	26232.98310932
3	3174	97437.209785573685	25186.671776838
3	3221	98760.58230593979	25992.278365376
3	3236	99042.294418869462	26372.745834134
3	3250	99406.334166174676	24352.020229532
3	3254	99438.402254993018	25123.051615445
3	3282	100221.184184683408	26127.531144752
3	3302	100894.644020425077	25434.058800408
3	3311	101033.192503026256	25522.547518756
3	3320	101486.911483241166	25901.612871856
3	3334	102155.371556265201	26354.889833573
3	3338	102310.738372776579	25441.964379204
3	3360	102779.405485263595	26886.241561963
3	3384	103615.677622540423	26479.124342553
3	3411	104437.097039932308	27329.873491235
3	3425	104849.869486011487	27076.607017873
3	3441	105458.360510246751	27465.235143862
3	3464	106143.153643581939	27523.628997625
3	3485	106695.379353000351	27893.872854888
3	3491	107359.984970709232	28487.180083283
3	3543	108952.624828901065	29909.107107873
3	3551	109200.89626312492	29939.114380534
3	3560	109467.012948563821	29784.704936224
3	3568	109786.444434553308	30229.039685706
3	3581	110207.574900586657	30638.549770309
3	3609	111712.233670663587	31453.917857088
3	3639	112596.912227638565	32140.904296744
3	3671	113529.761521277873	32809.761389409
3	3708	114672.273579847567	32710.375353203
3	3727	115176.958261916914	31734.862508118
3	3740	115830.537536109366	32325.98166881
3	3763	116507.753307178541	31544.177439266
3	3767	116517.756680084892	32936.846593715
3	3806	117914.475129044182	32773.740059296
3	3902	121193.827726470231	33890.957455829
3	3908	121324.620861348265	34002.113507888
3	3912	121495.698649680166	34101.37279291
3	3951	122275.133081108831	33061.579714649
3	3956	122503.707273362131	33698.245930026
3	3981	123211.095413763575	34645.881390315
3	4012	123878.647033323102	34431.310678482
3	4027	123982.766760822885	33556.457288763
3	4034	124380.521501640358	33647.934851154
3	4052	124637.337659758084	32412.96389558
3	4057	124654.317251911887	33643.848058609
3	4070	125234.168082552531	32787.773608295
3	4100	125793.224682697953	32999.522168882
3	4117	126172.179160594867	33088.731740248
3	4136	126583.403050380327	33693.872602367
3	4153	127140.916334039101	32583.655875608
3	4157	127201.324168054886	32629.218124645
3	4176	127435.588117896149	32772.212532874
3	4180	127577.313751626686	34477.143185005
3	4216	129168.586195914001	34302.465888217
3	4229	129561.088600812406	34854.396153967
3	4268	131253.760575049126	32038.718401878
3	4272	131391.181622680777	34430.705184639
3	4278	131641.24886713227	32786.666593943
3	4334	133387.009542121121	33459.566136863
3	4340	133626.204428180977	33449.986225332
3	4362	134300.089102929958	33844.105553097
3	4375	134544.413931809867	34449.649804212
3	4380	134590.564112963655	33913.180149457
3	4388	134882.155068295577	32269.721051532
3	4392	135041.832897320891	33322.98141859
3	4416	135779.744918646791	32382.30394116
3	4422	135889.083049066291	33273.21057498
3	4459	137004.232129447663	33122.105022474
3	4463	137068.925315776765	33146.787651559
3	4486	137771.55406810522	33720.81401354
3	4506	138500.34720611006	33697.587009095
3	4544	139305.595326807275	31759.171193384
3	4556	139751.259142023082	31914.771882485
3	4560	139869.904440857396	32278.193353353
3	4588	140721.990784595291	30861.716073085
3	4592	140738.899668913836	30562.702891356
3	4618	141639.436107242405	33783.63216178
3	4628	141998.177343506291	31661.924583079
3	4639	142127.97197874872	30122.383549184
3	4673	142836.126223599463	30407.438221659
3	4688	143499.970298262815	30422.574014076
3	4725	144351.174357432797	29988.379361429
3	4752	145006.799966331497	30002.021754486
3	4774	145797.757982409131	29611.379699041
3	4783	145935.270475812182	29802.329201088
3	4801	146325.273857025933	29252.715961266
3	4805	146666.820899538622	30432.800380306
3	4827	147407.114596946668	30046.341609741
3	4837	147492.323784038927	28068.801002517
3	4863	148235.641033865437	31145.67454132
3	4869	148520.584019992426	30864.5765058
3	4892	149334.689321082588	29618.074154552
3	4921	149924.926449173987	29785.684642074
3	4925	150010.891236264763	29555.542871749
3	4937	150773.087040038705	30110.565281095
3	4963	151450.782752616835	30656.669196089
3	4987	152196.419629391787	31082.963067888
3	5005	152525.033614497556	31250.708224289
3	5011	152984.161032869053	31428.307198872
3	5029	153600.566550151018	32009.501033051
3	5033	153732.747344143613	32002.905616054
3	5056	154433.899974741546	32642.450508992
3	5060	154486.679105071276	32608.035953387
3	5081	155329.558343945576	32659.740662521
3	5089	155558.905223293734	32185.092647284
3	5098	155728.131644373684	32369.622289217
3	5122	156854.972164353281	32806.887774983
3	5126	156858.112533402202	32230.181696007
3	5149	157848.03014135167	32849.807457999
3	5158	158055.326426031572	32963.470246673
3	5215	159328.304114017561	34044.148372354
3	5240	159810.649091435522	34342.950937931
3	5261	160257.894574480057	34677.472107957
3	5286	160968.9930107183	34164.235862301
3	5309	161967.941147798598	34583.028381373
3	5318	162243.751549164337	34947.828882734
3	5337	162897.924136334956	35480.893757728
3	5343	163096.460414242503	35318.960567544
3	5365	163516.093082578779	35652.953713011
3	5407	164620.197953966019	36224.111428433
3	5424	164830.31342040984	36184.258082907
3	5432	165173.374285495412	34857.934955218
3	5439	165229.659578550533	34901.105299666
3	5472	166102.434715668243	37627.215519424
3	5486	166657.702482466159	36083.178768474
3	5496	167018.002018465233	34027.661966993
3	5520	167641.530719624758	36067.49017681
3	5524	167728.237113060934	34231.360047531
3	5567	169179.883337218819	33645.392495352
3	5577	169250.549087069856	33808.671838746
3	5593	169731.7853060109	36031.552334391
3	5603	170010.13083380826	34647.858074492
3	5627	170391.943157475946	32898.361579352
3	5640	170965.477325582804	35069.63921067
3	5648	171090.711867541579	35283.656560001
3	5667	171636.156935293732	35157.247328957
3	5676	172330.1033112151	34737.638905603
3	5707	173749.561420401486	36146.144243341
3	5726	174101.392088469045	35344.855570158
3	5730	174436.534953166303	35962.950937935
3	5766	175315.126074675975	35378.412380013
3	5770	175599.466587781835	35614.153873112
3	5792	176155.226028190854	35068.464677634
3	5800	176600.858825391663	35160.547233972
3	5828	177495.381314830783	35765.058354653
3	5843	177837.97261992706	35613.054238388
3	5852	177985.692632014436	35893.117944743
3	5884	178908.142744732948	36645.007827498
3	5903	179602.593638079168	36965.49659048
3	5916	180287.039747892451	36847.705582024
3	5920	180307.879493536932	37220.544196134
3	5944	181598.211195983497	38099.299746649
3	5981	182626.417090633814	39016.905300102
3	5985	182684.147059873251	39052.74043477
3	6008	183463.660027647321	39744.865754563
3	6042	184118.092303995547	40125.122090352
3	6059	184502.322385629569	40450.085807099
3	6066	184756.089719936756	40304.416090611
3	6075	184969.939411098067	40401.056975964
3	6105	185612.139479985391	39994.939315647
3	6122	185949.524950554525	41012.67944916
3	6130	186244.806732649488	38757.266655359
3	6155	187125.703785980051	39573.506086314
3	6213	188880.193474183364	40708.202281653
3	6223	189298.4645963385	40809.856623962
3	6241	189727.933533398938	40965.679046417
3	6276	191020.765366454183	41957.687151953
3	6282	191158.675223227521	41777.39179295
3	6307	192094.948234643717	40553.006332934
3	6316	192247.812645176931	41959.996066086
3	6325	192537.685623217304	41865.804336678
3	6353	193714.655214829875	40860.785221944
3	6366	194044.238315450532	42288.617758762
3	6375	194347.002559492869	41219.831591089
3	6386	194861.782345867289	42739.611821308
3	6414	195417.140428817403	40264.142101066
3	6422	196073.724277338516	40807.644613626
3	6438	196470.425810443169	39052.812809226
3	6476	197773.955281314013	40347.229057078
3	6508	198792.57526350387	40490.479059382
3	6536	199567.958163639462	41090.940291793
3	6557	200191.923843298612	41581.871718984
3	6575	200568.272131338647	41921.235925195
3	6593	201122.723162483929	42415.54659233
3	6604	201386.872782625189	42701.40747307
3	6620	202108.929182963377	43274.571225318
3	6630	202511.249414880333	43724.284071244
3	6648	202892.253276903687	43427.467844188
3	6672	204173.134626896984	43941.545251971
3	6704	205572.186885869062	45170.412937714
3	6708	205653.690923054276	45148.587090011
3	6738	206732.458683096377	46127.377331555
3	6761	207219.070501170984	46445.309222881
3	6781	207588.185577217994	46649.55454163
3	6804	208499.323168576268	45723.74254615
3	6813	208592.029241586035	45534.214991176
3	6830	209445.132282294838	46280.740810809
3	6854	210169.791197350754	46854.149621808
3	6868	210546.023460684274	46898.080686135
3	6894	211350.719956738805	46984.670175534
3	6911	211787.356660107656	47406.118822219
3	6924	212263.49545041336	47959.083953167
3	6950	212900.471571155397	47687.955078493
3	6954	213059.680780760874	48308.051549367
3	6980	213840.726301067082	48587.33214854
3	7026	215196.164763813768	49744.411300014
3	7036	215587.336964600293	49299.998740202
3	7070	216347.433304286136	49679.484382105
3	7075	216351.842544956063	49742.708316856
3	7100	217176.072296372187	49891.671612394
3	7109	217273.835755346848	50325.178682887
3	7121	217518.778867966068	48567.692104166
3	7144	218379.361749283901	49514.971490296
3	7173	219168.469621661982	49291.399337066
3	7184	219496.073459593511	49651.125966749
3	7210	220285.914004269919	50204.742346434
3	7218	220374.244961610568	50253.888947135
3	7233	220846.474052064052	50853.300295154
3	7246	221232.010510268194	50872.054346404
3	7252	221594.386554278365	48197.216508365
3	7256	221758.207865750921	51372.821915478
3	7280	222430.804298662154	49020.481052873
3	7290	222967.516326729139	51420.181463008
3	7299	223386.633489795534	49437.655975582
3	7322	224140.178406910903	50300.937978846
3	7344	225261.860048297724	50697.807016079
3	7348	225291.442223482338	51256.59605556
3	7372	226090.941885116083	51473.051246426
3	7378	226114.100866561688	50924.131261476
3	7432	227765.892702166496	51439.839531591
3	7440	227881.558249901912	51062.927884784
3	7461	228362.696488184788	51601.388648182
3	7474	228951.983075497606	50836.416506877
3	7478	229075.506477740166	52427.729333505
3	7492	229706.278887486019	51961.748385912
3	7534	230845.34140380279	51956.257932854
3	7554	231300.926193895324	52154.997712465
3	7599	232411.805961078538	51359.734200638
3	7615	232778.057048024543	50172.834637624
3	7624	232950.483594371511	51650.488057234
3	7637	233545.251053480365	51930.910876617
3	7659	234050.011714885517	52059.261896536
3	7686	234932.233920434996	52179.725077731
3	7690	234965.673335652732	51379.317757649
3	7711	235703.217939699575	51990.538206623
3	7737	236357.894630602137	51942.269463979
3	7756	237192.690157184311	52358.174601172
3	7789	238236.142186077818	52494.765321897
3	7793	238270.815567991272	53429.323881387
3	7801	238489.441197125748	53345.505606835
3	7815	238699.980607603253	52774.637852993
3	7834	239544.639230316438	54108.705086153
3	7848	239895.511617857896	53611.182492549
3	7864	240290.282139100068	53260.122097903
3	7880	240799.343552106925	53743.827172092
3	7919	241987.515615506605	54580.062349679
3	7927	242201.732613203981	54767.615492791
3	7940	242640.141197975658	54995.857838752
3	7963	243329.852844032035	55494.222537704
3	7976	243752.429111714051	56019.944773141
3	8052	245856.602383369515	56978.227513541
3	8060	245877.109466532179	57873.100259437
3	8072	246231.937765108357	56716.331291915
3	8096	246833.780782950976	57422.079765976
3	8113	247497.371052384883	57805.746405199
3	8125	247919.412827158282	58174.192476869
3	8149	248260.628469653362	57155.402269275
3	8162	248788.67488521331	57404.822698632
3	8170	248844.982206684112	58065.651101737
3	8176	249092.86552550508	57725.458777791
3	8226	250332.597535226429	57225.663698519
3	8230	250397.44253692454	55538.720255245
3	8243	250792.287194050783	55782.070403985
3	8256	251107.519947469741	55668.811577271
3	8271	251795.874328046972	56051.565074654
3	8300	252794.582946125353	55105.988169025
3	8313	253362.493568065151	55480.868441012
3	8347	254404.731980657711	56427.174257085
3	8351	254448.451222350756	56345.224960122
3	8387	255289.08133201538	57061.464348351
3	8409	256006.699288983405	56612.210689507
3	8424	256077.562651226233	57375.787526586
3	8436	256359.336570978672	56674.143395966
3	8451	256891.05688165179	56475.574792015
3	8455	256912.666652446549	57081.141266367
3	8461	257180.730151918293	57364.437433335
3	8492	257794.252032816345	57370.860832599
3	8500	257945.495389814064	57521.910451306
3	8510	258579.276389490748	58057.326178678
3	8514	258811.556547267869	58090.264209274
3	8545	259807.445059774951	58468.942288417
3	8577	260966.66179110533	57375.974985049
3	8581	261112.247254086594	58880.558957709
3	8596	261357.428407960147	57128.722593556
3	8613	262101.355815392494	57492.276286468
3	8623	262682.285363377938	56944.136670858
3	8634	262773.76948673458	58038.626876746
3	8655	263504.229873523623	57638.477538054
3	8679	264328.000068638409	58061.904866879
3	8683	264556.421238362724	57509.587305517
3	8704	265285.603957541794	58958.54265282
3	8714	265577.774853894422	58447.99348919
3	8739	266474.047673943028	59280.974532035
3	8778	267612.30076411976	59839.612639288
3	8798	268033.646073157475	59538.263788173
3	8807	268570.299288762669	60199.423954983
3	8817	268739.036572726951	59970.89837945
3	8837	269157.912518552081	60307.780586158
3	8854	269543.781380664492	59577.417182175
3	8892	270676.485325472364	60300.20207819
3	8903	271329.849510138789	60914.717120887
3	8907	271416.652777197348	60228.911903062
3	8943	272187.098496353189	60960.380958331
3	8964	272775.147547277199	60733.483319361
3	8987	273415.761492142962	61223.683420416
3	8993	273468.060973428125	59910.838846858
3	9004	273946.182546301322	61535.841557914
3	9025	274584.196281668307	61193.513974841
3	9052	275491.657722343268	60980.954361155
3	9068	276320.676139409232	60662.372252282
4	87	4470.85742817496	3189.0305973182
4	176	7481.08672160891	4857.6196680728
4	206	8246.299358031276	6058.6079153276
4	210	8286.667863383805	6009.6906240536
4	291	11452.140137061972	5915.9498535482
4	308	11850.272572293794	5959.8462474401
4	347	12916.862221083167	5770.6589885671
4	662	22060.22327739981	5275.0271046644
4	735	23937.024797547524	5573.2249898686
4	777	25017.096204461445	6202.6412685542
4	807	25563.409844313311	5977.9561400598
4	840	26383.44941443068	6636.2982261153
4	854	27216.511163574205	6540.5326883156
4	951	30294.16688638975	8413.7886628298
4	1067	33822.205969562671	10064.896920475
4	1165	37850.811747696168	10327.290983192
4	1185	38348.5415238998	10054.691891175
4	1231	40171.059392748318	11176.922048601
4	1270	41158.890755681238	10646.207994741
4	1298	42120.271838384244	11553.019182772
4	1469	47213.935231652605	14379.854450324
4	1474	47347.210847327981	13978.096591098
4	1499	47982.709271453815	14349.301697799
4	1603	50504.17680962247	15569.321288497
4	1632	51429.766105256892	14787.649914881
4	1775	56578.382126932882	14675.089835582
4	1841	58214.348031470471	15353.014556066
4	1865	59190.800711133081	15324.570992742
4	1980	61946.083513798688	16577.868092315
4	2085	65179.250282982284	15214.221136634
4	2104	65535.713815076772	15337.139741216
4	2140	66836.803052734504	15703.685676586
4	2180	67991.746517617752	15658.988923213
4	2417	73789.434162697321	16105.36819173
4	2431	74459.760024670432	16559.961655372
4	2439	74816.858801945965	16001.663883335
4	2481	75772.895097473557	17333.329729981
4	2493	76111.242968870825	16969.053792007
4	2521	77145.125954953875	17825.892595472
4	2540	77681.871336355727	17752.861270337
4	2550	77965.071407484389	18381.337122653
4	2572	78482.572072578516	17394.849776193
4	2586	78881.006880935781	18558.248150458
4	2694	82111.187256707377	17559.870321117
4	2714	82717.326227130867	18593.973980187
4	2740	83444.727222996332	18861.970231209
4	2844	87399.284881280656	20878.289243179
4	2992	92243.76624225875	23073.16018075
4	3039	93602.185189185586	24387.21219174
4	3056	94210.395373685786	24291.150526701
4	3118	95700.822495252394	25227.190901214
4	3144	96687.332865858951	25712.348178003
4	3170	97387.319237294176	26087.887418131
4	3210	98547.843709403571	26567.537886176
4	3286	100371.302117250781	25314.376656416
4	3437	105455.589899488295	27783.873388567
4	3472	106362.970040061081	28205.846463485
4	3517	108210.915166188531	29245.53866746
4	3595	110999.191032584681	30818.072029283
4	3635	112593.803734213038	31963.506284598
4	3658	113237.030261477955	31543.359714931
4	3704	114524.788480505271	31914.713961887
4	3736	115386.659028522594	32473.049115409
4	3790	117408.079783787876	31902.253155235
4	3819	119248.216660211362	31950.327345774
4	3845	119724.470783203765	32593.630994773
4	3854	119947.28564815832	32798.667425896
4	3994	123438.793128004224	34959.05723858
4	4084	125469.845110487693	33081.564177157
4	4220	129373.697987107486	32461.35780759
4	4321	133324.079855170026	34015.4080424
4	4482	137690.921785805875	33702.395007683
4	4552	139588.55186072357	32728.224688978
4	4698	143752.93460210964	30457.608234748
4	4756	145036.600522186532	31664.613122039
4	4955	151042.34095691882	30072.847184149
4	5235	159718.42258445166	34365.811379055
4	5250	160142.709486365243	33670.758735995
4	5290	160985.736679036095	34129.123932313
4	5454	165676.973590694294	34862.789334734
4	5657	171531.130383202733	35097.0605147
4	5758	175234.120655295012	34727.883196182
4	5899	179563.352537064385	37159.220079451
4	6079	185012.955351315943	40300.64830458
4	6116	185893.324703911249	41550.931376521
4	6172	187513.269324267787	39814.548618321
4	6178	187720.440685024989	39690.396415305
4	6261	190354.011043488909	41560.272384592
4	6430	196185.697516372358	39428.787075711
4	6444	196492.801270654929	39585.220211305
4	6516	199032.936815090982	40672.264283684
4	6639	202654.122310319847	43068.222155339
4	6678	204277.816864654926	43890.905687918
4	6785	207597.767400585047	46531.399671446
4	6881	211025.320855641668	46970.729070359
4	6988	214222.687388251109	48580.775760875
4	7001	214428.838599493657	48130.854523336
4	7088	216708.592483682488	49982.889795377
4	7153	218620.465084242208	49075.340714146
4	7421	227379.206706035814	50937.573347708
4	7509	230089.831474742426	51318.45486887
4	7571	231887.883911563017	51555.220996152
4	7672	234465.949974071168	51141.727905688
4	7741	236461.910314673492	51838.344640171
4	7872	240598.379619542443	53865.336556224
4	8013	244801.498653788053	56811.033664448
4	8034	245256.724680868842	57178.573018081
4	8083	246682.492042651336	57484.122591454
4	8275	251931.842907539144	55459.754843173
4	8296	252750.129673483356	54993.881063121
4	8523	259013.600531939352	58149.813363354
4	8790	267904.426160009513	60480.01857422
4	8897	270796.16345377876	60607.502974712
4	8974	272992.583050478185	60310.4531338
4	9033	274949.125819879161	59686.901798013

