version 2
run Iteration-76-20200521-09:55:52-71716
attr configname Iteration
attr datetime 20200521-09:55:52
attr experiment Iteration
attr inifile omnetpp.ini
attr iterationvars "$i=9, $j=1, $0=15-(9+1)"
attr iterationvarsf i=9,j=1,15-(9+1)-
attr measurement "$i=9, $j=1, $0=15-(9+1)"
attr network Network
attr processid 71716
attr repetition 0
attr replication #0
attr resultdir results
attr runnumber 76
attr seedset 76
itervar i 9
itervar j 1
param **.resourcePool.amount 9
param **.resourcePool1.amount 1
param **.resourcePool2.amount 15-(9+1)
param **.source.interArrivalTime exponential(6min)
param **.delay.delay uniform(4min,28min)
param **.delay1.delay uniform(10min,28min)
param **.delay2.delay uniform(4min,16min)
param **.allocate.resourceModuleName "\"Network.resourcePool\""
param **.allocate1.resourceModuleName "\"Network.resourcePool1\""
param **.allocate2.resourceModuleName "\"Network.resourcePool2\""
param **.deallocate.resourceModuleName "\"Network.resourcePool\""
param **.deallocate1.resourceModuleName "\"Network.resourcePool1\""
param **.deallocate2.resourceModuleName "\"Network.resourcePool2\""
param **.router.randomGateIndex "uniform(0, 1) > 0.2 ? 0 : 1"

vector 0 Network.allocate queueLength:vector ETV
attr interpolationmode sample-hold
attr title "queue length, vector"
vector 1 Network.allocate1 queueLength:vector ETV
attr interpolationmode sample-hold
attr title "queue length, vector"
vector 2 Network.allocate2 queueLength:vector ETV
attr interpolationmode sample-hold
attr title "queue length, vector"
vector 3 Network.sinkStat lifeTime:vector ETV
attr interpolationmode none
attr title "lifetime of arrived jobs, vector"
attr unit s
vector 4 Network.sink lifeTime:vector ETV
attr interpolationmode none
attr title "lifetime of arrived jobs, vector"
attr unit s
0	0	0	0
0	4802	179593.660843685605	1
0	4804	179624.49020863755	2
0	4806	179696.462886198026	3
0	4808	179751.656827901319	2
0	4812	179791.756574164209	1
0	4820	179967.789610274964	2
0	4822	179978.802124410317	3
0	4824	180119.464720367515	4
0	4826	180197.010397191224	3
0	4830	180317.928372119861	2
0	4834	180371.429299277082	1
0	4838	180490.353902532309	0
1	0	0	0
1	22	1118.786673119036	1
1	25	1253.207790956931	2
1	28	1553.357722850574	3
1	31	2073.256335715563	4
1	36	2450.36445224109	3
1	52	3270.556852733721	4
1	55	3411.628133185809	5
1	67	3501.756743844411	6
1	76	3938.630861361564	7
1	78	3970.96938490319	6
1	87	4263.403111614423	7
1	97	4656.867209177117	8
1	103	5016.432373539049	9
1	106	5183.385684251244	10
1	108	5298.301866337759	9
1	114	5440.839995667054	10
1	117	5499.947425406338	11
1	124	6224.12773160614	12
1	129	6696.663725882871	11
1	144	7527.954188812627	10
1	150	7633.258997833935	11
1	153	7635.927002417434	12
1	163	8270.826958597583	13
1	174	9065.747702805428	12
1	180	9214.247540406882	13
1	183	9223.920754656217	14
1	186	9297.050217933386	15
1	205	10280.298121009817	16
1	207	10645.297809610246	15
1	213	10688.080833788394	16
1	220	11174.45643011146	17
1	223	11278.020795797262	18
1	232	11924.36952734372	19
1	235	12227.038000711595	20
1	237	12323.480480149491	19
1	258	12918.266629684516	20
1	265	13048.622393262557	21
1	279	13525.698966099052	20
1	285	13772.545233073064	21
1	288	13832.376471520142	22
1	291	13840.61146814348	23
1	294	13860.386112927805	24
1	313	14217.128887907785	25
1	319	14243.869083838963	26
1	322	14440.444659422627	27
1	325	14520.698185627967	28
1	327	14694.89770658697	27
1	333	14762.163330563391	28
1	339	14957.847228636305	29
1	345	15241.263338083159	30
1	348	15313.408664616318	31
1	354	15601.732006299991	32
1	361	15767.03441731395	33
1	367	16271.925841572346	34
1	369	16346.538264000891	33
1	378	16750.940574831488	34
1	387	16995.737525656922	33
1	393	17052.318957150422	34
1	399	17716.327803795177	35
1	402	17827.874526825784	36
1	409	17945.302708850138	37
1	411	18314.290482694386	36
1	420	19778.169757187469	35
1	432	20204.168147762289	36
1	441	20551.017148461295	35
1	453	20806.181611840083	36
1	459	20837.520500922832	37
1	465	21537.650435067815	36
1	471	21567.002450256201	37
1	481	21923.195157594282	38
1	490	21996.694811593113	39
1	493	22062.567009597517	40
1	501	22794.018318768693	39
1	507	22801.422054448494	40
1	510	22943.268087466977	41
1	519	23156.502606038808	42
1	527	23470.502182481913	41
1	539	23653.040105337753	42
1	546	23858.971090456513	43
1	549	24071.281927987279	44
1	561	24373.687060069395	43
1	573	24490.983629842984	44
1	576	24562.908157300497	45
1	586	24866.719032559958	46
1	589	24873.018958680535	47
1	591	25060.143132567508	46
1	600	25146.346538926814	47
1	603	25230.095913778969	48
1	609	25513.960885146311	49
1	616	25858.229396239629	50
1	619	25910.58915116873	51
1	625	26102.202447642335	52
1	627	26172.152247628299	51
1	649	26796.65285581216	52
1	652	26913.286105824051	53
1	655	27310.457226357345	54
1	661	27428.993369867301	55
1	663	27476.18040565784	54
1	669	27501.834549118282	55
1	672	27705.663412193442	56
1	675	27836.340885719372	57
1	691	29013.591049945703	58
1	696	29133.682029903037	57
1	702	29803.100614519257	58
1	712	30228.88783994685	59
1	714	30231.660645226119	58
1	723	30406.424287068948	59
1	726	30441.893441316633	60
1	735	31350.570768671213	59
1	747	31827.932856302594	60
1	753	32086.537479366439	61
1	755	32179.955576075344	60
1	768	32305.336662265564	61
1	774	32504.174432336598	62
1	784	32917.812758331401	63
1	790	33167.794864121604	64
1	793	33347.705178994695	65
1	796	33348.262491885872	66
1	798	33544.64720183435	65
1	804	33876.729821147114	66
1	816	34250.730655163388	67
1	832	34729.551271404684	68
1	834	34873.873347811504	67
1	840	35174.338499686171	68
1	843	35201.465466307253	69
1	856	35585.668002647338	70
1	859	35624.359073709892	71
1	861	35823.176838154076	70
1	871	36565.302639490242	71
1	873	36576.77264656323	70
1	882	36996.996322029089	71
1	898	37596.718108615816	72
1	904	37928.650549247164	73
1	906	37966.933436630396	72
1	915	38361.786118034364	73
1	921	38512.444570951509	74
1	928	38697.178405458408	75
1	934	39362.240645134824	76
1	936	39488.890058299629	75
1	945	39868.5488910523	76
1	948	39988.203194144354	77
1	960	40244.776093674926	76
1	969	40960.680945773095	77
1	979	41118.688199257791	78
1	991	41677.464392031433	79
1	994	41792.369253510767	80
1	996	41797.445804387433	79
1	1005	41894.720633173154	80
1	1011	42084.621928794885	81
1	1014	42102.072106075687	82
1	1024	42250.670292267991	83
1	1027	42435.734726046629	84
1	1032	42559.319626636905	83
1	1041	42581.514083909369	84
1	1050	42874.851106048359	85
1	1053	42956.414867583622	86
1	1062	43146.833999012674	87
1	1071	43391.69725809274	88
1	1087	43837.828120118451	89
1	1092	44098.839144142447	88
1	1101	44119.404710813342	89
1	1107	44173.154399202815	90
1	1110	44209.088589000814	91
1	1113	44325.231669654572	92
1	1116	44337.503740568556	93
1	1119	44672.193343682685	94
1	1128	44724.660154007478	93
1	1140	44910.909226332587	94
1	1143	44957.105396480299	95
1	1153	45284.296204581493	96
1	1159	45311.971310378424	97
1	1165	45483.126205413825	98
1	1168	45561.397310183701	99
1	1170	45626.904296655311	98
1	1179	45733.97420357308	99
1	1182	45849.726540242008	100
1	1192	46313.059178568013	101
1	1195	46430.830631643723	102
1	1197	46518.457627495854	101
1	1206	46621.346182878087	102
1	1221	47423.06820922914	101
1	1233	47648.959248692278	102
1	1236	47665.802310684508	103
1	1243	47836.155769837784	104
1	1246	47972.929292530216	105
1	1258	48271.430783498786	106
1	1260	48534.344810409574	105
1	1266	48586.905118235739	106
1	1269	48741.104942587895	107
1	1272	48995.178124285449	108
1	1275	49025.567954445044	109
1	1278	49095.456621048292	110
1	1297	49881.080692514375	111
1	1300	50114.990165466992	112
1	1302	50168.048334255917	111
1	1308	50236.921605386359	112
1	1318	50802.641938752128	113
1	1323	51340.786193296416	112
1	1332	51490.746733764173	113
1	1342	51754.943445726286	114
1	1348	51882.7517787367	115
1	1362	52505.198029050706	114
1	1371	52641.041228784615	115
1	1374	53019.761508491675	116
1	1384	53350.893541451702	117
1	1387	53419.59354204214	118
1	1390	53623.755597886535	119
1	1393	53728.944625738915	120
1	1399	53916.250121765776	121
1	1401	53957.785428058459	120
1	1411	54383.717202671945	121
1	1414	54433.999969728874	122
1	1419	55011.098595647244	121
1	1425	55157.307316879497	122
1	1437	56327.135715143858	121
1	1453	56823.129674366649	122
1	1464	57135.973170962288	121
1	1470	57170.096919424841	122
1	1476	57419.690353031245	123
1	1479	57476.685028477366	124
1	1485	57684.284493207432	125
1	1490	57903.607871992617	124
1	1503	58105.624932832991	125
1	1516	58326.38303398801	126
1	1519	58496.733249553288	127
1	1525	58592.332445453211	128
1	1530	58888.473364928841	127
1	1536	58905.446904182347	128
1	1539	58941.482749883937	129
1	1542	59129.029004135217	130
1	1548	59476.891157608079	131
1	1554	59724.841514322105	132
1	1563	59870.701329926133	131
1	1572	60330.586143663384	132
1	1579	60463.296909914892	133
1	1591	60802.418987516663	134
1	1594	61022.632225813179	135
1	1596	61174.966809641674	134
1	1605	61286.074417366425	135
1	1612	61601.17119602677	136
1	1620	61911.813453970581	135
1	1626	62008.954323280806	136
1	1635	62159.593852482426	137
1	1638	62171.92627915406	138
1	1641	62414.1200655794	139
1	1648	62768.515503186468	140
1	1651	62808.196445805474	141
1	1654	63126.506802138925	142
1	1659	63442.507455576315	141
1	1668	63700.657811401542	142
1	1674	63989.636081637302	143
1	1686	64324.653809931233	142
1	1702	64823.84026237097	143
1	1705	64855.922419870301	144
1	1711	65278.585852973451	145
1	1714	65322.919808667592	146
1	1717	65712.047444025253	147
1	1720	65755.375468811806	148
1	1722	65847.554072629764	147
1	1741	66465.392903898429	148
1	1750	66730.672798591334	149
1	1753	66827.285763624795	150
1	1755	66925.256324889242	149
1	1761	67087.034156514907	150
1	1777	67970.155331243721	151
1	1785	68233.371223727345	150
1	1791	68378.092893661113	151
1	1794	68464.131603783444	152
1	1807	68939.525128176155	153
1	1810	69051.717876226518	154
1	1816	69143.167491518686	155
1	1825	69661.612371848726	156
1	1828	69746.903939684065	157
1	1830	69882.057815570488	156
1	1836	69995.747695986492	157
1	1839	70080.477102798143	158
1	1842	70129.407779133898	159
1	1854	70516.855507903175	160
1	1867	71166.952171970819	161
1	1869	71192.789693776622	160
1	1884	71622.829571533456	161
1	1887	71641.624484006721	162
1	1890	71768.197347917053	163
1	1896	71829.009666560378	164
1	1903	71965.633544920537	165
1	1906	72053.033089873043	166
1	1920	72636.155909145355	165
1	1926	72771.988874710948	166
1	1929	72776.262461402655	167
1	1935	73044.601044454337	168
1	1938	73281.138189165925	169
1	1951	73656.554482454637	170
1	1956	74143.362502943829	169
1	1965	74231.904904556039	170
1	1968	74445.899977237276	171
1	1971	74452.702067397824	172
1	1974	74453.498472098355	173
1	1990	75205.741567689329	174
1	1992	75231.110423155234	173
1	2001	75368.09160094571	174
1	2004	75514.651712603952	175
1	2014	76161.911071754018	176
1	2022	76590.816357037158	175
1	2034	76903.696698583521	176
1	2040	76974.718877503921	177
1	2049	77197.921245182644	178
1	2052	77278.404410971245	179
1	2059	77443.254721586061	180
1	2068	77783.638501613325	181
1	2070	78016.332685569407	180
1	2076	78066.668866352911	181
1	2079	78160.848512077791	182
1	2082	78320.814258939521	183
1	2085	78325.493723629533	184
1	2100	78882.505396179961	183
1	2106	79066.758734476143	184
1	2113	79814.222329107328	185
1	2116	79862.848365825504	186
1	2119	79913.428524861429	187
1	2121	80069.403774369614	186
1	2133	81135.507370721655	185
1	2139	81163.615845271167	186
1	2151	82346.134353861319	185
1	2157	82603.521935778685	186
1	2164	83102.928953663906	187
1	2175	83593.883286625253	186
1	2187	84286.447393027724	187
1	2189	84296.69647996697	186
1	2198	84389.991051102157	187
1	2201	84441.554424559284	188
1	2212	84777.460517378927	189
1	2221	85079.766848404957	190
1	2227	85447.858956035448	191
1	2236	85753.468411316512	192
1	2238	85841.599391376706	191
1	2244	85975.962802366456	192
1	2247	86007.428278430755	193
1	2257	86368.011152818488	194
1	2260	86463.638115480843	195
1	2271	86888.272845683726	194
1	2277	87198.75210791455	195
1	2284	87507.687083345906	196
1	2290	87527.043433470899	197
1	2293	87581.937066054128	198
1	2301	88045.486590828853	197
1	2317	88795.730845805785	198
1	2320	88852.592288792657	199
1	2323	88863.156339983772	200
1	2326	89154.640943454452	201
1	2332	89455.40592452463	202
1	2337	89509.076691171261	201
1	2350	90106.294499406516	202
1	2356	90131.622634354252	203
1	2358	90135.899994433033	202
1	2374	90871.411143990695	203
1	2377	90880.65637027118	204
1	2389	91540.272895026785	205
1	2392	91546.9606547185	206
1	2398	91639.908277371613	207
1	2404	91694.69831221943	208
1	2407	91734.3926424751	209
1	2409	91760.59964838821	208
1	2421	92282.260517787356	209
1	2430	92527.1811125337	210
1	2436	92723.69052497122	209
1	2451	93045.291010352781	210
1	2454	93082.516318159888	211
1	2457	93198.708170074276	212
1	2467	93303.97777692056	213
1	2472	93439.436578912768	212
1	2478	93619.285821047924	213
1	2481	93637.863703513595	214
1	2487	94114.155114947962	215
1	2506	94537.600217195456	216
1	2512	94720.744507099156	217
1	2514	94759.053089324493	216
1	2520	94868.388462463925	217
1	2523	95112.591624797228	218
1	2526	95135.440923739951	219
1	2529	95266.79791401361	220
1	2532	95408.765631535755	221
1	2542	95701.655313758379	222
1	2544	95850.873934034366	221
1	2550	96002.35907275713	222
1	2581	97007.708889571139	223
1	2586	97098.076042667139	222
1	2592	97122.319339014017	223
1	2595	97239.980978913914	224
1	2601	97339.910744229418	225
1	2604	97645.985835050705	226
1	2607	97646.972019216613	227
1	2610	97879.39430777492	228
1	2613	97972.391827898053	229
1	2620	98221.718385111162	230
1	2626	98412.722684768903	231
1	2631	98535.111896073554	230
1	2643	99159.792206984745	231
1	2653	99475.446904773734	232
1	2656	99615.366043137766	233
1	2661	99706.551529405747	232
1	2667	99724.162787819205	233
1	2670	99800.392314196178	234
1	2689	100711.840916003956	235
1	2695	101178.207377537067	236
1	2698	101185.39383045215	237
1	2701	101228.953965667116	238
1	2703	101316.140338698511	237
1	2712	101909.631783381088	238
1	2714	102152.724608661716	237
1	2730	102486.279382538916	238
1	2733	102531.273299070481	239
1	2739	102705.833661326679	240
1	2755	103029.800410454818	241
1	2761	103494.778422780897	242
1	2764	103630.95750354156	243
1	2766	103644.200222607811	242
1	2772	103836.949375902413	243
1	2779	104369.773328888613	244
1	2781	104587.763983471428	243
1	2787	104699.078986034128	244
1	2793	105552.572898412232	243
1	2809	106469.741463048506	244
1	2817	106927.279373290126	243
1	2823	106988.963295812748	244
1	2829	107535.534575166051	245
1	2835	107724.995968537796	246
1	2838	107733.233581483078	247
1	2847	108328.0163605177	246
1	2856	108558.874626022082	247
1	2859	108656.347249244498	248
1	2865	109144.295260081177	247
1	2874	109594.661543568551	248
1	2877	109676.601605544327	249
1	2883	110066.667830314597	248
1	2917	111288.229216114463	249
1	2920	111322.917955756241	250
1	2923	111343.964354691083	251
1	2932	111577.196958243252	252
1	2934	111580.509021500235	251
1	2940	111670.166763074594	252
1	2943	111777.932150044387	253
1	2956	112134.425637200501	254
1	2959	112140.478071580775	255
1	2962	112146.546770717005	256
1	2965	112161.902789530611	257
1	2970	112330.607623722514	256
1	2976	112595.938592032886	257
1	2982	112788.104965446157	258
1	2988	113257.045669289416	257
1	2997	113405.864770848965	258
1	3003	113672.358165067944	259
1	3013	114276.438033878672	260
1	3016	114412.533657949623	261
1	3018	114615.360288549325	260
1	3030	115234.307203588151	261
1	3035	115551.963901840261	260
1	3051	116092.483007515266	261
1	3058	116350.504987464547	262
1	3060	116359.524728594459	261
1	3066	116444.515245367425	262
1	3069	116579.339229875079	263
1	3072	116667.475222852016	264
1	3082	117418.399352718757	265
1	3093	117903.725292174257	264
1	3102	118306.379951456458	265
1	3111	118587.300354622675	266
1	3124	118792.733704916885	267
1	3130	119070.693767435088	268
1	3145	119427.680753562117	269
1	3148	119465.240815440881	270
1	3153	119516.636386303343	269
1	3159	119624.423561740294	270
1	3162	119657.456320937214	271
1	3165	119733.512360850283	272
1	3168	119743.527256501235	273
1	3174	119880.295651563818	274
1	3181	120193.32931470257	275
1	3184	120433.079876748528	276
1	3190	120520.36509617576	277
1	3195	120708.686695410051	276
1	3204	120884.844784441349	277
1	3207	120969.369808616138	278
1	3214	121065.859656285428	279
1	3220	121184.867340554897	280
1	3229	122261.21011634014	281
1	3231	122326.318858530485	280
1	3243	122527.482005584481	281
1	3249	122831.685715983625	282
1	3271	123529.885650237779	283
1	3274	123532.681949568613	284
1	3279	123767.021483438202	283
1	3285	123845.358016015006	284
1	3288	123924.773552893436	285
1	3294	124168.330654775291	286
1	3297	124170.600178374823	287
1	3300	124187.584065437866	288
1	3310	124698.07318356974	289
1	3319	124721.621902896887	290
1	3325	124952.409642434275	291
1	3330	125244.960163919368	290
1	3336	125358.67035015305	291
1	3339	125489.991370813529	292
1	3350	126053.671573096999	291
1	3356	126143.721597482142	292
1	3363	126286.386789743447	293
1	3366	126302.513972890729	294
1	3369	126462.433406553407	295
1	3372	126895.582219698592	296
1	3388	127080.459159367569	297
1	3399	127518.463072324285	296
1	3405	127844.536927327537	297
1	3420	128211.8458732765	298
1	3423	128245.688298478905	299
1	3426	128268.555998727745	300
1	3429	128296.615757846069	301
1	3441	128628.922335853914	300
1	3447	128634.463880155369	301
1	3450	128860.565540849524	302
1	3463	129316.48965065324	303
1	3466	129384.181871304651	304
1	3469	129438.670679491787	305
1	3472	129579.064906403401	306
1	3474	129595.95383806538	305
1	3483	129609.39438980843	306
1	3489	129657.666060066992	307
1	3492	129709.216876834426	308
1	3501	130269.821132866776	309
1	3507	130499.02713081252	308
1	3513	130569.776917379342	309
1	3516	130869.318427062046	310
1	3519	130903.900142402835	311
1	3537	132043.443530075366	310
1	3549	132363.353611791641	311
1	3552	132394.127572507527	312
1	3555	132413.499786357834	313
1	3558	132505.285589073358	314
1	3565	132834.394145287687	315
1	3568	132958.74408407749	316
1	3570	133359.099336009587	315
1	3585	134139.101548161472	314
1	3609	134670.590065041203	315
1	3622	134912.069613825121	316
1	3625	135122.103792771194	317
1	3628	135185.897600194502	318
1	3630	135309.892919821779	317
1	3636	135452.680980623088	318
1	3642	135704.824908407928	319
1	3645	135724.879098360666	320
1	3652	135806.621122085195	321
1	3655	135947.78382031036	322
1	3658	136032.606997662704	323
1	3664	136584.947263182241	324
1	3669	136911.357415406148	323
1	3681	137465.021706514201	324
1	3684	137477.647320971916	325
1	3693	137841.188453784327	324
1	3699	138124.698688356242	325
1	3706	138394.74388426621	326
1	3708	138465.419648042063	325
1	3714	138734.178282371664	326
1	3720	139024.117578539913	327
1	3729	139791.898813344653	326
1	3735	139802.347849748193	327
1	3743	140433.755683474358	326
1	3749	140526.500806965583	327
1	3766	141394.513449014519	328
1	3771	141677.288737878319	327
1	3781	142404.357096150721	328
1	3784	142448.482481260177	329
1	3790	142542.391198072205	330
1	3801	143210.811933050048	329
1	3810	143325.519582751637	330
1	3819	143528.83931139326	331
1	3822	143752.163976625647	332
1	3831	143979.895266208451	333
1	3844	144434.154658863906	334
1	3846	144495.34394783352	333
1	3855	144551.537745939726	334
1	3858	144724.535013472	335
1	3861	144743.636278819125	336
1	3867	145047.712190770261	337
1	3870	145136.84496602357	338
1	3873	145284.447125243854	339
1	3885	145527.566385170561	338
1	3897	145839.617007573575	339
1	3900	145888.973034603021	340
1	3909	146098.891968046861	341
1	3919	146525.142904385423	342
1	3921	146595.542885767412	341
1	3927	146864.65218990497	342
1	3930	146938.57831033374	343
1	3933	146943.576126091634	344
1	3940	147106.126455212429	345
1	3948	147470.046406904352	344
1	3957	147769.503956223909	345
1	3960	147821.350652521689	346
1	3967	147979.966488660723	347
1	3972	148298.58634109993	346
1	3978	148724.053126449576	347
1	3988	149118.152198358056	348
1	3990	149583.888741968316	347
1	4001	150257.395643102122	346
1	4007	150264.834463026686	347
1	4020	150592.895233349998	348
1	4027	150708.386595013193	349
1	4035	151038.541022459162	348
1	4044	151445.801998588683	349
1	4047	151491.081744253758	350
1	4049	151657.940935840947	349
1	4055	151696.438640682433	350
1	4058	151776.750248685721	351
1	4078	152387.745793957069	352
1	4084	152591.654440308318	353
1	4087	152723.612381225038	354
1	4092	153191.098338639481	353
1	4101	153491.421234737197	354
1	4107	153595.616650324604	355
1	4110	153669.290346098284	356
1	4120	153898.532742829736	357
1	4122	153955.801274743049	356
1	4128	154138.666125153947	357
1	4143	154918.109232368066	356
1	4158	155180.702757501929	357
1	4171	155478.951577573073	358
1	4180	155930.053663121814	359
1	4183	156012.567154204463	360
1	4186	156044.950955702079	361
1	4195	156098.715464234726	362
1	4198	156261.272874215405	363
1	4201	156497.35831145702	364
1	4203	156521.017468109845	363
1	4212	156584.368343043067	364
1	4218	156733.85437288117	365
1	4221	156749.383119850139	366
1	4224	156775.153527090673	367
1	4227	156932.50800880192	368
1	4236	157134.24403992115	369
1	4246	157534.943641067987	370
1	4249	157661.034318101717	371
1	4255	157791.081521031069	372
1	4257	158140.29620573309	371
1	4272	158360.196728990114	372
1	4288	158738.989661964111	373
1	4291	158787.541968286773	374
1	4294	158797.870791372357	375
1	4296	158958.907605217888	374
1	4305	159223.767839507162	375
1	4312	159365.814238342656	376
1	4315	159444.1011072157	377
1	4320	159628.21249911946	376
1	4326	159662.20640508616	377
1	4332	159902.072644674767	378
1	4335	160013.744411926556	379
1	4345	160582.001144746479	380
1	4348	161132.501915380314	381
1	4350	161171.925872372582	380
1	4362	162409.454933241128	379
1	4375	163085.577955627959	380
1	4378	163212.944542691582	381
1	4383	163656.203106748059	380
1	4401	164136.887893656011	381
1	4404	164345.531534272106	382
1	4417	164665.75871744993	383
1	4419	164714.314899485677	382
1	4431	165029.009693080757	383
1	4434	165325.102000428503	384
1	4441	165465.681799076683	385
1	4447	165841.343033767732	386
1	4449	165874.394483542189	385
1	4455	166061.923114356107	386
1	4465	166356.461077432519	387
1	4474	166813.965702264281	388
1	4477	166973.378220927619	389
1	4488	167246.824342323586	388
1	4494	167397.033551041241	389
1	4497	167588.140472075129	390
1	4506	167697.900702295637	391
1	4522	167962.650764608003	392
1	4525	168065.099499827673	393
1	4534	168425.731633057636	394
1	4540	168871.131102998612	395
1	4545	168910.006368266538	394
1	4554	168926.075109195212	395
1	4557	168972.114486370458	396
1	4560	168986.471041946407	397
1	4563	169051.507475463566	398
1	4570	169179.395181822334	399
1	4573	169435.39147624055	400
1	4576	169605.643903295745	401
1	4579	169732.865888562589	402
1	4581	169830.926121495784	401
1	4596	170837.873028054953	400
1	4602	170899.878340252724	401
1	4611	171733.464371342332	400
1	4617	171798.018137750909	401
1	4623	172326.573835169082	402
1	4632	172592.869772803158	401
1	4638	172682.741806975289	402
1	4654	173353.925777181758	403
1	4659	173632.140048597128	402
1	4665	173652.550715903166	403
1	4668	173800.354736178558	404
1	4671	173996.067610188805	405
1	4684	174606.484800011391	406
1	4690	175118.021739889547	407
1	4692	175138.820576299102	406
1	4701	175358.737219376301	407
1	4708	175887.290829854266	408
1	4710	176000.110657740504	407
1	4716	176140.019484447472	408
1	4725	176949.722950723142	407
1	4738	177471.922031804926	408
1	4744	177745.161697151736	409
1	4747	178052.564556537894	410
1	4758	178566.040023913727	409
1	4764	178669.590413308643	410
1	4767	178691.906142320969	411
1	4797	179552.036665160329	410
1	4810	179751.656827901319	411
1	4814	179791.756574164209	412
1	4828	180197.010397191224	413
1	4832	180317.928372119861	414
1	4836	180371.429299277082	415
1	4840	180490.353902532309	416
1	4843	180729.970591768394	417
1	4846	180862.005305688548	418
1	4849	180883.400260944884	419
1	4852	180883.917229417174	420
1	4855	180886.139580507591	421
1	4857	180943.956091333301	420
1	4863	181075.55578505823	421
1	4869	181142.227445525425	422
1	4872	181321.355631193667	423
1	4878	181709.65195840883	424
1	4888	181906.014411550758	425
1	4890	181979.224991979198	424
1	4899	182128.342862986301	425
1	4906	182321.241189981895	426
1	4909	182558.2070108147	427
1	4911	182719.355725314589	426
1	4928	183367.485567353787	425
1	4934	183592.634827230286	426
1	4941	183811.5283124901	427
1	4951	184323.242439101969	428
1	4954	184419.219991769858	429
1	4956	184490.118858091654	428
1	4972	184978.57001219594	429
1	4977	185257.53695171711	428
1	4983	185321.824157733534	429
1	4989	185393.102711051857	430
1	4995	185588.829253556033	431
1	4998	185760.581973438993	432
1	5007	186334.271203795569	431
1	5016	186823.217348958059	432
1	5019	186960.702508209295	433
1	5028	187922.298418110358	432
1	5037	188075.063555190566	433
1	5046	188737.808488359796	432
1	5055	189252.629636086878	433
1	5058	189416.767313141886	434
1	5068	189604.30118310129	435
1	5070	189808.62046895002	434
1	5076	189985.940942716421	435
1	5083	190383.640518716795	436
1	5095	191157.500399369066	437
1	5097	191269.43665957463	436
1	5113	191922.661123342129	437
1	5115	192027.357244867953	436
1	5127	192402.435270469358	437
1	5137	192496.768865663518	438
1	5140	192652.472757201556	439
1	5143	192754.552553622306	440
1	5146	192957.719615270465	441
1	5148	192975.243818987283	440
1	5172	193565.114317259741	441
1	5175	193721.46992261364	442
1	5178	193809.829576595832	443
1	5185	194162.733164837863	444
1	5191	194195.342693251673	445
1	5196	194485.781937664497	444
1	5202	194613.583627910962	445
1	5205	194673.522115689308	446
1	5211	194862.106306510589	447
1	5214	194949.383032041582	448
1	5224	195403.282320738664	449
1	5233	195926.100155474324	450
1	5236	195932.323693171813	451
1	5238	196070.406419983256	450
1	5247	196576.737712823745	451
1	5249	196734.824696857605	450
1	5265	197288.125271902601	451
1	5278	197587.646934894207	452
1	5284	197730.897961187898	453
1	5289	197845.506781296927	452
1	5301	198197.805247699767	453
1	5313	198634.227736173057	454
1	5320	198651.948669062432	455
1	5323	198701.732374758871	456
1	5326	198728.272355753999	457
1	5329	198771.469732616264	458
1	5334	198812.645529959473	457
1	5346	199050.147286732881	458
1	5353	199302.942139646393	459
1	5356	199389.446603522783	460
1	5361	199472.760831782717	459
1	5367	199551.246906591188	460
1	5370	199843.00823720721	461
1	5376	200088.594553110973	462
1	5386	200286.557556017252	463
1	5394	200524.036567503709	462
1	5406	200979.825933074927	463
1	5409	201132.530980017635	464
1	5411	201222.150829885278	463
1	5420	201284.92754334122	464
1	5433	201652.681817264523	465
1	5442	201962.264470699212	466
1	5445	201990.734791474854	467
1	5452	202225.335653853158	468
1	5455	202269.64655184927	469
1	5461	202431.770608276072	470
1	5467	202485.961486649866	471
1	5473	202744.585813022097	472
1	5478	202817.18599250925	471
1	5490	202947.024352117742	472
1	5499	203714.511031017004	473
1	5506	203738.407371900028	474
1	5509	203853.177328772202	475
1	5511	203944.903316222255	474
1	5520	204084.924297103948	475
1	5527	204318.742831974068	476
1	5533	204326.978677432288	477
1	5536	204373.227653512089	478
1	5551	204974.021090006159	479
1	5554	204997.09553800736	480
1	5556	205045.534432748456	479
1	5569	205543.359015883587	480
1	5572	205812.970266483638	481
1	5575	205857.851252722275	482
1	5578	206019.161463799279	483
1	5581	206095.64115449438	484
1	5586	206540.788107322652	483
1	5592	207072.092236374785	484
1	5604	208052.722436994437	483
1	5610	208513.57315373405	484
1	5613	208552.647324945596	485
1	5622	209081.804825732607	484
1	5627	209747.430226666975	483
1	5633	209901.507508814224	484
1	5643	211092.512454915914	483
1	5652	211640.934995812902	484
1	5667	212457.170694716397	483
1	5676	212783.242984933684	484
1	5685	213063.175245983648	483
1	5691	213222.73872516525	484
1	5704	213963.623730223747	485
1	5707	214009.661926944552	486
1	5710	214071.020765531766	487
1	5713	214101.477651236902	488
1	5718	214582.599157592404	487
1	5724	214598.090786959334	488
1	5730	214832.626401999391	489
1	5739	215620.680639039847	488
1	5751	216324.682994714577	489
1	5758	216469.955240511902	490
1	5760	216709.813453419256	489
1	5769	216851.700687089228	490
1	5782	217213.570090183162	491
1	5785	217509.762955490808	492
1	5791	217637.16458024675	493
1	5803	218206.92697311451	494
1	5805	218242.02781692532	493
1	5820	218957.57112025668	492
1	5826	219037.86484375746	493
1	5829	219354.139395639907	494
1	5832	219418.485702494459	495
1	5835	219550.311694356075	496
1	5842	219877.989212428361	497
1	5845	219938.890221462414	498
1	5853	220443.720670001703	497
1	5859	220489.031742105327	498
1	5862	220622.180284741432	499
1	5886	222052.119985645759	498
1	5892	222057.451608897057	499
1	5895	222126.801254826223	500
1	5908	222546.989789100708	501
1	5911	222568.869443120553	502
1	5916	222668.934333942953	501
1	5922	222679.259004829109	502
1	5928	222861.525634652583	503
1	5931	222941.938403639303	504
1	5941	223310.227416127821	505
1	5947	223718.796450873655	506
1	5950	223853.133209184102	507
1	5959	223930.944880091829	508
1	5964	224239.98921877158	507
1	5970	224366.214443659971	508
1	5973	224443.789212253605	509
1	5982	224934.547713626299	508
1	5988	225182.954406448724	509
1	5991	225429.107866005485	510
1	5994	225458.197016543873	511
1	6010	226028.311295061612	512
1	6012	226259.307068552945	511
1	6031	226870.70324483213	512
1	6034	226911.124200341355	513
1	6037	226991.732232935513	514
1	6046	227093.983576492153	515
1	6051	227408.347975056742	514
1	6060	227780.052426683577	515
1	6063	227783.604372315282	516
1	6066	227808.283406538928	517
1	6073	227846.197129085625	518
1	6085	228599.453124111178	519
1	6088	228742.527811208478	520
1	6093	228987.869155746077	519
1	6103	229515.605541618509	520
1	6109	229843.430637737747	521
1	6112	229911.11381011799	522
1	6123	230657.893993346144	521
1	6129	230810.856009358283	522
1	6132	231443.919248486949	523
1	6135	231454.61767545611	524
1	6141	231469.037246141584	525
1	6147	231581.016123736401	524
1	6159	232205.995217276861	523
1	6172	233058.462378732143	524
1	6174	233183.427557511379	523
1	6180	233348.332928607041	524
1	6183	233507.754892887248	525
1	6195	233988.839302178596	524
1	6201	234118.972356485928	525
1	6220	234903.169071477619	526
1	6223	234967.785229026809	527
1	6226	235012.63707078695	528
1	6228	235501.840342519929	527
1	6234	235546.372360411732	528
1	6244	236158.195399511109	529
1	6246	236240.059430118774	528
1	6252	236330.97924329353	529
1	6270	237234.086173152675	528
1	6282	237675.348442354527	529
1	6288	238019.734507650917	530
1	6298	238302.122905559918	531
1	6301	238431.312365531047	532
1	6307	238611.19378532725	533
1	6310	238720.344859810096	534
1	6313	238819.703758601587	535
1	6319	238830.034851946555	536
1	6321	238908.339050835123	535
1	6337	239439.591020930132	536
1	6340	239495.377150698407	537
1	6352	240452.874055540005	538
1	6354	240525.01360825648	537
1	6360	240598.634210520875	538
1	6366	240892.978913140419	539
1	6369	241128.653281096286	540
1	6375	241565.081064649051	539
1	6381	241602.198921747815	540
1	6397	242436.556030301714	541
1	6399	242570.012210415801	540
1	6408	242973.391889648604	541
1	6411	242999.497960585705	542
1	6420	243431.617692479989	541
1	6426	243456.351079241961	542
1	6435	244126.257258922929	543
1	6437	244164.429810060313	542
1	6447	244368.258703445579	543
1	6453	244675.724451731142	544
1	6459	244855.886789349964	543
1	6465	245402.90960213235	544
1	6471	245753.890415620184	543
1	6480	245990.946720082427	544
1	6483	246312.677825803844	545
1	6496	247339.079432241563	546
1	6498	247340.573185909665	545
1	6507	247887.566679865449	546
1	6513	248752.753954608119	545
1	6519	249113.726771714477	546
1	6525	249699.982204748443	545
1	6534	250118.620924819389	546
1	6540	250737.536418134472	545
1	6555	251523.384799542031	544
1	6567	252096.298851090617	545
1	6574	252447.739942542772	546
1	6577	252523.90529860508	547
1	6588	253019.285293681673	546
1	6594	253041.122828983174	547
1	6597	253124.491900158421	548
1	6610	254002.175813493538	549
1	6613	254068.179456275841	550
1	6621	254399.135800203435	549
1	6630	254459.178426446441	550
1	6633	254611.733021259828	551
1	6636	254761.839561564487	552
1	6639	254978.775457100958	553
1	6642	254991.478691499179	554
1	6660	255937.13508455468	553
1	6666	256018.232166618894	554
1	6669	256063.453748191318	555
1	6679	256358.524141794007	556
1	6688	256726.391380113501	557
1	6690	256815.89319939179	556
1	6712	257504.707897348871	557
1	6718	257577.140325914271	558
1	6724	257769.372886393592	559
1	6727	257805.63211759007	560
1	6730	257915.845086982675	561
1	6733	257933.4591363105	562
1	6736	257942.364530208533	563
1	6741	258048.067251084499	562
1	6747	258070.289960048294	563
1	6760	258459.402285677309	564
1	6762	258745.665946709119	563
1	6771	259078.657478432139	564
1	6780	259501.201067740976	565
1	6782	259536.698813926555	564
1	6792	259788.596706267555	565
1	6798	259945.063652711793	566
1	6801	260003.002151934737	567
1	6803	260219.177123600744	566
1	6809	260299.457255662318	567
1	6829	261040.859087700698	568
1	6832	261214.760803247781	569
1	6835	261293.708848679891	570
1	6840	261736.061824228742	569
1	6849	262109.792594492647	570
1	6852	262232.36199619789	571
1	6861	262396.170056587213	570
1	6876	262705.342290434058	571
1	6882	262918.093381797061	572
1	6885	263063.84905469819	573
1	6901	263488.407314631743	574
1	6903	263662.936257453763	573
1	6909	263876.7864592134	574
1	6912	263893.289944676681	575
1	6919	264169.780025665273	576
1	6931	264344.015957288215	577
1	6934	264457.576084569263	578
1	6936	264544.08246434679	577
1	6945	264858.241874707837	578
1	6952	265009.826887492532	579
1	6955	265167.528767232477	580
1	6958	265322.26316123121	581
1	6960	265487.662807045632	580
1	6972	266509.071997864299	579
1	6988	266932.503202921048	580
1	6994	267143.623319725342	581
1	6999	267230.515663981565	580
1	7015	268221.213143721622	581
1	7017	268253.340429248416	580
1	7023	268311.170239481695	581
1	7029	268387.372546725955	582
1	7037	269006.081462571525	581
1	7047	269129.264969045633	582
1	7053	269151.063050009846	583
1	7056	269263.196440517772	584
1	7065	269693.857036501125	585
1	7068	269796.731311486476	586
1	7075	269979.692018556473	587
1	7081	270194.954949099999	588
1	7087	270332.332473904089	589
1	7092	270433.959867911541	588
1	7105	270890.485967091343	589
1	7108	270899.969651543148	590
1	7116	271530.22452627694	589
1	7122	271901.994932769922	590
1	7125	271935.841395274663	591
1	7133	272322.90786407342	590
1	7139	272399.333014224803	591
1	7152	272688.526469901059	592
1	7155	272737.106738672646	593
1	7161	272958.14922505401	594
1	7171	273358.120559080536	595
1	7173	273374.148611802736	594
1	7182	273770.168880831151	595
1	7192	274194.081430425749	596
1	7195	274291.87502389168	597
1	7198	274376.542528827013	598
1	7204	274562.084813259706	599
1	7206	274567.367734223733	598
1	7215	275002.235209153731	599
1	7227	275536.145529518033	598
1	7233	275751.640062631952	599
1	7236	276013.540946562778	600
1	7239	276090.905218280006	601
1	7245	276416.458799116443	600
1	7260	277145.333217327779	601
2	0	0	0
3	49	3020.190109772709	2613.993480904
3	121	6190.904208034379	5336.5475966325
3	139	7292.50677867244	7158.4906557259
3	160	7990.412395954235	6975.8149108787
3	217	11008.171418434112	8062.5182591728
3	310	14139.709076019107	10679.183981766
3	358	15606.258274171604	12114.871401798
3	382	16881.136600537328	13409.349834161
3	406	17944.385876305504	14345.065258599
3	463	21014.237125594271	16533.895644233
3	478	21871.6637949125	17180.758712516
3	543	23704.948925398393	16389.785375358
3	556	24238.393381903051	17965.381987921
3	613	25555.433109928025	17838.250559624
3	643	26578.316579362479	18252.31457725
3	679	27929.467005435479	19280.884870347
3	733	31147.875440990655	21626.99926384
3	762	32215.662229446797	22665.543098839
3	781	32840.860734390198	22836.767998119
3	823	34283.822546316414	24013.791696014
3	847	35209.555293455823	23338.746941595
3	868	36468.267792197047	23844.469437784
3	925	38615.482124718008	25454.473536305
3	955	40158.476574005662	27292.805499294
3	1075	43451.904467590255	30011.778172216
3	1126	44719.049990730463	31856.823963537
3	1147	44986.907756295158	31718.614099645
3	1186	45875.457972850754	31769.737990549
3	1210	46969.303624941139	33030.986130451
3	1288	49321.806114571272	35432.233801537
3	1339	51606.741055701031	37620.256172233
3	1381	53156.793411703883	38928.20936687
3	1408	54382.556611191584	39284.273823911
3	1435	55857.525162858991	40344.507321156
3	1450	56607.455759806661	40370.400397343
3	1500	58031.918029900744	41327.807827941
3	1507	58155.043609434842	41177.0216535
3	1561	59766.460282648086	42539.562483766
3	1609	61435.014497958228	41404.436344552
3	1678	64187.81947300221	43544.114152355
3	1804	68880.266025191277	46930.905731355
3	1861	70714.822955004975	48495.460311944
3	1900	71908.800105400487	49563.983075167
3	1945	73504.188073309243	51511.193393044
3	2056	77278.631290936948	54140.444157582
3	2092	78639.062741151185	55622.34321651
3	2131	80656.811851285504	57162.152971685
3	2143	81450.1569175386	57356.801369228
3	2161	83080.789906591283	58621.821271878
3	2205	84537.651712525742	59417.12124374
3	2209	84687.994508477034	60275.441996777
3	2251	86116.471815383168	61768.751236576
3	2314	88488.605828736084	62547.00963079
3	2344	90056.564583791527	64797.045780451
3	2371	90472.769423578041	64114.699509015
3	2434	92569.66506389353	66203.607020163
3	2464	93263.438361169878	66899.562557784
3	2536	95414.101722542305	68829.561297266
3	2572	96775.156751651425	68427.586712209
3	2617	97990.529213644672	68927.693420364
3	2650	99406.091599905972	70591.004544346
3	2686	100646.883935419951	71857.108468133
3	2749	103000.994848901515	72677.357105425
3	2776	104223.096735350897	72508.057734375
3	2791	104944.249726621543	74187.360738943
3	2803	106213.910816902403	74588.05730168
3	2845	107827.265703970675	75549.141312477
3	2881	109931.172517420833	77236.964089094
3	2905	110989.599536940565	79094.964202974
3	3010	114116.086378669476	79889.635502095
3	3055	116321.649038087687	81814.012662525
3	3079	117198.79209018696	82771.468257805
3	3115	118705.894971763827	84463.679151477
3	3178	119960.830631455518	84478.289679415
3	3211	121023.923976415881	85454.373813697
3	3265	123258.443520557248	86271.548714456
3	3304	124406.128056677171	87358.081808525
3	3360	126168.088063238302	88830.834905708
3	3379	126991.031944336482	89295.621727595
3	3433	128362.998958783338	90906.914103761
3	3454	128871.432564811895	90497.558883093
3	3505	130403.584984041864	92207.900927507
3	3523	131017.776582617426	92036.110343859
3	3583	134008.344974484409	94289.871045431
3	3619	134755.905098136629	94544.559366376
3	3703	138200.97523834009	97627.67865682
3	3724	139382.592980316023	98390.134047509
3	3753	140620.429800026234	99398.95989584
3	3763	141190.700660668429	99048.184986132
3	3778	142188.914990205433	100274.10983267
3	3838	144096.613118549925	102288.51130172
3	3916	146160.057395318639	103566.41773923
3	3937	147017.000038562459	103944.67549117
3	3964	147883.457455350203	105033.75708617
3	3982	148745.95785896678	106178.34077646
3	4011	150311.093063572538	107284.71607447
3	4024	150624.127091424657	107003.14539051
3	4068	151955.127976903809	107937.28155229
3	4072	152143.730392916245	108973.43859688
3	4117	153886.141715360923	110572.59649639
3	4141	154758.525180857747	110980.64378588
3	4168	155448.736371206238	111891.86962688
3	4243	157193.229165379076	112412.53139021
3	4309	159317.611350150897	114276.701536
3	4339	160446.209918916344	116345.01990296
3	4357	161421.784949017807	117294.11137721
3	4369	162707.24514332053	118006.34105506
3	4414	164489.936172435179	119175.83118209
3	4438	165409.580948170393	120105.25537531
3	4513	167873.15163883765	121861.99746613
3	4567	169174.361802613482	121985.35178464
3	4591	170429.020942229898	123102.50509388
3	4606	171309.848333880425	124707.55629133
3	4627	172342.285431087137	124324.16092893
3	4651	173321.586773119987	125846.36366425
3	4678	174436.039161238939	127162.83385666
3	4705	175710.649679847182	127454.24422302
3	4723	176872.893839016676	128660.81916968
3	4732	177294.166328258932	129699.07875771
3	4783	179355.497532965735	130034.89770994
3	4818	179871.659730732561	130725.79276228
3	4882	181873.433773148925	132291.79974389
3	4938	183603.896338962139	132438.90383462
3	4969	184863.660997361066	133410.27972838
3	5005	186049.802501261355	134554.57980962
3	5023	187221.23362520163	134763.78532924
3	5044	188572.249947948503	136026.33449136
3	5065	189471.983368447172	137631.40536242
3	5080	190358.885270835953	138093.85977837
3	5110	191642.385441236319	139411.33735074
3	5131	192417.530177053186	140103.194531
3	5182	193900.731696620706	140088.77388035
3	5275	197531.479323547456	142025.24304999
3	5317	198647.160648623604	142818.20669002
3	5350	199086.533528104547	142236.83548462
3	5380	200184.326694825787	143640.49432483
3	5424	201327.791046885896	144797.0751564
3	5503	203719.20888962609	146702.83892362
3	5524	204281.981409996872	147252.76283842
3	5566	205289.446833575268	147088.24591834
3	5617	208596.134332310531	150877.18311023
3	5637	209930.443391943473	152379.94443393
3	5641	210370.602879257995	152348.64604776
3	5656	211740.448527973268	153451.6666993
3	5683	213018.806044630829	154309.16613726
3	5734	215300.930033730465	155569.41537258
3	5755	216354.722964692983	156828.38917242
3	5872	221294.352974476414	159441.36848041
3	5905	222372.855985904235	161741.56715213
3	5938	223076.411719475064	161866.29715934
3	5977	224528.562618553761	162500.3949902
3	5998	225614.810143899295	163545.2504768
3	6025	226582.98474550632	164710.35212555
3	6070	227838.680629566435	164639.83238113
3	6100	229458.537125740324	165957.89475591
3	6145	231564.171512158711	167352.41983238
3	6157	231922.173017891248	167326.06277682
3	6166	232597.728556575378	168343.49441718
3	6190	233824.124393364538	169853.66117992
3	6214	234645.551679641132	169446.74108656
3	6241	236084.741201711943	171419.18931124
3	6262	237021.895123575007	171161.92944096
3	6331	239261.99246273761	172698.09450292
3	6373	241154.653825009367	175187.65234704
3	6391	241902.226885542398	175313.81089018
3	6415	243322.764324447265	175355.1981247
3	6444	244352.362540787211	176338.98631468
3	6457	244812.222542850426	176654.15871366
3	6511	248241.304135698951	179112.94012498
3	6538	250190.262267788998	180807.56047871
3	6553	251519.930133106312	183029.35452417
3	6571	252151.115647250912	183600.3409295
3	6601	253555.407171709589	183315.89225688
3	6649	255065.740158142649	184641.58976777
3	6676	256341.237386804201	185019.22868768
3	6706	257197.464030947663	186580.36335843
3	6757	258455.435708085202	188241.15332053
3	6789	259626.971641102933	188135.0856424
3	6813	260364.03650828091	188789.07451854
3	6820	260513.261367561423	189548.36483305
3	6892	263153.216700231784	191381.76628605
3	6916	264024.459748709702	191526.59200498
3	6970	266157.974234162026	193122.11876369
3	6982	266853.903007073455	194299.41249762
3	7009	267943.671982925513	193913.3161759
3	7102	270694.444024222099	195893.23672268
3	7143	272461.858365679288	198285.9814661
3	7168	273115.685750408227	198071.46471176
3	7222	275106.574319586287	199811.4675604
3	7243	276376.152131049092	199906.27166852
4	91	4328.487933924523	3931.7450412664
4	190	9386.630916776238	6470.8038527929
4	262	12952.828165799482	10758.020098325
4	418	19007.959099052577	15387.574252254
4	439	20328.82337477441	16326.241224897
4	583	24653.89238162349	17922.302472993
4	706	30022.231537014348	21292.02059387
4	889	37301.054063582895	25786.807235559
4	976	41013.3257286382	28276.463371156
4	1021	42164.670648411018	29527.70385737
4	1240	47697.412311820416	34349.317142279
4	1312	50469.155899271471	35540.433350896
4	1576	60391.062883058667	40439.734815185
4	1645	62669.902190299809	42406.648899294
4	1693	64590.198415558889	43989.638424386
4	1738	66372.424458846554	44774.563437042
4	1768	67554.377802921563	46737.244363135
4	1981	74737.104731280461	51276.025639301
4	2011	75988.025668397651	52596.332884923
4	2110	79355.213315378981	55801.164461717
4	2281	87294.28859963465	62683.83712445
4	2497	94249.722506137672	66888.532735012
4	2721	102211.683299964403	72181.94825966
4	2863	108749.0638700911	76441.937730223
4	2950	111970.201552448904	78803.38569725
4	2986	113238.720107939204	79351.876255159
4	3045	115572.535046212486	81288.849860372
4	3562	132777.464526802415	92643.83804987
4	3649	135750.829892525564	94319.565210126
4	3688	137499.87929453526	95881.927910727
4	3877	145372.191483950359	102844.06341981
4	4285	158650.441879186898	113851.32446133
4	4462	166246.183509374157	120533.63258814
4	4903	182239.230667682485	132677.06692329
4	4948	183897.612359546246	133144.89799778
4	5221	195391.560761233914	142316.4726129
4	5256	196814.984157880891	142360.17760435
4	5449	202006.740919150535	144785.40911639
4	5596	207087.608070554335	148507.23744467
4	5701	213835.184754220891	154535.03054148
4	5776	217146.038940245408	156446.13263049
4	5812	218588.059222459915	158636.07564679
4	5839	219677.426394684362	158999.54057571
4	6292	238079.878727173557	172023.93853369
4	6469	245468.207443034401	178013.59547744
4	6487	246648.064299620813	178692.68899607
4	6523	249514.078955318904	180013.33384396
4	6859	262341.657373909035	190158.58924762
4	6949	264996.621945364529	192497.05294637
4	7044	269037.355219381058	195689.35982266
4	7072	269949.277128553146	196394.11582858
4	7189	274075.544570241252	199364.00400305

