version 2
run Iteration-77-20200521-09:55:55-71724
attr configname Iteration
attr datetime 20200521-09:55:55
attr experiment Iteration
attr inifile omnetpp.ini
attr iterationvars "$i=9, $j=2, $0=15-(9+2)"
attr iterationvarsf i=9,j=2,15-(9+2)-
attr measurement "$i=9, $j=2, $0=15-(9+2)"
attr network Network
attr processid 71724
attr repetition 0
attr replication #0
attr resultdir results
attr runnumber 77
attr seedset 77
itervar i 9
itervar j 2
param **.resourcePool.amount 9
param **.resourcePool1.amount 2
param **.resourcePool2.amount 15-(9+2)
param **.source.interArrivalTime exponential(6min)
param **.delay.delay uniform(4min,28min)
param **.delay1.delay uniform(10min,28min)
param **.delay2.delay uniform(4min,16min)
param **.allocate.resourceModuleName "\"Network.resourcePool\""
param **.allocate1.resourceModuleName "\"Network.resourcePool1\""
param **.allocate2.resourceModuleName "\"Network.resourcePool2\""
param **.deallocate.resourceModuleName "\"Network.resourcePool\""
param **.deallocate1.resourceModuleName "\"Network.resourcePool1\""
param **.deallocate2.resourceModuleName "\"Network.resourcePool2\""
param **.router.randomGateIndex "uniform(0, 1) > 0.2 ? 0 : 1"

vector 0 Network.allocate queueLength:vector ETV
attr interpolationmode sample-hold
attr title "queue length, vector"
vector 1 Network.allocate1 queueLength:vector ETV
attr interpolationmode sample-hold
attr title "queue length, vector"
vector 2 Network.allocate2 queueLength:vector ETV
attr interpolationmode sample-hold
attr title "queue length, vector"
vector 3 Network.sinkStat lifeTime:vector ETV
attr interpolationmode none
attr title "lifetime of arrived jobs, vector"
attr unit s
vector 4 Network.sink lifeTime:vector ETV
attr interpolationmode none
attr title "lifetime of arrived jobs, vector"
attr unit s
0	0	0	0
1	0	0	0
1	26	2070.036806526075	1
1	29	2242.465222026405	2
1	32	2392.64194227881	3
1	34	2422.979906937933	2
1	45	2965.731785754394	1
1	55	3060.226181714201	2
1	68	3662.013407408029	3
1	70	3837.127272040478	2
1	76	3924.136736774769	3
1	85	4505.235723229777	2
1	94	4681.166157140098	3
1	97	4744.892702799973	4
1	112	5434.463997567899	3
1	118	5455.865538502765	4
1	125	5767.175760377076	5
1	128	5838.493911569433	6
1	130	5867.280753255542	5
1	136	6257.921810662956	6
1	149	6769.049796657014	7
1	151	6783.154123174678	6
1	156	7091.092324648879	5
1	171	7462.213334516342	4
1	177	7527.08721665399	5
1	196	8053.698286591924	4
1	211	8371.059417931977	5
1	217	8519.690931749551	6
1	219	8540.969817629735	5
1	225	8621.749044244565	6
1	235	8683.054946443017	7
1	238	8891.260180729085	8
1	245	9059.33467032543	9
1	251	9125.634976144211	10
1	254	9338.743922801555	11
1	256	9349.617624190531	10
1	262	9471.315530697446	11
1	265	9818.365165022508	12
1	275	10029.399702031802	13
1	280	10196.18669088995	12
1	292	10593.3813045247	13
1	295	10620.91512678313	14
1	301	10795.553104692034	13
1	314	11109.513592855595	14
1	316	11245.71532056732	13
1	322	11587.736427269894	14
1	329	11825.664650220112	15
1	331	11865.110082785494	14
1	349	12502.873813126971	15
1	361	12736.610758118982	14
1	379	12889.711419355482	15
1	382	13190.217826635576	16
1	387	13231.589944419346	15
1	396	13312.074007871393	16
1	402	13503.600018314103	17
1	405	13523.437558733246	18
1	408	13576.771018238598	19
1	415	13758.997042246847	20
1	428	13958.970662699538	21
1	431	14016.068674563481	22
1	433	14225.589962602312	21
1	438	14332.017138545296	20
1	444	14439.236942618763	21
1	447	14477.804462440373	22
1	453	14716.948255558653	23
1	456	14717.96235516659	24
1	459	14816.37454632722	25
1	470	15160.30993609536	26
1	472	15195.601389548636	25
1	477	15490.98135650223	24
1	501	16160.429614885605	23
1	507	16276.834170006644	24
1	509	16316.161468849237	23
1	529	16670.843060073836	24
1	532	16757.49275605153	25
1	535	16903.385206635819	26
1	537	16973.566824095975	25
1	543	17091.765078319838	26
1	545	17197.437568158738	25
1	551	17235.469100397191	26
1	571	18015.909985295392	25
1	577	18166.728642043724	26
1	580	18214.256734006815	27
1	585	18538.68653743593	26
1	601	18950.295156427169	27
1	603	19154.415553902171	26
1	613	19367.409927906499	27
1	619	19826.043226744747	28
1	625	20026.736540562194	27
1	631	20039.933009872601	28
1	634	20139.700476483775	29
1	646	20450.800986586379	30
1	648	20587.153366600059	29
1	663	20922.054756181967	28
1	680	21508.646165353958	29
1	686	21592.510677960982	30
1	689	21682.779739987998	31
1	691	22117.946840106405	30
1	697	22139.060283545855	31
1	703	22338.168401227358	32
1	711	22551.998203360197	31
1	721	22845.790980474486	32
1	723	23032.577430355258	31
1	733	23380.654096599313	32
1	735	23414.506359566656	31
1	744	23563.838651250679	32
1	758	23998.152760156395	33
1	761	24003.451937027679	34
1	763	24020.558705023385	33
1	769	24110.324132212196	34
1	774	24207.383180773539	33
1	791	24607.030202993178	34
1	799	25101.7940546953	33
1	805	25443.941161743971	34
1	811	25546.718355855627	33
1	817	25759.667927386498	34
1	830	26146.661110065621	35
1	838	26430.523267398311	34
1	850	26547.283232127409	35
1	852	26586.921213838167	34
1	865	27200.6008361843	35
1	868	27282.72180790643	36
1	871	27349.042998196355	37
1	878	27400.525674001232	38
1	881	27462.744834059319	39
1	886	27753.619071702196	38
1	899	28147.442683639435	39
1	901	28153.552607522241	38
1	913	28338.098411283242	39
1	931	28964.00845705597	38
1	936	29073.504223777808	37
1	945	29129.489090465728	38
1	948	29192.194129111273	39
1	954	29263.085464534935	40
1	960	29340.718949149077	41
1	973	29497.842705767943	42
1	976	29664.820322850284	43
1	979	29700.670417578794	44
1	991	30072.858972270696	43
1	997	30078.413253793879	44
1	1000	30106.246326162642	45
1	1007	30430.734229977411	46
1	1012	30599.175041756488	45
1	1018	30616.49483962964	46
1	1021	30907.155134131438	47
1	1024	31091.162446380477	48
1	1031	31384.756747584027	49
1	1033	31402.325559259115	48
1	1045	31698.519204914744	49
1	1057	32257.455047164939	48
1	1069	32538.216098202218	49
1	1075	32648.429173548429	48
1	1087	33046.08677858112	49
1	1097	33241.607695358175	50
1	1100	33305.138220069343	51
1	1103	33421.048083853793	52
1	1106	33505.015819887473	53
1	1108	33555.472457837968	52
1	1114	33580.9473612178	53
1	1116	33800.91036232271	52
1	1122	33813.938979295	53
1	1135	34103.293039959568	54
1	1144	34420.528953420653	53
1	1150	34562.252435170668	54
1	1152	34770.493834950856	53
1	1162	35075.48184643448	54
1	1171	35512.351368480085	53
1	1177	35872.362611485707	54
1	1179	35950.850502998463	53
1	1185	36087.212316178304	54
1	1194	36637.172095236263	53
1	1200	36764.63624648644	54
1	1208	36903.195660422279	53
1	1224	37217.413369467408	54
1	1231	37483.087220795899	55
1	1233	37631.977437698177	54
1	1238	37711.069264095931	53
1	1254	38041.570935140794	54
1	1265	38366.611513358635	55
1	1268	38579.3752261618	56
1	1276	38928.729107082716	55
1	1282	38985.771799651686	56
1	1288	39185.827026772059	57
1	1294	39336.147105498894	56
1	1307	39692.722446100122	57
1	1315	40159.392458359606	56
1	1321	40184.45375495262	57
1	1323	40188.355177259727	56
1	1329	40461.398646294905	57
1	1336	40735.74427024849	58
1	1342	40946.432084563083	57
1	1351	41614.620703157128	58
1	1356	41807.055051848947	57
1	1370	42386.139209731893	58
1	1372	42429.107763907596	57
1	1377	42539.204168283275	56
1	1383	42698.483810146764	57
1	1402	43397.304020850814	56
1	1408	43496.971082802597	57
1	1410	43592.995734569341	56
1	1419	43838.135120004023	57
1	1425	43998.920459729514	56
1	1442	44473.483856525097	57
1	1445	44598.88512315512	58
1	1462	45064.666278660953	57
1	1468	45175.691280424505	58
1	1471	45276.621679206236	59
1	1473	45289.086680776334	58
1	1479	45295.968327929674	59
1	1489	45719.166653706604	60
1	1496	45826.293771262427	61
1	1501	45936.955616465664	60
1	1507	46008.394481958761	61
1	1513	46342.383731734663	60
1	1522	46599.755863605794	61
1	1534	46892.514656512892	60
1	1542	46982.062889626905	59
1	1548	47197.845407782262	60
1	1551	47291.950355663996	61
1	1554	47409.064865090334	62
1	1561	47716.545595886127	63
1	1563	47788.157836180836	62
1	1579	48206.828914514557	63
1	1581	48372.519822717538	62
1	1590	48474.811175808466	63
1	1592	48502.779724272624	62
1	1615	49271.389891327393	63
1	1618	49277.575285903255	64
1	1628	49424.895002132906	65
1	1631	49630.809067321984	66
1	1634	49742.763321734369	67
1	1639	49890.816143379441	66
1	1644	49946.474652151302	65
1	1663	50469.003692807604	66
1	1670	50700.610655692511	67
1	1672	50826.928962460613	66
1	1681	51086.205782213223	67
1	1687	51284.645971647189	66
1	1693	51383.136215771993	67
1	1696	51523.003696109756	68
1	1699	51581.547925647436	69
1	1701	51634.322279059222	68
1	1723	52212.493879341894	69
1	1726	52294.761185052004	70
1	1728	52364.888361497676	69
1	1734	52494.321582884825	70
1	1747	52660.990271806375	71
1	1753	52833.407356143654	70
1	1759	52964.86819371327	71
1	1762	53000.120865167527	72
1	1774	53933.081983682593	71
1	1779	53933.649411211447	70
1	1791	54553.527170774252	69
1	1800	54686.680023019096	68
1	1806	54921.062973702018	69
1	1809	54939.951091009897	70
1	1820	55316.741395449999	71
1	1822	55547.394509865796	70
1	1827	55861.047394201816	69
1	1838	56181.026676065182	68
1	1855	57091.944768845109	69
1	1862	57240.766901314171	70
1	1864	57241.543703647987	69
1	1869	57536.285970165288	68
1	1875	57669.553988334857	69
1	1881	58010.830099350498	68
1	1894	58389.594267300224	67
1	1903	58935.979120275662	66
1	1920	59851.967532309598	65
1	1930	60162.596426183555	66
1	1932	60209.905073093907	65
1	1941	60307.201081216763	66
1	1944	60497.263233060933	67
1	1964	60858.215415880178	68
1	1967	60900.981536685067	69
1	1970	61031.958011297754	70
1	1972	61479.741588720015	69
1	1978	61696.226459161281	70
1	1980	61883.228595024632	69
1	1990	62224.174052266784	70
1	1992	62371.443092916987	69
1	2011	62996.660281578736	68
1	2017	63070.372833295878	69
1	2019	63294.352384238399	68
1	2044	64181.980674761243	67
1	2049	64182.430843264522	66
1	2055	64193.719525886932	67
1	2058	64399.955587111348	68
1	2061	64605.347258633728	69
1	2064	64743.942436330047	70
1	2070	64989.608345097758	69
1	2079	65109.606309645535	68
1	2085	65265.869425070804	69
1	2107	65940.549679557519	68
1	2116	66241.478231040248	69
1	2118	66340.657676114597	68
1	2128	66619.109741386985	69
1	2131	66648.471220422077	70
1	2133	66726.252038824098	69
1	2139	66787.232818037353	70
1	2150	67092.363201921559	71
1	2152	67207.455896307611	70
1	2164	68219.970824318664	69
1	2169	68264.019439295762	68
1	2175	68339.526421352166	69
1	2181	68974.687306341441	68
1	2203	69906.398884701439	67
1	2208	69980.571060600416	66
1	2214	70096.183900023416	67
1	2217	70199.360907146058	68
1	2220	70199.547614171925	69
1	2243	70733.735002655445	70
1	2245	71136.061268766307	69
1	2250	71156.981805070029	68
1	2260	71601.495650477975	69
1	2267	71750.999549517541	70
1	2270	71897.532255925018	71
1	2275	72428.337001102873	70
1	2283	72685.574525576742	69
1	2295	72982.086728948347	70
1	2306	73290.540263680383	71
1	2308	73346.835354027064	70
1	2314	73585.384547138423	71
1	2317	73907.32471078749	72
1	2319	73989.688534066909	71
1	2331	74233.495848300593	70
1	2351	75109.614228156045	71
1	2356	75218.796138903954	70
1	2362	75361.666320836459	71
1	2368	75700.007761419338	72
1	2373	75877.215714418056	71
1	2393	76323.842250489158	72
1	2395	76432.761946218916	71
1	2404	76470.768784011299	72
1	2407	76475.830268875618	73
1	2410	76565.412866553675	74
1	2413	76632.621245564399	75
1	2419	76776.670404785039	74
1	2434	77477.785431942096	75
1	2439	77575.276874239453	74
1	2455	77645.453003660665	75
1	2458	77879.725972556064	76
1	2461	77901.801835607949	77
1	2464	77998.41984045003	78
1	2471	78279.609265104748	79
1	2473	78280.373453414725	78
1	2479	78632.394379683287	79
1	2481	78736.304933085003	78
1	2506	79660.501374947565	77
1	2511	79701.236666963332	76
1	2517	79774.669764868122	77
1	2520	79919.070195907957	78
1	2527	80174.618932454535	79
1	2530	80202.125899848918	80
1	2535	80316.440701885807	79
1	2551	81017.134392727994	78
1	2557	81031.783903627272	79
1	2562	81717.008058662423	78
1	2577	81951.02617302044	77
1	2596	82301.682751063811	78
1	2599	82323.638666634976	79
1	2612	82787.342302054728	80
1	2615	82789.944334425923	81
1	2617	82870.234117983737	80
1	2625	83208.588942867431	79
1	2631	83217.322612012377	80
1	2637	83385.652602941678	81
1	2643	83482.981290295137	82
1	2650	83528.496312646362	83
1	2653	83634.705682631674	84
1	2656	83664.568471106892	85
1	2663	83719.873143978321	86
1	2671	84021.214638036572	85
1	2676	84313.499566708419	84
1	2682	84397.61851564619	85
1	2685	84421.696076664759	86
1	2691	84820.924246488502	87
1	2702	85152.901502486226	88
1	2707	85261.045798669466	87
1	2718	85448.38632095671	86
1	2731	85836.069147496491	87
1	2733	86009.777594535508	86
1	2742	86277.991039014637	87
1	2745	86293.824367973608	88
1	2751	86362.369759968209	87
1	2767	86815.647965799444	88
1	2773	87070.371941449948	87
1	2779	87184.434340403917	88
1	2785	87253.173778115076	89
1	2787	87272.657160135644	88
1	2796	87379.635392134892	89
1	2803	87755.52612063766	90
1	2821	88503.309553406097	89
1	2832	88941.272827648284	88
1	2838	89039.2080294477	89
1	2841	89106.861872435091	90
1	2844	89128.716088571911	91
1	2851	89235.676014616617	92
1	2854	89267.68407296379	93
1	2861	89414.302315545928	94
1	2864	89587.211356761259	95
1	2869	89656.0288064842	94
1	2881	90181.303084777689	95
1	2887	90291.488816524582	94
1	2893	90486.989415474475	95
1	2903	90944.988192953561	96
1	2905	90978.932681391673	95
1	2910	91137.339143139206	94
1	2926	91754.778670855694	93
1	2935	91835.934755987383	94
1	2938	91959.729288772182	95
1	2940	92062.626153166132	94
1	2945	92517.916594074004	93
1	2958	93010.320259510266	92
1	2964	93157.056280365112	93
1	2980	93789.286542852306	92
1	2989	94083.750323214116	93
1	2991	94524.244387029397	92
1	2996	94613.027302213841	91
1	3002	94622.943031621993	92
1	3009	95058.819642357686	93
1	3014	95276.622175491142	92
1	3033	96048.083899105796	91
1	3038	96204.931679676014	90
1	3048	96594.23557730985	91
1	3054	96762.486528040991	92
1	3064	97032.732003117639	91
1	3072	97054.802291766637	90
1	3082	97597.90101484511	91
1	3091	97889.987859188219	92
1	3098	97976.365536785067	93
1	3100	98018.367943242851	92
1	3106	98038.130975249417	93
1	3108	98041.500309464418	92
1	3114	98180.295716562086	93
1	3133	98745.50066243923	92
1	3144	98980.901226029628	91
1	3150	99039.459685874286	92
1	3160	99455.849364727888	93
1	3163	99471.137328935164	94
1	3169	99698.520678707284	95
1	3171	99815.451191748389	94
1	3177	99849.698379992977	95
1	3189	100071.96334498069	94
1	3202	100358.414766920676	95
1	3205	100403.419289871359	96
1	3208	100655.93604690103	97
1	3211	100838.805299009326	98
1	3218	101063.780644229311	99
1	3223	101170.502015846678	98
1	3228	101471.317393370632	97
1	3240	101780.362905581378	96
1	3259	102168.674543230592	97
1	3261	102198.655150682393	96
1	3267	102304.847803638286	97
1	3277	102648.680919381686	96
1	3283	102685.601840184742	97
1	3292	103061.875837373885	98
1	3299	103197.660044414122	99
1	3304	103814.785505412805	98
1	3312	103949.052061690845	97
1	3318	104022.349271703182	98
1	3321	104202.039535802236	99
1	3324	104305.262438396809	100
1	3339	104616.051037908259	99
1	3344	104724.159004679777	98
1	3357	105098.398007015445	99
1	3360	105202.083501556488	100
1	3371	105295.109226152053	101
1	3377	105876.214119047399	102
1	3379	106035.952839963797	101
1	3384	106096.631484181516	100
1	3393	106128.229032257237	101
1	3396	106324.094893014015	102
1	3402	106469.292387727982	103
1	3414	106926.913932059787	102
1	3436	107527.814708965599	103
1	3439	107535.843782599299	104
1	3441	107681.605289644289	103
1	3447	107698.386805619189	104
1	3454	107983.448787214753	105
1	3457	108100.588012830374	106
1	3463	108569.966237424768	105
1	3471	108713.079703730258	104
1	3483	108845.079829865514	105
1	3486	108875.135005476394	106
1	3496	109124.00618020224	107
1	3503	109196.964417649847	108
1	3506	109646.892922442434	109
1	3508	109815.814751508541	108
1	3513	109936.732657505858	107
1	3522	110116.716489720348	108
1	3538	110585.633565986987	109
1	3540	110704.852242293663	108
1	3550	110782.92394677557	109
1	3552	110844.570309594932	108
1	3565	111501.287823115371	107
1	3571	111535.018897861589	108
1	3577	111634.077137601525	109
1	3582	111928.32874983615	108
1	3598	112723.66919812733	109
1	3604	112914.117629230849	108
1	3610	112936.871241174034	109
1	3612	113082.91567810877	108
1	3625	113489.93041569435	109
1	3632	113992.622646583663	110
1	3634	114165.041006357137	109
1	3639	114371.340784626908	108
1	3652	114690.327427233521	109
1	3658	114978.04696420574	110
1	3667	115442.542691892672	109
1	3675	115671.610459974862	108
1	3681	115777.643819459272	109
1	3688	116147.518307879008	110
1	3695	116239.274074439794	111
1	3700	116677.110270430229	110
1	3708	117015.087019960124	109
1	3714	117206.489601109123	110
1	3717	117327.76085700487	111
1	3733	118071.109885732539	110
1	3738	118095.842814045686	109
1	3746	118792.386731943943	108
1	3755	118828.231171100128	107
1	3769	119137.547028809137	108
1	3782	119357.698745716067	109
1	3794	119795.577624184551	110
1	3797	119861.617451707926	111
1	3800	120072.281794658657	112
1	3802	120080.274785357255	111
1	3807	120163.922476182588	110
1	3813	120253.335575611301	111
1	3816	120298.906819497669	112
1	3833	120962.53250504516	113
1	3835	120964.762555594452	112
1	3841	120987.705362371438	113
1	3856	121316.259021321971	112
1	3868	121527.153144737022	113
1	3871	121538.684778588171	114
1	3874	121568.377925432482	115
1	3877	121727.805765767755	116
1	3884	122119.642689440343	117
1	3892	122168.325434774988	116
1	3898	122371.694167739762	117
1	3905	122616.651859096962	118
1	3907	122741.253151922215	117
1	3915	123036.930095833623	116
1	3927	123272.700708969015	117
1	3941	123618.287803445489	118
1	3953	124069.972630766453	119
1	3962	124224.210487143326	120
1	3964	124266.193212699805	119
1	3969	124568.381390153327	118
1	3978	124706.498220620888	119
1	3981	124855.684650668123	120
1	3988	124987.768517358473	121
1	3994	125107.169456736606	122
1	4001	125323.670460147304	123
1	4004	125379.535161143147	124
1	4007	125444.443987905828	125
1	4009	125459.371340927565	124
1	4017	125707.917125318859	123
1	4031	126063.478787143106	124
1	4033	126069.779629372889	123
1	4049	126834.85928731184	124
1	4051	127174.718732834522	123
1	4057	127425.198722240154	124
1	4060	127439.443843720065	125
1	4062	127526.665000944296	124
1	4078	128058.076577299003	123
1	4103	128707.968213919881	124
1	4105	128860.289348671873	123
1	4110	129041.523318226347	122
1	4116	129062.993127442331	123
1	4119	129270.225992374173	124
1	4122	129323.933205614425	125
1	4125	129475.713449493579	126
1	4135	129555.832310114427	127
1	4157	129979.658151333485	128
1	4159	130129.128570128893	127
1	4169	130386.286127948542	128
1	4177	130557.474476844902	127
1	4183	130595.327285406287	128
1	4188	130868.064320758646	127
1	4194	130871.316558807122	128
1	4197	130913.188264119889	129
1	4203	130990.871353943448	130
1	4206	131039.500564311749	131
1	4219	131567.105778624033	130
1	4225	131682.329181787068	131
1	4227	131705.093489029343	130
1	4233	131852.206093047169	131
1	4240	132069.656041638208	132
1	4243	132182.374550075197	133
1	4249	132497.378439782848	132
1	4276	133073.415327445502	131
1	4288	133583.529550452674	132
1	4290	133755.331855770861	131
1	4306	133918.696280365755	132
1	4309	133929.361973542557	133
1	4312	133958.689742604617	134
1	4325	134134.921390597025	135
1	4328	134318.259567197279	136
1	4334	134495.684801137768	137
1	4336	134574.235833883946	136
1	4342	134611.322711037197	137
1	4344	134688.005420463989	136
1	4360	135119.813449588878	137
1	4363	135198.332394261028	138
1	4366	135368.291040472277	139
1	4373	135449.046541651381	140
1	4376	135465.587765625843	141
1	4382	135744.393566915091	142
1	4384	135858.454821296697	141
1	4390	135861.314795954115	142
1	4393	135967.971658767873	143
1	4398	136323.261175379987	142
1	4414	136747.686273763617	141
1	4429	137366.169413552349	140
1	4435	137641.740256960197	141
1	4440	137756.607568311404	140
1	4450	137997.161434918826	141
1	4453	138083.433201805485	142
1	4462	138349.475870471943	143
1	4471	138753.798050722938	142
1	4476	138827.66102321512	141
1	4485	139108.774065314552	142
1	4492	139292.299690409265	143
1	4499	139326.474320203368	144
1	4504	139525.043746615489	143
1	4512	139661.946973000553	142
1	4528	140166.50144978858	143
1	4533	140367.6080738482	142
1	4543	140449.003984675479	143
1	4546	140471.904772741411	144
1	4549	140483.423815317395	145
1	4552	140508.067001887025	146
1	4554	140580.015621511926	145
1	4560	140597.514367869371	146
1	4569	141116.193112368515	147
1	4579	141468.851708491062	146
1	4588	141989.768051375535	145
1	4594	142143.044295378421	146
1	4596	142212.120138547112	145
1	4602	142250.842563322655	146
1	4631	143106.796171998208	147
1	4634	143234.202668927255	148
1	4636	143262.235095390019	147
1	4648	143471.584828544402	148
1	4650	143475.34670512258	147
1	4656	143579.665466827611	148
1	4663	143697.882898050385	149
1	4670	143757.576637642648	150
1	4676	143885.813966318287	151
1	4681	144082.05952427416	150
1	4687	144100.293302137542	151
1	4702	144587.216908918529	152
1	4707	144861.51930909687	151
1	4716	144978.736351562773	152
1	4726	145109.835797944544	153
1	4729	145268.381546869435	154
1	4732	145269.479095269362	155
1	4737	145332.670276407813	154
1	4749	145551.526347073238	155
1	4759	145814.461333429885	156
1	4762	145825.76169382206	157
1	4764	145878.66684228265	156
1	4774	146016.399917843512	157
1	4777	146099.38777687314	158
1	4784	146273.937202955816	159
1	4786	146481.151434770686	158
1	4791	146569.469320867871	157
1	4800	146693.725869599718	158
1	4803	146706.915641832678	159
1	4820	147627.401058950864	160
1	4823	147636.898967346505	161
1	4825	147766.66334880582	160
1	4830	147850.996421231789	159
1	4846	148661.633873488308	160
1	4858	149094.033636945201	159
1	4864	149161.290609663322	160
1	4866	149183.061659001475	159
1	4875	149273.415457129179	160
1	4878	149447.410964974941	161
1	4892	149955.611139351347	162
1	4898	150126.446656743739	163
1	4903	150365.667547277076	162
1	4909	150476.018861291747	163
1	4912	150482.851570736456	164
1	4914	150841.745822346499	163
1	4927	151543.295405312171	162
1	4935	151554.934141850932	161
1	4941	151739.906453946679	162
1	4972	152860.427170480503	161
1	4977	152937.093433999186	160
1	4983	152937.721549983012	161
1	4986	153116.715093319582	162
1	4989	153307.945034236981	163
1	4999	153533.524856624095	162
1	5005	153579.827423943072	163
1	5008	153585.459583142373	164
1	5011	153619.844773209338	165
1	5014	153763.058786895825	166
1	5024	153943.674184752296	167
1	5029	154044.986026678895	166
1	5034	154289.619184975414	165
1	5054	155184.505514070661	166
1	5057	155412.456597134863	167
1	5059	155696.245923564499	166
1	5064	155725.652854871838	165
1	5073	156026.990294911519	166
1	5079	156073.178827581546	167
1	5085	156347.637367143443	168
1	5095	156778.088044925495	167
1	5101	156854.787477196635	168
1	5103	156914.047772987475	167
1	5126	157891.153751619441	168
1	5129	158088.868781128351	169
1	5132	158134.92994069521	170
1	5134	158331.640054966225	169
1	5139	158348.306848305007	168
1	5145	158588.443765102726	169
1	5155	159133.994958252376	168
1	5169	159761.666142028658	167
1	5175	159914.165608611004	168
1	5181	160120.526137185013	167
1	5191	160561.863988017296	168
1	5198	160649.83678214219	169
1	5200	160732.970596822812	168
1	5211	161364.622573918393	167
1	5217	161376.342601770632	168
1	5227	161792.680972973718	167
1	5240	162498.039396233578	168
1	5245	162834.739270574143	167
1	5259	163253.393466715603	166
1	5265	163276.432351185387	167
1	5267	163482.629717915049	166
1	5276	163521.075850450244	167
1	5279	163562.978098003528	168
1	5289	164132.034760118364	167
1	5295	164138.658813236194	168
1	5297	164196.694178181431	167
1	5303	164244.00027451188	168
1	5330	164989.602530730085	169
1	5332	165079.080794640719	168
1	5338	165257.066726571855	169
1	5341	165398.048041124574	170
1	5350	165690.42029541052	169
1	5356	165835.240493950076	170
1	5358	165877.31061311522	169
1	5364	165992.669136424849	170
1	5367	166055.574429153318	171
1	5384	166491.910750501324	172
1	5393	166851.602359594772	173
1	5395	166890.987862433037	172
1	5403	167437.681380678802	171
1	5413	167597.746692223436	172
1	5416	167600.780939584627	173
1	5418	167728.130113427257	172
1	5441	168469.053943010935	173
1	5444	168550.788698505029	174
1	5446	168572.237477768874	173
1	5452	168619.320617373905	174
1	5457	168701.387786735683	173
1	5480	169378.959438961222	174
1	5488	169749.45180065996	173
1	5493	169779.085700857356	172
1	5499	169854.913274952803	173
1	5512	170253.24213546205	174
1	5519	170430.358435530175	175
1	5525	170593.477978109826	176
1	5528	170624.335601901088	177
1	5530	170652.156982478589	176
1	5536	170669.677719420811	177
1	5542	170854.671986361151	178
1	5554	171354.649570100671	177
1	5560	171412.193530042328	178
1	5562	171480.422722325564	177
1	5568	171540.279445302312	178
1	5584	172139.468545352752	179
1	5586	172160.831542937747	178
1	5599	172257.859883168887	179
1	5605	172457.456682333822	180
1	5608	172529.219764919307	181
1	5613	172771.184158158392	180
1	5623	172778.209047197632	181
1	5629	173185.49462840497	182
1	5632	173264.54487773877	183
1	5638	173309.451600438143	184
1	5644	173491.454726448945	183
1	5653	174082.029640654762	184
1	5660	174178.264737261737	185
1	5665	174366.538768607095	184
1	5671	174386.275043541697	185
1	5674	174419.26497846622	186
1	5686	174932.002558120477	187
1	5688	174966.827416774548	186
1	5711	175388.825063838085	187
1	5713	175427.16179822655	186
1	5719	175563.624212658435	187
1	5722	175629.619782020912	188
1	5725	175807.573961358953	189
1	5735	176201.422541509959	190
1	5738	176426.814634168295	191
1	5741	176452.46235573654	192
1	5746	176520.921590943552	191
1	5751	176579.634475494638	190
1	5771	177345.463560869269	191
1	5773	177807.565858150564	190
1	5779	178011.711966039285	191
1	5786	178078.598607787697	192
1	5788	178096.965941703782	191
1	5806	179351.361664320074	190
1	5812	179492.23709168403	191
1	5817	179775.186771611587	190
1	5823	179783.973848964622	191
1	5836	180157.445226580578	192
1	5849	180671.582586172514	193
1	5855	180730.473707626481	194
1	5858	180771.025507004631	195
1	5860	180811.794925518997	194
1	5866	181154.985301131282	195
1	5871	181229.772792347611	194
1	5876	181420.239665974595	193
1	5882	181424.587950461152	194
1	5899	182091.14928575677	195
1	5905	182256.284633642726	194
1	5911	182474.695697948	195
1	5913	182578.972482924254	194
1	5922	182657.648022861768	195
1	5928	182834.738309341573	196
1	5930	182873.679175936349	195
1	5944	183626.438914907442	196
1	5953	184165.140795634033	195
1	5959	184198.80880871773	196
1	5961	184360.00123153507	195
1	5970	184641.640442718664	196
1	5976	184832.118298719542	195
1	5982	184887.667778508892	196
1	5988	185179.571907148429	195
1	6013	186137.653212054538	194
1	6018	186188.947151220136	193
1	6040	186985.517443465906	192
1	6046	187002.571193540506	193
1	6059	187286.934697186654	194
1	6065	187328.572466292819	195
1	6068	187343.058942640261	196
1	6073	187460.370712914237	195
1	6079	187519.335895512465	196
1	6082	187537.062833117522	197
1	6085	187551.5928657067	198
1	6088	187554.168301856109	199
1	6091	187631.319839953792	200
1	6096	188077.053800179529	199
1	6101	188097.569951648557	198
1	6114	188530.59572535755	199
1	6124	188689.359094295762	200
1	6127	188711.899036049893	201
1	6136	189111.209741840803	200
1	6142	189164.003285347304	201
1	6145	189203.726161717741	202
1	6148	189331.428900008494	203
1	6157	189527.03537973659	202
1	6173	190059.349149590499	203
1	6175	190108.58597661435	202
1	6181	190531.8742305755	203
1	6193	190925.142063136118	202
1	6201	191134.455222702318	201
1	6207	191139.590009899862	202
1	6220	191754.610194369125	201
1	6225	191829.758120831766	200
1	6231	191980.579204676115	201
1	6237	192041.33964467276	202
1	6247	192422.77957828451	203
1	6250	192437.020826152646	204
1	6253	192530.016606559797	205
1	6262	192844.478799869212	204
1	6270	192938.883135664009	203
1	6276	193153.355366478861	204
1	6282	193359.691610104285	205
1	6296	193710.882956645922	206
1	6298	193971.960109473112	205
1	6316	194236.163764158927	204
1	6325	194460.480750690677	205
1	6334	194619.551794412982	206
1	6337	194732.3001495873	207
1	6343	194826.808985859486	208
1	6346	195029.405387505718	209
1	6351	195097.762261015269	208
1	6360	195132.724709409021	207
1	6366	195356.252826630069	208
1	6369	195381.8258398896	209
1	6379	195453.597892510917	210
1	6386	195506.738702168043	211
1	6397	195976.710522930044	210
1	6403	196258.860705375882	211
1	6406	196296.843303168857	212
1	6416	196494.749302310846	213
1	6419	196615.584480604393	214
1	6421	196654.109583777108	213
1	6436	197171.724525916503	214
1	6438	197302.672781460825	213
1	6443	197380.611186903634	212
1	6449	197408.169369979969	213
1	6456	197535.809008094048	214
1	6463	197665.741090417187	215
1	6469	197947.17489775354	214
1	6485	198472.383165385026	215
1	6487	198522.481921828085	214
1	6493	198586.903394772678	215
1	6499	198960.626197764138	216
1	6508	199214.710133374575	215
1	6516	199644.99929260529	214
1	6522	199774.804411013405	215
1	6532	200015.441916316912	216
1	6544	200472.865311243478	215
1	6550	200540.336229716226	216
1	6553	200662.336348227224	217
1	6558	200717.337933090249	216
1	6573	201107.631912468768	217
1	6580	201289.876605461892	218
1	6583	201345.615384963639	219
1	6585	201346.77655207991	218
1	6595	201552.16352340705	219
1	6598	201621.288832099915	220
1	6603	201672.872135230247	219
1	6609	201690.92229448759	220
1	6615	201972.282566066849	221
1	6618	202042.587449543721	222
1	6634	202937.318514120498	221
1	6639	203023.075087816362	220
1	6661	203737.12060445567	221
1	6664	203757.449118663426	222
1	6671	203788.88387352111	223
1	6674	204072.445530008078	224
1	6679	204151.921757627943	223
1	6685	204176.462246367897	224
1	6687	204256.448827228417	223
1	6710	204886.579696683686	224
1	6716	205169.238562567508	225
1	6725	205237.429467886038	226
1	6731	205415.590897431187	227
1	6733	205502.595705968236	226
1	6738	205512.341225157225	225
1	6747	205577.966668179296	226
1	6750	205763.310489022688	227
1	6757	206000.107447725297	228
1	6760	206188.591672645572	229
1	6776	206348.581269504332	230
1	6778	206504.668802191237	229
1	6784	206675.175181157355	230
1	6786	206980.654852502888	229
1	6796	207250.815191291693	230
1	6799	207423.132117225053	231
1	6805	207559.374651996061	232
1	6820	207873.125616256988	231
1	6826	208014.193779761264	232
1	6828	208089.218625892619	231
1	6838	208710.512459796127	232
1	6844	208747.642430151547	231
1	6849	208892.296722755677	230
1	6855	208942.950973600089	231
1	6858	208989.749010394175	232
1	6874	209471.403233418907	231
1	6886	209903.299766471414	232
1	6889	209964.654065847009	233
1	6891	209981.310010525308	232
1	6905	210326.999298519532	233
1	6907	210534.330079248841	232
1	6913	210938.308491567551	233
1	6915	211227.778140288688	232
1	6924	211857.095045746215	231
1	6933	212202.450348120849	230
1	6946	213034.601554489606	229
1	6964	213716.657318603914	228
1	6979	214320.754783554669	227
1	6985	214332.564290969387	228
1	6991	214642.793335049325	227
1	7000	215075.849807478869	228
1	7003	215183.215799044901	229
1	7005	215287.057687575664	228
1	7011	215327.037682200929	229
1	7014	215358.987741643363	230
1	7017	215445.722406758495	231
1	7019	215533.550329684192	230
1	7035	216220.77862740561	229
1	7054	216985.045314164227	230
1	7060	217001.211708989838	229
1	7073	217328.192282145146	230
1	7076	217487.567288048786	231
1	7078	217686.235168055544	230
1	7084	217744.294128097687	231
1	7086	217859.175121673119	230
1	7095	218051.086451665643	231
1	7110	218492.033641665155	230
1	7122	218664.708561013189	229
1	7128	218733.148231893936	230
1	7135	219085.239627371192	231
1	7138	219135.36386419161	232
1	7144	219300.558227506203	231
1	7150	219491.670587737176	232
1	7153	219593.652164680199	233
1	7165	219881.502285013819	232
1	7171	220192.969487620649	233
1	7177	220648.433022099459	232
1	7182	220936.676903209386	231
1	7188	221230.540880213829	232
1	7200	221731.790183317585	231
1	7209	221923.719158396968	230
1	7215	222174.77442928006	231
1	7221	222404.417472445144	230
1	7230	222829.940506136888	229
1	7236	222833.811545327364	230
1	7248	223581.959775351657	229
1	7264	223851.807031838932	230
1	7267	223972.862735253601	231
1	7270	224056.961316922043	232
1	7272	224102.122306275093	231
1	7291	225102.465811195521	230
1	7297	225158.774926935162	231
1	7300	225170.058257184881	232
1	7309	225440.148250377649	231
1	7318	225789.279324160202	232
1	7328	226171.353499264564	233
1	7334	226438.408910220455	234
1	7345	226683.17715239778	233
1	7360	227091.505147843534	232
1	7372	227283.521579899712	233
1	7375	227314.475841182989	234
1	7377	227318.433236061333	233
1	7386	227399.859614715596	234
1	7389	227437.497422863325	235
1	7395	227531.686834372641	236
1	7408	227648.501925004365	237
1	7415	227908.445781581828	238
1	7418	227943.732882800032	239
1	7421	227943.891007852417	240
1	7424	227973.126271418714	241
1	7426	228004.827207672322	240
1	7432	228027.478382755665	241
1	7448	228807.783508118842	242
1	7451	228869.078918349443	243
1	7453	228910.767675070936	242
1	7461	228975.576911634503	241
1	7473	229368.821822434163	242
1	7480	229442.607271718434	243
1	7482	229519.868021505797	242
1	7488	229534.005672313898	243
1	7490	229594.694785960687	242
1	7511	230374.611369328555	243
1	7517	230529.502379240901	244
1	7526	230817.04995544672	245
1	7529	230888.185157696151	246
1	7531	230920.444601486349	245
1	7537	231038.270013510252	246
1	7539	231070.561009618191	245
1	7545	231153.600190983108	246
1	7548	231235.907460787604	247
1	7553	231742.4211081776	246
1	7569	231842.906643423164	245
1	7584	232578.638468311081	244
1	7603	232813.818467789135	245
1	7610	233145.290076978811	246
1	7612	233232.162297815753	245
1	7618	233336.977676800721	246
1	7621	233372.514452115587	247
1	7623	233522.838003235782	246
1	7629	233523.199887492804	247
1	7645	233840.842253773023	248
1	7648	234231.463070968133	249
1	7655	234529.088526423125	250
1	7664	234772.565282299335	251
1	7670	234818.736688443376	252
1	7672	234832.242923743005	251
1	7677	234883.908187337888	250
1	7683	235060.665739460738	251
1	7696	235471.835617143613	252
1	7711	235930.790417167095	251
1	7723	236179.688015702833	252
1	7725	236256.5200832774	251
1	7731	236303.990096241949	252
1	7734	236326.256107225529	253
1	7737	236418.660269991985	254
1	7743	236433.627605864196	255
1	7755	236673.369376259593	254
1	7761	236795.362329057585	255
1	7764	236845.636452356813	256
1	7773	237066.118080260916	257
1	7775	237076.310658623378	256
1	7788	237513.592611598519	255
1	7798	237594.296178194696	256
1	7801	237718.632737938625	257
1	7810	237802.814645767921	258
1	7813	237824.959750140674	259
1	7825	238058.080048608507	258
1	7831	238062.684401713202	259
1	7837	238223.393706838554	260
1	7849	238348.324362951159	261
1	7852	238514.854555494844	262
1	7855	238557.392523230365	263
1	7864	238830.923534040952	264
1	7866	238937.744410969985	263
1	7876	239034.577340140372	264
1	7882	239271.601226824013	265
1	7884	239303.267387944187	264
1	7890	239413.514975215343	265
1	7893	239423.671759135635	266
1	7900	239974.273542318432	267
1	7902	240043.050003574143	266
1	7915	240287.993521780378	267
1	7920	240455.15320853397	266
1	7936	241223.788077076915	267
1	7938	241236.064954903821	266
1	7947	241272.87820927779	267
1	7959	241803.084010650141	266
1	7968	241885.937450246279	267
1	7974	242074.061354503952	268
1	7981	242243.967419409419	269
1	7983	242372.045239481057	268
1	7996	242751.071413548228	269
1	8003	242853.855379810983	270
1	8006	242989.0288366929	271
1	8011	243195.449634111224	270
1	8017	243365.505234935521	271
1	8023	243793.974135014143	272
1	8026	243839.567450916943	273
1	8034	243961.057354659687	272
1	8040	244015.219616858109	273
1	8050	244599.586138879115	274
1	8052	244615.947572291566	273
1	8058	244634.581863358741	274
1	8078	245034.497967621126	275
1	8081	245038.882841518735	276
1	8089	245420.370105692099	275
1	8094	245466.063573323859	274
1	8100	245484.663190195587	275
1	8106	246062.620420547823	276
1	8109	246067.140173374777	277
1	8112	246128.834785529409	278
1	8129	246291.668378763535	279
1	8131	246716.850595698606	278
1	8139	246998.269315120502	277
1	8145	247208.261922113236	278
1	8159	247755.37576601402	279
1	8162	247780.631696370107	280
1	8164	247782.613453102212	279
1	8176	248330.000479915699	280
1	8182	248458.751027323975	279
1	8194	248576.695614731057	280
1	8201	248925.490618418921	281
1	8203	249052.326088148083	280
1	8225	249678.921214185668	281
1	8228	249792.525606979513	282
1	8233	250084.146600105538	281
1	8239	250112.249090023738	282
1	8242	250193.088602352896	283
1	8247	250495.874332805078	282
1	8260	250886.588997869554	283
1	8263	250896.963048398342	284
1	8272	251179.957872275933	283
1	8278	251301.995434862301	284
1	8281	251652.565025597591	285
1	8289	251954.463450415905	284
1	8298	252217.263333742245	283
1	8304	252249.778705203536	284
1	8307	252294.521831681054	285
1	8313	252600.084518900086	286
1	8316	252669.342637640274	287
1	8321	252847.268097317516	286
1	8331	253014.193689373583	287
1	8333	253018.822864667426	286
1	8356	253587.316679117008	285
1	8365	253802.484003451875	286
1	8367	253975.687992480497	285
1	8377	254238.04290113169	286
1	8379	254582.113813767879	285
1	8385	254635.180685242697	286
1	8396	254995.370200776716	287
1	8398	255247.342283661391	286
1	8406	255556.74206691861	285
1	8412	255924.197626985213	286
1	8414	255978.570814226668	285
1	8433	256622.399344528763	284
1	8438	256627.804345209997	283
1	8447	256759.57806848501	284
1	8454	256920.112473105179	285
1	8464	257283.504745411601	284
1	8469	257499.935784238128	283
1	8475	257647.465433071237	284
1	8492	258264.886754239039	285
1	8494	258741.326305578377	284
1	8506	259072.244893052353	283
1	8512	259137.197025938902	284
1	8515	259377.160884475306	285
1	8530	260214.151239656758	284
1	8535	260422.633646280243	283
1	8550	260715.076685333819	284
1	8557	260900.017293202168	285
1	8570	261211.951774885711	286
1	8572	261260.518845441666	285
1	8578	261442.250601500524	286
1	8581	261459.070351129891	287
1	8584	261639.881482861044	288
1	8587	261724.606363100491	289
1	8596	261987.873877473845	288
1	8605	262416.240040923782	289
1	8608	262472.020845680284	290
1	8610	262693.699672735211	289
1	8629	263612.435901668592	288
1	8635	263653.19573147823	289
1	8637	263653.355542552572	288
1	8643	263741.292585715704	289
1	8659	264356.492738985195	288
1	8670	264542.383902679112	287
1	8679	264697.200120807386	288
1	8682	264767.802209613825	289
1	8689	264853.600827825744	290
1	8692	264915.437178732106	291
1	8695	264973.607307438569	292
1	8702	265343.887625379447	293
1	8704	265603.275570069178	292
1	8712	265799.032995124262	291
1	8725	266488.758802490003	292
1	8734	266740.521988273513	291
1	8743	266993.58417187239	292
1	8749	267037.944622543379	291
1	8755	267266.725102073178	292
1	8764	267555.73039625856	291
1	8773	267878.708246202551	292
1	8776	268024.439470669246	293
1	8778	268146.634832854121	292
1	8797	268607.295190643508	293
1	8799	268880.116763991042	292
1	8809	269088.447308192961	293
1	8814	269189.202143299309	292
1	8824	269450.528337083097	293
1	8826	269685.99281613782	292
1	8839	270027.990156359016	293
1	8848	270246.138162331071	294
1	8850	270321.542526577515	293
1	8869	270843.047412440347	294
1	8874	270936.978813922703	293
1	8886	271114.175970508633	292
1	8895	271231.805590091191	293
1	8902	271463.897733945643	294
1	8908	271559.04040909384	295
1	8914	271700.071451981291	294
1	8926	271829.816281510179	295
1	8929	271838.984316447235	296
1	8938	271898.692119773783	297
1	8944	272237.767471722751	298
1	8947	272254.268695296357	299
1	8957	272574.268496843431	300
1	8965	272709.564782391218	299
1	8974	272781.022933102522	300
1	8977	272815.440990318404	301
1	8979	272881.041365294456	300
1	8985	272928.307227449728	301
1	8988	272989.778792940206	302
1	9005	273398.250790180189	303
1	9008	273744.093640541968	304
1	9014	273779.430798557012	305
1	9017	273834.575060432368	306
1	9022	274150.552526201037	305
1	9027	274202.517816331908	304
1	9033	274296.036883995849	305
1	9036	274321.967418991697	306
1	9039	274404.909211781127	307
1	9046	274585.51499881997	308
1	9061	275249.640049208802	307
1	9067	275300.55510435631	308
1	9069	275377.631058786735	307
1	9079	275584.551188853061	308
1	9090	276066.846085415137	307
1	9099	276172.680329617168	308
1	9102	276201.684483772697	309
1	9111	276554.483920150176	308
1	9121	276838.349973097685	309
1	9124	277147.382867883801	310
2	0	0	0
3	52	3052.548734686232	1963.7521630805
3	62	3494.131029649358	2420.0544386264
3	83	4290.358554442308	3385.0834147208
3	107	4789.141533161234	3872.021925203
3	122	5710.015434185869	4027.0308371722
3	143	6435.361229982879	3961.0737036302
3	163	7334.12811218826	4435.4003862857
3	229	8631.534260763682	4531.3070321848
3	269	9839.256643970392	4565.1965032378
3	299	10740.150071010645	6179.8661323071
3	311	11053.379473165504	6274.1298656261
3	326	11669.151842026691	5231.9330419426
3	412	13593.971800991053	5856.453848349
3	425	13931.325913202844	5934.4259755759
3	463	14836.371435840333	7420.5432692014
3	467	14950.800331105373	6887.2616212582
3	490	15738.308835188753	7633.811199506
3	516	16414.271800872589	9057.786416771
3	523	16470.033786400116	8769.3650048111
3	559	17446.304561747889	8349.1070178536
3	566	17545.237340015255	9283.8560688964
3	598	18910.562457694567	9002.8369421726
3	610	19183.014129596483	10746.212841688
3	623	19960.251041409455	9765.7448213916
3	661	20776.984458426666	10436.012598076
3	670	21222.090789918684	10204.909726207
3	718	22701.353569115408	10769.300557992
3	730	23074.090444483516	11160.494078536
3	755	23944.155003401346	11705.751265289
3	784	24472.878471716202	11669.29460708
3	788	24518.52062868951	12534.364894374
3	809	25519.866329618625	12961.301093034
3	824	25931.523098154647	13065.433904564
3	862	26777.093604664041	13985.947135273
3	875	27354.805232147581	14113.75948202
3	896	28018.479794162049	14599.69064578
3	920	28657.840609737567	15858.067096756
3	970	29485.9746004927	15618.006374122
3	986	29748.870004723675	16520.283590305
3	1004	30334.771694057344	16423.910096325
3	1028	31360.036926223792	16838.734705525
3	1055	32112.742538303791	16294.782901623
3	1073	32600.708070062928	16863.292542975
3	1094	33094.907389078944	17299.115977316
3	1159	34856.377839996203	19064.903972628
3	1166	35112.951024138264	18607.349418681
3	1192	36306.785590965955	18767.971494425
3	1215	36908.357645702443	19063.157582041
3	1228	37282.21221119248	19047.720958193
3	1245	37803.541904995872	19126.100703538
3	1258	38317.579980809896	19700.677057195
3	1292	39192.015017793408	18982.82611795
3	1333	40588.043442397101	20270.759020583
3	1340	40867.989381226606	20212.54374854
3	1363	41844.806118785298	21081.380495588
3	1367	42142.625321876912	20653.299276743
3	1387	42997.490025293908	21451.533369313
3	1397	43301.475334549978	20812.686615228
3	1423	43990.932911104418	20347.324018357
3	1432	44096.696653366745	21781.864959304
3	1439	44417.904386819235	21988.152529486
3	1483	45413.547744174212	21881.609925132
3	1511	46338.311193521029	21363.350373641
3	1532	46889.713994451523	22721.675602906
3	1558	47505.763373887822	21291.609127672
3	1570	47801.254965728974	23034.308313838
3	1602	48607.550093513638	22444.179874169
3	1609	48738.146563694706	22080.949970317
3	1660	50363.375439197651	24537.565575987
3	1667	50677.778093880699	24134.025233743
3	1738	52538.179635313233	23678.640892688
3	1751	52711.403284325158	24551.519066462
3	1769	53439.04173750496	25799.540331705
3	1786	54384.489876935915	25637.534856065
3	1798	54622.848561257949	25665.589366062
3	1813	55028.197042216272	25772.883145387
3	1817	55275.541819167217	26980.698128614
3	1845	56305.866783141052	27869.567790389
3	1849	56321.117156577022	26993.085605042
3	1859	57123.444372015899	27724.564649366
3	1879	57780.077538183616	28669.763885103
3	1888	58302.132020584201	28841.058514991
3	1901	58659.499426289355	28593.188393902
3	1927	59873.192870906279	29336.178804158
3	1951	60620.693651354597	29143.988105445
3	1958	60762.98868511886	29300.824529697
3	1987	61933.072662875882	29449.170618183
3	1999	62470.885961978422	30598.998001368
3	2006	62926.825269480131	31018.965896025
3	2029	63660.987437526421	31399.850284397
3	2036	63754.013036648638	30745.813271784
3	2068	64859.195229076507	31938.495567839
3	2077	65047.589329975553	31993.192428908
3	2125	66556.590966685401	31285.120969212
3	2143	66883.699412505039	32674.259323743
3	2147	67086.759931585478	30874.664586924
3	2188	68997.90565983458	32099.160446117
3	2195	69707.736905199201	32887.607139654
3	2227	70345.818611058303	32306.020510729
3	2257	71418.137049396419	32696.369701164
3	2264	71717.463181159185	32674.448587214
3	2299	73036.247608466902	34232.12984255
3	2303	73106.93782335213	33024.777792838
3	2326	74175.139961094321	34052.90338662
3	2338	74627.843835391932	35133.702136489
3	2383	75903.782025250503	34207.20297574
3	2390	76155.815743264469	33040.169360952
3	2417	76756.768963570603	33484.77447817
3	2468	78034.925618647494	34398.415576152
3	2488	78904.143733690219	34158.897007691
3	2501	79317.593822545269	34464.127822595
3	2542	80415.931881368988	35685.922610247
3	2569	81744.482872505569	37132.37326813
3	2587	82069.298620718428	35343.953033787
3	2609	82733.016754994827	37751.409654755
3	2647	83521.512705768355	37588.36415902
3	2695	84954.967236314797	38023.436178374
3	2699	85018.025330473397	38392.886628
3	2725	85584.308896968969	37565.548337328
3	2749	86321.830719393405	38460.70840859
3	2761	86455.203325665452	37801.253450744
3	2771	87023.990851669299	38588.266770907
3	2807	87794.785501520046	38918.735528727
3	2848	89216.470649038168	39827.003511175
3	2858	89370.749042081542	39188.835744963
3	2885	90181.744815084048	39877.299712317
3	2900	90790.042538671481	40918.546851862
3	2917	91385.305168638663	40537.86004374
3	2952	92690.538855978184	40841.932342983
3	2968	93238.630022668176	41187.026552327
3	2972	93403.230110565858	41582.429506923
3	3006	94642.315806933576	42032.473008562
3	3021	95342.753080288606	42751.77887226
3	3025	95363.761422094786	42021.67174397
3	3045	96232.376979580807	42738.420520666
3	3058	96848.899973417529	42439.287572581
3	3062	96994.27304371326	40961.286832861
3	3079	97297.697044062156	40369.740631086
3	3095	97945.975110941463	41814.345313595
3	3121	98387.24955625898	39148.327374248
3	3128	98417.413620241814	38902.555072159
3	3154	99218.791221976939	38998.226276418
3	3199	100193.679682250031	40765.705741484
3	3215	100953.290360589239	40391.628037421
3	3238	101733.652706240032	40998.469856983
3	3247	101848.926627012798	41061.021633031
3	3275	102473.225057051245	38599.829701195
3	3296	103120.978734019109	39460.716956022
3	3337	104575.078370301712	41582.324016683
3	3354	104802.566870479741	41076.911690249
3	3364	105220.514575905063	39603.491823093
3	3409	106834.842377417448	41010.003146033
3	3421	106968.426108826779	40974.166801826
3	3451	107705.608437732689	42122.001084852
3	3461	108317.19599531098	42605.273550617
3	3490	108898.770413595147	41261.547320198
3	3500	109150.163192004624	39378.716764702
3	3547	110727.488240721363	40945.129107903
3	3559	111258.269474060002	40759.574961111
3	3563	111441.776018655754	41168.551319974
3	3592	112167.274031453662	41583.502955585
3	3602	112778.640254736606	42359.140600697
3	3622	113481.243947270054	40581.326970403
3	3662	114990.985950819112	42832.436462236
3	3685	115812.774677286584	41174.378568022
3	3692	116234.819629724033	42047.356732634
3	3721	117351.050474886678	42578.775230285
3	3728	117822.286638571609	42687.570657982
3	3753	118826.737673330016	43329.21270369
3	3766	119113.728132928618	43413.637592759
3	3779	119218.906396711904	43341.501870097
3	3826	120742.62817691163	43579.872144216
3	3830	120953.529091114837	44094.184457058
3	3854	121237.014760292031	44298.578414376
3	3902	122473.365749531322	46032.917381002
3	3934	123360.890188609147	45716.545099553
3	3938	123613.582197158326	45979.953070571
3	3998	125202.385646366243	46248.774424972
3	4024	125808.011163045549	46318.52205988
3	4028	125985.871074554239	46953.339751644
3	4046	126697.54760807463	46433.894924192
3	4072	127961.846452505056	46038.256911714
3	4076	128029.236037853072	47192.581593228
3	4088	128337.514513824795	46686.57001311
3	4132	129505.724545485238	47119.38895919
3	4139	129656.750918674012	47853.942291431
3	4166	130384.117807374065	48208.156721078
3	4210	131060.841365904446	48382.768142076
3	4217	131534.560571928238	48311.108769348
3	4237	131945.765947364931	49663.746342381
3	4247	132403.960737251575	50364.022385095
3	4268	132931.588693960299	49783.951775475
3	4300	133911.109137424166	50448.733424875
3	4322	134116.049420163696	50127.048225355
3	4354	134902.223982327347	50196.005936664
3	4370	135436.838268051753	51460.970723611
3	4409	136681.017913614298	51419.685084013
3	4424	137284.861420402964	51891.668327644
3	4447	137835.225484893387	51120.641483299
3	4466	138351.740840199303	52754.868060678
3	4489	139132.151238360172	52754.516162182
3	4496	139324.741339488786	53301.137330742
3	4525	139867.972801747461	52496.975925226
3	4540	140435.35261930981	53230.504516147
3	4573	141166.400495386583	52437.884789807
3	4577	141268.783784332414	53449.067781108
3	4586	141867.274348829602	53602.572193202
3	4615	142530.946516125192	54476.353337438
3	4622	142646.831247527984	54670.783182246
3	4660	143600.647408106265	54754.500061906
3	4667	143754.801789178242	54149.478504103
3	4756	145714.373761546698	55639.561266732
3	4781	146129.687084090796	54724.653129567
3	4814	147331.490750993503	53891.122799592
3	4837	148364.560108567489	54680.336835635
3	4850	148671.803210844015	54879.720552888
3	4882	149509.939846034063	53696.048238368
3	4889	149704.294380043363	54430.663525867
3	4921	151302.680738243176	55300.860288888
3	4993	153383.917976357704	55633.593252785
3	5044	154796.582994592105	56551.238649986
3	5051	155044.763922152011	56637.230922434
3	5089	156455.415391159146	56841.275579295
3	5113	157250.201187609424	57360.146788626
3	5117	157251.662531710132	57117.101758722
3	5149	158646.35527313753	58761.057159063
3	5153	159089.064176279022	59674.506669298
3	5179	159927.092973106271	58759.581616223
3	5188	160500.809183661728	58952.747718459
3	5221	161604.314744631662	59537.57196822
3	5225	161740.583768161675	59630.443160152
3	5237	162360.559843807383	59453.408411655
3	5283	163593.8366118732	60587.415670658
3	5287	163596.962400191366	59999.774557313
3	5317	164848.150998922727	60361.714914034
3	5321	164853.490286880075	61030.129364617
3	5345	165504.614085891186	61198.776729554
3	5374	166229.418941681004	60495.422426644
3	5410	167569.069094351223	61464.092441166
3	5434	168138.782610987043	61673.901789182
3	5438	168367.557281349688	61689.429350572
3	5470	169105.195389651596	62200.391793733
3	5477	169334.228789993292	62004.863691187
3	5509	170226.866896600192	62750.654449604
3	5516	170353.17526522176	62959.220238445
3	5549	171105.753287375808	62485.545759465
3	5578	171879.627936520344	64669.691463685
3	5596	172252.808478773475	63459.525828371
3	5620	172773.483298728905	63987.066364712
3	5704	175050.596984467372	65066.695934913
3	5708	175237.564419303752	64902.965949435
3	5761	176913.062226866103	65310.770631256
3	5765	177018.785060281768	65068.704634364
3	5783	178066.968126679502	66153.972513294
3	5801	178963.849956123993	66434.210012503
3	5833	180068.59517884507	66867.015687987
3	5843	180326.127661998288	65691.623491297
3	5903	182120.747831464649	67078.346926966
3	5937	182996.034408938975	66679.210282535
3	5941	183082.872103071504	66375.537776458
3	5948	183753.918134850182	66279.277802726
3	5974	184788.274513781907	66821.880390694
3	5986	184982.443331359618	66435.358444997
3	6005	185908.570428435423	66707.640110722
3	6031	186492.647421351539	66825.741923032
3	6038	186962.462588055723	67186.80652851
3	6056	187253.706969871091	67509.135739807
3	6108	188182.840599995771	67858.672073645
3	6118	188591.682679141605	67484.944226154
3	6134	189021.327743354159	67928.475903062
3	6152	189384.517049445503	68023.378714041
3	6185	190579.75757577523	69172.382197327
3	6211	191337.170735253858	69217.219640009
3	6257	192538.019820042618	69704.551210601
3	6290	193394.200644931488	70076.281079767
3	6314	194234.652897939923	71193.913342039
3	6358	195124.950472759746	71335.350500153
3	6383	195498.090418075117	71325.241729415
3	6410	196298.134667212981	72270.954631639
3	6453	197450.661146250286	72458.015647701
3	6460	197569.977684487495	73679.783031178
3	6467	197908.999007773318	73237.799406134
3	6482	198311.034245547745	72687.434243149
3	6503	199166.154298606062	73054.899969502
3	6529	200010.14774745414	73663.506807088
3	6539	200199.640760049889	71803.185361822
3	6577	201191.541171093378	73514.556767961
3	6592	201457.290755417863	72813.744993169
3	6626	202342.254400049243	73971.190689961
3	6668	203780.02002710543	75293.696788065
3	6700	204444.400565885672	74758.250285193
3	6707	204615.257161884477	74660.646644832
3	6754	205911.344044404769	75954.317271519
3	6793	207224.333613292048	77561.010632019
3	6812	207742.919375878667	77211.536449872
3	6835	208265.530690831041	77744.588997558
3	6842	208745.465429034749	77761.735637002
3	6872	209374.532731222654	78658.879957909
3	6898	210024.369111983771	77275.197611758
3	6922	211263.788892245586	78732.692465487
3	6940	212574.779020846732	79888.016338808
3	6944	212925.673246607851	79974.540791367
3	6977	214168.11379369415	80650.603672414
3	6989	214581.686220849599	80699.62556444
3	7026	215562.47522174465	81504.440029198
3	7030	215834.164389195764	81772.393957523
3	7042	216240.359258810725	82328.450243632
3	7058	216994.528007349666	82654.018717348
3	7108	218490.921591167074	83655.974257602
3	7120	218616.59724593247	83030.33203607
3	7132	218884.364942080254	82815.467425537
3	7142	219253.847999154326	81966.941918394
3	7157	219813.104957305563	83096.576892506
3	7175	220368.593549719924	83412.365076339
3	7192	221321.836291561746	83600.004409436
3	7207	221745.979550211427	83583.567329138
3	7219	222187.983166464516	84096.960004919
3	7243	223056.824552231206	83698.345430225
3	7261	223757.559990427369	83979.229324901
3	7286	224810.170051875436	85211.089688922
3	7307	225411.102144132106	85087.624917131
3	7358	227017.210785048751	86279.348354804
3	7402	227559.624698917294	86944.26233751
3	7412	227712.758878404944	84847.432699439
3	7442	228418.246315653348	85997.939639028
3	7477	229391.333504441107	86463.929895563
3	7497	229848.439779328851	87487.381036355
3	7508	230263.321020818228	87882.031921502
3	7560	231757.938960539846	87983.256133495
3	7564	231767.493028799915	89182.270801562
3	7579	232296.763685858721	87999.337926437
3	7607	232995.478380509565	88601.165840605
3	7639	233728.586872723622	89349.495218429
3	7652	234319.265262923116	90307.105581599
3	7687	235181.01905974644	90840.084704549
3	7706	235774.73799690671	90797.604542366
3	7753	236663.121910552231	91892.742929749
3	7786	237295.54185557246	91807.512626022
3	7795	237535.118212495844	92534.832047166
3	7823	238050.90993828207	92493.235415789
3	7873	238949.940629760648	93669.999204516
3	7897	239854.765303247345	93141.057541131
3	7930	240643.200668786566	91933.845444142
3	7954	241372.683931580481	93916.860698584
3	7978	242076.803361792962	93630.457062622
3	8000	242779.234683672811	94230.533647918
3	8044	244030.401934283523	95029.0660882
3	8071	244764.590676520865	95072.874330281
3	8075	244975.670658406539	95012.829306626
3	8123	246270.081736148073	94721.110527737
3	8152	247266.511390191241	95242.788397397
3	8156	247512.935049292546	95070.677466012
3	8180	248379.538045824419	95597.329466167
3	8198	248761.425711345597	96110.424061957
3	8216	249444.3883740631	96834.924634833
3	8257	250824.209945500742	98205.447489958
3	8267	250940.325724892988	98483.6962636
3	8296	252046.850640755817	98215.942301121
3	8328	252910.039431295271	98917.425417064
3	8340	253037.968098875805	98047.006117527
3	8344	253315.498830304395	98674.216187853
3	8354	253525.012932951301	97567.902356799
3	8374	253992.201311328187	97963.738560735
3	8389	254638.860225100915	98314.963855941
3	8393	254925.094226161687	97976.605224707
3	8421	256124.170710547741	98608.199716505
3	8425	256177.799144583492	98610.809398059
3	8462	257157.373359977005	97511.550299392
3	8479	257916.737762364473	96893.28116342
3	8486	258248.946994702069	97291.878412828
3	8504	258986.057569394734	95998.041861985
3	8525	259922.441426236852	97838.23356289
3	8554	260881.773397345942	97798.849533385
3	8567	261114.764943645074	97927.742983254
3	8594	261894.534305344251	99301.989607438
3	8650	264134.349380937143	99517.735031158
3	8686	264851.044450431045	99911.0519602
3	8699	265207.60889083214	99588.668939199
3	8722	266358.9390858642	100166.91346317
3	8732	266738.125329577279	100451.07557223
3	8747	267015.372235608202	100334.90771659
3	8759	267449.140894059762	100728.65562829
3	8791	268471.990288003263	100387.95049405
3	8806	268941.235776590853	101087.49447968
3	8821	269209.75289568372	101077.07582968
3	8833	269868.627281795172	102759.93003569
3	8857	270398.486944111734	101587.15213288
3	8881	271047.176345401359	102424.4091795
3	8899	271248.1261660631	102347.67158999
3	8912	271610.8782599968	102306.38831706
3	8951	272287.4035860046	102656.9852594
3	8998	273336.971067647188	103953.25151203
3	9002	273353.111240855334	103446.04716868
3	9043	274479.986886205999	104007.08088519
3	9050	274626.398452595547	104700.51938188
3	9106	276303.347861786112	105386.92551003
4	181	7593.296462018869	4451.6814046336
4	191	7950.760064908023	4357.0067441333
4	242	9035.858647498022	4277.8577307239
4	356	12675.459530922479	6263.1292606832
4	555	17255.525730346049	8606.4002965045
4	674	21277.536203163397	11045.133204266
4	751	23674.535370153097	10973.460785957
4	1132	34034.256878980159	17587.348744372
4	1142	34309.387413264148	18778.520707389
4	1262	38351.483929064951	18966.766849833
4	1304	39582.005136991574	19269.969627497
4	1493	45804.510512753284	21476.100579729
4	1625	49418.162799375788	23343.960268752
4	1685	51139.117624583548	24628.825459689
4	1717	51998.436773839132	24155.732039649
4	1892	58379.692608835832	28634.50973052
4	2089	65403.483729018726	31382.321499383
4	2099	65671.249028091045	31743.572396479
4	2162	67721.723376513356	30766.196748788
4	2179	68677.904462070101	31623.224002679
4	2231	70349.934869753854	32534.867640031
4	2348	75042.139514098602	33724.346886273
4	2449	77643.592118658783	34299.056582321
4	2524	80018.346458106028	35778.027058163
4	2546	80607.759321472334	35107.01682325
4	2660	83701.205512043747	37173.168631126
4	2800	87691.961313645082	39150.913022283
4	2924	91479.290189091943	41190.4389143
4	2956	92873.263696535217	41211.602117007
4	3187	99933.558743056738	40474.046752629
4	3271	102461.830419842981	39845.605672968
4	3368	105232.800679840806	41159.749496746
4	3535	110542.459349232621	41500.290430577
4	3629	113614.868233428232	41020.792279815
4	3646	114432.064262014542	41721.84128737
4	3762	118935.014128750849	42930.996608412
4	3881	121768.86956478535	44277.352791688
4	3985	124922.170305578866	45724.626086329
4	4405	136534.67006051979	51309.556984489
4	4720	144990.059036026438	55285.794565166
4	4771	145888.827896528607	55265.417290183
4	4810	147023.797473535602	55197.298349078
4	4925	151360.912696785023	54647.861177184
4	4945	151921.427019583894	54872.772682209
4	4952	152180.038425522586	54443.069903343
4	4997	153445.805828544213	54974.422967737
4	5021	153885.180133283971	55040.341356256
4	5093	156598.820680492287	57652.171208278
4	5195	160567.171590962177	58451.464772246
4	5307	164267.173804948768	59907.916161381
4	5378	166239.337616023509	61486.342934824
4	5642	173380.245652628035	64408.229391889
4	5657	174132.822346902184	63953.498040784
4	5732	176138.950863975003	65635.799670113
4	5889	181700.182948727824	66784.152832974
4	5893	181830.276403949328	66180.894945856
4	5998	185760.640177699642	66560.273342266
4	6170	189785.065746131259	69437.76296198
4	6215	191445.256550601416	70238.668009742
4	6244	192141.455241433251	69999.177727305
4	6286	193380.219264087173	70274.151475683
4	6373	195431.541076163493	71257.41860328
4	6622	202302.145497436368	73991.821247721
4	6658	203419.587433748786	73922.692685362
4	6764	206211.779585183506	76276.80015779
4	6862	209154.788898751981	77862.878855057
4	6902	210274.384893133215	76927.376829767
4	6931	211863.797853385009	78826.89268707
4	6956	213616.860351349139	80780.856229391
4	7070	217243.499087114731	82231.218998607
4	7228	222637.530163471325	84127.13195602
4	7282	224517.072387207969	85539.493807737
4	7322	225988.934792495245	86304.476396609
4	7501	229856.655673348082	86447.860640733
4	7591	232659.6722307156	89356.650181551
4	7782	237192.689071251925	91735.760487725
4	7909	240202.393483231689	93605.464069721
4	7993	242740.337786377145	93554.412468626
4	8119	246228.779005446385	95992.341801441
4	8451	256794.507853259247	97181.366939128
4	8458	257157.367906366389	97628.497379815
4	8617	262912.179217432364	99395.482178665
4	8627	263396.994901533153	99106.108331542
4	8654	264160.628131945532	99213.524351798
4	9076	275531.466002688658	104733.64376989
4	9118	276815.957221240652	105702.86875985

