version 2
run Iteration-43-20200521-09:53:18-4620
attr configname Iteration
attr datetime 20200521-09:53:18
attr experiment Iteration
attr inifile omnetpp.ini
attr iterationvars "$i=4, $j=8, $0=15-(4+8)"
attr iterationvarsf i=4,j=8,15-(4+8)-
attr measurement "$i=4, $j=8, $0=15-(4+8)"
attr network Network
attr processid 4620
attr repetition 0
attr replication #0
attr resultdir results
attr runnumber 43
attr seedset 43
itervar i 4
itervar j 8
param **.resourcePool.amount 4
param **.resourcePool1.amount 8
param **.resourcePool2.amount 15-(4+8)
param **.source.interArrivalTime exponential(6min)
param **.delay.delay uniform(4min,28min)
param **.delay1.delay uniform(10min,28min)
param **.delay2.delay uniform(4min,16min)
param **.allocate.resourceModuleName "\"Network.resourcePool\""
param **.allocate1.resourceModuleName "\"Network.resourcePool1\""
param **.allocate2.resourceModuleName "\"Network.resourcePool2\""
param **.deallocate.resourceModuleName "\"Network.resourcePool\""
param **.deallocate1.resourceModuleName "\"Network.resourcePool1\""
param **.deallocate2.resourceModuleName "\"Network.resourcePool2\""
param **.router.randomGateIndex "uniform(0, 1) > 0.2 ? 0 : 1"

vector 0 Network.allocate queueLength:vector ETV
attr interpolationmode sample-hold
attr title "queue length, vector"
vector 1 Network.allocate1 queueLength:vector ETV
attr interpolationmode sample-hold
attr title "queue length, vector"
vector 2 Network.allocate2 queueLength:vector ETV
attr interpolationmode sample-hold
attr title "queue length, vector"
vector 3 Network.sinkStat lifeTime:vector ETV
attr interpolationmode none
attr title "lifetime of arrived jobs, vector"
attr unit s
vector 4 Network.sink lifeTime:vector ETV
attr interpolationmode none
attr title "lifetime of arrived jobs, vector"
attr unit s
0	0	0	0
0	14	456.372517268291	1
0	16	723.365718293772	0
0	28	1072.800562723698	1
0	30	1099.4479488417	0
0	53	1475.232968396949	1
0	55	1702.511073916474	2
0	57	1723.595186121081	3
0	63	2075.478403657705	2
0	68	2077.513285525289	1
0	73	2200.523713510321	0
0	192	4575.656744744405	1
0	194	4757.575955766042	2
0	196	4836.866787026787	1
0	210	5074.211476730873	0
0	245	5909.65917311315	1
0	247	6160.364110016836	0
0	252	6266.410536694013	1
0	254	6335.862834516132	0
0	349	8527.725957104626	1
0	366	9099.534120866231	2
0	368	9111.829030688496	1
0	382	9282.804424208154	0
0	391	9483.656123465302	1
0	397	9773.422504084742	0
0	470	11519.814149388972	1
0	476	11718.672835806834	2
0	482	11984.283375001918	3
0	488	12228.185342991303	2
0	501	12669.221600702517	1
0	506	12887.069951313784	0
0	515	12961.562155567874	1
0	517	13038.567253136967	0
0	526	13301.722477728991	1
0	532	13657.03753282312	0
0	578	14936.379451038383	1
0	580	14975.65274672769	2
0	582	15052.920038329675	3
0	588	15138.914327784605	2
0	600	15271.257585184608	1
0	605	15295.401495820357	2
0	612	15321.480676619075	3
0	614	15350.353791935987	2
0	622	15443.288670829661	1
0	632	15591.682481069177	0
0	698	16901.842549573703	1
0	700	16940.586885411352	0
0	720	17314.21795422112	1
0	722	17316.859034773124	2
0	732	17546.113406960667	1
0	737	17640.583367940892	0
0	750	17685.109219831597	1
0	752	17731.437070007888	2
0	762	18012.363424308104	1
0	775	18206.76309870088	0
0	848	19771.458966513843	1
0	850	19797.637038960175	2
0	860	20125.376934286162	1
0	873	20292.665300783614	0
0	882	20334.333092228428	1
0	892	20513.925454268363	0
0	1089	26153.297160657745	1
0	1091	26558.350367818079	0
0	1141	27804.4420002781	1
0	1147	27943.259284172259	0
0	1156	28212.580818086877	1
0	1162	28507.906186931836	0
0	1460	36411.489467536196	1
0	1466	36476.647009756533	2
0	1468	36623.002911529051	1
0	1477	36720.696625125077	0
0	1519	37521.811816593918	1
0	1521	37657.292007890013	0
0	1656	41765.527134523661	1
0	1658	41822.058808697535	0
0	1663	41847.698695905869	1
0	1665	41982.085395415282	0
0	1956	50839.604598642135	1
0	1958	50920.79870103018	2
0	1960	50977.991601830714	1
0	1969	51637.450885624973	0
0	2030	53235.022865821095	1
0	2036	53346.409994099894	2
0	2038	53414.517348668401	1
0	2043	53474.916734942187	2
0	2045	53604.146603425168	1
0	2062	53968.426410482305	0
0	2153	55760.615983790329	1
0	2155	55802.117801165044	2
0	2161	55845.768527149541	1
0	2173	56155.563352437724	2
0	2180	56408.135325999553	1
0	2185	56417.36759709428	2
0	2190	56447.526876123628	3
0	2205	56762.629953750963	2
0	2210	56772.725630375935	3
0	2216	57124.079749286545	2
0	2221	57171.811959068157	3
0	2223	57236.71903281385	2
0	2228	57265.098575785143	1
0	2237	57409.792480282856	0
0	2242	57470.526459098304	1
0	2244	57483.970237364116	0
0	2249	57528.959184588159	1
0	2251	57595.111985153837	0
0	2256	57816.025142471142	1
0	2262	57944.816665845916	2
0	2264	57989.233648117758	3
0	2266	58001.355185376103	2
0	2286	58190.788574919649	3
0	2288	58195.732175585869	2
0	2293	58221.40038485882	3
0	2295	58269.31170899458	2
0	2305	58392.466605364663	1
0	2318	58614.722083383765	2
0	2320	58675.980978885288	1
0	2325	58708.257969905678	0
0	2341	59119.797220828693	1
0	2365	59544.864772187869	2
0	2372	59735.499725283677	1
0	2390	59820.701298155261	0
0	2400	60031.39307878439	1
0	2402	60055.580728671832	0
0	2468	61395.624011984492	1
0	2470	61405.783605517442	0
0	2664	66437.913050654616	1
0	2666	66601.144937875901	0
0	2686	67116.955145967892	1
0	2688	67130.223562956785	2
0	2698	67355.37734735846	1
0	2703	67491.582744062014	2
0	2713	67827.129266890314	1
0	2718	67980.800630361617	0
0	2856	72139.592458304787	1
0	2858	72379.762076390075	0
0	3111	79798.879106985211	1
0	3113	80133.343693653191	2
0	3115	80183.144344096325	1
0	3120	80258.841528167957	0
0	3154	80942.044524680023	1
0	3156	80980.32218659919	0
0	3161	81117.445402799197	1
0	3163	81197.03599807366	0
0	3194	81809.508864212747	1
0	3202	81984.422845693699	2
0	3214	82114.124334045712	3
0	3216	82117.53881233671	4
0	3224	82196.541773831915	3
0	3255	82702.704183650457	2
0	3260	82722.778096009305	3
0	3266	82840.833421550694	4
0	3268	82961.373257903825	3
0	3273	83008.861016659849	2
0	3282	83163.561868410723	1
0	3287	83215.827913027999	2
0	3293	83243.004755085777	1
0	3298	83271.320698364489	0
0	3325	83883.532238549596	1
0	3331	84028.971460889604	0
0	3367	84562.355137669067	1
0	3385	84925.91962122409	0
0	3621	90816.86712317828	1
0	3627	90837.152486522843	0
0	3632	90846.676977677575	1
0	3634	90889.86610816095	2
0	3636	90941.133716513567	1
0	3641	91111.76025944276	2
0	3647	91304.795137302393	3
0	3649	91445.191642656658	4
0	3651	91673.971273128622	3
0	3656	91838.364006099452	2
0	3661	91895.024223847342	1
0	3666	92118.865261685782	0
0	3689	92455.635603561437	1
0	3695	92596.589906573879	2
0	3701	92656.499549151983	3
0	3715	92994.101104091579	2
0	3724	93062.733947024047	3
0	3737	93261.879005122656	2
0	3742	93268.033484940165	1
0	3747	93333.021943611254	0
0	3752	93357.275794798181	1
0	3759	93443.476654120089	2
0	3761	93582.25375918747	1
0	3769	93628.145376932968	0
0	3779	93721.714058414416	1
0	3797	94045.10398396545	0
0	3810	94141.626632899782	1
0	3815	94453.683508548612	0
0	3840	94708.359612260925	1
0	3853	95044.354248841041	0
0	4276	110150.661172238257	1
0	4278	110160.083822712237	0
0	4332	111079.584984502193	1
0	4334	111172.444441229944	0
0	4637	119793.597520358474	1
0	4639	119797.382789721196	0
0	4756	122832.976029051891	1
0	4758	122886.40053394869	0
0	5221	135376.506281513388	1
0	5227	135494.495072811282	2
0	5237	135659.133678014326	1
0	5242	135899.075132176386	2
0	5248	135993.896087985612	1
0	5253	136031.216663633382	2
0	5255	136267.976475662995	1
0	5260	136298.101996364719	0
0	5409	140933.0116151082	1
0	5419	141180.666454398728	0
0	5547	144096.331289270904	1
0	5553	144227.386951413856	0
0	5562	144457.533201706528	1
0	5564	144732.53741022657	0
0	5618	145751.809783055065	1
0	5624	145811.852399743317	2
0	5634	145947.867195424543	1
0	5639	146052.997803125035	2
0	5641	146071.09100435423	1
0	5650	146230.952429094085	0
0	5681	146771.488587753892	1
0	5691	147174.188019086342	2
0	5697	147259.150194594322	3
0	5707	147499.191452315968	2
0	5716	147555.895449855367	1
0	5721	147641.293012430242	0
0	5726	147654.283759950712	1
0	5728	147700.497744486401	0
0	5733	147732.437560700316	1
0	5739	147808.637248440605	0
0	5983	153858.477248981571	1
0	5985	153863.202252512861	0
0	6185	159033.550394290191	1
0	6191	159137.19406032972	0
0	6200	159227.546942861181	1
0	6202	159643.710895888515	0
0	6317	162334.655744023427	1
0	6323	162438.438296139357	2
0	6333	162580.202493873394	3
0	6335	162682.554272885649	2
0	6340	162865.269648247097	1
0	6345	162866.764052031696	2
0	6347	163017.861536219739	3
0	6349	163164.106177705382	4
0	6351	163220.231404021331	3
0	6356	163334.85435012791	2
0	6361	163359.493544089823	1
0	6366	163379.141136570618	0
0	6378	163929.408201573338	1
0	6384	163995.616499796458	0
0	6452	164995.464025739407	1
0	6457	165040.177485633499	2
0	6477	165403.399898840586	1
0	6482	165558.788930900343	0
0	6518	166085.569383552087	1
0	6520	166208.166859947093	0
0	6642	168782.94390047253	1
0	6648	169009.174025675885	2
0	6650	169083.040505330463	1
0	6655	169249.076513608019	0
0	6796	172372.884292240061	1
0	6814	173014.417546561096	0
0	6819	173073.447689450589	1
0	6821	173087.530225453388	0
0	6834	173388.325105519408	1
0	6836	173406.693720508067	0
0	6859	173941.476969929382	1
0	6861	173984.011863049986	2
0	6863	174044.189570715759	1
0	6872	174227.093382737961	2
0	6874	174234.246422026169	1
0	6883	174268.42261370649	0
0	6899	174650.887562415183	1
0	6901	174763.795678822432	0
0	6926	175005.17552585351	1
0	6928	175041.893596760369	2
0	6934	175133.675325775042	1
0	6947	175375.63928178589	2
0	6949	175458.769491698456	1
0	6957	175527.347831544994	2
0	6972	175829.408018199835	1
0	6977	175840.044797141155	0
0	6986	175958.721838498987	1
0	7000	176032.685689437749	2
0	7006	176171.035422023249	1
0	7011	176207.084157560875	2
0	7021	176618.046009104562	1
0	7030	176662.930409427782	0
0	7035	176794.877991667365	1
0	7037	176809.930502997234	0
0	7042	176857.804196924162	1
0	7048	177013.605053333674	0
0	7057	177106.307825040779	1
0	7059	177108.194121794298	0
0	7080	177444.503696797523	1
0	7082	177456.054271724125	0
0	7087	177504.545205317066	1
0	7089	177600.048627542861	2
0	7091	177660.779144860938	3
0	7093	177700.35451971133	2
0	7101	177743.17384089583	3
0	7103	177757.028914483396	4
0	7108	177832.907559800943	3
0	7113	177860.661358099294	2
0	7136	178252.55301803728	1
0	7141	178378.264175220537	2
0	7143	178441.112331328583	3
0	7157	178552.086560854655	4
0	7163	178635.750399327014	3
0	7174	178883.406525181129	2
0	7187	179241.11893301071	1
0	7192	179269.241236580644	0
0	7215	179474.210405667516	1
0	7217	179721.899681989154	0
0	7225	179813.47978829291	1
0	7230	179908.685774200879	2
0	7242	180060.037480184331	1
0	7247	180083.101568696105	2
0	7253	180149.03647011343	1
0	7258	180210.97781733056	0
0	7305	181258.984084977477	1
0	7311	181341.172388507459	2
0	7320	181453.270333636603	1
0	7330	181780.876240825389	0
0	7377	182602.063453005689	1
0	7383	182720.441355783543	0
0	7388	182780.259677885647	1
0	7390	182805.226236788664	0
0	7407	183417.796168958066	1
0	7413	183706.989685583399	0
0	7459	184569.96498837295	1
0	7461	184741.196241172018	0
0	7569	187281.971143043504	1
0	7575	187400.661160355622	0
0	7580	187405.501570131493	1
0	7582	187450.667925995452	2
0	7584	187747.630609366757	3
0	7586	187781.180846350988	4
0	7592	187985.859672382824	3
0	7597	188026.854097141141	2
0	7606	188128.300174119441	3
0	7612	188286.215833692347	2
0	7617	188302.408033928579	1
0	7622	188383.59030835401	2
0	7624	188509.228340231232	1
0	7637	188797.278092012159	0
0	7642	188825.228139754736	1
0	7648	188876.272284775998	2
0	7650	188889.464548385238	1
0	7655	188990.006339720812	2
0	7657	188995.835748953933	1
0	7670	189120.995300992137	0
0	7675	189165.727185655157	1
0	7677	189199.604449125613	2
0	7689	189579.330358102634	3
0	7691	189604.295779030435	4
0	7701	189705.575193113363	5
0	7711	189828.981994862541	6
0	7716	189879.14332658658	5
0	7726	189999.724654263074	4
0	7741	190274.680976599805	3
0	7750	190449.462476594377	4
0	7752	190485.285678676075	3
0	7757	190544.83738914139	4
0	7771	190811.618659405715	3
0	7776	191069.395404139345	4
0	7789	191294.392622529065	3
0	7799	191533.517637668366	2
0	7804	191565.377809314735	1
0	7817	191836.277763463907	0
0	7822	191850.546363416004	1
0	7836	192097.799113571994	0
0	7841	192196.140394698351	1
0	7843	192210.444475550526	2
0	7845	192214.749100229449	1
0	7854	192442.764959775262	0
0	7969	194619.407441564722	1
0	7971	194692.439069278603	0
0	8168	200052.306377222544	1
0	8170	200055.770364517662	0
0	8477	209110.500727374569	1
0	8479	209280.749921946139	0
0	8584	211950.18106461182	1
0	8591	212178.400643991834	2
0	8593	212392.652153697211	3
0	8595	212408.906781737875	4
0	8597	212455.616863834233	3
0	8610	212680.280536025095	4
0	8616	212720.042320635021	5
0	8622	212985.321212719451	4
0	8627	213077.415009195478	3
0	8632	213108.820514117959	4
0	8638	213178.470071945406	3
0	8643	213210.313162985159	4
0	8645	213292.816135160276	5
0	8655	213584.107031227677	4
0	8660	213646.037618688968	5
0	8666	213691.077548861095	6
0	8668	213694.58986138788	5
0	8673	213761.469679556403	6
0	8675	213860.280298778443	5
0	8688	214158.028351832248	4
0	8697	214386.432312700223	3
0	8710	214678.754445375081	4
0	8712	214694.835687958048	5
0	8714	214847.514458039431	4
0	8735	215195.234688828956	3
0	8740	215199.757886061938	2
0	8749	215282.077970970489	1
0	8758	215396.446849420655	2
0	8760	215642.717161068348	1
0	8785	216148.19429952803	0
0	8904	219065.674644560766	1
0	8910	219075.7980810959	0
0	9033	222093.697773864194	1
0	9035	222124.716923954647	0
0	9091	223234.272452313692	1
0	9097	223492.691249021002	2
0	9099	223521.785611432518	3
0	9101	223595.590514496867	2
0	9106	223599.895681923298	3
0	9108	223647.322707260709	2
0	9129	223858.535233842219	1
0	9134	223968.027356820708	2
0	9136	224153.522897521715	1
0	9149	224392.503993879161	0
0	9210	225563.28944073391	1
0	9216	225713.99116067236	2
0	9222	225776.201424075056	1
0	9227	225808.829349191514	0
0	9235	226002.606981913423	1
0	9237	226106.313159673826	0
0	9377	229176.776096931177	1
0	9387	229598.084140186853	0
0	9392	229660.453771606532	1
0	9394	229681.703032464627	0
0	9399	229851.207689577031	1
0	9401	229916.629635022612	0
0	9538	233559.108502137461	1
0	9544	233741.20712387047	2
0	9546	233848.793235232243	1
0	9551	233936.762784778982	2
0	9553	234050.678496831057	1
0	9558	234271.633379930638	2
0	9564	234414.930237023887	3
0	9570	234567.218539090421	2
0	9579	234725.488260167029	3
0	9581	234727.405164477987	4
0	9583	234738.978320403425	3
0	9588	235145.164965116379	2
0	9605	235476.260291111776	1
0	9610	235574.038018068699	0
0	9703	237835.378761159014	1
0	9709	238039.426673108739	0
0	9718	238373.24019652974	1
0	9724	238446.390767905347	0
0	9980	245058.867473902439	1
0	9986	245211.886744297453	0
0	9991	245353.487985032779	1
0	9993	245522.353179473227	0
0	10006	245760.629301789022	1
0	10008	246094.023324425685	0
0	10013	246122.660007322677	1
0	10019	246326.409824247006	0
0	10164	249511.710603396559	1
0	10170	249726.076992403007	0
0	10175	249836.869160822058	1
0	10177	249844.058883372472	0
0	10248	251318.720192143045	1
0	10250	251332.304508404026	2
0	10255	251376.065900690696	3
0	10267	251510.438262229585	4
0	10277	251683.168588127781	3
0	10282	251951.210508995703	2
0	10287	251964.298515311788	1
0	10308	252454.8091256061	0
0	10313	252466.907140623605	1
0	10315	252618.731696601797	0
0	10328	252687.480149472092	1
0	10330	252731.945677626551	2
0	10336	252825.142930722364	3
0	10338	252851.949457592677	2
0	10343	253213.700754211298	1
0	10348	253265.761556509722	0
0	10372	253922.354813700883	1
0	10374	253931.258172411684	2
0	10384	254016.786573106078	3
0	10394	254219.834408409443	2
0	10403	254412.619370581757	3
0	10409	254428.260711348962	2
0	10426	254678.07204253583	1
0	10431	254807.537146387747	2
0	10437	254845.389129982344	1
0	10450	254990.071502473045	0
0	10785	260980.125979246165	1
0	10787	260998.672603015684	2
0	10792	261131.16458334239	1
0	10810	261620.15647254422	2
0	10812	261724.935551076009	1
0	10825	261880.413515508151	0
0	10830	261896.820474248722	1
0	10836	262076.959169546382	0
0	10849	262248.193456288848	1
0	10855	262306.258099559748	0
0	10871	262749.292424912934	1
0	10873	262848.715134798362	0
0	10886	263025.709320445772	1
0	10888	263033.975130931194	2
0	10894	263113.38304367578	3
0	10900	263386.206548396551	2
0	10917	263668.336376338079	1
0	10922	263721.604905801134	0
0	10938	264076.443232381537	1
0	10943	264165.193186627941	0
0	11042	266484.340648871049	1
0	11044	266598.228527985051	2
0	11046	266747.7179409078	1
0	11051	266758.409318871382	2
0	11057	266950.707882627791	3
0	11059	266988.100202404709	2
0	11068	267419.186418045124	3
0	11070	267537.456131569664	4
0	11072	267548.738448621064	3
0	11081	267741.22066895557	2
0	11086	267750.85135010598	3
0	11092	267847.993248578036	2
0	11097	268308.30223510489	1
0	11106	268406.362764156288	0
0	11115	268529.015549711292	1
0	11125	268814.800171108408	2
0	11127	268834.166910798579	1
0	11136	268909.108410633349	2
0	11138	268968.413721237207	1
0	11143	268997.659036689253	0
0	11148	269184.116116869073	1
0	11150	269242.123405135268	2
0	11156	269294.447954249069	3
0	11161	269320.158430782567	4
0	11163	269385.455358349533	3
0	11171	269449.685800533495	4
0	11178	269537.651603430235	5
0	11180	269639.636969735024	6
0	11190	269875.870901779087	5
0	11200	269956.741575254923	4
0	11208	270099.95581403191	5
0	11215	270194.274106585711	4
0	11228	270430.485104795421	3
0	11233	270477.421064143545	4
0	11243	270552.697338484974	3
0	11248	270574.316092298778	4
0	11258	271000.064734584516	3
0	11279	271411.39283668372	2
0	11284	271453.035769992752	3
0	11286	271469.399605789037	2
0	11295	271656.937005955602	1
0	11304	271676.71372991469	2
0	11306	271821.696536180843	3
0	11308	271827.332764823603	4
0	11310	271902.634382457288	3
0	11334	272465.913347349949	4
0	11339	272628.367506108111	3
0	11355	272878.987434305998	2
0	11365	272945.889891238242	1
0	11370	273029.356017213191	0
0	11477	275051.327975197989	1
0	11483	275251.616451629508	0
0	11492	275396.20173419203	1
0	11494	275398.456218649654	0
1	0	0	0
1	2327	58708.257969905678	1
1	2329	58771.944291413817	0
1	3337	84097.192376893179	1
1	3339	84115.174961328949	0
2	0	0	0
2	126	3141.907906886028	1
2	132	3263.670617585751	0
2	179	4334.531530862821	1
2	182	4348.455666716118	2
2	184	4409.801073465334	1
2	201	4893.832747488104	0
2	284	7093.282205207964	1
2	293	7239.079877908493	0
2	302	7489.096694935	1
2	304	7704.822688789258	0
2	364	8938.452469514324	1
2	373	9165.993354365133	0
2	598	15156.324815110813	1
2	607	15308.022156441544	0
2	620	15385.548829528057	1
2	627	15486.67536954326	0
2	684	16789.400791897125	1
2	690	16846.349299703888	0
2	706	17215.042539783917	1
2	708	17235.003067497123	0
2	1387	33926.965349656009	1
2	1389	34083.443106160559	0
2	1551	38238.139268431867	1
2	1553	38443.47038167763	0
2	1571	38816.935133478119	1
2	1573	38917.395946572082	0
2	1713	43529.062098382941	1
2	1716	43534.953147705575	2
2	1726	43594.295856204031	1
2	1735	43751.888237532166	2
2	1737	43795.936144791691	1
2	1745	44060.035735122192	0
2	1793	45237.719688206739	1
2	1795	45284.378458483304	0
2	2013	52890.857417550555	1
2	2021	53157.146642963313	0
2	2129	55412.710189153576	1
2	2131	55574.156653425697	0
2	2140	55625.017841263714	1
2	2145	55718.392979911392	0
2	2171	56021.326112950818	1
2	2175	56346.210551210254	0
2	2188	56429.856514110227	1
2	2192	56499.137861038422	0
2	2284	58091.942787813393	1
2	2300	58369.560603481156	0
2	2311	58484.263071961088	1
2	2313	58531.414015337447	0
2	2331	58771.944291413817	1
2	2333	58783.831845929469	0
2	2339	58841.27151708031	1
2	2343	59130.273724466185	0
2	2349	59233.405162741749	1
2	2351	59264.700256064904	0
2	2357	59436.095195019241	1
2	2360	59445.494307292012	2
2	2363	59535.515925231445	3
2	2367	59557.616138511892	2
2	2378	59759.833487086368	3
2	2380	59796.104822165887	2
2	2385	59820.498413071406	1
2	2395	59920.509419662501	0
2	2420	60394.389813057202	1
2	2423	60562.205231394989	2
2	2425	60565.725429353859	1
2	2430	60667.222342715037	0
2	2544	63115.931317310403	1
2	2547	63148.724528343171	2
2	2553	63242.914658695326	1
2	2559	63285.313851079434	2
2	2565	63591.630646204947	1
2	2570	63686.579627537487	0
2	2778	69655.492295450148	1
2	2780	69756.623352135751	0
2	3197	81896.014136779376	1
2	3200	81904.007310049617	2
2	3204	81999.066436565735	1
2	3209	82013.644913865263	0
2	3219	82170.909099742037	1
2	3222	82191.864436600993	2
2	3230	82315.721475404392	3
2	3232	82335.146024075808	2
2	3237	82408.340874725962	1
2	3243	82577.245826510663	2
2	3245	82578.744576699354	1
2	3250	82668.503977262886	0
2	3349	84254.67045998279	1
2	3351	84285.942478529432	0
2	3395	84977.000241964379	1
2	3401	85099.205893847012	0
2	3407	85244.236587496917	1
2	3409	85352.194665620547	0
2	3704	92738.35710451261	1
2	3706	92889.880754142229	0
2	3735	93221.109767265645	1
2	3754	93425.796742204604	0
2	3767	93602.920417802134	1
2	3774	93709.18874971119	0
2	3813	94447.058511374245	1
2	3821	94458.602199494068	2
2	3823	94475.80066705791	1
2	3828	94654.524745999583	0
2	3843	94723.686394181782	1
2	3845	94855.154923512761	0
2	3851	94857.999145156528	1
2	3862	95129.949112946847	0
2	3915	96413.706052752891	1
2	3917	96539.08726451994	0
2	3929	96759.005647876647	1
2	3931	96819.126323983828	0
2	4311	110793.455344328592	1
2	4313	110810.369777675588	0
2	4319	110863.217257383693	1
2	4325	110897.532069758946	2
2	4327	110928.637541690852	1
2	4347	111326.183773599907	0
2	4397	112300.619395745916	1
2	4399	112367.300889869129	0
2	4698	121403.596859754107	1
2	4704	121555.560234209007	2
2	4710	121676.786338786648	1
2	4719	121693.512685221709	0
2	4725	121991.646702896337	1
2	4727	121998.369995766734	0
2	4803	123882.612957619527	1
2	4809	124023.101664175155	0
2	4818	124071.722260031805	1
2	4826	124376.54208873293	0
2	4836	124416.486052258056	1
2	4838	124510.609738627008	0
2	4901	126464.280303761861	1
2	4911	126691.556777503938	0
2	4926	126822.867343370704	1
2	4928	126853.906551610557	0
2	5002	128950.814014019607	1
2	5004	129110.587309074514	0
2	5130	132673.286733466583	1
2	5133	132727.119440256822	2
2	5135	132735.601216593938	1
2	5140	132876.281739371265	0
2	5309	137366.872486181069	1
2	5312	137396.459109922997	2
2	5314	137453.741127959005	1
2	5324	137587.957494952432	2
2	5327	137614.615904168162	3
2	5330	137625.413779290519	4
2	5332	137635.513560214016	3
2	5337	137975.239430312935	2
2	5342	138023.949192927663	1
2	5354	138195.069258258518	2
2	5356	138218.746026063822	1
2	5361	138299.731815514091	0
2	5745	147833.462719499298	1
2	5747	148008.216341794388	0
2	5796	149096.693799528253	1
2	5801	149248.088749493431	0
2	5807	149258.327122568435	1
2	5809	149371.023125826384	0
2	5830	149634.81468122015	1
2	5832	149708.306466373574	0
2	5838	149726.416112345377	1
2	5840	150039.094804312105	0
2	5846	150074.638568670449	1
2	5848	150200.259529291611	0
2	6036	155132.242399727989	1
2	6038	155206.693653846956	0
2	6413	164502.479909398292	1
2	6416	164511.861528348893	2
2	6418	164573.900445119693	1
2	6427	164646.983918566887	0
2	6433	164647.122236857906	1
2	6436	164691.294125519642	2
2	6444	164912.970752489968	1
2	6455	164998.30993163953	2
2	6460	165106.660309089978	3
2	6462	165144.274589668243	2
2	6467	165244.434788022821	1
2	6472	165324.491421764	0
2	6511	165976.03313858363	1
2	6513	166080.117835421746	0
2	6542	166498.681446933866	1
2	6544	166549.454717902377	0
2	6550	166637.323820717581	1
2	6563	166883.426200278051	2
2	6565	166904.663020615166	1
2	6570	167201.073601471732	0
2	6940	175206.811606220601	1
2	6942	175303.761773394734	0
2	6955	175471.525700571066	1
2	6960	175601.961972491678	2
2	6962	175622.649244328661	1
2	6967	175745.969919759888	0
2	6993	176021.461912311137	1
2	6995	176032.406455084789	0
2	7099	177739.398873133693	1
2	7106	177812.801282947746	2
2	7118	177971.257734749516	1
2	7123	177986.461210617846	0
2	7146	178445.296222084656	1
2	7148	178506.042936429431	0
2	7169	178682.935018755018	1
2	7172	178882.618594192018	2
2	7180	178955.796610092794	3
2	7182	179058.06133954027	2
2	7197	179312.065574165297	1
2	7202	179327.781362237272	0
2	7223	179787.430037578091	1
2	7228	179901.456970147839	2
2	7232	179984.43679704528	1
2	7237	180042.450717633453	0
2	7280	180784.91016587381	1
2	7283	180810.33232263667	2
2	7289	180874.34339949127	1
2	7294	181042.321088055012	0
2	7318	181413.995152117792	1
2	7325	181738.037605054785	0
2	7517	185910.727700635778	1
2	7527	186039.96979997871	0
2	7684	189498.838072533138	1
2	7687	189562.014480006417	2
2	7694	189694.221277270933	3
2	7696	189695.945220623354	2
2	7704	189726.745598309092	3
2	7706	189752.89044596476	2
2	7714	189854.423760712335	3
2	7721	189904.297194585881	2
2	7731	190031.106183208714	1
2	7736	190198.388630387119	0
2	7787	191183.767696295284	1
2	7794	191424.723288614979	0
2	7880	192836.248182036171	1
2	7882	192947.730953680819	0
2	7896	193067.641182590954	1
2	7902	193193.387596538758	0
2	7924	193838.084546292551	1
2	7926	193966.712653195953	0
2	7956	194391.182181943676	1
2	7962	194515.2410254746	2
2	7964	194600.881411402023	1
2	7976	194723.157196392051	0
2	8079	197371.596633825516	1
2	8081	197442.793841751516	0
2	8087	197562.084677659416	1
2	8093	197796.112339336936	0
2	8195	200408.433266291064	1
2	8197	200420.518316931326	0
2	8203	200467.264505833127	1
2	8213	200737.221673835151	0
2	8219	200795.034400933988	1
2	8222	200850.810484336747	2
2	8224	200931.894669377711	1
2	8229	201179.911908799317	0
2	8264	201821.180207833964	1
2	8266	201823.750484635588	0
2	8418	206872.608416081414	1
2	8420	206994.37191395269	0
2	8579	211863.482962587865	1
2	8586	212142.51999227283	0
2	8603	212457.430334489228	1
2	8605	212511.422311941447	0
2	8950	220059.292425245061	1
2	8952	220076.038053903937	0
2	9031	221983.854369131487	1
2	9040	222212.666287826004	0
2	9233	225853.162503718148	1
2	9242	226128.816557601776	0
2	9248	226222.681491453211	1
2	9250	226271.016760147265	0
2	9338	227975.885833532901	1
2	9340	228138.08032463095	0
2	9476	232053.795866658635	1
2	9478	232169.896134602353	0
2	9673	237117.320599625778	1
2	9675	237230.57290611319	0
2	9681	237436.204807065828	1
2	9684	237477.774357758056	2
2	9686	237604.888755825469	1
2	9694	237793.59160298012	0
2	9814	240669.83869576589	1
2	9817	240767.129799128617	2
2	9819	240798.149353920442	1
2	9824	241067.921555808705	0
2	10090	247981.459766960237	1
2	10096	248164.406389420264	0
2	10105	248267.502950092199	1
2	10110	248458.097708055171	0
2	10116	248482.710476171691	1
2	10125	248645.07084210717	0
2	10131	248715.218999064815	1
2	10137	248807.536282231828	0
2	10239	251205.647947995791	1
2	10253	251360.944004695819	2
2	10257	251380.23332671189	1
2	10262	251499.547465886699	0
2	10293	252068.170848588682	1
2	10295	252261.851769023773	0
2	10443	254868.064359003518	1
2	10445	254879.730529552455	0
2	10502	256035.440184281689	1
2	10507	256088.184180358264	0
2	10555	256911.683751798249	1
2	10564	256998.173167352912	0
2	10716	260025.066473919387	1
2	10729	260236.062510567282	2
2	10731	260244.601424743597	1
2	10740	260385.014932348278	0
2	10790	261126.236623305183	1
2	10797	261325.509256782827	0
2	10910	263587.706982554921	1
2	10912	263602.891434090956	0
2	10928	263786.397410348034	1
2	10930	263945.596060860879	0
2	10936	264035.8573889032	1
2	10941	264127.15181362448	2
2	10948	264222.18332234049	1
2	10957	264432.307378086074	0
2	10987	264979.016132014617	1
2	10989	265098.233920684828	0
2	11159	269295.014324428389	1
2	11169	269430.097242067383	2
2	11173	269460.349355186151	1
2	11183	269765.999283077942	2
2	11185	269816.325603407672	1
2	11195	269951.4625514064	0
2	11206	270057.258439713964	1
2	11210	270152.560560368797	0
2	11332	272190.855864821748	1
2	11337	272472.920614966482	2
2	11345	272666.221561436357	3
2	11347	272775.652663242867	2
2	11353	272840.292746450628	3
2	11360	272914.971326671416	2
2	11375	273054.563005226479	1
2	11380	273191.594101470759	0
2	11386	273253.794048187187	1
2	11400	273617.179685149217	0
2	11429	274079.291177030012	1
2	11437	274325.030207750204	0
2	11462	274704.666666361794	1
2	11465	274912.091414551066	2
2	11467	274935.125050232562	1
2	11472	274995.667478312603	0
3	61	1928.450389634655	1637.1676652133
3	92	2547.084269907647	1474.2837071839
3	100	2597.8017159614	2267.4214090593
3	111	2881.288322463954	2492.9206109885
3	135	3263.670617585751	3219.6680733003
3	147	3783.301185645194	2727.0963688195
3	151	3812.48671077353	3356.1141935052
3	159	4042.133341146779	2570.9864725079
3	187	4409.801073465334	2686.2058873443
3	204	4893.832747488104	3480.0795751344
3	208	4897.698865249783	3422.4658968528
3	221	5243.633806686686	3541.1227327702
3	239	5827.498348484569	2989.5715959984
3	261	6336.064903490238	2106.3801953662
3	273	6480.618369641473	2252.7850526199
3	296	7239.079877908493	3120.7674089447
3	307	7704.822688789258	3129.1659440449
3	322	7914.561824320967	3156.9858685549
3	329	8013.339777992679	3501.5896238387
3	341	8213.193312191556	2594.0665736285
3	380	9171.485360242882	3492.3840929009
3	395	9711.661843626911	3445.2513069329
3	404	9847.032302316265	2478.8391824719
3	424	10068.036414652966	4158.3772415398
3	443	10894.448792463665	2968.8902186695
3	486	12055.657888681906	3607.8864705004
3	495	12637.51943591473	3537.9853150485
3	513	12943.659213621727	3460.0030901564
3	543	13794.672136017358	2465.9864361864
3	551	13955.513929206456	3306.5615109075
3	566	14257.4092817479	3180.6691682898
3	610	15308.022156441544	3899.6432637423
3	630	15486.67536954326	3502.3919945413
3	647	15929.999115661955	4211.3262798551
3	651	16063.181499252056	4543.3673498631
3	693	16846.349299703888	1909.9698486655
3	711	17235.003067497123	3933.2805897681
3	726	17435.323570096097	2963.3400542908
3	730	17527.913704972774	3451.9264955074
3	748	17649.172658733983	2353.7711629136
3	769	18045.131348634199	2723.6506720151
3	773	18179.324827034644	3126.404788705
3	790	18719.708864092786	3744.0561173651
3	806	19026.968217805881	2502.7785382234
3	817	19166.528238078639	2264.6856885049
3	854	19961.175734433322	2687.1414888091
3	867	20160.651376198483	3308.2240319811
3	880	20310.042469675575	2993.1834349025
3	886	20373.609758070647	2642.1726880628
3	926	21308.07887966509	3622.9696598335
3	941	21921.375066065142	2708.8899707235
3	949	22068.595610544929	2270.9585715848
3	979	22624.039431876973	3240.2993068658
3	991	23011.447087401656	3910.9083468094
3	995	23043.876220367805	3272.417253854
3	1002	23386.06683214697	2506.8305316009
3	1026	24230.152484365547	2421.2039972842
3	1048	25004.854902544163	2849.1279530246
3	1059	25293.784436199253	3203.4356555622
3	1132	27583.760038221396	2326.782700941
3	1145	27856.797869021124	1843.1241427269
3	1154	27982.471562562596	3661.6123705823
3	1173	28587.858192497435	2608.7104752939
3	1185	28738.05221429649	2825.5381813925
3	1201	29365.569478863199	3662.7403141558
3	1219	29681.489880542407	2291.2787825055
3	1231	30015.914293487626	2227.0984520204
3	1235	30035.885508369706	3882.588347712
3	1272	31198.106965405919	3393.6649651278
3	1302	32057.57743800394	2593.6604658142
3	1320	32301.531712714442	2742.4699185044
3	1351	32977.702088806712	2940.4637107998
3	1363	33302.564995598178	2921.5646427032
3	1370	33385.086985220591	1895.1513221394
3	1392	34083.443106160559	1827.5857930072
3	1396	34098.71536400716	2373.7901618052
3	1400	34182.02506936786	1546.0034666397
3	1415	34973.390243993201	2799.4083263954
3	1458	36402.09703489083	2745.7001678646
3	1464	36440.456267705104	3062.9507762566
3	1499	37052.604154402247	2489.0218490269
3	1510	37362.865917047348	3605.9871683735
3	1517	37520.910025118338	2235.0776501745
3	1556	38443.47038167763	3237.257892983
3	1560	38634.41861988273	2239.1331954673
3	1576	38917.395946572082	2505.9064790359
3	1580	38947.290675517881	2975.7256198023
3	1588	39046.89244871262	2762.0401930348
3	1599	39275.776298234718	2381.1502826047
3	1607	39735.861612889931	2441.435889909
3	1623	40104.816163771269	3628.1691540147
3	1687	42592.345308352296	1814.7001255397
3	1729	43594.295856204031	1828.7687216804
3	1740	43795.936144791691	3229.5083095226
3	1748	44060.035735122192	3068.0671764538
3	1759	44250.95699073389	3710.7431809783
3	1767	44344.206375252603	3151.5464715233
3	1771	44503.393144640404	1710.1938858939
3	1798	45284.378458483304	1447.427394418
3	1811	45624.357514460002	3177.0817983896
3	1815	45757.849330917901	3910.150635012
3	1823	45854.88129097798	2114.6745588839
3	1850	46581.997002713784	1752.516980879
3	1865	47111.591062769029	2896.6021238733
3	1903	48257.479457246021	2661.9087621477
3	1911	48923.867219951413	2560.5732365604
3	1933	50083.47252687767	2705.3997510206
3	1941	50434.975525266409	3040.9206666704
3	1980	51838.242805526513	2468.7093070708
3	2024	53157.146642963313	2539.9147489853
3	2060	53837.180044605308	3247.54639655
3	2077	54219.419565462855	3298.6208644327
3	2085	54261.362478115031	3421.7578794729
3	2114	55131.558811213025	3038.9027392399
3	2134	55574.156653425697	2099.2399184835
3	2178	56346.210551210254	3352.7090486046
3	2195	56499.137861038422	4022.8298772665
3	2203	56599.096807841718	2337.2746396772
3	2214	56861.040394528633	2145.7476093805
3	2277	58031.645943478999	3695.3236693237
3	2303	58369.560603481156	2650.4224192165
3	2316	58531.414015337447	2729.2962141724
3	2346	59130.273724466185	3369.6577406759
3	2370	59557.616138511892	3110.0892623883
3	2388	59820.498413071406	3047.7727826955
3	2398	59920.509419662501	3764.9460672248
3	2409	60154.207570224623	2625.2483856365
3	2433	60667.222342715037	3196.6958836167
3	2440	60921.331399900462	2976.5147340545
3	2456	61143.930410538238	3154.6967624205
3	2485	61736.700780603657	3515.3003957448
3	2504	62181.963878058885	3567.2417946751
3	2519	62470.591832430421	4279.8032575108
3	2530	62735.985850745434	3616.1886299167
3	2556	63242.914658695326	2091.5023443103
3	2568	63591.630646204947	4046.7658740171
3	2573	63686.579627537487	3655.1865487531
3	2584	64084.578214989362	2826.3779538617
3	2592	64184.189020404963	3274.4290110596
3	2622	65125.20419506376	2036.2047766987
3	2629	65318.9038580857	3383.3285412099
3	2637	65572.775074157668	3178.3409490064
3	2648	65784.673336187426	3067.3968779203
3	2673	66606.649457494798	2774.2377477698
3	2707	67542.787429296749	2427.4846551474
3	2711	67795.494483377074	2805.5076685175
3	2729	68089.735452289152	2928.4410294984
3	2748	68709.221211905549	2768.6927589867
3	2756	68908.294174765047	3226.2261615973
3	2783	69756.623352135751	3318.7103014811
3	2810	70690.587433709982	3560.3638707532
3	2822	71063.550002426798	3946.5948564589
3	2840	71594.340956485675	4102.7582124237
3	2850	71839.318391784572	3194.6861564834
3	2865	72407.775983649591	3168.7142754626
3	2884	72726.25092435292	2233.044762807
3	2906	73739.905401381809	2564.7490486689
3	2914	73827.811999143201	2720.7537272014
3	2942	74679.089151775559	2937.5547138881
3	2978	76205.583697304679	3532.3978613969
3	2982	76225.866903149319	2683.5723597743
3	2986	76270.470649554799	2698.3465277776
3	3030	77567.465644424002	2581.0920565668
3	3046	77802.067646315517	2120.0013940316
3	3061	78151.252344939519	1778.5834983643
3	3073	78272.37876689953	2857.6664246991
3	3077	78537.794085218105	1599.3390035536
3	3081	78546.642354036002	2361.168212397
3	3089	79245.341471394597	2094.8947388213
3	3131	80353.663383195817	3963.7454418652
3	3207	81999.066436565735	2617.0609863941
3	3212	82013.644913865263	1880.3012202121
3	3248	82578.744576699354	2779.8654697141
3	3253	82668.503977262886	3302.8308058551
3	3309	83382.689273315735	2440.6447486357
3	3329	83926.037346801232	3033.9797458425
3	3354	84285.942478529432	3168.4970757302
3	3361	84445.752535645361	2331.6282015996
3	3371	84608.067955929109	2490.5291435924
3	3404	85099.205893847012	3336.6709792055
3	3412	85352.194665620547	3542.6858014078
3	3419	85540.316614351087	3555.8937686574
3	3434	85687.875624854561	2847.0422033039
3	3442	85796.26634874053	3073.4882527312
3	3450	85993.515678607434	2369.6061703842
3	3458	86367.757208216515	2842.2131074592
3	3462	86371.55904553909	3155.7311325111
3	3489	87095.535448956814	3212.0032104072
3	3499	87315.56152445973	3001.8690199591
3	3532	88466.31745850718	3903.9623208381
3	3548	88958.194384316889	3304.7263559047
3	3590	89808.148939310979	2619.6463654004
3	3602	90246.866262054869	2667.4683887512
3	3616	90529.754144805862	2590.7038921304
3	3625	90834.66769526184	1868.5917733982
3	3645	91141.150746246691	3049.8873177264
3	3713	92948.359309665092	2478.442760529
3	3777	93709.18874971119	2819.3226415502
3	3791	93892.449957437841	3415.3449835349
3	3804	94094.500090717499	1845.064925279
3	3826	94475.80066705791	3629.1236893803
3	3831	94654.524745999583	3209.3331033429
3	3848	94855.154923512761	3743.39466407
3	3865	95129.949112946847	2067.2151659228
3	3873	95425.264058380553	2969.6284548191
3	3881	95655.03311734197	2998.53356819
3	3885	95681.641307010063	3274.0651391837
3	3920	96539.08726451994	3181.8114697218
3	3934	96819.126323983828	3097.4122655694
3	3942	96912.707013790657	3469.2303596706
3	3949	97090.069482492009	2948.4428495922
3	3968	97527.852461264292	2866.2197570442
3	3980	97793.169467954644	3084.8098556937
3	3987	97953.40451452944	2249.8325220309
3	4013	98651.308298257798	1986.2556407321
3	4032	99335.253634597981	2422.3003937211
3	4043	99739.264776928238	2569.3270343822
3	4062	100132.117354025626	3567.2522400878
3	4066	100135.819145476286	2223.5618673172
3	4100	101589.360375959692	3101.1054571532
3	4112	102010.275558706188	3499.8979904037
3	4116	102202.484370341434	3007.9074381385
3	4135	102893.871561257971	2639.2711232509
3	4139	103172.336651611141	2791.4104562066
3	4146	103273.846947519097	3198.2638513204
3	4166	105446.184462138545	2234.9383418541
3	4170	105700.592669469676	3304.3777212035
3	4217	108181.655224832355	2192.4015706312
3	4238	108802.559516467884	3061.3512383122
3	4242	108812.907806740243	2691.0422795266
3	4293	110282.631087944633	2351.1156794988
3	4316	110810.369777675588	1287.128864117
3	4330	110928.637541690852	2213.3217447437
3	4368	111684.115115940441	2866.9482426196
3	4375	111774.18002689664	3169.7825133176
3	4402	112367.300889869129	1500.0430329703
3	4414	112671.606061537494	2578.8515997492
3	4459	114177.3115538099	2578.8104281761
3	4463	114211.407816833725	3131.8228323315
3	4467	114357.484402009785	2990.0852697529
3	4486	115352.724540317505	3603.9679950569
3	4490	115392.758062172045	2099.344418468
3	4501	115622.05473571667	3339.8523976933
3	4549	117114.783184148724	2698.5650513694
3	4553	117217.374133393215	3042.5002503209
3	4572	117690.2778547031	3688.6092307884
3	4595	118493.603329349874	3076.5787231084
3	4610	119250.94596361854	1957.3560467642
3	4635	119782.102914803741	2834.9550635275
3	4654	120223.515421900926	3346.5468223393
3	4684	121070.119609494352	2927.1290230192
3	4713	121676.786338786648	3131.0231537931
3	4730	121998.369995766734	2461.9688423909
3	4740	122247.300628337131	2803.3988464754
3	4744	122392.154264447368	2598.5567440889
3	4765	122901.635345240538	2375.5372060183
3	4812	124023.101664175155	2644.6067671292
3	4829	124376.54208873293	2276.3278630361
3	4848	124675.480670152829	2144.9494654778
3	4860	125335.469134883515	2638.698128614
3	4890	125945.97376184861	2229.1393484641
3	4931	126853.906551610557	2731.2221641839
3	4946	127397.642723539489	3329.662714228
3	4950	127436.778399121613	2844.0242511296
3	4954	127618.856153964875	3403.4180554384
3	4977	128156.173714326248	2515.5200980604
3	5007	129110.587309074514	2210.3821715713
3	5011	129139.133446581102	2426.7048677523
3	5023	129633.089609416622	2937.1697737277
3	5030	129773.076344669722	2994.4513477466
3	5070	130815.183433152476	2354.6250635851
3	5119	132337.246805857873	2362.3943759501
3	5143	132876.281739371265	2671.0874637868
3	5147	132994.033248623824	2365.7267221715
3	5151	133066.063184181409	1856.0014980238
3	5198	134760.925012799407	2640.4417595454
3	5205	134865.386298631259	3339.0393537562
3	5235	135572.213240936408	2269.3409420829
3	5246	135902.946213167568	2252.1760896686
3	5267	136349.515210304312	2790.0650171656
3	5302	137209.9038394398	2416.0064021777
3	5317	137453.741127959005	3620.6473046914
3	5335	137635.513560214016	2382.0577121805
3	5340	137975.239430312935	2480.7443575017
3	5359	138218.746026063822	2885.9602475642
3	5368	138454.30684260789	3077.8005610945
3	5379	139014.987541100494	4332.0968489148
3	5383	139128.635919430229	2030.9590244499
3	5417	141127.650785652229	2987.6637556963
3	5434	141577.281268233429	3490.341417985
3	5457	142131.808802673316	1317.3822278157
3	5464	142371.326372224662	2254.5927890763
3	5480	142609.168072782057	3771.778007783
3	5524	143409.923129187781	3357.3648777232
3	5528	143498.558149618752	2565.5465345106
3	5539	143739.851918127722	1770.4608943965
3	5602	145421.213018570414	2142.4827446323
3	5622	145772.206691839516	2855.2412694599
3	5632	145882.563633252786	3047.1936830878
3	5648	146127.645360617818	2031.3140713469
3	5676	146491.745963024704	2596.3680673018
3	5685	146836.894291354715	3285.618877653
3	5689	146902.15567062838	3146.9764184486
3	5714	147546.431460997754	2619.8898306023
3	5750	148008.216341794388	3550.6831400879
3	5758	148047.856718436734	2296.0469353817
3	5789	148882.902120207356	3339.4732260366
3	5804	149248.088749493431	2873.81102046
3	5812	149371.023125826384	2839.1783967521
3	5816	149431.847024962971	3378.8492218379
3	5835	149708.306466373574	2936.8178786197
3	5843	150039.094804312105	4227.2424045688
3	5859	150293.044391973879	3118.8563728875
3	5880	150912.857430755163	3258.5736708045
3	5884	150987.280559237074	3254.8429985368
3	5907	151524.323240521457	3098.9203955792
3	5933	152039.158173834568	1608.3377950173
3	5948	152564.636365309724	3360.5189623218
3	5956	152688.304855689128	1835.441347193
3	5974	153444.739543669439	2705.1687131636
3	5978	153521.543701331295	1935.321142897
3	6007	154406.307898190599	3288.8786381856
3	6041	155206.693653846956	3544.6642214712
3	6045	155337.498531261523	3012.9994692095
3	6053	155563.416325604538	2560.3550375998
3	6068	156035.74870058415	2177.2714516026
3	6079	156225.032602167602	2541.0518678091
3	6083	156289.025256365979	3057.9234901071
3	6120	157201.277221219719	1271.2932994869
3	6136	157758.593154103733	2692.3450435326
3	6183	158944.194802270948	2514.0556869563
3	6189	159121.282471808311	2298.881682409
3	6213	159819.250192934987	3650.0503741018
3	6244	160319.686208084438	2137.1870723739
3	6255	160590.761353746428	1844.7854851373
3	6267	161070.034200418749	2986.1812330596
3	6283	161302.2628799794	2637.0964903571
3	6301	161788.843869036436	2755.2934747462
3	6327	162456.921456049022	2128.880299218
3	6331	162555.623854362295	2314.7142377682
3	6421	164573.900445119693	3107.1944666561
3	6430	164646.983918566887	3217.1333851106
3	6447	164912.970752489968	2474.5324563506
3	6465	165144.274589668243	2809.6188456448
3	6470	165244.434788022821	2943.2703786026
3	6475	165324.491421764	2160.3852440586
3	6489	165561.476962181954	3667.673576671
3	6497	165794.568916687025	2927.8048646553
3	6531	166335.679378711539	2299.9588394444
3	6568	166904.663020615166	3886.8014843954
3	6573	167201.073601471732	2468.6208203249
3	6577	167276.176035186186	2424.4690641111
3	6585	167628.80427863512	3699.3960770618
3	6593	167685.42759216624	2689.9635664268
3	6601	167708.997589799116	2668.8201041656
3	6630	168529.810201859648	2612.8410622571
3	6637	168609.595809420823	3617.3086216673
3	6682	169773.833365743928	3688.2639821918
3	6693	170190.160975777733	3547.6594436076
3	6701	170283.100722039617	2371.9613659848
3	6736	171148.327776695986	2556.3931355998
3	6750	171444.522597816369	3504.3700554315
3	6775	171958.616729871755	3175.6728293992
3	6783	172176.983637752952	3412.6519957837
3	6800	172545.321649238467	2645.1481566858
3	6804	172691.935466755876	1976.7293836456
3	6828	173277.987095568537	2091.0894671828
3	6870	174091.280130831923	2180.2098964993
3	6908	174766.910793187205	3355.4912248068
3	6945	175303.761773394734	3034.7637867182
3	6965	175622.649244328661	3795.7327267248
3	6984	175898.49626383403	2510.1711583146
3	6998	176032.406455084789	2282.4505007456
3	7004	176161.788608839436	2449.519917661
3	7015	176306.192657306898	2364.7156873775
3	7028	176632.776882566619	2281.5552288579
3	7046	177001.820023098823	3017.8081600488
3	7070	177284.153569659327	2633.2660072441
3	7121	177971.257734749516	2443.9099032045
3	7126	177986.461210617846	3759.3678278799
3	7130	177990.164122079953	2984.9885962264
3	7151	178506.042936429431	3130.4036546435
3	7155	178536.125048318928	3494.2314515586
3	7185	179058.06133954027	3099.3395010413
3	7205	179327.781362237272	2221.4735371965
3	7209	179379.415947705557	2584.5379560382
3	7235	179984.43679704528	3126.6326001211
3	7240	180042.450717633453	3835.3665600726
3	7251	180102.507880397004	2658.0041835995
3	7292	180874.34339949127	3369.7981941742
3	7297	181042.321088055012	3381.5419431941
3	7309	181321.20926315162	3564.1803486682
3	7328	181738.037605054785	3359.7734298342
3	7345	181989.854903867519	2515.6444982
3	7353	182257.853809522329	3816.7414781937
3	7381	182620.633597049971	4068.5470361953
3	7424	183837.451220883165	3928.7654466823
3	7432	183930.416477518069	2713.6965246499
3	7472	184815.375648833863	3556.3915638564
3	7491	185202.759859038056	2793.0311909784
3	7534	186407.376212973256	3627.1165350876
3	7538	186655.320075994622	2537.7262516692
3	7567	187275.558877557056	3857.762708599
3	7604	188123.460319738822	3553.4953313659
3	7646	188865.438184490592	3664.4372520782
3	7664	189015.831255229379	3191.4597407542
3	7699	189695.945220623354	2413.9740775799
3	7709	189752.89044596476	1624.5902718453
3	7724	189904.297194585881	3226.1189813633
3	7734	190031.106183208714	2986.3300449996
3	7739	190198.388630387119	3276.2450645177
3	7748	190393.253985496587	2645.6233761298
3	7761	190638.41260723416	3232.9110371027
3	7797	191424.723288614979	3643.542442264
3	7811	191736.770936908668	2911.5427971539
3	7826	191951.328318745574	3567.7380103916
3	7885	192947.730953680819	3782.0037680257
3	7889	193019.93548781865	3415.6397087882
3	7909	193408.419265590958	2339.0238614516
3	7929	193966.712653195953	4261.1374600826
3	7967	194600.881411402023	2750.335047986
3	7979	194723.157196392051	4178.3198072507
3	7998	195532.285857225305	5703.3038623628
3	8017	195676.522088546983	3480.3816938486
3	8036	196369.723001957004	2032.4126235768
3	8040	196444.89573767513	2350.691025462
3	8047	196550.592150956957	2063.4726814181
3	8096	197796.112339336936	2320.641759932
3	8100	197879.104950985659	3533.8288035616
3	8104	198053.914518205673	3434.507076641
3	8111	198256.774826318537	2629.6483181287
3	8135	198711.32648431046	2945.9654402453
3	8200	200420.518316931326	3670.9830390941
3	8216	200737.221673835151	3782.683820352
3	8227	200931.894669377711	3900.4000166617
3	8232	201179.911908799317	2414.4676182809
3	8240	201249.112600345247	2477.885212202
3	8248	201331.637500121493	3256.1763613463
3	8269	201823.750484635588	2083.4950954406
3	8273	201840.963601235432	1817.2421526723
3	8293	202685.555334990983	2360.6669496931
3	8354	204933.503600518949	3514.4217961561
3	8358	204967.054177053149	3280.6232206151
3	8423	206994.37191395269	2900.3986334056
3	8427	207000.423572195003	2443.3981367759
3	8435	207054.167375750149	3444.6919742972
3	8462	208590.605402212601	2962.2552100662
3	8501	209843.818953955633	3384.3630360346
3	8520	210336.801541650157	3600.0298682414
3	8531	210819.427899530442	2071.2589350343
3	8551	211085.031377316607	2756.0629213694
3	8562	211445.103468427657	2414.5043202862
3	8589	212142.51999227283	3258.095494369
3	8608	212511.422311941447	3400.9215845669
3	8614	212689.253789566163	3029.4562032726
3	8620	212917.94224737165	2416.5826165094
3	8653	213527.472940607489	2006.4982655458
3	8682	214078.987560617994	2674.1262645274
3	8708	214625.969164540647	2712.1011918224
3	8725	215042.025083815746	3198.8660067413
3	8733	215170.333512116717	3220.1524475049
3	8756	215383.165044598349	2974.2582628605
3	8771	215743.12832023169	3062.8477842066
3	8800	216330.890429103814	3120.5772661187
3	8816	216762.258768862606	4042.2164482276
3	8839	217062.270291858609	3769.4541566983
3	8851	217288.120267354019	2609.3658219789
3	8870	217878.305974147869	3183.4702861898
3	8908	219072.762141713198	5381.6845928521
3	8925	219602.617799425337	2757.1051754057
3	8929	219647.152897856785	4250.7060484361
3	8955	220076.038053903937	1988.3408283256
3	8974	220653.238766353215	1986.1298715323
3	8984	220857.185017513494	3034.3800362851
3	8988	220923.368911456525	2153.3059223464
3	9051	222276.137053553313	2370.0360598415
3	9055	222439.762926063331	2747.3739127256
3	9067	222793.52256446481	3727.847919904
3	9082	223083.032675798774	1891.9775029365
3	9086	223090.149297344328	2401.6768542398
3	9115	223695.839120634582	2263.3779311087
3	9127	223802.714625064827	3182.0936005656
3	9143	224199.482171917949	3387.7752169501
3	9147	224233.567223529	2615.8309231605
3	9197	225337.615555145745	3381.9101050124
3	9245	226128.816557601776	4035.1187837376
3	9253	226271.016760147265	3052.8119006194
3	9261	226548.888708553365	3027.1030971208
3	9269	226615.524154336159	3381.2517020225
3	9292	227023.341768128452	1895.3971029259
3	9311	227418.05729588284	2366.8886144646
3	9315	227498.267782651908	3530.2404258312
3	9331	227772.9498464925	3122.0742181409
3	9343	228138.08032463095	2574.790883897
3	9372	229010.842074218903	3008.2350923055
3	9454	231078.926851288322	1418.4730796818
3	9481	232169.896134602353	3105.8556849416
3	9485	232274.860672505231	3336.9461066276
3	9511	232899.353940429613	3722.5778434984
3	9542	233643.312543338503	2813.5466157272
3	9562	234341.440253378433	2710.4141908977
3	9617	235878.308013393504	2413.5477643367
3	9629	236135.843908783449	3046.6060830932
3	9644	236511.847704853456	3070.8875857014
3	9678	237230.57290611319	3489.3657822427
3	9689	237604.888755825469	4045.780253688
3	9697	237793.59160298012	3378.6613659562
3	9701	237808.246062916173	3536.6126829855
3	9716	238359.158889590723	4422.3961048117
3	9722	238440.518547964403	3713.1133834864
3	9742	238871.282120502675	4145.7938603356
3	9746	239201.28533863279	2832.7239417192
3	9784	240135.866280167781	3050.0975533761
3	9803	240403.292088739601	2567.9133275806
3	9822	240798.149353920442	3787.2587944474
3	9831	241072.62398729408	2273.598161079
3	9838	241219.706320553295	3540.2027899772
3	9867	241634.548971450847	2144.2401326279
3	9874	242011.872985244379	1829.1491401568
3	9893	242857.347834417647	1608.0070130993
3	9955	244575.930293328897	2691.6360206902
3	9959	244620.702841118292	3137.8470083512
3	9984	245134.435493019837	1767.5325417425
3	10000	245637.795926523495	2589.7674571909
3	10045	246988.209386499011	2476.8957428355
3	10049	247000.025198296931	2778.5708383285
3	10099	248164.406389420264	3105.5389155178
3	10140	248807.536282231828	3454.048297199
3	10148	249159.387016141199	3036.7270088185
3	10159	249311.818790277263	1810.9511771095
3	10188	249969.038642708684	3313.276541708
3	10192	250076.012229486438	1771.43164468
3	10229	250797.047527534012	3358.455237262
3	10260	251380.23332671189	2059.0451092087
3	10271	251587.145803130455	3356.5169625543
3	10298	252261.851769023773	2980.4482532631
3	10302	252304.766729116218	2467.8975682942
3	10306	252395.230869125353	2309.11493933
3	10326	252631.678586461779	3119.9679830652
3	10370	253507.130519306128	2422.2912646551
3	10378	253952.788461118019	3357.075587986
3	10401	254276.289126891772	2960.0405847654
3	10407	254417.487826935362	3041.4219262447
3	10424	254661.72621538474	3343.0060232417
3	10448	254879.730529552455	3369.2922673229
3	10461	255205.836709560956	2738.9295689374
3	10479	255551.103455166814	2127.2873917781
3	10510	256088.184180358264	2071.3976072522
3	10514	256151.936891681529	3419.991214055
3	10525	256481.154465606275	2558.7996519054
3	10544	256670.520266034987	3983.0401165629
3	10567	256998.173167352912	3066.9149949412
3	10571	257020.494759088222	4195.3518283659
3	10578	257200.485297959138	2392.9481515714
3	10597	257725.092609358368	3312.4732387766
3	10612	258016.079742733469	2699.8876031209
3	10627	258402.731307710086	2945.1129913889
3	10646	258705.916328726879	2660.9221418202
3	10654	258784.215158005607	2557.032622844
3	10691	259523.066168440761	2990.7940444909
3	10734	260244.601424743597	2375.053247977
3	10743	260385.014932348278	3361.6849053372
3	10750	260522.133780072248	1875.4499622434
3	10776	260827.573471942161	2572.4684301761
3	10800	261325.509256782827	2422.501657775
3	10804	261377.848225543713	2367.6037203893
3	10819	261780.967676491729	2432.0349822566
3	10834	261904.888997575174	1828.6241820641
3	10847	262206.406292828617	2238.194532584
3	10862	262502.702298898492	2364.1853348538
3	10880	262964.512253300014	3259.0155976731
3	10884	263007.600458843873	2319.7037268989
3	10915	263602.891434090956	3102.6109116711
3	10933	263945.596060860879	3012.3161305301
3	10951	264222.18332234049	3242.0573430943
3	10960	264432.307378086074	3693.7672053266
3	10968	264463.398262388981	2843.2417898448
3	10976	264847.678111132474	3849.0055081168
3	10992	265098.233920684828	2850.040464396
3	10999	265372.492461225258	2259.1094175495
3	11019	265734.472920935211	3034.572366178
3	11027	265970.889742630347	2936.9146116992
3	11090	267751.619469348582	3675.176236967
3	11113	268467.318414242813	3339.6391835343
3	11123	268799.805346831039	2373.6370839458
3	11176	269460.349355186151	3278.2893102709
3	11188	269816.325603407672	3435.6259116065
3	11213	270152.560560368797	3554.3320323837
3	11222	270201.969161313823	3251.261278686
3	11226	270372.632417320089	2835.1762857504
3	11252	270874.265277926674	3455.0788598815
3	11265	271026.161805190892	2117.0533945575
3	11269	271323.1976103888	4564.7882915174
3	11293	271542.008925373482	2357.8928085044
3	11363	272914.971326671416	4100.171155563
3	11378	273054.563005226479	3516.9114017962
3	11383	273191.594101470759	3949.4706963355
3	11403	273617.179685149217	4297.0212543667
3	11411	273777.297429027782	3299.8763648842
3	11419	273871.874058973839	4422.1882584403
3	11440	274325.030207750204	2871.9944377575
3	11444	274370.838961748282	3796.5228694495
3	11448	274403.239262521142	4763.6022927861
3	11470	274935.125050232562	4835.1692362007
3	11475	274995.667478312603	3318.9537483979
3	11481	275178.649511130403	2712.7361637805
3	11490	275286.69788247054	3465.0013462897
3	11505	275873.609892674538	4046.2771278509
3	11539	276724.870160581599	2740.9751390107
4	376	9165.993354365133	1930.3185958508
4	435	10693.02097133139	2786.2009835243
4	458	11259.203216217103	2731.4772591125
4	480	11792.38995276261	3427.6974994875
4	639	15607.772273495753	2646.2101179279
4	677	16775.015317644156	2184.0759350918
4	828	19218.251233725623	2874.4943017233
4	899	20557.935309718178	3243.7173554971
4	967	22263.086171260058	2639.1192882601
4	1022	24162.892826885117	3828.5597346567
4	1063	25427.476885696552	2290.1662561018
4	1102	26844.449433841894	2125.4071319941
4	1227	29817.795445380376	2359.7990281787
4	1264	31080.154266876238	2867.5734487894
4	1347	32935.22847827585	2129.5978070609
4	1611	39873.351170562622	2351.5393539687
4	1627	40352.983399229113	2941.9459354598
4	1651	41155.006494557908	1899.5524337701
4	1887	47627.913952214893	2022.4596429616
4	1899	48147.862838851666	2748.1766101252
4	1919	49041.851087289866	2238.8073269371
4	2028	53179.277139926695	3851.2151637487
4	2034	53325.709875199361	2552.4227206875
4	2148	55718.392979911392	2788.9105349779
4	2159	55820.900928200086	2585.878062379
4	2199	56508.314589141909	3161.904595042
4	2336	58783.831845929469	3205.2467001043
4	2354	59264.700256064904	2847.3326589706
4	2383	59796.104822165887	4146.1146825725
4	2428	60565.725429353859	3393.9134702857
4	2448	61035.994259601081	3219.9691171299
4	2588	64153.868900783227	2758.2448887987
4	2787	69815.885857757729	3632.0164431352
4	2791	70054.131365106285	2981.4539950714
4	2930	74448.899603447977	2309.3071451432
4	2934	74617.77815607101	2858.4388576448
4	3138	80646.920879061367	2789.3355180882
4	3235	82335.146024075808	2588.7470610626
4	3240	82408.340874725962	2702.8511364944
4	3264	82764.379109239215	2240.1199457006
4	3291	83224.766356421174	2284.7914807345
4	3379	84726.494974358173	3103.6533195991
4	3524	88205.131397115856	2804.246238023
4	3563	89173.534925991121	2378.477336308
4	3583	89739.580673033319	2492.7881833725
4	3709	92889.880754142229	3131.7544915248
4	3722	93049.044373301019	2232.1772501227
4	3757	93425.796742204604	2121.0016049022
4	3783	93819.715235599065	3251.5455886535
4	3896	96012.944232232596	3416.3543256587
4	4096	101548.529801851024	1993.5926504061
4	4249	108830.136745491372	2762.2096939199
4	4350	111326.183773599907	2895.7170255762
4	4364	111608.054026039328	2208.1720340518
4	4422	113080.646926988756	2618.9541200706
4	4426	113144.229502540017	2993.5683303018
4	4576	118117.833892745586	2086.3423680235
4	4606	119250.424663544247	2738.8615233544
4	4722	121693.512685221709	2383.728120625
4	4789	123535.074145761608	2813.2846669201
4	4841	124510.609738627008	2310.8615685627
4	4852	125257.674759522887	3775.8118906812
4	4914	126691.556777503938	3858.580748452
4	4981	128460.275275662195	2873.1432981044
4	5066	130777.091733490123	2241.6286804061
4	5085	131229.800914233762	3471.2908445578
4	5138	132735.601216593938	3081.825669352
4	5155	133120.334975282098	2785.9118337493
4	5345	138023.949192927663	2124.8740607513
4	5364	138299.731815514091	2268.5151518807
4	5498	142903.806788728369	2277.3881484009
4	5575	144797.50000828021	2040.597213814
4	5594	145040.938247851986	2798.9505894855
4	5762	148212.072001644692	2608.4540178068
4	5851	150200.259529291611	2941.1093346973
4	5917	151673.567685501378	2118.7478413526
4	6140	157836.567439535615	3713.8840876613
4	6148	158069.357310050547	3259.4057082944
4	6217	159903.010272197458	2840.156325968
4	6279	161274.113809689887	2046.5668668287
4	6321	162427.202883993741	4064.0706729423
4	6516	166080.117835421746	3499.9153415484
4	6547	166549.454717902377	2702.0186823886
4	6666	169419.902569330986	2724.8859406728
4	6720	170890.526952759395	2911.3012348674
4	6808	172805.645464814301	3796.4714391384
4	6912	174768.651441068809	1695.2037516182
4	6920	174905.049730300394	2998.6011196766
4	6970	175745.969919759888	3373.0856275198
4	7200	179312.065574165297	3279.3798847275
4	7269	180499.563062937793	2899.5144353949
4	7337	181904.176333399353	4161.0024925035
4	7368	182492.006531144947	2678.526742852
4	7397	183018.117107203282	2935.0155385072
4	7457	184432.043441460068	3370.449459739
4	7495	185229.238410966579	3888.0660224591
4	7503	185665.433446192625	3068.3052161336
4	7530	186039.96979997871	3437.906346973
4	7549	186853.70543289376	2657.4481167421
4	7590	187832.819516843966	3411.7641921435
4	7769	190656.021434546194	3205.3535085507
4	7815	191760.158987451534	2883.8867026755
4	7861	192500.137403768233	3510.1310640474
4	7905	193193.387596538758	3993.7831474131
4	7913	193479.375824520715	3900.0454664181
4	7936	194070.643565116801	1860.1990895663
4	7983	194847.652440495977	4398.1899639016
4	8084	197442.793841751516	3449.6154284477
4	8152	199301.736389102531	2806.3518480398
4	8277	202242.772491017672	3416.7052931339
4	8285	202415.620514148381	2363.3141369258
4	8325	204168.43549097131	2353.0399237387
4	8385	205737.536824119853	2367.3970998544
4	8401	206309.537886794682	2250.5156219099
4	8439	207524.522829765391	3047.5279477247
4	8443	207529.59235873694	2779.4356648251
4	8649	213399.170604495617	3511.0358939887
4	8767	215731.471178064616	3338.8190243674
4	8792	216251.179519539025	4072.7788755472
4	8812	216653.820244960143	3544.9997308422
4	8855	217553.77293512377	3907.7353164348
4	8874	217942.207655895995	4180.7379763396
4	9043	222212.666287826004	3170.2229213901
4	9179	225049.518069141294	1556.8268201203
4	9201	225410.530850248421	2566.3713306561
4	9273	226630.374345128175	3030.4786632049
4	9351	228233.120200331909	2519.1290396595
4	9361	228511.881666319964	2993.0504352227
4	9381	229273.967945539395	2334.4434545841
4	9412	230263.975558694079	3214.2311111558
4	9436	230735.660396348408	2430.509010097
4	9447	230945.959956110362	2516.4971094579
4	9497	232455.071820329534	2603.8641307525
4	9536	233467.827104868342	2483.7654081825
4	9595	235200.478006933936	2733.9783052728
4	9599	235406.884753525763	2860.6057194248
4	9827	241067.921555808705	2694.681359279
4	9882	242422.738913251256	2729.6603239328
4	9916	243345.012723405568	2128.7403449882
4	9971	244764.118393030365	3415.9816355724
4	10017	246147.209437099393	3405.5337032396
4	10075	247598.290790878034	3211.1495880224
4	10113	248458.097708055171	3921.7469417956
4	10128	248645.07084210717	3594.1737687167
4	10144	248863.555674177947	3102.9263723889
4	10265	251499.547465886699	2959.7187136486
4	10355	253374.620414228524	2755.1822458673
4	10465	255271.388265869594	3939.0837574656
4	10668	259057.286210340058	2073.7250025105
4	10699	259588.727504417418	2113.0266798846
4	11007	265479.46863065684	3582.6481564081
4	11015	265711.84179698564	2962.5493720727
4	11055	266897.782195737639	3872.0728752919
4	11198	269951.4625514064	3467.1219025354
4	11302	271660.158639402419	3131.1430896911
4	11325	272136.390788425556	4385.5394383196
4	11350	272775.652663242867	3481.2047089938
4	11557	277138.916395024418	2841.7362742312

