version 2
run Iteration-82-20200521-09:56:09-71764
attr configname Iteration
attr datetime 20200521-09:56:09
attr experiment Iteration
attr inifile omnetpp.ini
attr iterationvars "$i=10, $j=2, $0=15-(10+2)"
attr iterationvarsf i=10,j=2,15-(10+2)-
attr measurement "$i=10, $j=2, $0=15-(10+2)"
attr network Network
attr processid 71764
attr repetition 0
attr replication #0
attr resultdir results
attr runnumber 82
attr seedset 82
itervar i 10
itervar j 2
param **.resourcePool.amount 10
param **.resourcePool1.amount 2
param **.resourcePool2.amount 15-(10+2)
param **.source.interArrivalTime exponential(6min)
param **.delay.delay uniform(4min,28min)
param **.delay1.delay uniform(10min,28min)
param **.delay2.delay uniform(4min,16min)
param **.allocate.resourceModuleName "\"Network.resourcePool\""
param **.allocate1.resourceModuleName "\"Network.resourcePool1\""
param **.allocate2.resourceModuleName "\"Network.resourcePool2\""
param **.deallocate.resourceModuleName "\"Network.resourcePool\""
param **.deallocate1.resourceModuleName "\"Network.resourcePool1\""
param **.deallocate2.resourceModuleName "\"Network.resourcePool2\""
param **.router.randomGateIndex "uniform(0, 1) > 0.2 ? 0 : 1"

vector 0 Network.allocate queueLength:vector ETV
attr interpolationmode sample-hold
attr title "queue length, vector"
vector 1 Network.allocate1 queueLength:vector ETV
attr interpolationmode sample-hold
attr title "queue length, vector"
vector 2 Network.allocate2 queueLength:vector ETV
attr interpolationmode sample-hold
attr title "queue length, vector"
vector 3 Network.sinkStat lifeTime:vector ETV
attr interpolationmode none
attr title "lifetime of arrived jobs, vector"
attr unit s
vector 4 Network.sink lifeTime:vector ETV
attr interpolationmode none
attr title "lifetime of arrived jobs, vector"
attr unit s
0	0	0	0
1	0	0	0
1	26	1692.788187703161	1
1	29	1807.032515711706	2
1	37	2584.442016276738	1
1	49	2923.328566431051	0
1	55	3093.056730520856	1
1	58	3112.543751783098	2
1	71	3951.863081535531	3
1	73	3985.198287246025	2
1	79	3997.830249912458	3
1	81	4163.754591570219	2
1	87	4391.098517281276	3
1	90	4731.710830440193	4
1	100	4962.533335964403	3
1	115	5517.031484433433	2
1	121	5546.759891292262	3
1	123	5663.549926699347	2
1	142	6346.240681912027	1
1	148	6405.294340005925	2
1	151	6648.927345738161	3
1	154	6746.167616193654	4
1	156	6752.108265302127	3
1	168	7409.934384209087	2
1	173	7423.419845327012	1
1	183	7691.996745434347	2
1	196	8364.111213301517	1
1	202	8507.035494197918	2
1	213	8838.981306646934	1
1	219	8990.469369781979	2
1	221	9069.241075580217	1
1	242	9721.275619806809	2
1	247	9769.579298691101	1
1	253	9962.490681787178	2
1	266	10252.802946229871	3
1	269	10479.300721528871	4
1	271	10506.373209674826	3
1	280	10857.205771914892	2
1	286	10981.005155874753	3
1	296	11247.647563260191	4
1	307	11769.933740944585	3
1	313	11836.016957210827	4
1	316	12010.412634197204	5
1	318	12254.374570892401	4
1	324	12334.878676702968	5
1	333	12666.694132407179	4
1	339	12737.011767609607	5
1	354	13481.949390339874	4
1	364	13509.202002953779	5
1	370	13742.199549884463	6
1	373	13797.924012949975	7
1	384	14289.708351680061	6
1	396	14441.850096387066	5
1	402	14575.020233621423	6
1	405	14648.848033457521	7
1	408	14745.689856837113	8
1	411	14757.711547627006	9
1	414	14777.850693052988	10
1	420	15364.257037284993	9
1	433	15631.026117482759	10
1	438	15759.488682477718	9
1	452	16162.455600751771	10
1	454	16311.250066411891	9
1	460	16312.910038369228	10
1	469	16848.736195993593	9
1	474	17126.291581317061	8
1	486	17389.550909059934	9
1	500	17670.392629869987	10
1	502	17785.698423394212	9
1	507	17817.120638211241	8
1	516	18253.531087291786	9
1	519	18505.536013443969	10
1	521	18571.03951550948	9
1	537	18753.746513753181	8
1	543	18916.282249070001	9
1	559	19522.550290367549	8
1	565	19928.616009037788	9
1	570	20134.398245391646	8
1	586	20765.783845765378	9
1	589	20833.719829906854	10
1	595	20946.609810014238	9
1	604	21026.994055588922	10
1	613	21268.614217189838	11
1	622	21524.79715288625	12
1	625	21542.738434548443	13
1	634	21691.586441452825	12
1	640	21728.019172583105	13
1	646	21815.941754567895	14
1	652	22017.072215932294	15
1	658	22235.688359702513	16
1	664	22349.479554482718	15
1	670	22533.276452419751	16
1	672	22609.299089516723	15
1	678	22731.866224748596	16
1	691	23091.90980795101	17
1	706	23366.687808019091	16
1	718	23568.770894393924	17
1	720	23624.794485465833	16
1	730	23789.509417264333	17
1	737	24022.443646890164	18
1	739	24180.293240389769	17
1	745	24225.988547710913	18
1	748	24313.734407926282	19
1	750	24430.174381583207	18
1	756	24443.35983882599	19
1	759	24562.58761567919	20
1	762	24756.260115010843	21
1	775	25501.822456429695	20
1	780	25974.736944808834	19
1	790	26540.95601933577	20
1	799	27056.298456461378	19
1	804	27160.836850834062	18
1	810	27202.334984889472	19
1	823	27958.413098360155	20
1	826	27976.159728492002	21
1	828	27994.269196464889	20
1	843	28659.171218817105	19
1	857	29529.348218508799	20
1	859	29547.800428775122	19
1	864	29596.837432793551	18
1	870	29938.891659550156	19
1	887	30945.541361453111	20
1	892	31008.502107932442	19
1	897	31053.601295688173	18
1	923	31741.876510789346	19
1	928	31920.546164483973	18
1	934	31972.675785027787	19
1	944	32477.190319255533	20
1	946	32612.952721818334	19
1	952	32690.243025021194	20
1	955	32791.355131618745	21
1	957	32795.874955737242	20
1	963	32887.034532794213	21
1	969	33180.528246142641	22
1	976	33246.788854911573	23
1	978	33325.727278851888	22
1	994	33808.569289882877	21
1	1006	34131.426562206486	22
1	1009	34150.985042639334	23
1	1017	34265.164709501884	22
1	1030	35103.673084529588	23
1	1039	35186.029550305646	24
1	1042	35190.525993157969	25
1	1058	35369.601428553649	26
1	1061	35451.202874046019	27
1	1066	35470.161572135263	26
1	1075	35934.028120339832	25
1	1087	36261.094308657973	26
1	1096	36548.221961348723	27
1	1099	36670.929687260031	28
1	1102	36708.052828346411	29
1	1105	36734.172406898977	30
1	1112	36832.636378631896	31
1	1115	36923.01586254919	32
1	1118	36970.784645264265	33
1	1121	36985.934300500457	34
1	1123	36993.633506194898	33
1	1129	37347.344661018518	34
1	1135	37566.759482390231	33
1	1140	37612.785372239747	32
1	1148	38285.330389383459	31
1	1165	38655.184567585678	32
1	1174	38969.181506186002	31
1	1180	39150.612681103665	32
1	1182	39178.75374433676	31
1	1188	39355.417149070124	32
1	1205	40165.888115111208	33
1	1207	40529.083981680894	32
1	1215	40666.272740234605	31
1	1227	41138.118958826387	30
1	1233	41233.721195314263	31
1	1240	41395.877282650503	32
1	1243	41630.618374164638	33
1	1245	42045.268338900975	32
1	1250	42069.744238629216	31
1	1270	43022.985941869417	30
1	1278	43709.345187741316	29
1	1286	43867.470623114357	28
1	1299	44088.52673197796	29
1	1311	44219.074976875371	30
1	1320	44342.318206055119	31
1	1330	44417.613022870584	32
1	1340	44817.688854974316	33
1	1349	45025.980943795054	34
1	1352	45060.383345099361	35
1	1355	45107.685534741622	36
1	1357	45357.077328414641	35
1	1362	45369.369039106394	34
1	1371	45431.062167174275	35
1	1374	45503.917705311088	36
1	1377	45525.581326499238	37
1	1380	45773.650638634549	38
1	1383	45776.36840493021	39
1	1394	46206.650871526635	40
1	1396	46559.117207407005	39
1	1414	46947.083830478813	38
1	1422	47179.189557294346	37
1	1428	47271.069561158008	38
1	1441	47755.06142423576	39
1	1443	47846.432665455367	38
1	1456	48212.21184434891	39
1	1459	48392.180952730309	40
1	1462	48413.642265963003	41
1	1469	48570.328834685616	42
1	1471	48629.987808643825	41
1	1479	48847.455141515683	40
1	1488	48931.824556198947	41
1	1493	49249.104270284049	40
1	1515	49832.994284489404	39
1	1521	50021.376873153488	40
1	1524	50045.258956226734	41
1	1531	50104.820708858651	42
1	1533	50231.341606332905	41
1	1539	50239.681839823188	42
1	1546	50314.073817931194	43
1	1548	50531.700289034497	42
1	1554	50547.094826408115	43
1	1568	50907.089517992906	42
1	1591	51475.327800829484	43
1	1594	51504.867194060083	44
1	1596	51656.419082190123	43
1	1609	51901.055194776575	44
1	1615	52033.120946634591	45
1	1620	52201.960638836942	44
1	1626	52269.970851926771	45
1	1632	52443.854592390222	46
1	1635	52444.527278860809	47
1	1642	52582.260427781392	48
1	1645	52595.230763729792	49
1	1648	52852.859061179189	50
1	1655	53058.878265301403	51
1	1657	53281.814497811001	50
1	1668	53736.988538932971	49
1	1677	53955.688303261277	48
1	1696	54786.077054069362	47
1	1702	54955.993566290103	48
1	1705	54980.326125787285	49
1	1708	55235.396467578719	50
1	1710	55294.157028355849	49
1	1715	55475.470441152326	48
1	1736	56164.599552632481	49
1	1741	56514.703875211281	48
1	1750	56750.157874321296	49
1	1755	56923.516982422195	48
1	1768	57084.624725151335	49
1	1771	57136.920381576211	50
1	1777	57584.049200612105	49
1	1783	57884.990575340857	50
1	1786	58008.943454777336	51
1	1788	58041.657502063764	50
1	1801	58391.028173646733	51
1	1815	58755.879208260201	50
1	1830	59069.051714734388	49
1	1846	59207.869021721559	50
1	1852	59270.891974977476	51
1	1858	59488.421175396792	52
1	1861	59512.218776655984	53
1	1864	59514.610861667838	54
1	1876	59877.527942881905	53
1	1882	59956.350895663801	54
1	1885	60154.325235888994	55
1	1888	60178.548469287241	56
1	1890	60266.666344645647	55
1	1896	60304.974470194676	56
1	1906	60635.252348422502	57
1	1909	60793.347944911953	58
1	1912	60897.970030311616	59
1	1918	61215.472936407649	58
1	1936	61535.267753572417	57
1	1942	61618.528935279134	58
1	1945	61826.680102564413	59
1	1952	62429.257119909056	60
1	1955	62499.668417659771	61
1	1957	62527.232870542658	60
1	1965	62642.260641316869	59
1	1978	62910.156840736448	60
1	1991	63381.738602530428	61
1	1994	63494.405452834127	62
1	1996	63550.741941089956	61
1	2012	64194.412181800424	62
1	2014	64224.7435231516	61
1	2024	64597.105560305342	62
1	2032	64658.733034040062	61
1	2048	65150.770068094534	62
1	2051	65166.259190737426	63
1	2057	65280.399681714623	64
1	2063	65410.039708723448	65
1	2068	65544.957403893797	64
1	2073	65698.214424355873	63
1	2079	65796.31880142848	64
1	2082	65898.180233298663	65
1	2089	66022.385486596724	66
1	2101	66605.728988581552	65
1	2109	66828.656221573227	64
1	2115	66852.126920757206	65
1	2121	67125.467108005833	66
1	2143	67866.083370222925	65
1	2149	68010.799040256017	66
1	2152	68041.823240174923	67
1	2155	68053.599442500778	68
1	2158	68221.649680820127	69
1	2160	68270.123729175874	68
1	2166	68283.658505322217	69
1	2179	68676.99181316401	70
1	2181	68764.537487411155	69
1	2191	68896.560547079131	70
1	2194	69408.949324595922	71
1	2196	69468.252962763407	70
1	2202	69502.545425292159	71
1	2208	69876.506761358334	70
1	2217	70400.191930514746	69
1	2225	70680.092312953649	68
1	2246	71374.355291536886	69
1	2248	71489.408302326672	68
1	2253	71648.193958978383	67
1	2259	71716.309717345749	68
1	2278	72787.493501492761	67
1	2283	72814.429478514223	66
1	2289	72959.945257752592	67
1	2301	73206.471769713277	68
1	2318	73655.960039000865	69
1	2324	73733.783663781433	70
1	2329	73926.165982148825	69
1	2335	73978.442260986213	70
1	2341	74112.483340529315	71
1	2349	74256.403432917766	70
1	2358	74405.981895764924	71
1	2361	74445.594260144089	72
1	2364	74631.96346681544	73
1	2370	74792.096471951256	74
1	2377	74823.859429005448	75
1	2379	74866.036665468462	74
1	2385	74874.181648717212	75
1	2391	74976.886399724638	76
1	2393	75093.962704994931	75
1	2410	75472.221862515255	76
1	2418	75506.827752050929	75
1	2427	75541.801682486371	76
1	2433	75627.541714207636	77
1	2439	75861.674205045431	76
1	2452	76387.234970560436	77
1	2454	76416.075266237356	76
1	2464	76848.337051023019	77
1	2467	76854.325021695256	78
1	2470	76890.987583745733	79
1	2473	76907.880886404214	80
1	2476	77123.016520364892	81
1	2482	77346.538234652005	80
1	2487	77377.649932782381	79
1	2496	78019.292375388771	78
1	2511	78365.364475791328	77
1	2526	78636.130131575495	76
1	2536	78672.591465938886	77
1	2545	78847.500000508141	78
1	2548	79053.696389488493	79
1	2558	79443.26166557156	80
1	2566	79730.332024917923	79
1	2572	79833.878761176371	80
1	2580	80050.27919677946	79
1	2589	80105.825435875405	80
1	2592	80135.161174842331	81
1	2599	80327.632689964247	82
1	2602	80377.719381895522	83
1	2609	80532.980947622793	84
1	2614	80682.455736696005	83
1	2622	81124.585026997127	82
1	2628	81134.388752068238	83
1	2631	81170.536210682892	84
1	2634	81301.928776744816	85
1	2637	81314.794413126803	86
1	2659	82223.219605478674	85
1	2664	82231.546723498948	84
1	2673	82794.446756115002	85
1	2676	82928.641238982081	86
1	2679	82934.177093842126	87
1	2689	83173.162136451326	86
1	2698	83351.230676109557	87
1	2700	83551.851186937869	86
1	2706	83645.959582676847	87
1	2718	83803.187583378501	86
1	2730	84300.948909455196	85
1	2742	84693.359158685685	86
1	2749	84770.683853133607	87
1	2755	84947.672953378568	88
1	2761	85145.450804195584	87
1	2767	85219.261639238214	88
1	2773	85450.508579930681	89
1	2775	85455.721511022173	88
1	2781	85549.395307022275	89
1	2784	85574.876234214013	90
1	2798	85794.954528538665	91
1	2800	85910.904816993729	90
1	2811	86075.260218662195	89
1	2824	86443.504812185929	90
1	2830	86480.724255430314	91
1	2833	86516.743392562449	92
1	2835	86639.550225380094	91
1	2845	86812.794419800924	92
1	2857	87107.336712490664	93
1	2866	87365.352486177333	92
1	2875	87671.661415961359	93
1	2881	87876.120681679876	94
1	2884	88187.996907380037	95
1	2890	88260.805360953541	94
1	2899	88361.637684007035	95
1	2901	88379.589034850695	94
1	2907	88423.09050714617	95
1	2924	88952.415735737693	96
1	2929	89078.863847414949	95
1	2938	89475.941345895764	96
1	2941	89526.2707363642	97
1	2943	89572.151442728223	96
1	2966	90120.518467581999	97
1	2975	90171.137035049726	98
1	2978	90184.574249787838	99
1	2983	90203.498515096479	98
1	2989	90452.591685349383	99
1	2991	90515.29878787625	98
1	2997	90750.222588038238	99
1	3000	90811.071441854934	100
1	3017	91440.571528292988	101
1	3020	91517.826287914419	102
1	3026	91744.201388711951	103
1	3029	91750.38555415824	104
1	3031	91794.795352845439	103
1	3037	91995.932663506433	104
1	3045	92135.80273410234	103
1	3051	92202.185410521282	104
1	3061	92539.161065298105	105
1	3070	92847.189609958777	104
1	3076	92914.829812304534	105
1	3078	93019.676829035611	104
1	3084	93101.939519109338	105
1	3087	93198.444705377874	106
1	3109	93852.134158498825	105
1	3114	94043.632823220441	104
1	3120	94275.938619674318	105
1	3132	94527.720679714562	104
1	3138	94653.903316792451	105
1	3141	94812.627063986705	106
1	3148	94824.353448652643	107
1	3156	95053.911438724944	106
1	3166	95307.827414096195	107
1	3172	95424.356382108837	108
1	3193	96029.505820320206	107
1	3199	96033.026058547288	108
1	3202	96059.149060205686	109
1	3205	96151.737707453838	110
1	3215	96444.341592089829	111
1	3218	96463.444074676687	112
1	3220	96482.259220668101	111
1	3226	96490.917916737104	112
1	3231	96733.68742230277	111
1	3237	96816.119859753379	112
1	3244	97161.491892056732	113
1	3247	97164.394631576645	114
1	3249	97218.733569943332	113
1	3262	97385.982613238286	114
1	3264	97457.749851121786	113
1	3283	97940.221328559318	112
1	3289	98001.431671618134	113
1	3295	98391.800788903366	114
1	3305	98791.031968290206	115
1	3307	98820.298915971988	114
1	3312	98865.140420998666	113
1	3318	99110.991673110438	114
1	3321	99291.598788476254	115
1	3331	99784.433385878089	114
1	3339	100192.876303373822	113
1	3356	100680.015440850025	114
1	3361	100979.221173850107	113
1	3376	101792.135673622587	112
1	3385	101966.77371770141	113
1	3388	101983.606567662051	114
1	3390	102039.794123023036	113
1	3407	102554.473209927743	114
1	3416	103055.592090629455	115
1	3419	103090.15696509219	116
1	3425	103233.599076170216	117
1	3430	103344.497232465991	116
1	3436	103476.874456537132	117
1	3439	103509.866072364747	118
1	3442	103528.675192767888	119
1	3444	103667.385504906285	118
1	3475	104784.034123569015	117
1	3480	104788.346816265011	116
1	3486	104955.781849703466	117
1	3489	104969.237211453597	118
1	3492	105031.789600480407	119
1	3495	105175.855462032023	120
1	3505	105713.796039912138	119
1	3511	105847.893512909299	120
1	3514	105858.469975479463	121
1	3521	106053.585559778857	122
1	3529	106407.14958231988	121
1	3534	106443.746561919559	120
1	3543	106992.017449827015	121
1	3563	107686.326344779507	122
1	3565	107750.36921430471	121
1	3573	108091.541187166456	120
1	3579	108104.757375397911	121
1	3585	108303.638845458132	122
1	3587	108395.708086016575	121
1	3593	108464.247560883807	122
1	3600	108589.899683911844	123
1	3615	108817.535768647627	124
1	3626	108993.880527415543	125
1	3628	109042.89338278676	124
1	3639	109236.789216938648	123
1	3648	109248.359155982829	124
1	3655	109641.275332342217	125
1	3661	109801.443368723297	126
1	3671	109940.591957422885	127
1	3677	110156.022255706471	128
1	3679	110281.328338460052	127
1	3685	110308.858066999985	128
1	3688	110360.853626741044	129
1	3691	110377.241589760543	130
1	3693	110469.507030769471	129
1	3703	110895.830621804169	130
1	3710	111199.401152692913	131
1	3712	111363.011692139307	130
1	3717	111685.696034887094	129
1	3740	112888.963206337761	130
1	3743	112917.571488298312	131
1	3745	113039.893982485855	130
1	3750	113337.837134496529	129
1	3756	113465.08036145581	130
1	3775	114105.909932376106	129
1	3781	114173.171873114054	130
1	3783	114346.008457151229	129
1	3800	114877.904748764438	130
1	3805	115276.783324814622	129
1	3811	115297.239204971138	130
1	3813	115635.09056996646	129
1	3819	115653.168203210355	130
1	3822	115727.20927205737	131
1	3839	116536.968759533851	132
1	3842	116543.778550292264	133
1	3844	116687.878968640451	132
1	3859	117151.735449173475	131
1	3865	117446.806691298228	132
1	3867	117454.489234470983	131
1	3881	117982.810054864566	132
1	3886	118365.51355332228	131
1	3894	118514.239578972791	130
1	3900	118771.872124015019	131
1	3920	119337.926791168667	132
1	3923	119674.261741164865	133
1	3931	119787.05196966509	132
1	3937	119880.002975823557	133
1	3939	119981.471744402532	132
1	3949	120056.460272166728	133
1	3958	120678.267854136402	132
1	3963	121008.146839066629	131
1	3969	121059.676259609681	132
1	3979	121407.280176873551	133
1	3981	121455.032928596238	132
1	3987	121545.290476348734	133
1	4003	122055.130437537317	132
1	4011	122261.132044057349	131
1	4024	122460.734710000608	132
1	4027	122471.057502255843	133
1	4032	122849.980515492369	132
1	4038	123108.297576586467	133
1	4041	123111.237677090574	134
1	4048	123205.039732534793	135
1	4053	123448.045465164805	134
1	4058	123473.611912158538	133
1	4064	123533.656202363211	134
1	4074	123905.890876770412	135
1	4086	124286.304862051491	134
1	4095	124407.371139881361	135
1	4101	124478.120435020874	134
1	4107	124657.984320792198	135
1	4118	125383.232906713747	136
1	4127	125655.808553469885	137
1	4135	125902.740038101782	136
1	4140	126091.756809112604	135
1	4146	126246.069520306577	136
1	4155	126412.596259775279	137
1	4169	127062.33257162019	138
1	4172	127078.424037227156	139
1	4175	127080.962530191171	140
1	4177	127314.655307586526	139
1	4185	127531.012597168784	138
1	4198	127903.248720084744	139
1	4203	128135.859263417532	138
1	4209	128168.550023646567	139
1	4212	128263.546123963689	140
1	4219	128408.954441565937	141
1	4225	128637.554245908733	140
1	4230	128882.376909907197	139
1	4247	129562.715873553788	140
1	4250	129563.335493132484	141
1	4252	129566.425012666022	140
1	4276	130241.495984644618	139
1	4282	130262.453073709398	140
1	4288	130425.317443310589	141
1	4298	130822.910466255202	142
1	4300	130827.529683186894	141
1	4306	130996.370752879121	142
1	4309	131222.871100811727	143
1	4311	131232.021837142285	142
1	4324	131762.739983526284	143
1	4331	131788.486818578478	144
1	4336	131900.58778539392	143
1	4341	131914.835416347941	142
1	4361	132468.405495444538	143
1	4367	132681.067600063902	144
1	4370	132814.151869948031	145
1	4375	133015.485517381912	144
1	4381	133269.250886618737	145
1	4384	133310.454549545158	146
1	4387	133316.548034871305	147
1	4392	133543.027504059475	146
1	4404	133830.353177366069	145
1	4422	134288.182488205832	144
1	4428	134346.409819808414	145
1	4431	134482.374443097316	146
1	4434	134488.528212645456	147
1	4460	135178.965445386797	148
1	4465	135467.384661183915	147
1	4471	135657.073518125083	148
1	4474	135749.342565350756	149
1	4477	135760.768683985291	150
1	4486	135882.295384407964	149
1	4495	136117.417387212856	150
1	4498	136189.29157890279	151
1	4501	136447.435564807041	152
1	4504	136472.268580084729	153
1	4509	136541.701281760809	152
1	4515	136611.984375514222	153
1	4518	136759.372900686098	154
1	4531	137119.772021276168	153
1	4540	137498.365822183621	154
1	4546	137678.453140803049	155
1	4548	137818.194896924299	154
1	4554	137899.81508857426	155
1	4560	138207.177878366075	154
1	4566	138321.814236770363	155
1	4575	138798.179756757793	154
1	4588	139231.456286443872	155
1	4594	139802.099613975025	154
1	4599	139832.133589602065	153
1	4612	140215.901482375234	154
1	4618	140859.959022021842	153
1	4626	140971.116887684203	152
1	4632	141097.896146599343	153
1	4652	141714.980658660158	154
1	4657	141757.280528647117	153
1	4663	141864.899710503742	154
1	4672	142352.980713882473	153
1	4678	142441.782428367992	154
1	4684	142512.510175253483	155
1	4694	143046.534414576028	156
1	4697	143251.904896836633	157
1	4699	143403.725782818384	156
1	4707	143435.761644338247	155
1	4713	143654.334501443796	156
1	4720	143907.223802969695	157
1	4729	144370.110940747884	156
1	4734	144476.526809399239	155
1	4743	144558.814904915885	156
1	4746	145084.45840273444	157
1	4754	145277.185619958666	156
1	4759	145286.778416921607	155
1	4785	145748.619668914084	156
1	4788	145756.347371986487	157
1	4791	145775.955300958824	158
1	4804	145914.794753623185	157
1	4810	146259.639830021649	158
1	4813	146522.58690711101	159
1	4816	146554.932025486258	160
1	4819	146673.507906388138	161
1	4822	146680.582296611612	162
1	4831	146887.885903277657	161
1	4839	146970.712144915936	160
1	4852	148056.5928905839	159
1	4858	148232.260287540491	160
1	4860	148414.038811781666	159
1	4866	148429.339406096181	160
1	4872	148722.051731116128	159
1	4888	149497.580687365717	158
1	4903	150125.376868192097	159
1	4912	150356.127411662668	160
1	4914	150366.86906839813	159
1	4927	150708.468923487029	160
1	4929	151051.259217038042	159
1	4939	151561.01681565659	160
1	4942	151656.024468128778	161
1	4949	151714.979391725089	162
1	4954	151815.051242356178	161
1	4960	151865.094116241415	162
1	4972	152520.204058754481	161
1	4990	152956.382445128402	162
1	4999	153098.493137504029	163
1	5001	153124.877716601816	162
1	5007	153161.044000925311	163
1	5010	153195.568290872032	164
1	5019	153421.33319613453	163
1	5036	153792.680025695384	164
1	5039	153896.167044046352	165
1	5042	153921.787700870432	166
1	5045	153958.11842836999	167
1	5048	153979.360180191653	168
1	5057	154163.531626287374	169
1	5063	154515.811427035562	170
1	5068	154563.026604103846	169
1	5077	154782.198464837588	170
1	5079	154833.87415725667	169
1	5088	154950.948584285724	170
1	5101	155131.310671787081	171
1	5104	155239.615392144328	172
1	5109	155514.763086429787	171
1	5115	155576.160326504858	172
1	5125	155776.225713247416	173
1	5132	155930.301113936755	174
1	5135	155945.937374185466	175
1	5137	156010.013661495633	174
1	5143	156060.02561244988	175
1	5146	156135.867012552245	176
1	5155	156464.188415471557	177
1	5164	156789.825411242656	176
1	5169	156790.34440117049	175
1	5175	157038.241442518855	176
1	5185	157562.365508390698	177
1	5197	157934.960621857075	176
1	5205	158209.028400955014	175
1	5214	158404.263247894275	176
1	5217	158408.072309123152	177
1	5237	158979.489375011672	178
1	5240	159098.889207150075	179
1	5242	159230.496143809743	178
1	5248	159279.49025580065	179
1	5251	159336.173086592094	180
1	5253	159467.575520305885	179
1	5263	159571.637527634807	180
1	5269	159667.334976301238	181
1	5285	160193.860485621675	182
1	5287	160526.642182049565	181
1	5296	160764.555835859552	182
1	5299	160805.826530297929	183
1	5301	161026.45153058785	182
1	5307	161038.014372489828	183
1	5317	161555.390839296949	184
1	5323	161932.696246653088	183
1	5329	162061.053256739169	184
1	5331	162145.852037361814	183
1	5346	162763.912631579899	182
1	5365	163036.126242279478	183
1	5368	163169.481705925293	184
1	5371	163240.063353797855	185
1	5380	163439.304975896134	184
1	5385	163461.917653958537	183
1	5397	163713.162384979192	184
1	5400	163791.178189513649	185
1	5417	164199.160100148206	186
1	5420	164242.211706397839	187
1	5422	164487.02344616036	186
1	5427	164714.229655665569	185
1	5433	164936.079933668135	186
1	5440	165005.600635704716	187
1	5446	165162.167158064796	188
1	5458	165714.342956663333	187
1	5466	165978.698196775271	186
1	5475	166543.346089628471	187
1	5478	166574.587369457179	188
1	5484	166597.827205370171	187
1	5490	166639.326460316878	188
1	5496	166841.834621270411	187
1	5502	166957.999592450096	188
1	5509	167307.861867431521	189
1	5518	167938.28405486512	188
1	5523	168191.263142329865	187
1	5533	168430.577549420169	188
1	5545	168807.480306680539	187
1	5553	168939.218017776487	186
1	5562	169092.146465611819	187
1	5569	169363.526007371604	188
1	5578	169613.583620750336	187
1	5584	169849.430904063823	188
1	5597	170207.962555712295	189
1	5599	170268.13972461898	188
1	5608	170438.739878555125	189
1	5611	170447.22972425546	190
1	5613	170664.07660674396	189
1	5619	170778.136857819751	190
1	5622	170784.451032124865	191
1	5634	171416.487180599236	190
1	5646	171570.59402308519	189
1	5656	171987.759203666369	190
1	5665	172208.478556661075	191
1	5672	172586.980460010565	192
1	5674	172703.64405022095	191
1	5682	173053.791305766666	190
1	5688	173085.663525720162	191
1	5691	173134.530125165076	192
1	5698	173293.075677049138	193
1	5707	173850.827088608398	192
1	5724	174624.457096447462	191
1	5730	174632.71391088258	192
1	5733	174707.455355340474	193
1	5742	174783.926765211849	192
1	5748	174964.733901531145	193
1	5757	175301.571622350478	192
1	5767	175551.240893556505	193
1	5769	175691.92909001465	192
1	5775	175752.443872317422	193
1	5782	176131.323650389217	194
1	5785	176187.211652826185	195
1	5791	176582.119078320442	194
1	5802	176835.428577278966	193
1	5818	177203.36949871166	194
1	5821	177456.857386116868	195
1	5830	177871.78866819408	194
1	5838	178119.87806121911	193
1	5844	178285.293857758293	194
1	5850	178725.498584806213	193
1	5856	178755.987622776036	194
1	5859	178831.693925041053	195
1	5870	179244.000272292815	196
1	5872	179699.468314657911	195
1	5880	180335.881303743685	194
1	5893	180806.187325390979	193
1	5909	181288.799769010261	194
1	5911	181677.461869986022	193
1	5920	182005.667276822825	194
1	5927	182152.7478153773	195
1	5932	182225.878858520641	194
1	5942	182726.877952193316	195
1	5947	183285.371364197685	194
1	5952	183335.160251110086	193
1	5969	183862.710069645538	194
1	5971	183985.600129292338	193
1	5980	184569.785879881598	194
1	5986	184614.632765305642	195
1	6001	184984.565163840765	194
1	6006	185229.267925220533	193
1	6012	185269.962499659896	194
1	6028	185742.456266793337	195
1	6030	185746.462267496848	194
1	6036	185866.505369765106	195
1	6039	185897.018147044062	196
1	6048	186298.540769369333	195
1	6061	186568.393979399127	196
1	6064	186597.225015195897	197
1	6067	186600.843337606758	198
1	6070	186665.993483637767	199
1	6072	186747.416840837562	198
1	6085	187387.927392417752	199
1	6091	187600.593721355303	198
1	6096	188019.860833025762	197
1	6102	188035.774998930204	198
1	6110	188238.823906267985	197
1	6124	188894.522279079427	198
1	6131	189022.874592604594	199
1	6133	189334.635655955403	198
1	6139	189529.477428441868	199
1	6144	189669.094745124915	198
1	6150	190043.547230550801	199
1	6163	190487.784374617963	198
1	6168	190909.258724059203	197
1	6174	191009.136742261844	198
1	6184	191532.530703992574	197
1	6196	191953.126277270952	196
1	6205	192405.40748256792	197
1	6214	192826.732873526393	196
1	6226	193052.636658409089	197
1	6233	193119.460802488976	198
1	6239	193275.592710885197	199
1	6250	193416.605911757091	198
1	6255	193658.954517032011	197
1	6261	193682.802735475516	198
1	6264	193798.708150329936	199
1	6271	193867.761685965736	200
1	6289	194267.141077687024	199
1	6298	194495.638375059233	200
1	6308	194676.290468171515	201
1	6311	194757.494377689977	202
1	6316	194813.358413203845	201
1	6325	195336.350106138745	202
1	6330	195490.15544661413	201
1	6336	195557.439337231583	202
1	6339	195570.183620885866	203
1	6346	195637.197690091988	204
1	6349	195668.168211326301	205
1	6352	195680.569406592184	206
1	6355	195875.706149975015	207
1	6357	195940.221530123839	206
1	6366	196116.862831985306	207
1	6372	196221.560652694656	206
1	6382	196431.802935950607	207
1	6384	196561.170980463961	206
1	6403	197208.679879252401	207
1	6406	197335.735643885773	208
1	6412	197407.038394353344	207
1	6420	197712.9231479105	206
1	6430	198019.921240503901	207
1	6433	198150.8056235441	208
1	6442	198987.869188991367	207
1	6447	199228.568596056888	206
1	6460	199771.385614176379	207
1	6465	199849.321943558047	206
1	6475	200287.031295420847	207
1	6480	200457.239293689831	206
1	6499	201217.492334394942	205
1	6508	201287.123040881578	206
1	6514	201544.91111537953	207
1	6517	201765.434473433393	208
1	6520	201781.765054623664	209
1	6530	201865.320640095936	210
1	6532	201946.590513157885	209
1	6537	202031.905360399737	208
1	6560	202669.409527589151	209
1	6565	202713.698096246685	208
1	6577	202933.778688017071	209
1	6580	202974.238142641566	210
1	6586	203259.058172197447	211
1	6598	203703.595908639013	210
1	6604	203825.922741587084	211
1	6607	203936.664217542658	212
1	6610	204137.77935022226	213
1	6612	204187.014926671277	212
1	6618	204210.905585215543	213
1	6621	204274.62526321088	214
1	6628	204345.394728564056	215
1	6631	204433.846407370361	216
1	6640	204925.158179757144	217
1	6649	205090.200461457475	216
1	6661	205464.515001875575	215
1	6667	205466.215836529813	216
1	6672	205820.344169904469	215
1	6678	205973.431373228772	216
1	6680	206077.291503939073	215
1	6686	206189.063120502717	216
1	6702	206678.335530915524	215
1	6714	207028.698233869849	214
1	6720	207065.359259026347	215
1	6723	207288.346787374784	216
1	6726	207343.976797766654	217
1	6733	207623.641961576563	218
1	6748	208251.59611892816	217
1	6765	208643.706928268997	216
1	6771	208689.540588545411	217
1	6774	208795.655569387858	218
1	6781	209128.728818911695	219
1	6783	209181.041906931664	218
1	6789	209399.785922472664	219
1	6795	209494.332093709139	218
1	6801	209530.546369156543	219
1	6804	209607.726182378639	220
1	6807	209608.480408214982	221
1	6823	210253.04902914841	220
1	6834	210667.322699065311	219
1	6848	211050.60430333983	220
1	6851	211109.916750954387	221
1	6857	211238.884824441512	222
1	6862	211404.860233691747	221
1	6868	211432.002411216491	222
1	6871	211532.503478087472	223
1	6873	211562.554315879001	222
1	6904	212453.308735645368	223
1	6911	212477.172532283906	224
1	6916	212511.438325243993	223
1	6922	212776.038688842257	224
1	6925	212797.933809619668	225
1	6931	212910.300160096253	224
1	6937	213155.064522227493	225
1	6943	213398.034815145759	226
1	6945	213405.103515732093	225
1	6951	213541.071584074994	226
1	6954	213586.061388587234	227
1	6961	213830.350148242121	228
1	6967	214028.892242116148	227
1	6973	214064.007504734715	228
1	6978	214465.25935340765	227
1	7004	215260.138257619939	228
1	7009	215536.652856747846	227
1	7015	215620.515676262535	228
1	7018	215663.952853654833	229
1	7021	215703.105184324475	230
1	7024	215850.308596257131	231
1	7026	215873.314822363659	230
1	7038	216483.271579415764	229
1	7048	216667.0113254275	230
1	7057	217182.059156532391	229
1	7062	217244.152304557379	228
1	7071	217751.923174288959	229
1	7078	217939.680910718992	230
1	7084	218403.435181147411	229
1	7090	218427.030550440998	230
1	7092	218909.201598082896	229
1	7105	219566.835730896324	228
1	7114	220430.700359129574	227
1	7131	220928.521363102824	226
1	7150	221293.834878752168	227
1	7152	221338.817983296927	226
1	7161	221391.372751766556	227
1	7164	221525.326395560387	228
1	7167	221626.257915765948	229
1	7174	221890.555943866	230
1	7176	221982.47337389667	229
1	7192	222342.289053137407	228
1	7198	222397.048409825949	229
1	7201	222418.152872851129	230
1	7204	222531.417738763861	231
1	7210	223451.258385963034	230
1	7218	223598.39184221904	229
1	7224	223875.451550805116	230
1	7230	223949.25132985537	231
1	7239	224131.316906157177	230
1	7244	224248.131425577209	229
1	7258	224683.348088898355	230
1	7268	225267.35325740036	231
1	7270	225280.68047751765	230
1	7275	225622.66160198417	229
1	7283	225901.353588077233	228
1	7292	225961.572984907827	229
1	7302	226280.933006144357	228
1	7308	226326.981138772957	229
1	7334	227224.873351340798	230
1	7340	227302.243236678574	231
1	7346	227454.61183329285	232
1	7348	227574.890003391535	231
1	7353	227673.194499713597	230
1	7359	227763.063835015277	231
1	7366	228006.120303327601	232
1	7375	228272.654136913822	231
1	7381	228273.496798594424	232
1	7383	228302.596276215506	231
1	7392	228504.880170466904	232
1	7399	228560.408594198504	233
1	7402	228571.282253798085	234
1	7415	229275.686873423337	235
1	7423	229828.715160311428	234
1	7428	229889.03261693287	233
1	7434	229915.76142209354	234
1	7437	230023.649033181539	235
1	7440	230143.679754686556	236
1	7446	230479.901893836674	235
1	7452	230773.599136269919	236
1	7458	230978.457483892323	235
1	7480	231817.99428220768	234
1	7489	232061.356868522433	235
1	7491	232090.196360778989	234
1	7497	232100.029843556963	235
1	7510	232678.444024966327	234
1	7516	232738.670504073172	235
1	7519	232996.062511127651	236
1	7525	233284.629136846395	235
1	7531	233493.983352477836	236
1	7539	233545.516660287274	235
1	7544	234054.404032967048	234
1	7563	234189.330548652269	235
1	7574	234606.751893929243	236
1	7576	234743.166000581576	235
1	7582	235183.773651819452	236
1	7584	235210.97454231325	235
1	7590	235402.386438082949	236
1	7604	235586.462947286385	237
1	7618	236250.933220488249	236
1	7623	236252.516111359926	235
1	7629	236302.768696845165	236
1	7643	237174.657244087439	237
1	7646	237245.00570850753	238
1	7649	237385.870481889429	239
1	7651	237439.830552329539	238
1	7660	237462.957325418339	239
1	7662	237650.887243636878	238
1	7679	238117.927773768153	239
1	7682	238149.140528285215	240
1	7684	238486.722573395117	239
1	7690	238531.935218908962	240
1	7705	238857.12613173853	239
1	7711	238947.385362163092	240
1	7717	239167.342776634256	241
1	7719	239552.247427663996	240
1	7738	239782.603229682267	241
1	7740	239782.902571308421	240
1	7750	240115.974877746957	241
1	7753	240229.537764772291	242
1	7763	240746.784588913765	243
1	7769	241070.383117051308	244
1	7772	241106.429251972376	245
1	7774	241200.891410605281	244
1	7779	241249.130117111834	243
1	7785	241435.763136244354	244
1	7810	242436.343237106683	243
1	7816	242608.80154334394	244
1	7818	242628.434079232856	243
1	7827	243070.595600252158	244
1	7834	243250.397946767615	245
1	7840	243345.050986175656	244
1	7846	243357.816158588336	245
1	7849	243536.978729201225	246
1	7854	243704.646876073437	245
1	7860	243723.508384264369	246
1	7874	244188.288573974318	247
1	7879	244395.030085145727	246
1	7888	244589.257817034955	247
1	7897	244841.072877404275	246
1	7908	245125.784935419679	245
1	7914	245295.865256616951	246
1	7928	245628.609841593938	247
1	7931	245700.587020922236	248
1	7934	245732.650839283974	249
1	7937	245821.846220090735	250
1	7940	246017.315261155109	251
1	7942	246086.226419312179	250
1	7950	246474.204998445692	249
1	7967	246982.100822034631	250
1	7969	247156.499512008622	249
1	7975	247203.252882055272	250
1	7977	247297.287318660873	249
1	7992	247914.621405051321	248
1	7997	247965.081176199946	247
1	8010	248427.291094645858	248
1	8013	248605.671852358661	249
1	8030	249094.174879094439	250
1	8035	249206.526414695427	249
1	8040	249349.336309554983	248
1	8046	249589.664272863549	249
1	8057	250374.489249144666	250
1	8059	250417.511039814908	249
1	8065	250562.023719224358	250
1	8070	250765.80928507191	249
1	8083	251172.973886666252	250
1	8092	251466.462370910568	251
1	8101	251585.219276417974	250
1	8113	252050.554541240463	251
1	8115	252209.78726990451	250
1	8131	252669.039524593789	251
1	8133	252679.399119094941	250
1	8139	252701.269030548015	251
1	8152	252887.494582872636	252
1	8158	253058.323568175061	253
1	8160	253145.081594632239	252
1	8179	253445.141838411288	253
1	8185	253474.504944660821	254
1	8188	253619.346157002428	255
1	8198	253945.767710925443	256
1	8204	254144.836337816536	257
1	8207	254172.320028742056	258
1	8210	254233.844577930442	259
1	8212	254266.54604121204	258
1	8218	254359.315071123339	259
1	8221	254419.205557552051	260
1	8231	254660.376791324712	261
1	8233	254804.303868617163	260
1	8239	255087.819594180248	261
1	8249	255572.043162950665	262
1	8251	255757.333830987099	261
1	8266	256326.114663276122	260
1	8274	256497.750290493477	259
1	8280	256543.684162721674	260
1	8294	257029.012922259384	261
1	8297	257062.8152839353	262
1	8299	257099.836790803121	261
1	8311	257302.859677494073	262
1	8318	257360.972457626093	263
1	8324	257689.084197112873	264
1	8326	257704.183667582456	263
1	8344	258606.354897589655	262
1	8350	258712.28010285589	263
1	8353	258776.107036912793	264
1	8360	259076.502085402505	265
1	8362	259105.175835733298	264
1	8372	259552.900486608337	265
1	8377	260016.555726203132	264
1	8383	260070.264696136117	265
1	8385	260180.072817662032	264
1	8399	260742.532030748781	265
1	8401	260872.48666049074	264
1	8410	261370.702755776467	263
1	8422	261961.799110286865	262
1	8430	262461.740802982124	261
1	8440	262628.178335331077	262
1	8446	263077.174995710138	261
1	8455	263314.187684936449	262
1	8464	263969.432008109052	261
1	8469	264099.209007675993	260
1	8475	264255.319414705234	261
1	8481	264345.570562741853	262
1	8490	264640.886857390998	263
1	8509	265044.930861034427	262
1	8515	265096.8939984221	263
1	8521	265222.41213190048	264
1	8534	265398.899867591657	265
1	8540	265439.134243724035	266
1	8543	265478.50036287486	267
1	8545	265636.702100848081	266
1	8551	265679.288976606131	267
1	8557	266132.799788640268	268
1	8567	266203.461104275698	269
1	8569	266408.746250347231	268
1	8575	266585.325733239009	269
1	8577	266662.87720853393	268
1	8583	266864.584937492886	269
1	8593	267091.498639705588	268
1	8604	267354.769664489897	267
1	8610	267584.793958403543	268
1	8636	268295.796161077731	269
1	8639	268366.298578388986	270
1	8641	268436.220257860606	269
1	8650	268587.515126171649	270
1	8652	268685.65287073073	269
1	8665	268760.705448027638	270
1	8674	269015.597951403433	271
1	8684	269142.996592337057	272
1	8695	269448.427187186663	271
1	8701	269589.594806353416	272
1	8704	269732.456656243349	273
1	8707	269831.952197570765	274
1	8713	269919.180050770985	273
1	8719	269972.436352349492	274
1	8725	270004.566266699912	275
1	8728	270070.21527318703	276
1	8731	270248.088014596475	277
1	8734	270327.476171647122	278
1	8744	270582.282017023583	279
1	8753	270908.351184700263	280
1	8758	270999.899531183066	279
1	8763	271050.111532212232	278
1	8778	271675.428652696106	279
1	8781	271756.628118428606	280
1	8783	271762.794324307936	279
1	8797	272076.952932212993	280
1	8806	272274.709973969494	279
1	8812	272308.929145463074	280
1	8815	272333.001536366726	281
1	8818	272412.057484139423	282
1	8820	272730.260537247407	281
1	8826	272921.693591431541	282
1	8836	273213.761007498319	283
1	8838	273331.620323565786	282
1	8858	273743.366054002368	283
1	8866	274105.956783658822	282
1	8871	274406.175611707616	281
1	8877	274439.721612086005	282
1	8880	274445.486635228397	283
1	8893	275213.563454588178	282
1	8902	275273.48446783281	283
1	8905	275494.62316259428	284
1	8911	275635.512168678452	283
1	8920	276017.358428201872	282
1	8926	276239.160737161243	283
1	8929	276672.635244689777	284
1	8935	276886.47904778761	283
2	0	0	0
2	4761	145286.778416921607	1
2	4763	145301.34185653272	0
3	47	2920.958014427891	2805.0758355483
3	68	3598.913630201464	3449.8645181581
3	94	4807.331840479023	4474.9245743632
3	98	4886.813334004005	4008.2642944096
3	133	6109.996808496512	3283.7547775945
3	163	6875.161172392986	3311.8007744382
3	180	7432.661127011275	4873.6499995995
3	190	7926.767567993125	2748.889456014
3	228	9215.376527485646	3219.0057209254
3	232	9396.946041592605	4140.0525246819
3	260	10020.443492596246	2276.211241946
3	293	11217.085821907245	2650.7248456528
3	343	12744.690844928123	4103.182973139
3	361	13492.993586399576	3755.7167994264
3	391	14360.224864463531	4342.7173545214
3	418	14931.245766189864	5228.2001976283
3	427	15395.640391082712	4394.9003679725
3	449	16033.405946540629	5867.4155293782
3	464	16766.12119826416	5492.4245389621
3	490	17565.399031824642	5181.4194992214
3	494	17654.978549295088	6156.5954393692
3	528	18599.757626858523	5213.8436005973
3	535	18739.839437538037	5212.8452420709
3	547	18966.959895900661	5073.3117415324
3	551	19314.852394769882	4927.5205863896
3	580	20260.697834986245	6151.2200671771
3	593	20916.117613119283	7715.5919346312
3	632	21594.626702555438	8113.6225338677
3	662	22315.398232936138	8107.0851890572
3	685	22914.172377250367	7430.288825792
3	727	23654.429813531209	6822.1874063333
3	734	23868.582298354455	6486.5231262301
3	766	24946.914345613663	7286.3299793392
3	773	25224.927343203896	7997.1123979485
3	787	26263.261279362236	8154.6482616251
3	794	26593.848947025114	7883.4645192878
3	820	27852.364635662385	7495.4097060674
3	838	28109.675492477586	8622.9810334361
3	850	28805.27478534656	9317.9160404895
3	877	30027.969770319038	9978.0916765604
3	907	31517.114129644802	10196.095824861
3	914	31630.55342985245	10680.812835164
3	973	33202.632407817042	11636.155588486
3	985	33483.384379659989	11613.876503102
3	992	33752.126620021633	12366.069940119
3	1024	34636.339901321777	12840.574297399
3	1046	35217.358895876429	13169.930463337
3	1073	35878.301657251292	12852.318252363
3	1109	36825.456032176486	13271.046503477
3	1155	38414.582893149205	14848.124126997
3	1162	38482.43726403544	15570.214042098
3	1172	38968.006301838183	15652.286359807
3	1192	39549.207007280534	16371.697181176
3	1196	39803.180313407653	14733.056815652
3	1237	41263.663998936287	13641.507867577
3	1257	42090.368618647778	14382.155207091
3	1268	42943.398042823398	14644.954162012
3	1293	43909.657191549638	13321.97295475
3	1327	44403.892966165192	14447.631536086
3	1334	44639.22294053177	13656.97952145
3	1387	45955.088444446198	14672.446386617
3	1391	46128.898596427615	14602.444622619
3	1435	47476.42661984938	15751.428222475
3	1450	47918.429451650925	16264.655154137
3	1466	48549.973372201647	16204.42053039
3	1510	49634.128457931082	16113.073013899
3	1543	50263.635244005572	16096.470395202
3	1582	51207.728071519386	16491.086983346
3	1606	51825.501080156289	17570.010872138
3	1639	52463.31952955502	17331.728008338
3	1652	52965.678796452455	17495.551237469
3	1675	53769.188556195449	18606.010241429
3	1687	54633.594319037375	19293.299132627
3	1694	54680.134766270391	18382.165850759
3	1722	55487.687572800539	20261.011424437
3	1729	55802.82925845052	20458.47660867
3	1775	57419.234696012906	21215.081646463
3	1798	58254.374173051662	19805.714800344
3	1840	59128.091879283063	20442.436638081
3	1934	61467.879872565144	20538.175227174
3	1975	62862.392923859162	19135.047818377
3	1982	62966.0773376664	19296.908215217
3	2006	63903.035516104875	19749.147403777
3	2021	64517.21903581264	20241.480122876
3	2045	65025.635999403177	20726.99818639
3	2086	65999.513698919662	21870.605688919
3	2093	66060.56120052862	21677.283897314
3	2132	67579.57609331327	23446.781203313
3	2176	68549.195283632009	23871.965711716
3	2206	69672.533501730515	24248.234460432
3	2215	69904.986606660285	24928.618913038
3	2232	70766.72953472401	24149.781921674
3	2236	70872.174754069172	24071.105517251
3	2243	71260.871769952802	24674.297259966
3	2263	71902.624103165446	24791.877265256
3	2270	72358.388396372073	24953.156074712
3	2305	73415.844565612249	25387.058685968
3	2374	74818.832489158242	25126.187682383
3	2400	75177.794129495494	26066.743803853
3	2437	75635.679864146962	26080.921344279
3	2446	75996.770500150495	27313.619195116
3	2461	76725.410147792875	27806.71421121
3	2480	77169.330175436087	26433.185826736
3	2494	77945.083257853269	27393.46985181
3	2506	78102.526777853243	26888.321323224
3	2533	78669.152029790901	27767.52784389
3	2555	79084.889615158767	27400.161872055
3	2596	80289.170304239713	29376.844760123
3	2606	80413.000371138782	28218.863128731
3	2641	81521.01960781122	29168.963909003
3	2728	84094.124112203002	29605.865562727
3	2746	84703.271437167175	30039.166309533
3	2759	85144.085001488433	29624.252766452
3	2788	85679.128557983072	29235.732319432
3	2795	85787.755070869796	28965.565131159
3	2842	86775.942092594676	30184.063244104
3	2861	87149.967901314826	29022.837040883
3	2888	88233.545280630686	29593.390246811
3	2911	88660.361592675777	29965.928311739
3	2918	88900.15820319856	29779.993295185
3	2950	89615.417902237722	31051.687060868
3	2960	90060.396293177487	30993.66562544
3	3008	90844.226933568002	32189.548693827
3	3065	92540.071452978053	33623.058804056
3	3091	93383.941472164342	34198.677023924
3	3098	93620.984576418282	34359.485016393
3	3145	94818.672095919946	35195.734077773
3	3163	95137.206316924872	33883.053394824
3	3209	96341.909453951972	35088.666652288
3	3241	96930.108310208642	34386.908599532
3	3281	97779.336473065647	34587.942689997
3	3299	98629.205363607952	34765.621608075
3	3329	99555.342703872347	34906.843521336
3	3349	100533.345117709585	35916.153285669
3	3353	100565.114734861287	35790.020020327
3	3371	101714.914588582921	36698.675732406
3	3400	102268.652230716297	37054.727596536
3	3404	102523.842462840709	37199.918111535
3	3499	105382.193974629963	38342.694136481
3	3503	105666.928341332111	39300.15731166
3	3518	106048.966422918472	38332.118741556
3	3551	107089.413717855686	40424.228641585
3	3597	108588.767382093692	40864.260442388
3	3619	108842.108130409369	40491.101627681
3	3623	108932.254486567561	41206.733000998
3	3652	109287.128706156263	38727.627905376
3	3665	109854.261889550123	41311.553095265
3	3700	110871.416266056929	38641.3675729
3	3707	111131.438727640533	39918.278486197
3	3730	112268.732709578225	39687.935286625
3	3737	112324.382435054738	39893.896583413
3	3760	113535.201604758376	40355.175752985
3	3767	113806.039180093665	40627.096924651
3	3793	114756.469944798608	40953.510023188
3	3797	114855.710408409114	41157.619471393
3	3836	116489.537039027537	42975.137169735
3	3874	117906.742550608923	43707.884379875
3	3878	117928.191066366608	43711.064894945
3	3907	118833.426025454873	45186.047472302
3	3914	119024.637837725912	44712.393306
3	3956	120377.791301532869	45447.978988839
3	3976	121240.558907260174	45721.744060605
3	3991	121567.501901610975	45532.627799238
3	4021	122390.818289573525	46783.302500552
3	4045	123112.291730335901	47808.910222136
3	4071	123792.794084706564	48308.674685294
3	4099	124429.288829257001	45896.590405855
3	4111	124899.608119874481	46870.795169528
3	4159	126566.004562014003	47510.670689036
3	4163	126935.833178685035	47095.808243583
3	4216	128273.029602291982	48628.179839558
3	4223	128431.439506271144	49696.700429779
3	4240	129485.028549618309	49397.839803685
3	4244	129527.378102374252	49595.091998096
3	4271	130107.377409151977	49184.697505291
3	4292	130535.875686836418	50983.196778618
3	4318	131550.152431429353	49175.918228309
3	4328	131764.998782295024	51198.998085673
3	4358	132246.3520595068	50210.162577555
3	4399	133550.576015970891	51359.121267335
3	4411	133881.437485600811	51987.748795636
3	4438	134595.970891499183	50867.497448618
3	4457	135113.297970882606	51103.271453939
3	4481	135761.974680748991	52455.336431109
3	4522	136784.007317946282	53125.053907886
3	4526	136919.064752479074	52122.81842936
3	4570	138659.073996237469	54177.904725384
3	4582	138918.210871470384	53698.823877721
3	4592	139597.698052619574	53581.239988237
3	4609	140108.925758916176	54136.320304007
3	4616	140440.163873444301	54720.096855593
3	4649	141672.38984826113	54830.719163324
3	4670	142305.112435863577	55317.608598823
3	4688	142702.928512041446	56517.038606569
3	4717	143766.882465443797	56893.755050788
3	4727	144275.618321281847	56996.116172753
3	4773	145384.350835112146	57533.389316731
3	4795	145820.219748095599	56909.21912102
3	4826	146712.002111171362	57887.895791916
3	4846	147622.863278006426	58290.263191928
3	4850	147683.17693622875	57859.481770611
3	4870	148463.251568526951	58347.552079293
3	4882	149268.217104868254	60204.254949368
3	4886	149335.16164793725	59537.83984078
3	4921	150380.373804959691	60252.126045923
3	4936	151228.053528136563	61031.626322354
3	4946	151697.989077734984	61572.197161094
3	4967	152151.059749127355	60867.701938614
3	5017	153211.954168788381	62189.114142977
3	5026	153743.814360768758	61736.165988749
3	5033	153770.129183252332	62135.022039881
3	5095	155069.220108120692	63024.208504742
3	5122	155760.725672467835	62959.432383453
3	5129	155780.902406862927	63460.309549529
3	5159	156492.753147184141	63100.412418617
3	5179	157081.43975518736	63353.683590096
3	5189	157641.059278370104	63167.231067952
3	5227	158706.983995438544	64964.76872462
3	5260	159548.414289373196	63940.535037215
3	5282	160170.078949435605	65800.288879312
3	5314	161339.330699005388	65972.349228799
3	5321	161653.405127768395	66092.09698909
3	5407	163886.188063471802	67394.212608208
3	5414	163958.212871654882	67592.638059796
3	5453	165356.282532020463	69574.541985603
3	5482	166595.209401725783	69079.783195198
3	5494	166642.231307932399	69381.371816404
3	5506	167064.086106206281	68822.82671645
3	5513	167334.11826242622	69729.923880226
3	5530	168231.76488125789	69470.794832563
3	5543	168712.353721884304	68688.015378623
3	5573	169408.221482000539	68642.830048333
3	5641	171500.602753740726	69256.43049277
3	5653	171910.928786146445	68795.229054903
3	5669	172362.182896555626	70619.190483352
3	5695	173275.842899466856	71379.946317621
3	5705	173790.704453204984	70829.245361884
3	5740	174737.073875862165	70827.670721118
3	5755	175235.590856381917	71932.590418434
3	5764	175378.288184684692	71091.575340384
3	5779	176016.235905521774	71841.304771236
3	5789	176512.468001256688	72271.209604649
3	5809	176965.895477273492	72339.150114156
3	5825	177668.443636902833	72941.118391611
3	5848	178460.496762869174	72071.585695154
3	5863	178976.714158571317	72591.600410988
3	5867	179141.065994183758	71599.966624195
3	5891	180716.141306226367	73350.565658303
3	5906	181222.421619101419	73178.850939172
3	5939	182667.862462206735	74041.678655488
3	5962	183705.079119446913	74903.385364327
3	5996	184830.660421979605	75707.94949384
3	6019	185598.658527684623	76465.064941222
3	6043	186001.729655909343	77303.861549929
3	6055	186532.534902700448	77292.612844102
3	6089	187400.664178421015	78688.002434253
3	6117	188287.362179337992	78192.503648233
3	6121	188723.733019764527	76926.483414368
3	6128	188903.371585029402	78996.644109021
3	6154	190241.278513093471	77939.349492234
3	6158	190448.460217452833	78713.900581285
3	6178	191326.832413709947	77257.021836306
3	6182	191371.980330944984	77808.397989402
3	6212	192767.435967791119	78196.954574143
3	6230	193091.566180122076	77924.774156895
3	6268	193835.837161149124	77689.739100753
3	6287	194244.798592003985	78286.915611744
3	6302	194529.42088659945	77551.57913473
3	6343	195599.935773591737	78602.075655655
3	6370	196159.888730115248	77750.946156249
3	6379	196405.9205674373	78390.02920109
3	6427	197982.165353511686	78255.234387206
3	6472	200006.91923649911	79916.788672446
3	6487	200468.106785341392	79272.551793939
3	6491	200765.120013478204	78984.235310587
3	6527	201857.901640794466	79719.970776905
3	6544	202227.353445514332	79379.943340826
3	6548	202295.125617842182	80520.029561775
3	6590	203346.070545715506	80993.50854143
3	6625	204302.857894469976	80874.904813815
3	6647	205032.080788965564	81412.940468786
3	6659	205427.88783409725	81319.792815149
3	6693	206234.561396473314	82155.078491399
3	6700	206577.432502620845	82258.528671715
3	6712	206929.968778043281	81522.174099902
3	6730	207510.307507449056	82069.576074689
3	6778	209066.043490757461	82789.470744181
3	6793	209471.220616941331	83697.171008939
3	6811	209663.592185405309	83309.924952574
3	6821	210231.512096636919	82908.785214923
3	6841	210910.706230635746	83352.644673168
3	6845	210965.586074310581	84009.470381631
3	6895	212164.795391810353	82999.113821728
3	6908	212458.483084580852	84526.723209835
3	6929	212893.861215311094	82912.547982979
3	6958	213684.918226906325	83880.100486176
3	6965	213980.116353604002	84287.483357438
3	6997	214960.951295969302	84580.757051942
3	7001	215174.429579843758	85432.32295975
3	7033	216194.673960125997	86036.038749638
3	7045	216488.043441063951	85721.556951636
3	7052	216856.170965851511	85123.98193702
3	7075	217783.180413888063	85911.583227514
3	7082	218040.826809155746	86052.856308903
3	7099	219083.685612390741	86138.135577347
3	7103	219305.286946398433	86658.374980848
3	7144	221174.661708464142	87572.914753833
3	7171	221739.627580252469	87839.255843906
3	7183	222216.822127671208	88754.413278781
3	7187	222325.260377562833	88095.690098503
3	7208	222800.018683030263	88125.733241018
3	7251	224256.591425119892	90033.126375719
3	7255	224546.278547848802	89144.489238955
3	7265	225120.022914848284	90467.566354416
3	7296	226029.160391996608	91180.21695168
3	7300	226226.362009505735	91230.45642602
3	7312	226372.712679569837	90319.709300986
3	7319	226626.38263987307	90819.965339657
3	7396	228547.618721119122	90963.741254585
3	7409	228727.557373325569	91610.967351944
3	7444	230177.247843601969	91497.615730315
3	7456	230804.411745836021	91839.103882237
3	7465	231062.613946301159	90964.532752724
3	7475	231404.784157649608	90258.180784775
3	7501	232433.039229494514	90895.496172844
3	7523	233016.961063695369	91289.938677358
3	7560	234188.228760474356	92702.97938095
3	7567	234274.705221447391	91783.125812202
3	7571	234449.925814802753	92445.712542277
3	7594	235485.450439603063	91527.779023422
3	7598	235566.228361389829	92567.287729701
3	7633	236527.217538506718	91203.250982555
3	7672	238075.001248204379	93530.384821552
3	7676	238078.052053396584	92561.138144161
3	7697	238789.830752852603	93088.814011206
3	7747	240070.585083103969	94866.048148906
3	7757	240246.133447094815	94629.858048248
3	7789	241729.032834843727	94948.145793019
3	7831	243078.533365781649	96120.945241118
3	7864	243829.471377049803	94044.248375778
3	7871	243953.488917733537	95112.066004533
3	7892	244735.045340619281	94615.569448566
3	7921	245590.160913625032	95460.558074169
3	7925	245611.775900070551	95301.806111246
3	7960	246925.858849083068	96304.356440116
3	7964	246933.234222223282	94876.205946315
3	8004	247968.838031786489	95682.208398723
3	8017	248648.43585726735	96882.706128072
3	8024	248822.530415636483	95991.588807723
3	8096	251512.469801855505	98316.344956367
3	8122	252211.922030393961	99333.130998695
3	8146	252735.902977603719	98987.730477335
3	8195	253759.094342337222	99182.398182813
3	8228	254659.423010732043	100586.11077038
3	8243	255105.782098825322	100134.14119016
3	8264	256267.492832337502	100935.83717965
3	8284	256625.767372305737	102071.68802366
3	8291	257016.902878313322	101944.55405262
3	8315	257347.99615327199	102959.2520493
3	8339	258574.715539068911	102971.89012416
3	8357	259016.453981501283	104075.78523557
3	8369	259498.659403418187	103284.66765027
3	8392	260389.802552583623	103982.02624924
3	8396	260632.634421372087	103948.79153491
3	8408	261364.522038559426	103713.3142332
3	8420	261704.574904189678	104199.59846296
3	8437	262562.766999323848	104052.72991291
3	8462	263926.35477621201	105100.55320075
3	8497	264689.861880942244	106406.92790635
3	8564	266160.974781763973	106279.6482791
3	8587	266936.290820409541	106980.98682783
3	8591	267055.212519019144	107348.3652312
3	8620	267794.071330231847	107237.29971954
3	8624	267984.021791025062	108377.40157896
3	8662	268741.807681732809	107451.47121309
3	8678	269084.818871719064	106472.45653546
3	8790	271797.317443677221	109257.29215952
3	8794	271799.568813619437	108377.32261437
3	8801	272176.395052707988	109193.12776528
3	8830	273046.500357297246	109348.21240909
3	8845	273365.734613090056	109842.3046114
3	8852	273617.102477793579	109716.41435219
3	8884	274828.364951069701	110948.43114276
3	8888	274943.359217393209	109125.8703865
3	8909	275555.439273965779	110240.95237065
3	8918	275950.42029452603	110862.78842464
3	8933	276831.751959714341	111126.62978794
4	110	5252.579668647817	3835.8281985617
4	140	6186.213644892892	3607.2067657128
4	194	8256.79519653248	5066.041762458
4	236	9586.670423430374	3438.4663702605
4	278	10836.40666302385	3430.8772139961
4	331	12470.988588278165	3764.7372515899
4	445	15813.793024904304	4289.2736190964
4	698	23179.342422560771	7542.4109617721
4	854	29472.81929655092	9332.4665709801
4	881	30226.52998413982	9150.1699404922
4	941	32405.08846846337	11147.634473456
4	1133	37542.57209218035	14310.540260307
4	1225	41001.8271095671	14401.099728108
4	1264	42752.917367928646	14665.510978446
4	1412	46858.36677539254	15090.711108162
4	1503	49540.299663684316	16562.516489891
4	1528	50049.490420353584	16021.169112416
4	1578	50973.469467489965	16910.507357584
4	1733	56054.81972251179	19732.362766567
4	1762	56964.401166857434	20931.658228641
4	1825	58984.443597243381	20862.844117985
4	1874	59814.71606361608	19898.458583588
4	1900	60590.094327052109	19944.575559773
4	1916	60915.813248156784	20993.752988769
4	1949	62079.321706024212	19627.025991979
4	2128	67447.753075146331	23383.232003683
4	2188	68806.925739469924	23902.039140598
4	2309	73474.770707077562	25799.959684031
4	2407	75458.435343123026	26182.434238717
4	2518	78451.672998908192	27780.940037262
4	2645	81582.729684672535	29557.458622264
4	2683	83080.983277931094	31652.554897499
4	2687	83093.36982390935	29734.45534884
4	2713	83712.634305265717	29978.129788861
4	2821	86356.031064567373	29386.577216014
4	3004	90823.663732447647	31430.791253882
4	3058	92486.473694033207	32867.169979568
4	3124	94307.63048343289	33697.373486753
4	3185	95837.752481895486	34619.238612684
4	3256	97234.252147422391	34513.65000501
4	3277	97714.877785277539	34716.298209298
4	3325	99488.596123586628	35323.911866861
4	3454	104127.445377475568	37696.926687115
4	3458	104134.955610660124	38655.248231727
4	3547	107071.693589975346	39638.403237137
4	3826	115797.752278930728	42777.273561757
4	3851	116930.581224820797	42847.366510911
4	3946	120039.820186971674	45300.831302024
4	4001	121861.785270283917	46368.165760047
4	4078	124029.841258265997	45766.620962431
4	4115	125357.087491593311	46653.831033147
4	4195	127577.70380474556	49009.665937787
4	4354	132245.238501903822	50615.424656647
4	4558	137986.681923204325	53613.059694121
4	4639	141384.492517057098	54926.031655339
4	4766	145301.34185653272	57755.707201421
4	4799	145836.04829363617	57532.496501824
4	5231	158822.877688137107	64995.218030934
4	5338	162199.013629722633	67177.318543838
4	5356	162917.370431284411	67900.653332347
4	5375	163411.845249784403	67447.020168712
4	5437	164976.95096456375	69045.829514487
4	5566	169254.607927539376	68844.515121468
4	5591	169913.260901832013	67295.073352017
4	5626	171047.525867055395	69619.888336055
4	5887	180643.752637813791	73661.515165764
4	5924	182062.510270857478	74748.120919798
4	5966	183714.510030346914	75501.004589885
4	6079	186927.717569974243	77238.265058666
4	6191	191894.476710391222	78059.106497868
4	6391	196768.999976879908	77944.801399577
4	6410	197348.687352388391	78385.409869117
4	6437	198157.564645717843	78882.740644767
4	6457	199730.298921876579	79960.090454748
4	6740	207872.731347625135	82038.22337273
4	7112	220193.982682154507	88110.374621278
4	7237	224105.77133979578	89433.466719723
4	7363	227916.623826985476	90787.590355356
4	7370	228063.794614561827	91560.650946601
4	7508	232542.304958104384	91628.27538027
4	7637	236728.386456937759	93296.724859369
4	7735	239766.877414817916	94595.029978539
4	7802	242088.847453491061	96190.064501039
4	7838	243299.998876695516	93704.678439313
4	7984	247527.064379657849	94929.385275081
4	8050	249689.078139717922	96663.961619042
4	8054	250037.674024264325	97169.740852879
4	8080	251129.314494776536	98050.326016004
4	8167	253173.975525927725	99146.465389557
4	8444	262945.680848107907	104381.37266568
4	8507	264758.506577479887	107038.43651466
4	8531	265369.218318761323	107197.98310646
4	8711	269849.124013205056	107030.3373335
4	8738	270465.167952533113	107513.41752417

