version 2
run Iteration-44-20200521-09:53:21-44224
attr configname Iteration
attr datetime 20200521-09:53:21
attr experiment Iteration
attr inifile omnetpp.ini
attr iterationvars "$i=4, $j=9, $0=15-(4+9)"
attr iterationvarsf i=4,j=9,15-(4+9)-
attr measurement "$i=4, $j=9, $0=15-(4+9)"
attr network Network
attr processid 44224
attr repetition 0
attr replication #0
attr resultdir results
attr runnumber 44
attr seedset 44
itervar i 4
itervar j 9
param **.resourcePool.amount 4
param **.resourcePool1.amount 9
param **.resourcePool2.amount 15-(4+9)
param **.source.interArrivalTime exponential(6min)
param **.delay.delay uniform(4min,28min)
param **.delay1.delay uniform(10min,28min)
param **.delay2.delay uniform(4min,16min)
param **.allocate.resourceModuleName "\"Network.resourcePool\""
param **.allocate1.resourceModuleName "\"Network.resourcePool1\""
param **.allocate2.resourceModuleName "\"Network.resourcePool2\""
param **.deallocate.resourceModuleName "\"Network.resourcePool\""
param **.deallocate1.resourceModuleName "\"Network.resourcePool1\""
param **.deallocate2.resourceModuleName "\"Network.resourcePool2\""
param **.router.randomGateIndex "uniform(0, 1) > 0.2 ? 0 : 1"

vector 0 Network.allocate queueLength:vector ETV
attr interpolationmode sample-hold
attr title "queue length, vector"
vector 1 Network.allocate1 queueLength:vector ETV
attr interpolationmode sample-hold
attr title "queue length, vector"
vector 2 Network.allocate2 queueLength:vector ETV
attr interpolationmode sample-hold
attr title "queue length, vector"
vector 3 Network.sinkStat lifeTime:vector ETV
attr interpolationmode none
attr title "lifetime of arrived jobs, vector"
attr unit s
vector 4 Network.sink lifeTime:vector ETV
attr interpolationmode none
attr title "lifetime of arrived jobs, vector"
attr unit s
0	0	0	0
0	373	13805.707893495146	1
0	375	13895.013014088713	0
0	473	16446.767253499022	1
0	475	16532.453264515252	2
0	482	16602.516668798625	1
0	490	16667.974535217771	0
0	495	16777.432567139955	1
0	502	17019.720189078042	0
0	519	17438.390853996711	1
0	521	17450.409384032272	0
0	540	17927.34978007906	1
0	542	17999.201501632332	0
0	972	30530.655380850508	1
0	978	30695.376397422883	0
0	987	30797.238318881269	1
0	989	30813.011744491175	0
0	998	30864.799193618043	1
0	1016	31305.876245680671	2
0	1018	31317.411799122168	3
0	1020	31419.650756291464	2
0	1025	31420.400855249094	1
0	1030	31626.284833335792	0
0	1083	32658.702299880251	1
0	1093	33065.070271351173	0
0	1120	33309.794231789948	1
0	1132	33439.350372045424	2
0	1134	33536.566859374571	1
0	1139	33547.266502343458	0
0	1167	34289.782404030063	1
0	1169	34329.958443175991	2
0	1171	34385.409940328942	3
0	1173	34402.289163739219	2
0	1178	34525.673292223891	1
0	1186	34786.87922847554	2
0	1196	34905.896205237034	3
0	1198	34952.778676469406	2
0	1211	35121.839748279548	3
0	1213	35173.071136402715	2
0	1218	35231.400299118891	1
0	1223	35342.850894600883	0
0	1236	35716.581593038926	1
0	1249	35766.88480107794	2
0	1251	35921.055778126027	3
0	1253	36020.922965347994	4
0	1260	36129.703397439344	5
0	1270	36306.910857672621	4
0	1275	36417.031337675234	3
0	1283	36625.075504042938	2
0	1296	36844.886010596588	1
0	1306	36975.631136849569	2
0	1308	37124.429013141229	1
0	1318	37330.554295024815	2
0	1320	37567.085531436636	1
0	1334	37782.667474037662	2
0	1336	37812.174611056973	1
0	1341	37821.643628348192	0
0	1371	38271.414967782118	1
0	1373	38319.993624613271	2
0	1378	38606.256714359655	1
0	1383	38615.449713835646	2
0	1393	38746.211003322538	3
0	1395	38809.568600263974	2
0	1403	38900.805463346471	1
0	1421	39535.608365262588	0
0	1531	42048.740563237037	1
0	1533	42162.592632837146	0
0	1697	46440.697656257559	1
0	1699	46649.460264395623	0
0	1704	46807.738070889324	1
0	1706	46882.13860237697	2
0	1708	46944.280853717075	1
0	1713	47036.080141815092	0
0	1725	47240.220784829134	1
0	1735	47419.942430077377	2
0	1737	47441.798251855819	1
0	1746	47718.421340524906	0
0	1757	47982.163590107533	1
0	1759	47995.030479433681	0
0	1764	48011.245225428053	1
0	1779	48173.180915292183	2
0	1781	48286.1858339633	1
0	1786	48377.470594829367	0
0	1796	48411.471429800536	1
0	1806	48605.348741973978	2
0	1816	49087.038030352144	1
0	1821	49104.518594260062	0
0	2045	55489.960181537457	1
0	2047	55495.071639518552	2
0	2049	55623.84628795157	1
0	2054	55741.362155041802	0
0	2059	55817.482231693515	1
0	2065	56044.390785606843	0
0	2074	56136.87133164047	1
0	2076	56187.902376350477	2
0	2086	56747.686097886061	1
0	2095	56919.944831791976	2
0	2101	57031.895055385572	1
0	2112	57219.747054547205	2
0	2119	57265.903253965777	1
0	2124	57268.327956943917	0
0	2129	57363.29448026859	1
0	2131	57549.285253732609	0
0	2144	57688.21288393095	1
0	2155	58094.997235204672	0
0	2318	61835.217034384124	1
0	2324	62056.831791993005	0
0	2589	69131.898147073202	1
0	2595	69174.7157568615	2
0	2597	69501.162293743249	1
0	2602	69595.629255565497	2
0	2604	69820.601975927445	1
0	2617	70376.690084450241	2
0	2619	70427.717713782131	1
0	2624	70477.346206085817	0
0	2655	71119.944285883818	1
0	2657	71240.230944187879	0
0	2670	71393.563988525671	1
0	2672	71447.454188825004	0
0	2681	71580.730718699508	1
0	2683	71670.342958528583	0
0	2692	71787.15459130564	1
0	2698	71973.005111025214	0
0	2703	72031.46714576899	1
0	2705	72059.232209662036	0
0	2721	72339.276594036429	1
0	2731	72391.455100952905	2
0	2736	72495.092727081292	1
0	2741	72536.061158847098	0
0	2828	74295.854249807776	1
0	2830	74346.074663987197	2
0	2832	74407.245168967355	1
0	2837	74470.467460047273	2
0	2844	74552.389407491266	1
0	2849	74576.456151042141	2
0	2859	74944.818630154904	3
0	2866	75025.446699666845	2
0	2871	75169.442229950879	3
0	2878	75367.899421400376	4
0	2883	75514.683384520888	3
0	2888	75543.411841329958	4
0	2890	75572.73386284853	3
0	2895	75598.928320073824	4
0	2902	75823.292266707585	5
0	2912	75932.529873317853	6
0	2914	75935.143418906212	5
0	2924	76051.223544797111	4
0	2933	76290.981147843468	3
0	2938	76298.233121408105	2
0	2943	76308.051035499382	1
0	2948	76362.685480230997	0
0	2953	76517.523148335542	1
0	2973	76817.181846892643	0
0	3076	79287.382764538179	1
0	3088	79609.920438055238	0
0	3173	81946.684672393371	1
0	3175	82020.352567892694	2
0	3182	82091.049966089445	1
0	3187	82135.328111341467	2
0	3189	82142.577867149024	3
0	3191	82239.50452499515	4
0	3193	82290.04926432477	5
0	3195	82374.925464092477	6
0	3197	82689.398293419793	5
0	3202	82764.196180925306	4
0	3211	82790.233358963272	3
0	3224	83124.989649653968	2
0	3233	83369.232723251003	1
0	3238	83369.828880203085	2
0	3240	83400.596501244873	3
0	3254	83569.646451137081	2
0	3259	83723.621935880622	1
0	3264	83783.271002893204	2
0	3266	83817.115219369549	1
0	3271	83861.822223406765	2
0	3289	84403.037294260863	3
0	3291	84416.318626100746	4
0	3293	84563.605902995506	5
0	3299	84661.350686923203	4
0	3307	84796.34812556102	3
0	3312	84801.18481334211	2
0	3320	84878.23467023659	3
0	3333	85352.197413578648	2
0	3338	85352.987862636468	3
0	3340	85478.499549665091	2
0	3355	85782.127818098158	3
0	3357	85829.679299332736	2
0	3362	85876.810149773077	1
0	3367	86044.325232462903	2
0	3369	86097.6388714452	1
0	3379	86213.640528656989	2
0	3395	86411.004319824813	1
0	3403	86498.089108303208	0
0	3431	87384.194660255171	1
0	3436	87393.096169760771	2
0	3438	87454.841816908559	1
0	3460	87640.22275425168	2
0	3462	87674.873652370162	3
0	3464	87853.743955001944	4
0	3466	87899.553470078863	5
0	3468	87902.521070142367	6
0	3475	87966.425883955201	5
0	3480	87996.787196919857	4
0	3490	88117.717900637599	3
0	3495	88155.200108870883	2
0	3500	88179.689439704668	3
0	3502	88336.35292380943	2
0	3526	88887.798602386879	3
0	3541	89343.583733648081	2
0	3549	89455.448751481371	3
0	3561	89674.452792965411	2
0	3566	89679.916303295704	1
0	3574	89767.601948796844	2
0	3576	89872.914631216666	1
0	3591	90249.159948642643	2
0	3596	90486.308043881999	3
0	3598	90516.605651043891	2
0	3603	90607.293236430796	1
0	3613	90824.617274702131	0
0	3624	90943.213629162864	1
0	3631	90997.950653009136	0
0	3636	91026.441840687469	1
0	3638	91030.902739081593	0
0	3643	91114.941410522126	1
0	3650	91372.15669929876	0
0	3825	96678.856379838551	1
0	3832	96910.527963933617	0
0	3837	96973.693987158814	1
0	3839	97122.979926763729	2
0	3841	97125.548801873651	1
0	3850	97157.56089132008	0
0	4045	103498.365451845544	1
0	4047	103582.305987574232	0
0	4095	104683.1091417589	1
0	4097	104753.001543634507	2
0	4099	104754.993232074176	1
0	4111	104945.395454620567	0
0	4135	105584.843507434404	1
0	4137	105675.158166953245	0
0	4340	111514.615482067045	1
0	4342	111613.594334512112	2
0	4356	112028.64923768989	1
0	4361	112079.158831581608	2
0	4363	112099.730768662851	3
0	4365	112111.688247206947	2
0	4370	112259.38012252216	1
0	4375	112273.341634531326	2
0	4377	112392.350886178531	1
0	4382	112472.175036993949	2
0	4384	112605.365944845028	1
0	4393	112717.090462756671	0
0	4406	112997.280691940739	1
0	4408	113095.420571429051	0
0	4413	113104.121611122352	1
0	4415	113104.582532537527	0
0	4420	113219.908426427603	1
0	4426	113237.334465557968	2
0	4432	113518.712231578573	1
0	4440	113549.072876994825	0
0	4532	115269.958697670864	1
0	4540	115646.761354287681	2
0	4547	115853.312950234833	3
0	4559	116114.695917760544	2
0	4567	116282.029657758421	1
0	4572	116546.721150647734	0
0	4607	117183.081364402511	1
0	4609	117185.086979778321	2
0	4611	117292.313139291349	3
0	4621	117347.426905842889	4
0	4623	117482.189386896762	3
0	4628	117486.737640414349	4
0	4630	117488.200580276198	3
0	4635	117491.104964403916	4
0	4637	117659.057850764334	5
0	4644	117682.629707930477	4
0	4654	117795.697600725923	3
0	4670	118185.271486192915	2
0	4675	118212.675495099592	3
0	4677	118225.221226125605	2
0	4687	118289.436448654027	1
0	4697	118480.019744444523	0
0	4855	121300.504515180374	1
0	4860	121378.149515952143	0
0	5087	127807.627420251938	1
0	5093	128066.822289707791	0
0	5120	128397.811228250413	1
0	5122	128434.241007374355	0
0	5127	128821.845597618004	1
0	5129	129049.83938999684	0
0	5190	130315.899910528508	1
0	5197	130333.74636720666	0
0	5335	133993.733416591481	1
0	5341	134148.552247122086	2
0	5343	134267.991057827899	1
0	5348	134405.547609909368	0
0	5353	134790.122151356447	1
0	5359	134930.573845091838	2
0	5361	135137.926059431695	1
0	5366	135375.039345488225	2
0	5368	135389.373577303902	3
0	5370	135389.473838813433	2
0	5375	135404.260564198799	1
0	5384	135453.716151325894	0
0	5492	138060.601455010953	1
0	5505	138265.609036147606	0
0	5528	138877.507768788732	1
0	5530	138953.983314051442	0
0	5577	139934.166894763882	1
0	5582	140013.683289594971	0
0	5671	141913.339233245259	1
0	5673	141986.89243316719	2
0	5679	142061.767953555427	3
0	5689	142296.553536634306	4
0	5691	142862.056670485915	3
0	5699	142956.494381698875	2
0	5709	143001.115006050969	1
0	5714	143018.515534720959	2
0	5720	143117.796738273095	3
0	5722	143190.024098864676	2
0	5727	143220.101603545551	1
0	5732	143296.023398371292	2
0	5734	143694.819566643716	1
0	5747	143872.417952111865	0
0	6163	153187.203329167414	1
0	6165	153414.716842657115	0
0	6181	153767.504176707561	1
0	6183	153865.279347643743	0
0	6331	157857.801128590156	1
0	6345	158083.228634269882	0
0	6409	159579.684729844653	1
0	6428	159741.949511461842	0
0	6438	160197.677196534876	1
0	6440	160329.361725182223	0
0	6448	160449.045814891569	1
0	6455	160589.342157818495	0
0	6775	172016.890841239573	1
0	6777	172116.695097579655	0
0	6782	172214.049084346957	1
0	6784	172271.23861862619	2
0	6790	172417.863663192419	1
0	6795	172647.694555826045	0
0	6825	173433.940643945915	1
0	6831	173814.19434662308	2
0	6833	173899.277610648004	1
0	6852	174484.131633333941	2
0	6859	174532.963311807414	3
0	6861	174534.014184155096	2
0	6866	174542.305293183613	1
0	6879	174893.183226276028	0
0	6951	176188.341969296299	1
0	6953	176491.662423897374	0
0	7334	189600.951505985205	1
0	7336	189621.399693640827	2
0	7338	189881.854778164153	1
0	7343	190026.91710403994	0
0	7355	190121.099540151789	1
0	7357	190296.15021703931	0
0	7369	190501.97861416537	1
0	7371	190857.723105893557	0
0	7399	191227.72779794504	1
0	7401	191374.468850326619	0
0	7457	192639.851961125365	1
0	7469	192955.012336933628	0
0	7603	196378.649713186985	1
0	7605	196396.636942806094	0
0	7824	202447.007655857156	1
0	7830	202627.354796867912	2
0	7836	202641.292271797308	1
0	7841	202646.433806185175	2
0	7843	202845.553172402195	1
0	7848	202885.720938084864	2
0	7850	202942.342763093063	1
0	7855	202993.322984798499	0
0	7899	203780.765455271301	1
0	7901	203823.352377724986	2
0	7919	204161.67408200576	1
0	7927	204310.133873623918	0
0	7944	204606.212938271963	1
0	7946	204634.404338153708	2
0	7948	204680.421391428859	3
0	7958	204925.4133762665	2
0	7968	205026.239851894622	1
0	7973	205074.088259925257	0
0	8019	205916.419958494205	1
0	8024	206059.310074438464	0
0	8029	206079.199853437532	1
0	8044	206330.967485407731	0
0	8049	206390.30293046224	1
0	8057	206465.89897305423	2
0	8064	206764.485827763444	3
0	8076	207232.670878199052	2
0	8084	207318.132427325164	1
0	8089	207372.419288354995	0
0	8109	207542.882719372234	1
0	8111	207579.829995035395	2
0	8113	207769.713783535244	1
0	8123	208039.99409759378	2
0	8130	208191.781272953068	1
0	8143	208366.867335649474	2
0	8145	208403.743579623652	1
0	8153	208660.438736165943	0
0	8158	208663.897308816892	1
0	8173	208800.729756848447	2
0	8178	208904.819254790556	1
0	8186	208954.247108352994	0
0	8196	209029.50941075785	1
0	8198	209074.087589583636	2
0	8200	209087.988384413602	1
0	8216	209565.918365133358	0
0	8221	209736.909545994671	1
0	8228	209809.458555030706	0
0	8340	211859.657852786442	1
0	8347	212091.119153736923	2
0	8354	212439.785474137	1
0	8364	212635.859022880919	0
0	8379	212744.726956071609	1
0	8381	212760.933148976334	2
0	8388	212810.028828469787	3
0	8390	213077.969320299935	4
0	8392	213084.357185941893	3
0	8397	213178.857775056069	4
0	8404	213237.963604298404	3
0	8417	213351.544445218426	4
0	8419	213493.586934989717	5
0	8429	213583.400241628818	4
0	8437	213674.044175968308	5
0	8447	213975.077865381141	6
0	8449	213996.135118794611	5
0	8454	214042.28987842334	4
0	8462	214105.629944857913	3
0	8472	214311.822288038717	4
0	8482	214522.557066400307	3
0	8487	214638.989217550091	2
0	8500	214893.925097729094	1
0	8505	214899.005333407621	2
0	8507	215018.192687923121	3
0	8512	215196.710340422562	2
0	8517	215211.079016224078	1
0	8527	215383.254264649707	0
0	8550	215590.759651016004	1
0	8555	215669.815953518279	0
0	9005	230879.215643230738	1
0	9007	230905.549684933257	2
0	9013	231175.987555567548	1
0	9018	231326.38167624127	0
0	9163	235563.66007149319	1
0	9169	235741.64175212773	0
0	9425	245624.600965045468	1
0	9427	245860.467893310723	0
0	9860	257166.349274330794	1
0	9862	257299.922180816079	0
0	9899	257937.004452816927	1
0	9901	258019.304166035572	2
0	9908	258296.744099378134	1
0	9913	258363.857986627644	0
0	9944	259072.020841273109	1
0	9946	259143.537577374114	0
0	10170	264342.683683575827	1
0	10181	264486.621153298091	2
0	10183	264558.766094628394	1
0	10188	264568.955445518344	0
0	10304	267855.073905739859	1
0	10306	267881.789173945151	2
0	10308	268214.127507438404	1
0	10313	268530.004013670129	0
0	10398	271175.751160067541	1
0	10405	271449.481877648442	2
0	10412	271567.666669816301	1
0	10417	271602.105440092479	2
0	10419	271648.928284241052	1
0	10428	271759.602411463914	2
0	10430	271829.883652830795	1
0	10443	272518.399604475461	0
0	10520	274291.665489684017	1
0	10526	274407.187084386799	0
0	10531	274566.748917176451	1
0	10545	274753.162057538833	0
0	10622	276723.518021355334	1
0	10624	276734.149906046739	0
0	10629	276810.961972168485	1
0	10647	277060.026487519672	0
1	0	0	0
1	4710	118559.60284172544	1
1	4713	118567.740094385691	2
1	4726	118787.927106413963	1
1	4731	118978.954625088606	2
1	4734	119028.048049228259	3
1	4736	119073.562607377417	2
1	4740	119123.977925345186	1
1	4744	119181.703164391087	0
1	4749	119194.221953051665	1
1	4756	119227.184033561365	0
2	0	0	0
2	97	3640.517054616972	1
2	104	3801.929598803391	2
2	106	3918.531452288916	1
2	111	4285.663657086968	0
2	117	4290.968730230555	1
2	119	4312.485319675943	0
2	132	4583.073437554555	1
2	137	4652.670621668985	0
2	210	6908.437111519337	1
2	212	7492.883594748114	0
2	218	7516.120149188749	1
2	220	7535.234691435971	0
2	318	11884.867395470134	1
2	328	11978.414219527065	0
2	452	15870.296346489154	1
2	455	15949.308196293013	2
2	458	15951.694006165261	3
2	463	16332.649238487696	2
2	468	16421.355956198045	1
2	477	16574.074661923563	0
2	488	16643.382940724289	1
2	497	16840.760922880241	0
2	535	17757.019046303147	1
2	547	18012.606368964761	0
2	592	19206.698649514027	1
2	598	19233.561004126667	0
2	611	19608.103809170687	1
2	613	19736.054490168743	0
2	623	19922.920024582393	1
2	634	19977.884185702704	0
2	648	20489.071302904039	1
2	654	20656.757097272516	0
2	708	22111.892443187242	1
2	710	22139.265370845068	0
2	766	24022.218510415484	1
2	768	24254.82683874788	0
2	774	24363.730090895786	1
2	776	24427.789414473606	0
2	782	24433.492927096092	1
2	787	24755.850090348444	0
2	847	26952.263213244525	1
2	849	27184.452299227748	0
2	855	27213.158305986637	1
2	858	27248.696351858232	2
2	864	27398.956452787545	1
2	879	27930.266326305148	0
2	1066	32352.685895371619	1
2	1072	32534.054766144904	0
2	1086	32789.264027051047	1
2	1088	32798.644468107611	0
2	1103	33174.757814956373	1
2	1109	33205.605839067507	2
2	1112	33253.880467725337	3
2	1115	33282.146531829075	4
2	1118	33287.603173451041	5
2	1122	33316.147028819027	4
2	1127	33380.557597292006	3
2	1145	33857.757952852475	4
2	1151	33971.876400985124	3
2	1160	34215.194854083269	4
2	1162	34244.364992243588	3
2	1184	34643.960837780315	4
2	1188	34882.121958356651	3
2	1194	34893.6307101607	4
2	1204	35044.918941371482	5
2	1206	35090.02523943165	4
2	1228	35447.62403830269	3
2	1234	35589.963332452407	4
2	1239	35734.121748153647	5
2	1241	35736.971626967492	4
2	1247	35750.676801035911	5
2	1255	36098.744211302489	4
2	1262	36236.000387274029	3
2	1268	36266.007033018455	4
2	1281	36440.040054184202	5
2	1289	36672.834384337798	6
2	1291	36693.763252099395	5
2	1301	36966.22328349978	4
2	1313	37310.719194294304	3
2	1326	37699.446475936849	4
2	1329	37704.360464726373	5
2	1332	37778.727741297861	6
2	1346	37821.829434198678	5
2	1351	37866.787073832306	4
2	1357	37978.595613213315	5
2	1366	38270.750075891915	4
2	1376	38327.794808856009	5
2	1385	38688.966716875673	4
2	1391	38731.813995874285	5
2	1401	38853.471289559086	6
2	1408	39221.286208998713	5
2	1414	39223.664860269582	6
2	1416	39339.274292023272	5
2	1431	39621.191219268426	6
2	1434	39774.554225326314	7
2	1436	39784.109050125185	6
2	1441	39801.3226562863	5
2	1454	40013.443481876111	6
2	1457	40073.980253984039	7
2	1459	40094.196349006448	6
2	1472	40452.205600958619	5
2	1478	40532.371547889625	6
2	1487	40735.259486784578	5
2	1492	40834.590178687427	4
2	1498	40843.088542428395	5
2	1501	40891.24318592137	6
2	1509	41590.965914645583	5
2	1517	41657.781335149262	4
2	1523	41660.590716032363	5
2	1526	41711.711992419143	6
2	1529	41934.085898470794	7
2	1542	42394.537908301059	6
2	1547	42532.225222693176	5
2	1552	42834.900458954576	4
2	1569	43091.999951425492	5
2	1571	43095.713683419231	4
2	1580	43137.674386122615	3
2	1585	43382.366894796792	2
2	1594	43632.262256534408	3
2	1597	43716.636527977791	4
2	1599	43829.371553693268	3
2	1609	43951.540956696289	4
2	1611	44066.366861977966	3
2	1619	44265.628817990724	2
2	1625	44355.794131263644	3
2	1638	44783.017937329949	2
2	1644	44874.820321224662	3
2	1646	44967.75519257069	2
2	1651	45109.904278901757	1
2	1657	45192.970221018894	2
2	1659	45571.610625305564	1
2	1664	45716.827520519797	0
2	1683	46325.568080618556	1
2	1688	46405.196638532285	0
2	1752	47834.292869240464	1
2	1755	47932.955039043646	2
2	1767	48065.056339089175	3
2	1769	48103.679957039978	2
2	1774	48137.03609132923	1
2	1791	48403.890605194194	0
2	1873	49856.336117497133	1
2	1875	50102.064674191843	0
2	1899	50606.38364975875	1
2	1906	50741.982308699237	2
2	1909	50880.394189835261	3
2	1911	50946.472519871514	2
2	1917	50976.186340924053	3
2	1919	51000.215559227093	2
2	1929	51377.303104122864	3
2	1938	51513.028147069438	2
2	1944	51624.081600740409	3
2	1946	51793.8490628197	2
2	1951	52095.710722392126	1
2	1956	52169.889728736799	0
2	1962	52181.598019030864	1
2	1964	52426.968607467335	0
2	2107	57059.482328133923	1
2	2110	57091.333836727541	2
2	2114	57243.431860561627	1
2	2137	57613.691458016282	2
2	2139	57670.098503916894	1
2	2146	57831.207379828352	0
2	2172	58308.713652211385	1
2	2174	58355.383353530574	0
2	2192	58794.710212423611	1
2	2195	58829.808922140625	2
2	2201	59018.574929739493	1
2	2219	59471.242325975704	0
2	2225	59565.136459458051	1
2	2231	59679.014868879338	0
2	2237	59820.205820062341	1
2	2240	59897.031669929889	2
2	2242	59977.858142381181	1
2	2247	59999.641184303123	0
2	2256	60226.899251165566	1
2	2266	60508.797697796631	0
2	2330	62075.405127618785	1
2	2332	62092.574331010426	0
2	2342	62418.946722227766	1
2	2344	62459.017244721497	0
2	2350	62498.755573722337	1
2	2356	62688.417234831754	0
2	2362	62773.483996330148	1
2	2365	62965.468888548909	2
2	2367	62988.930031838561	1
2	2379	63249.182090903367	0
2	2448	65299.494801141897	1
2	2450	65306.069002669079	0
2	2463	65563.597120546912	1
2	2472	65728.277453105671	0
2	2516	67007.32965045174	1
2	2518	67161.980470675276	0
2	2550	68031.430828543373	1
2	2553	68153.063999497226	2
2	2558	68266.158588626543	1
2	2570	68823.901498749952	0
2	2630	70484.582217926066	1
2	2632	70572.721733373715	0
2	2711	72094.930851658374	1
2	2714	72179.362838067022	2
2	2716	72319.309654992135	1
2	2724	72374.039250580629	2
2	2726	72390.22720425719	1
2	2734	72473.53730323756	2
2	2746	72678.186003930928	1
2	2752	72828.855257747136	2
2	2755	72881.85548141928	3
2	2769	73160.631492689313	2
2	2774	73215.127346621394	1
2	2780	73268.676823686869	2
2	2783	73269.176110444032	3
2	2790	73586.417071318314	4
2	2792	73722.062474034788	3
2	2804	73905.915743108281	4
2	2807	73947.915663221885	5
2	2812	74121.741465733886	4
2	2821	74174.489259490311	5
2	2823	74215.154412958832	4
2	2839	74505.427361458601	3
2	2852	74586.973056146909	4
2	2854	74941.199084644705	3
2	2861	74947.637811631025	2
2	2873	75220.761953269631	1
2	2881	75437.226432727604	2
2	2897	75685.731967549832	1
2	2904	75858.217178595752	0
2	2910	75864.093523036871	1
2	2919	75980.339151073308	0
2	2960	76583.717361528381	1
2	2962	76735.635281590313	0
2	2968	76743.786010446209	1
2	2971	76801.299596715674	2
2	2979	77009.036083893428	3
2	2982	77060.207453824535	4
2	2984	77190.530121320427	3
2	2993	77233.886637869345	2
2	3007	77617.076041625391	3
2	3010	77638.539721651185	4
2	3012	77708.475975985693	3
2	3022	77910.578788716528	4
2	3025	77967.41791053215	5
2	3027	77992.198009224177	4
2	3033	78185.423882438051	5
2	3038	78368.036369526327	4
2	3043	78557.778743146973	3
2	3051	78846.457824814188	2
2	3060	78934.747880344789	3
2	3063	78938.755163688168	4
2	3069	79118.930847565699	5
2	3071	79198.670181869584	4
2	3078	79312.153398947359	3
2	3083	79528.288589189815	2
2	3093	79727.074139130802	1
2	3109	80205.271472328843	0
2	3131	80974.241474025891	1
2	3137	81053.940461485004	2
2	3142	81112.300137238146	1
2	3151	81268.266685063266	0
2	3160	81459.366697808798	1
2	3166	81849.098842727257	2
2	3168	81865.432643493206	1
2	3177	82080.953888407224	0
2	3278	83968.275776588237	1
2	3280	84162.884234441977	0
2	3305	84788.053296258691	1
2	3318	84808.872517737612	2
2	3322	84958.793826783609	1
2	3328	84991.934117347813	2
2	3331	84992.057864027116	3
2	3345	85481.991052469772	2
2	3350	85697.125358703148	1
2	3374	86172.799064247471	0
2	3382	86233.878122103003	1
2	3385	86276.509164738348	2
2	3388	86284.403996849967	3
2	3390	86403.957336070549	2
2	3401	86440.95177090639	3
2	3416	86816.660678567383	4
2	3418	87056.143478723776	3
2	3423	87330.23626671226	2
2	3429	87365.03560004668	3
2	3434	87388.253565626754	4
2	3444	87513.299544522558	5
2	3447	87520.419232117823	6
2	3450	87546.994675005839	7
2	3452	87575.121671660405	6
2	3458	87593.12400813268	7
2	3470	87921.41061770783	6
2	3485	88085.754075358224	5
2	3508	88524.643043576619	6
2	3510	88698.009315664482	5
2	3516	88720.647960936712	6
2	3518	88727.571770148885	5
2	3524	88859.137953732973	6
2	3528	89157.960567987126	5
2	3534	89217.072811605428	6
2	3536	89277.745227059883	5
2	3547	89370.988765312894	6
2	3551	89468.111049989772	5
2	3556	89656.932593705666	4
2	3572	89723.395064276523	5
2	3581	90106.948840907377	4
2	3586	90209.962467263055	3
2	3594	90353.568412419944	4
2	3608	90699.75587264688	3
2	3619	90824.812358062734	4
2	3622	90842.113272015067	5
2	3626	90963.612855608177	4
2	3645	91218.089549532694	3
2	3655	91395.387668191057	2
2	3661	91400.757723421669	3
2	3664	91841.71025764017	4
2	3670	91940.736342045081	3
2	3676	92093.562088050484	4
2	3686	92254.775736032116	5
2	3688	92351.933848327559	4
2	3694	92390.840757703944	5
2	3696	92421.510553407085	4
2	3710	92494.841055189138	5
2	3713	92619.149964101632	6
2	3719	92687.888104292166	5
2	3727	93043.404948106569	4
2	3733	93133.644411245423	5
2	3740	93492.972058060943	6
2	3742	93517.254458265912	5
2	3748	93545.854651000371	6
2	3751	93625.816463800684	7
2	3754	93642.11769881553	8
2	3756	94001.469118400079	7
2	3762	94169.449623015374	8
2	3764	94405.558718098861	7
2	3769	94454.5808353001	6
2	3777	95143.289474761647	5
2	3782	95337.130987337393	4
2	3800	95988.449945105773	3
2	3808	96295.001683189136	2
2	3817	96503.581770854604	1
2	3827	96791.036754353505	0
2	3880	97865.349625763324	1
2	3883	97953.492383884951	2
2	3885	97972.66110699407	1
2	3891	98115.107777348802	2
2	3894	98173.760800144718	3
2	3900	98311.962607202746	2
2	3909	98656.383371823308	3
2	3911	98735.440954419826	2
2	3919	98876.44836259789	1
2	3925	99080.8713150498	2
2	3933	99418.307935039555	1
2	3938	99661.870448289133	0
2	3944	99688.609079762444	1
2	3953	100204.167391288136	0
2	3994	101072.321021847504	1
2	3996	101194.076144643809	0
2	4002	101204.685407567342	1
2	4004	101564.757443627845	0
2	4109	104885.493534984139	1
2	4117	105023.232470652161	2
2	4120	105038.812277731757	3
2	4123	105288.189701789929	4
2	4125	105533.031249049848	3
2	4130	105539.458852215603	2
2	4146	105930.663039892709	1
2	4152	105958.181492905688	2
2	4162	106243.060648283854	1
2	4171	106308.828222877328	2
2	4178	106370.886471395263	3
2	4184	106592.237097096069	4
2	4186	106609.568704575097	3
2	4195	106710.578362449005	2
2	4201	106960.668924390894	3
2	4206	107318.747853211855	2
2	4212	107412.391192925046	3
2	4214	107519.680731418475	2
2	4220	107551.692285948567	3
2	4227	107749.809845886176	4
2	4233	107775.131937026774	3
2	4238	108019.622110318189	2
2	4243	108340.735089807704	1
2	4251	108474.919277377223	0
2	4438	113525.67387882001	1
2	4449	113745.408510775632	0
2	4459	113765.34557794533	1
2	4461	113791.543737851351	0
2	4471	114064.435822326116	1
2	4474	114100.948276608609	2
2	4477	114359.402794515111	3
2	4483	114500.966716246947	4
2	4485	114511.725997650391	3
2	4491	114621.143452090539	4
2	4493	114717.019432053238	3
2	4499	114735.627884961061	4
2	4506	114811.996155384324	5
2	4516	115092.232914441622	6
2	4527	115261.410357081658	5
2	4535	115337.992223739019	6
2	4538	115586.154893627019	7
2	4542	115659.310761090636	6
2	4549	116031.447384279489	5
2	4554	116032.783193555987	4
2	4565	116192.045143885806	5
2	4581	116672.262717779994	4
2	4586	116821.929868781334	3
2	4599	117030.756778616049	4
2	4602	117112.025794325045	5
2	4613	117312.304378316075	4
2	4619	117316.930333166684	5
2	4639	117660.389228486782	4
2	4649	117728.404675234378	3
2	4660	117807.14615652885	4
2	4662	118141.716869358242	3
2	4668	118142.603564962336	4
2	4682	118234.225867917156	3
2	4692	118423.365503676504	2
2	4721	118781.793983062124	1
2	4728	118787.927106413963	2
2	4738	119073.562607377417	3
2	4742	119123.977925345186	4
2	4746	119181.703164391087	5
2	4751	119213.032635138696	4
2	4758	119227.184033561365	5
2	4761	119278.115581996624	6
2	4763	119308.312286079198	5
2	4772	119422.420897012226	6
2	4775	119437.683060886312	7
2	4781	119549.901224249369	6
2	4787	119764.660418052199	7
2	4790	119765.941862385604	8
2	4799	119817.731393408004	9
2	4801	119973.88669939366	8
2	4807	120078.133856626095	9
2	4814	120174.901511836664	10
2	4816	120205.339317233628	9
2	4831	120474.660940408975	8
2	4836	120521.231204257673	7
2	4842	120533.845830162637	8
2	4845	120935.470017323738	9
2	4847	121101.133051567048	8
2	4858	121359.481125911325	9
2	4869	121473.586406153953	8
2	4874	121495.240182221204	7
2	4887	121661.905827367209	8
2	4893	122020.109594293207	7
2	4898	122312.589273942029	6
2	4907	122556.451218884047	7
2	4909	122629.298083209759	6
2	4915	122701.247679408545	7
2	4918	122703.485134951405	8
2	4924	122892.597807294849	9
2	4926	122902.757730108023	8
2	4943	123391.533694048739	7
2	4952	123676.838571071893	6
2	4958	123704.416329640123	7
2	4960	124154.92314141742	6
2	4966	124159.686179177079	7
2	4969	124250.186200686077	8
2	4972	124381.007310139293	9
2	4974	124405.719867084444	8
2	4982	124683.015241199499	7
2	4990	125022.060387987912	6
2	4998	125337.06922122863	5
2	5003	125340.499087856477	4
2	5011	125721.791619878531	3
2	5024	126065.815517199552	2
2	5029	126307.347386885703	1
2	5034	126540.552895483887	0
2	5047	126743.513242692158	1
2	5049	126897.720374022937	0
2	5169	129627.901464909071	1
2	5174	129757.749725463521	0
2	5180	129909.806557190325	1
2	5183	129983.83847406344	2
2	5185	130154.933310973847	1
2	5192	130327.503172731679	0
2	5203	130357.054105758423	1
2	5221	130797.9652054859	2
2	5223	130812.2708746369	1
2	5228	130856.409401412511	0
2	5272	132255.274202835052	1
2	5274	132331.195299215793	0
2	5280	132342.703135756639	1
2	5290	132519.388603314412	0
2	5409	136162.512010327839	1
2	5412	136392.689115911804	2
2	5421	136512.394266764564	1
2	5427	136692.891119833035	2
2	5438	136822.683007254196	3
2	5444	136881.677613213026	4
2	5449	137014.126160049642	3
2	5458	137376.296401804144	2
2	5463	137458.280619217945	1
2	5472	137554.945540168781	2
2	5474	137657.844352869148	1
2	5490	137946.883256144652	2
2	5495	138072.010981757014	3
2	5498	138149.038152773015	4
2	5500	138218.506101651979	3
2	5510	138530.437479687686	2
2	5516	138666.82703057131	3
2	5518	138687.952745540929	2
2	5523	138843.19718075713	1
2	5550	139169.027171025914	0
2	5580	139962.925171494545	1
2	5587	140274.773929085595	0
2	5605	140570.580434757434	1
2	5618	141098.421202901763	0
2	5639	141337.274517685198	1
2	5644	141426.747376169227	0
2	5654	141748.239709369606	1
2	5659	141834.999515428357	0
2	5697	142915.421907870768	1
2	5704	142956.589985450753	0
2	5757	143980.074043898786	1
2	5760	144046.207849221607	2
2	5770	144215.865781734617	3
2	5772	144331.49000010352	2
2	5786	144404.536172299565	3
2	5791	144655.356685117738	2
2	5796	144726.776075978859	1
2	5818	145167.330480487005	0
2	5836	145417.430877728691	1
2	5839	145469.817024312078	2
2	5842	145557.821336403192	3
2	5845	145681.937557027776	4
2	5847	145689.704066301639	3
2	5853	145775.770093006001	4
2	5862	146090.757672757761	3
2	5872	146160.351739712933	4
2	5874	146393.141887457029	3
2	5890	146644.741726993526	2
2	5895	146652.580002535985	1
2	5901	146738.175023382669	2
2	5914	147212.261567187687	3
2	5923	147497.606920349355	2
2	5928	147527.054263119505	1
2	5937	147645.931714737809	2
2	5940	147739.927026003377	3
2	5943	147872.327550358207	4
2	5953	148205.047663924204	3
2	5958	148284.914583387728	2
2	5974	148607.80694566983	3
2	5977	148679.133960245632	4
2	5979	148886.289657548921	3
2	5992	148947.35441433429	4
2	5994	149002.059708732124	3
2	6000	149131.831010193872	4
2	6005	149301.511834124978	3
2	6017	149533.964029819624	2
2	6029	150014.579646688805	1
2	6041	150241.042618892099	0
2	6047	150295.618657834319	1
2	6053	150561.612276761736	0
2	6070	150857.47834226564	1
2	6080	151103.924101266022	0
2	6086	151202.939028859848	1
2	6093	151476.651580259605	2
2	6096	151567.792867731293	3
2	6098	151691.318501083185	2
2	6106	151929.071563082691	1
2	6111	152105.756951754917	0
2	6117	152223.942636315649	1
2	6123	152346.668611465026	0
2	6225	154891.562742666798	1
2	6228	155017.841672225084	2
2	6233	155038.930465214441	1
2	6239	155056.442256428461	2
2	6242	155112.432642707839	3
2	6247	155376.016822707395	2
2	6259	155776.861844424022	1
2	6265	155921.48445241947	2
2	6273	156034.559547648321	1
2	6278	156258.638987045599	0
2	6284	156448.44401425345	1
2	6294	156763.482518818717	0
2	6396	159396.622186079595	1
2	6404	159551.22310735576	0
2	6412	159591.282839100454	1
2	6415	159599.512100703988	2
2	6418	159663.317755386372	3
2	6421	159690.709483088723	4
2	6423	159727.955898703443	3
2	6433	159860.142972081082	2
2	6446	160363.044001248616	3
2	6450	160534.92663637306	2
2	6460	160598.136862165408	1
2	6477	160942.394330581086	0
2	6506	161565.218530470623	1
2	6509	161719.046124934846	2
2	6518	162076.697659625623	1
2	6524	162212.69793503557	2
2	6526	162364.710058593911	1
2	6532	162595.759982841971	2
2	6534	162743.106429039452	1
2	6539	162801.31042168082	0
2	6548	163059.734706669826	1
2	6557	163386.765718313817	0
2	6645	167455.107030006406	1
2	6648	167797.409757067001	2
2	6650	168014.068901683572	1
2	6655	168103.105546550248	0
2	6847	174096.627781788853	1
2	6850	174219.634272541987	2
2	6854	174522.342287562368	1
2	6871	174563.64923301854	0
2	6877	174838.935895150087	1
2	6885	174991.201423769397	2
2	6902	175190.258737224666	1
2	6907	175388.163865169071	0
2	6916	175601.769693192621	1
2	6919	175716.118084255445	2
2	6922	175791.691497717491	3
2	6924	175839.325213448637	2
2	6929	175842.933281696913	1
2	6935	176036.564393590975	2
2	6938	176039.470386762698	3
2	6941	176064.518653461291	4
2	6946	176168.729385861688	3
2	6958	176693.136559631256	2
2	6971	177041.760092952781	1
2	6976	177068.778220302937	0
2	6996	177532.475616782873	1
2	6999	177561.936861889276	2
2	7001	177675.551611871951	1
2	7010	177750.382602326152	0
2	7042	178616.104367866951	1
2	7045	178685.037877405718	2
2	7048	178914.172993838808	3
2	7054	179074.4717624976	2
2	7059	179181.700044271169	1
2	7064	179533.945289232401	0
2	7215	184947.224779308809	1
2	7223	185292.556596346108	0
2	7237	185651.95591906981	1
2	7240	185723.390917573637	2
2	7242	185838.011301945803	1
2	7247	186037.716099779787	0
2	7392	191203.545670675713	1
2	7394	191204.176779704767	0
2	7407	191405.950381900844	1
2	7410	191425.386850851675	2
2	7413	191590.980348297482	3
2	7415	191636.118293760144	2
2	7425	191809.44713818775	3
2	7431	191937.961705996322	2
2	7436	192239.980473911189	1
2	7449	192415.238419939659	2
2	7459	192674.183342902588	1
2	7464	192950.607662537866	0
2	7479	193056.327666132989	1
2	7485	193198.848978503274	0
2	7499	193291.305952595347	1
2	7501	193450.420641751759	0
2	7510	193871.90325621431	1
2	7512	193980.335540714341	0
2	7518	193982.455451974288	1
2	7521	194138.687711945629	2
2	7528	194245.458791797623	3
2	7530	194322.64310270714	2
2	7535	194339.021453986543	1
2	7541	194466.04312662616	2
2	7544	194691.047348034687	3
2	7549	194895.276874488818	2
2	7560	195046.706058161132	1
2	7565	195200.552110689359	0
2	7578	195367.473176830897	1
2	7584	195773.844167644756	0
2	7646	197492.997387043064	1
2	7656	197686.401854142918	2
2	7659	197706.578544206895	3
2	7664	197863.942374423518	2
2	7669	198058.442003935511	1
2	7678	198073.539632807505	2
2	7684	198387.002429314329	1
2	7693	198729.821907415943	2
2	7695	198880.478195328201	1
2	7700	198914.70507201217	0
2	7706	198972.33962106589	1
2	7719	199310.253662694617	0
2	7803	202014.264547466847	1
2	7808	202226.067104006464	0
2	7894	203724.299859140762	1
2	7897	203765.513461258881	2
2	7904	204022.210477650277	3
2	7906	204063.968364292867	2
2	7911	204077.864617055131	1
2	7917	204121.918822570467	2
2	7925	204287.789556913697	3
2	7936	204579.023003945238	2
2	7951	204681.319153580209	3
2	7953	204723.941638471408	2
2	7963	204973.920666856541	1
2	7978	205098.510035233683	0
2	7988	205353.400908658645	1
2	7990	205422.282778224087	0
2	8000	205612.598598673131	1
2	8002	205749.366287181004	0
2	8008	205764.012333628844	1
2	8011	205856.113937222232	2
2	8022	205979.725194859081	3
2	8032	206134.382656539858	4
2	8034	206183.141118655092	3
2	8039	206303.641713393702	2
2	8052	206418.345204402125	3
2	8055	206438.503664941361	4
2	8059	206527.343217408395	3
2	8066	206808.552762923612	2
2	8071	207175.782123451902	1
2	8082	207247.850359507269	2
2	8098	207466.573480604327	1
2	8104	207470.01614383341	2
2	8118	207813.417072707637	1
2	8125	208040.897062340862	0
2	8151	208534.223721233266	1
2	8160	208691.603181896842	0
2	8176	208875.990939353716	1
2	8184	208937.981423427974	2
2	8191	209005.812867013429	1
2	8205	209182.348291365541	0
2	8211	209296.730751258684	1
2	8214	209335.767330826329	2
2	8223	209795.787884196378	1
2	8233	209847.183511303429	0
2	8239	209935.448118494016	1
2	8242	210046.260711141931	2
2	8249	210123.319060384365	3
2	8251	210143.261862708367	2
2	8261	210279.945137261776	3
2	8270	210469.704075129394	2
2	8276	210493.132724398439	3
2	8282	210669.65544290293	2
2	8290	210855.644034901325	1
2	8299	211217.745392722702	2
2	8302	211254.049650850775	3
2	8304	211377.823703004159	2
2	8313	211515.471858149086	1
2	8322	211624.310670293299	2
2	8325	211628.752482338481	3
2	8328	211688.536442889956	4
2	8342	211980.667838947539	3
2	8349	212264.088724250086	2
2	8359	212599.312947573252	1
2	8374	212706.960074157524	2
2	8383	212771.669279141043	1
2	8399	213228.443098654662	0
2	8422	213536.541826683111	1
2	8424	213561.512163681601	0
2	8435	213657.619554961036	1
2	8440	213772.170853419933	2
2	8442	213925.749231135913	1
2	8460	214071.607329201482	2
2	8467	214201.843659343638	1
2	8474	214413.687913147424	0
2	8480	214510.559645299784	1
2	8493	214675.452601125993	2
2	8495	214735.765130544521	1
2	8510	215085.573380789734	2
2	8522	215311.993363117491	1
2	8533	215407.295750080205	2
2	8535	215451.308806786753	1
2	8545	215519.948863261363	2
2	8553	215661.004465381387	3
2	8572	215991.610715747826	4
2	8578	216036.099188850033	5
2	8581	216102.795093902371	6
2	8583	216114.207162229784	5
2	8588	216188.20190031982	4
2	8594	216276.244142761982	5
2	8603	216505.037601878559	4
2	8609	216632.741095065123	5
2	8612	216678.993425947386	6
2	8614	216685.871300368078	5
2	8620	216696.211690994555	6
2	8631	217015.459536145038	7
2	8634	217041.003980119728	8
2	8640	217364.015485206311	7
2	8648	217640.645464366741	6
2	8654	217774.490903769635	7
2	8664	218038.344608487063	8
2	8666	218124.993418666042	7
2	8671	218151.635931702023	6
2	8677	218177.734370968076	7
2	8680	218303.105692828511	8
2	8685	218799.336197515642	7
2	8690	218914.883493936129	6
2	8700	219125.862175376923	7
2	8702	219294.975573504036	6
2	8711	219528.089698037572	5
2	8728	220009.170904010173	6
2	8730	220035.404109606959	5
2	8735	220096.050856662607	4
2	8740	220351.598560837722	3
2	8746	220418.331723554878	4
2	8751	220880.849842959708	3
2	8756	220979.193507867374	2
2	8762	220999.518648099355	3
2	8765	221035.386527791658	4
2	8770	221237.171176420218	3
2	8785	221720.614694623717	2
2	8790	221945.842091208017	1
2	8807	222391.309429524907	0
2	8832	222960.572782628317	1
2	8834	223087.235969422211	0
2	8891	226225.433872822539	1
2	8897	226595.907392177136	0
2	8930	228184.902427178677	1
2	8932	228191.865280729117	0
2	8995	230715.212712564875	1
2	8997	230785.28346074482	0
2	9056	232566.07988195259	1
2	9066	232694.465595198837	2
2	9069	232745.607152029034	3
2	9074	232893.785778522203	2
2	9079	232951.739125043527	1
2	9084	233153.149819705347	0
2	9100	233431.234565876797	1
2	9103	233493.918254531435	2
2	9105	233782.166348933885	1
2	9110	233836.366028875486	0
2	9153	235439.307141382088	1
2	9155	235462.027877448493	0
2	9217	237439.97549338379	1
2	9219	237544.757551167922	0
2	9467	246723.982660683704	1
2	9474	246833.741302372433	2
2	9479	246868.512265534621	1
2	9489	247480.776062055391	2
2	9491	247549.420930651497	1
2	9497	247578.315766225644	2
2	9499	247583.603648504316	1
2	9518	248026.378707943033	0
2	9535	248360.727892594381	1
2	9537	248538.271931094598	0
2	9550	248955.827054522992	1
2	9552	249065.014908745264	0
2	9558	249082.172291521731	1
2	9572	249309.160329943072	0
2	9614	250302.520997075003	1
2	9617	250428.019666183144	2
2	9619	250917.96172247806	1
2	9629	250969.603498768202	2
2	9631	251135.113331666879	1
2	9643	251383.631340652494	0
2	9652	251507.159857893492	1
2	9655	251592.161743459198	2
2	9663	251814.6781993618	1
2	9675	251986.252604490809	0
2	9685	252086.721878834104	1
2	9687	252335.730310818843	0
2	9701	252657.54135580293	1
2	9703	252658.471883885353	0
2	9745	253895.173533653889	1
2	9748	253985.09531281978	2
2	9765	254426.822216772649	1
2	9770	254427.159753557725	0
2	9779	254869.385243556702	1
2	9789	254980.522930695171	2
2	9792	255083.360862677276	3
2	9794	255228.93779603875	2
2	9802	255378.269397434278	1
2	9808	255387.34633447496	2
2	9810	255632.415318266663	1
2	9815	255813.555170320405	0
2	9821	255882.762336817227	1
2	9823	255883.04156620166	0
2	9890	257697.924446425069	1
2	9903	258038.595295949573	0
2	9942	258987.615861360046	1
2	9952	259151.305709677045	2
2	9954	259267.091513996373	1
2	9963	259302.441567264046	0
2	9973	259489.976234951264	1
2	9976	259533.352966334219	2
2	9979	259548.68333366563	3
2	9988	259843.632224544432	2
2	9993	259897.392792006384	1
2	10008	260411.812767361652	0
2	10014	260417.817734776562	1
2	10016	260466.355947430726	0
2	10033	260584.52360574363	1
2	10036	260918.977039225607	2
2	10039	260956.287636864891	3
2	10042	260987.424747252385	4
2	10044	260993.495863683071	3
2	10054	261260.508806257898	4
2	10066	261357.427696020704	3
2	10082	261829.466031914007	2
2	10087	261884.289555966403	1
2	10093	261903.190745697459	2
2	10096	262136.323125727386	3
2	10102	262289.04673793321	4
2	10105	262374.746382547425	5
2	10111	262720.131945100974	4
2	10116	262763.060436609681	3
2	10121	263001.508421202551	2
2	10127	263080.824546908702	3
2	10133	263491.53219635367	2
2	10139	263538.747260166451	3
2	10147	263734.618945767533	2
2	10162	264010.478638976361	1
2	10172	264408.44889232273	0
2	10202	264800.960815756259	1
2	10204	264896.227000386643	0
2	10237	265697.813353115365	1
2	10239	265700.028249447423	0
2	10253	266157.475666235427	1
2	10255	266619.666347236562	0
2	10269	266783.962126039463	1
2	10271	266942.42514397316	0
2	10353	269979.996643509237	1
2	10356	270064.428655929384	2
2	10359	270073.033412620709	3
2	10361	270084.61575351235	2
2	10376	270476.438655153077	3
2	10379	270678.02054107951	4
2	10381	270712.892738634099	3
2	10393	271017.120633586762	2
2	10400	271332.381875698765	1
2	10407	271460.710897404221	0
2	10485	273582.238010859639	1
2	10493	273787.03369639458	0
2	10499	273830.96334887702	1
2	10504	273897.187778994739	0
2	10603	276123.005945124115	1
2	10606	276180.979323858821	2
2	10612	276269.349177003581	3
2	10617	276474.272612360049	2
2	10632	276830.901424150372	3
2	10635	276871.358131728451	4
2	10637	276882.256139572095	3
2	10642	276883.027840991247	2
3	49	2281.829242558762	1633.5219478793
3	78	3271.8026963315	2407.8991065826
3	86	3403.076296546136	2183.3272389416
3	109	3918.531452288916	1790.117737921
3	122	4312.485319675943	2594.1836241116
3	140	4652.670621668985	1501.5078713068
3	189	6241.363544159009	1864.9892703071
3	215	7492.883594748114	2190.5625046324
3	223	7535.234691435971	2937.8963246383
3	234	8004.622686435018	2404.3268648185
3	261	9270.749644876074	2810.5603348184
3	298	11134.54908411284	3141.6334606055
3	335	12217.807219907495	2686.0884709843
3	347	12861.832666324943	2884.1926716569
3	351	13061.440495745727	2125.9377642162
3	382	13905.505867807476	2307.7131250687
3	401	14402.345861851613	2846.0903219786
3	420	14965.960472085065	3308.0757753924
3	424	15052.29170336514	1767.0582392626
3	466	16332.649238487696	3179.6564538404
3	480	16574.074661923563	3091.4615149667
3	500	16840.760922880241	2459.2776222858
3	517	17353.351061778134	3583.6917425005
3	550	18012.606368964761	2864.0498868562
3	566	18415.176139125824	1882.7228746106
3	574	18543.427360707455	2684.7495672293
3	601	19233.561004126667	2786.7937506276
3	616	19736.054490168743	3481.8561067712
3	637	19977.884185702704	3200.4516185627
3	641	20042.568605454861	2604.1777514581
3	657	20656.757097272516	1764.7013857216
3	713	22139.265370845068	2215.9583101049
3	732	22955.79438581245	3018.6509041782
3	755	23792.96551976118	2994.9700775463
3	771	24254.82683874788	2267.1313754283
3	779	24427.789414473606	2710.4783098586
3	803	25373.87589240892	2366.4850693593
3	814	25574.293751606069	3057.8085299209
3	852	27184.452299227748	2391.9312425796
3	867	27398.956452787545	2199.798329277
3	882	27930.266326305148	2368.5260101797
3	886	27963.037115292434	3357.841076829
3	893	28234.803466361639	2923.2576657983
3	915	29029.450571755649	2241.9223569799
3	946	29684.070246106064	2213.1233911123
3	976	30614.255260555349	2876.4055908099
3	1006	31020.565571921172	2005.3186736908
3	1010	31177.032249467751	2929.8473763932
3	1037	31800.306320108814	2225.0895398296
3	1091	32798.644468107611	2911.5082805324
3	1125	33316.147028819027	3207.3974745357
3	1154	33971.876400985124	2654.464601863
3	1165	34244.364992243588	3713.7096113931
3	1209	35090.02523943165	3260.1291234809
3	1244	35736.971626967492	5578.5427213524
3	1265	36236.000387274029	4037.3932159073
3	1294	36693.763252099395	4075.1038069772
3	1304	36966.22328349978	3526.8729114544
3	1349	37821.829434198678	5163.1271343184
3	1354	37866.787073832306	4681.3022562263
3	1369	38270.750075891915	4960.955844102
3	1388	38688.966716875673	4525.0392911987
3	1411	39221.286208998713	4931.5038049687
3	1419	39339.274292023272	4552.3950635477
3	1439	39784.109050125185	4662.2693018456
3	1462	40094.196349006448	5188.3001437694
3	1475	40452.205600958619	4531.1498228326
3	1490	40735.259486784578	4605.5560893452
3	1495	40834.590178687427	5118.0085856485
3	1520	41657.781335149262	5636.8583698013
3	1545	42394.537908301059	4611.8704342634
3	1555	42834.900458954576	5504.3461639298
3	1574	43095.713683419231	4775.720058806
3	1583	43137.674386122615	5118.0514337185
3	1602	43829.371553693268	5213.9218398576
3	1614	44066.366861977966	4206.5789458
3	1622	44265.628817990724	5519.4178146682
3	1641	44783.017937329949	4225.6885121221
3	1654	45109.904278901757	3558.4640924609
3	1662	45571.610625305564	3522.8700620685
3	1667	45716.827520519797	4509.1738797003
3	1691	46405.196638532285	3384.8829830362
3	1695	46408.696790219636	2972.0109610533
3	1729	47282.898469955031	3184.1201130923
3	1772	48103.679957039978	3351.3275757618
3	1777	48137.03609132923	2194.4026588183
3	1794	48403.890605194194	2099.1414250759
3	1800	48439.171992563035	2571.8243703487
3	1810	48823.701338549832	1617.5718467217
3	1828	49173.167511408849	2780.0105113921
3	1847	49578.545027591955	2696.406425215
3	1858	49815.376896781548	3374.679240524
3	1888	50469.340766736041	2487.1771766285
3	1914	50946.472519871514	4138.7344489822
3	1922	51000.215559227093	3759.994774398
3	1941	51513.028147069438	3339.8472317773
3	1954	52095.710722392126	3490.3619804181
3	1959	52169.889728736799	3758.4182989363
3	1967	52426.968607467335	2667.1470462055
3	1979	52887.92590129366	2562.2474184539
3	1990	53152.025058504861	2802.9834754334
3	2019	54626.103102297721	1487.7271847986
3	2084	56640.892312143217	2682.3907795642
3	2117	57243.431860561627	2683.2937935926
3	2142	57670.098503916894	2748.4437060077
3	2149	57831.207379828352	3028.9677064799
3	2153	58069.417819301967	3367.7477349664
3	2204	59018.574929739493	1798.8278751923
3	2222	59471.242325975704	3976.1706864572
3	2234	59679.014868879338	3542.1435372389
3	2245	59977.858142381181	1713.2708396448
3	2250	59999.641184303123	4509.6810027657
3	2269	60508.797697796631	4320.8953214462
3	2296	61263.341054543066	4343.3962227511
3	2310	61584.655459852537	3896.4425759216
3	2335	62092.574331010426	2801.0849034134
3	2347	62459.017244721497	3347.8426784988
3	2359	62688.417234831754	3380.2388464753
3	2382	63249.182090903367	1867.5602572322
3	2390	63410.369023402486	3215.9751052433
3	2402	63691.012286650683	2015.4757837196
3	2415	64350.076524350088	2842.5387687888
3	2430	64919.783319021915	3331.6423079465
3	2453	65306.069002669079	3470.851968285
3	2475	65728.277453105671	1577.2634318929
3	2479	65839.226517045127	2747.0744602662
3	2501	66430.119402721299	2290.9778068201
3	2521	67161.980470675276	2895.9764839523
3	2532	67633.651489108102	3001.1032342165
3	2540	67667.417782412252	2201.8838350475
3	2561	68266.158588626543	2662.1908836812
3	2573	68823.901498749952	2574.5977227855
3	2577	68982.687765625427	2596.8912689156
3	2593	69143.689159084211	3908.7281929843
3	2635	70572.721733373715	3036.3397519011
3	2643	70857.745276463343	2993.1512270805
3	2664	71242.465482023374	3008.4037389234
3	2690	71713.533655219096	3187.3272855487
3	2719	72319.309654992135	3264.2626546416
3	2729	72390.22720425719	3324.9158771709
3	2795	73722.062474034788	4547.3467171733
3	2815	74121.741465733886	3041.5412218945
3	2826	74215.154412958832	3095.210127075
3	2857	74941.199084644705	4564.5090001945
3	2864	74947.637811631025	2916.170665862
3	2876	75220.761953269631	2881.4853592332
3	2900	75685.731967549832	4105.0012488503
3	2907	75858.217178595752	4071.0625872901
3	2922	75980.339151073308	3588.8840501204
3	2931	76247.479417260797	2491.1272935102
3	2965	76735.635281590313	2896.5890838351
3	2987	77190.530121320427	2844.4554573332
3	2996	77233.886637869345	3093.2289017737
3	3041	78368.036369526327	3198.5941395754
3	3046	78557.778743146973	4458.1056198604
3	3054	78846.457824814188	3478.5584034138
3	3074	79198.670181869584	3375.377915162
3	3081	79312.153398947359	4367.3347687925
3	3086	79528.288589189815	5057.8211291425
3	3096	79727.074139130802	3209.5509907953
3	3112	80205.271472328843	4606.343152255
3	3116	80348.685505962985	4416.1556326451
3	3145	81112.300137238146	5568.8882959082
3	3154	81268.266685063266	2549.575360436
3	3171	81865.432643493206	2975.1032554885
3	3180	82080.953888407224	3750.5417350921
3	3222	82811.114385219538	2671.9843822923
3	3252	83560.328830538607	4272.9460660004
3	3283	84162.884234441977	2854.2507977318
3	3287	84379.459073244646	3292.1018953621
3	3325	84958.793826783609	3110.5417551209
3	3353	85697.125358703148	3750.4406863098
3	3377	86172.799064247471	4152.4464963548
3	3393	86403.957336070549	4261.3794689215
3	3421	87056.143478723776	4766.094214399
3	3426	87330.23626671226	5090.7317417171
3	3455	87575.121671660405	4205.2927914573
3	3473	87921.41061770783	5546.4851536154
3	3488	88085.754075358224	4302.483072465
3	3513	88698.009315664482	5297.4128144196
3	3531	89157.960567987126	4594.3546649916
3	3539	89277.745227059883	4861.4266009591
3	3554	89468.111049989772	5606.288826583
3	3559	89656.932593705666	4303.9447310692
3	3584	90106.948840907377	4324.8210228092
3	3589	90209.962467263055	5331.7277970265
3	3611	90699.75587264688	3315.5612123917
3	3629	90963.612855608177	4306.3955688686
3	3648	91218.089549532694	5004.4490208757
3	3673	91940.736342045081	4547.6401722843
3	3691	92351.933848327559	4711.7110940759
3	3699	92421.510553407085	4567.7665984051
3	3722	92687.888104292166	4788.3346342133
3	3745	93517.254458265912	3268.0945096233
3	3759	94001.469118400079	5821.7796786954
3	3767	94405.558718098861	5517.760115712
3	3772	94454.5808353001	4686.9788865033
3	3785	95337.130987337393	7434.609917195
3	3803	95988.449945105773	4962.0081044183
3	3830	96791.036754353505	5676.0953438314
3	3848	97149.902276890886	6663.5942330089
3	3888	97972.66110699407	2367.4854586087
3	3903	98311.962607202746	2382.68200747
3	3914	98735.440954419826	3633.5452384874
3	3922	98876.44836259789	2686.3827091688
3	3936	99418.307935039555	2838.3784399982
3	3941	99661.870448289133	2983.0140684506
3	3956	100204.167391288136	3230.4734041293
3	3964	100286.265523170746	4319.6236669056
3	3979	100512.28224445418	3389.3023176905
3	3999	101194.076144643809	2592.3581989389
3	4007	101564.757443627845	2337.1426430717
3	4011	101791.305640157993	1678.6623457564
3	4023	102028.131351059805	3229.2598152356
3	4033	102803.516394311273	3512.5085110869
3	4058	103787.511946049862	3430.7194686122
3	4128	105533.031249049848	2210.3271328099
3	4133	105539.458852215603	1662.5289359875
3	4149	105930.663039892709	2432.2975880472
3	4189	106609.568704575097	4309.4334466834
3	4198	106710.578362449005	3361.3601084175
3	4209	107318.747853211855	3200.9250779247
3	4217	107519.680731418475	3194.3498314321
3	4236	107775.131937026774	3260.0246688266
3	4241	108019.622110318189	3266.6205666837
3	4246	108340.735089807704	3882.1709194356
3	4258	108684.541801615551	2409.2556574287
3	4262	108767.011259965395	4083.9021182065
3	4281	109540.682470726187	3101.560434401
3	4295	110180.182125863854	3127.9228535201
3	4318	110964.81824198775	2560.2189020813
3	4346	111788.917098494462	2173.8214777038
3	4354	111838.341222260286	2259.9736052938
3	4391	112671.680472047828	3755.0057090633
3	4424	113227.205942811572	2290.2389451396
3	4452	113745.408510775632	2424.5741096791
3	4464	113791.543737851351	2759.2127341311
3	4488	114511.725997650391	3472.4978338666
3	4496	114717.019432053238	3202.4039499862
3	4530	115261.410357081658	2988.0687225503
3	4552	116031.447384279489	3952.2885526979
3	4557	116032.783193555987	3933.0524248931
3	4589	116821.929868781334	3584.5954032234
3	4616	117312.304378316075	4315.0236863753
3	4652	117728.404675234378	6114.8103407223
3	4665	118141.716869358242	4921.8084429306
3	4685	118234.225867917156	3767.5999175252
3	4695	118423.365503676504	3180.3450552698
3	4724	118781.793983062124	3829.2350330034
3	4754	119213.032635138696	4035.6120576239
3	4766	119308.312286079198	4145.3232077239
3	4804	119973.88669939366	3006.3410182822
3	4819	120205.339317233628	4558.5779629459
3	4834	120474.660940408975	3127.2340345661
3	4839	120521.231204257673	3372.7654217887
3	4872	121473.586406153953	5620.2734559191
3	4877	121495.240182221204	4310.1532024429
3	4896	122020.109594293207	4361.0517435289
3	4901	122312.589273942029	5129.5079095395
3	4912	122629.298083209759	5142.5604427954
3	4929	122902.757730108023	4690.0822350084
3	4977	124405.719867084444	5828.2451674228
3	4985	124683.015241199499	5264.6418568639
3	4993	125022.060387987912	5240.0824927192
3	5006	125340.499087856477	4091.9994144642
3	5014	125721.791619878531	5363.8226981616
3	5032	126307.347386885703	5006.8428717053
3	5052	126897.720374022937	4494.7605015794
3	5060	127088.769021533698	4318.0669523328
3	5068	127207.954916959024	2762.8801821814
3	5107	128274.326410657601	3017.2863750625
3	5177	129757.749725463521	3084.8178369552
3	5195	130327.503172731679	2184.433199075
3	5231	130856.409401412511	3048.7819811606
3	5253	131538.258808761293	3177.4563295734
3	5257	131710.087585922194	2114.3738254812
3	5277	132331.195299215793	2621.7121847626
3	5293	132519.388603314412	2987.4036789872
3	5297	132597.461096029907	3775.6154984119
3	5305	132881.473292659623	2565.5733821311
3	5322	133641.817380541193	2938.9609005209
3	5330	133779.830472992314	2627.3682904243
3	5339	134090.23525588401	3023.5522409622
3	5424	136512.394266764564	3466.6834517755
3	5452	137014.126160049642	3020.3927434582
3	5461	137376.296401804144	3590.5034240929
3	5477	137657.844352869148	3509.2921057471
3	5503	138218.506101651979	2829.1325243481
3	5526	138843.19718075713	3912.6233356653
3	5557	139226.961586883123	3851.9222413949
3	5564	139500.980367868137	2509.2264160279
3	5590	140274.773929085595	2214.1724740746
3	5594	140312.670244550344	3443.2872731891
3	5621	141098.421202901763	3341.0660659782
3	5625	141100.3884470293	3590.774655249
3	5647	141426.747376169227	2549.2396073805
3	5662	141834.999515428357	2371.8802055038
3	5666	141860.056768883032	3976.5583252803
3	5683	142112.113840370588	2510.414666382
3	5707	142956.589985450753	3022.4230906869
3	5745	143851.340761816152	3075.6543640432
3	5775	144331.49000010352	3050.5369978677
3	5799	144726.776075978859	3361.8804377038
3	5821	145167.330480487005	3303.1069103932
3	5825	145190.184997134938	3276.8457638897
3	5850	145689.704066301639	3627.9361127462
3	5865	146090.757672757761	3794.2041361235
3	5893	146644.741726993526	3626.2261922726
3	5926	147497.606920349355	3313.0142531393
3	5931	147527.054263119505	4409.2575248464
3	5956	148205.047663924204	3447.7322535224
3	5961	148284.914583387728	4988.8911850164
3	5982	148886.289657548921	3096.9833332968
3	5997	149002.059708732124	4133.2336802864
3	6008	149301.511834124978	2656.8251622225
3	6020	149533.964029819624	4385.5044907063
3	6032	150014.579646688805	2450.6721177273
3	6044	150241.042618892099	3294.753528086
3	6060	150720.632123657421	3304.886773077
3	6083	151103.924101266022	2717.2533180374
3	6101	151691.318501083185	2406.048684027
3	6109	151929.071563082691	2985.2105955092
3	6114	152105.756951754917	3561.5870083768
3	6126	152346.668611465026	2302.2685271185
3	6133	152414.375916003193	2444.0741658215
3	6154	152999.835741464899	2147.0664944127
3	6161	153152.900682182987	3708.8378233454
3	6218	154785.317038900699	2857.3837456014
3	6236	155038.930465214441	2085.3312559426
3	6250	155376.016822707395	2970.8315421613
3	6262	155776.861844424022	2061.8803387508
3	6276	156034.559547648321	3014.731747853
3	6297	156763.482518818717	3927.5912353958
3	6301	156858.698043756051	3091.1938670485
3	6339	157913.947592618179	2879.8045821302
3	6359	158404.88169735265	2375.3714242671
3	6379	158784.644762280712	3016.1341151688
3	6407	159551.22310735576	3594.7707966529
3	6453	160534.92663637306	3242.1734777463
3	6463	160598.136862165408	2740.3357335753
3	6480	160942.394330581086	3239.1328738027
3	6484	160972.509258783536	3365.1966165726
3	6491	161395.41212473567	2238.2123204809
3	6521	162076.697659625623	2497.012929781
3	6529	162364.710058593911	2818.4167775698
3	6537	162743.106429039452	2294.0606141479
3	6542	162801.31042168082	3299.7960079537
3	6568	163655.507508202408	2496.055671002
3	6572	163666.415550322992	3468.7383537881
3	6609	166103.731445361828	2787.4996988196
3	6658	168103.105546550248	3031.8700985145
3	6669	168649.721100141648	2033.2808970277
3	6673	168822.894017077419	2831.7765427391
3	6706	170173.363426762749	2866.547585791
3	6737	171349.128733467405	1523.9850989264
3	6741	171573.538899197549	3244.7491232213
3	6769	171987.116962033939	2276.7602746189
3	6829	173487.939279216376	1656.2360666133
3	6857	174522.342287562368	2807.9341642745
3	6874	174563.64923301854	2900.474461047
3	6905	175190.258737224666	3173.3678959851
3	6910	175388.163865169071	3482.5410170624
3	6927	175839.325213448637	3625.2761291017
3	6949	176168.729385861688	2904.9791994327
3	6961	176693.136559631256	2209.0049262973
3	6974	177041.760092952781	3641.841450383
3	6979	177068.778220302937	4167.1304398512
3	7004	177675.551611871951	3861.3572652489
3	7020	177992.617557849315	3459.6542460419
3	7057	179074.4717624976	3493.4540148452
3	7062	179181.700044271169	2106.9303105678
3	7067	179533.945289232401	3432.163304083
3	7075	179854.294357840594	3665.9523885443
3	7086	180286.934661750315	3121.2494408903
3	7098	180952.912257326707	3174.7937946394
3	7102	180955.275397855478	2560.2674454544
3	7141	182831.910852708617	2816.9440052658
3	7145	183131.725530736434	2082.6602960285
3	7171	183662.024629829856	2621.2614758313
3	7182	184110.242573123409	3028.2618688233
3	7226	185292.556596346108	2061.902270671
3	7250	186037.716099779787	1472.3860492744
3	7254	186180.143325090316	1819.3046237755
3	7281	187092.284807740529	3264.8181814514
3	7296	187649.677596028234	2498.602839103
3	7308	188465.658742686865	3443.2500370871
3	7315	188757.823932416978	2533.16702893
3	7332	189347.836831019809	2003.0457592942
3	7418	191636.118293760144	2526.7828415707
3	7434	191937.961705996322	2316.5620123555
3	7439	192239.980473911189	2915.5282415506
3	7467	192950.607662537866	3349.6561565527
3	7488	193198.848978503274	3155.316115198
3	7504	193450.420641751759	3024.7485731737
3	7515	193980.335540714341	2972.2499030394
3	7533	194322.64310270714	4201.5435625554
3	7538	194339.021453986543	3837.0428398212
3	7563	195046.706058161132	2523.9198652656
3	7568	195200.552110689359	2560.700149564
3	7591	195813.220741377942	3217.975188592
3	7620	196677.013757730501	2877.4540431399
3	7624	196848.043629517314	1815.9529602248
3	7672	198058.442003935511	3335.7103379164
3	7687	198387.002429314329	3137.8644195511
3	7703	198914.70507201217	3981.7020330005
3	7722	199310.253662694617	2439.8970239427
3	7729	199638.528953515365	1573.3671206922
3	7733	199733.50577146181	3901.5598569968
3	7760	200761.295818827481	2994.4569493365
3	7778	201262.098108308649	2087.3956684861
3	7782	201309.473900070563	3710.5798629764
3	7811	202226.067104006464	3589.0420080721
3	7822	202400.60287143244	2527.3587905522
3	7834	202638.611424269433	3086.9087668664
3	7873	203505.974564360773	2349.3377961963
3	7914	204077.864617055131	2072.0108970255
3	7966	204973.920666856541	2526.9130109994
3	7981	205098.510035233683	2471.1552383658
3	8005	205749.366287181004	2863.6453490961
3	8037	206183.141118655092	2557.7448851315
3	8042	206303.641713393702	3106.4156863771
3	8062	206527.343217408395	2703.9908396834
3	8069	206808.552762923612	2221.3324112324
3	8074	207175.782123451902	3583.6712895751
3	8101	207466.573480604327	4820.1396744192
3	8121	207813.417072707637	4032.6516174363
3	8128	208040.897062340862	3406.4927241872
3	8137	208192.836856117322	3586.6239178454
3	8163	208691.603181896842	4011.181790468
3	8167	208712.968523182338	2633.7686697448
3	8194	209005.812867013429	3117.6009109989
3	8208	209182.348291365541	3309.6426124899
3	8226	209795.787884196378	3329.8889111421
3	8236	209847.183511303429	3930.7635528092
3	8254	210143.261862708367	2604.9741087116
3	8273	210469.704075129394	3705.2182473659
3	8285	210669.65544290293	4279.3525124407
3	8293	210855.644034901325	2488.7766992519
3	8307	211377.823703004159	3834.9409836319
3	8316	211515.471858149086	3475.4777605553
3	8345	211980.667838947539	3179.9380820991
3	8352	212264.088724250086	4684.2587292147
3	8362	212599.312947573252	3525.2253579896
3	8386	212771.669279141043	3742.1598683832
3	8411	213268.177495090403	2935.8023408646
3	8427	213561.512163681601	3824.6026176869
3	8445	213925.749231135913	3163.9922560472
3	8470	214201.843659343638	3155.415563867
3	8538	215451.308806786753	3756.5412241421
3	8591	216188.20190031982	4328.5440475334
3	8606	216505.037601878559	3744.1044529022
3	8617	216685.871300368078	3875.8424718983
3	8643	217364.015485206311	4619.2885291347
3	8651	217640.645464366741	4461.7876893107
3	8669	218124.993418666042	5047.0240983661
3	8674	218151.635931702023	4800.0914864836
3	8688	218799.336197515642	4487.5139094769
3	8693	218914.883493936129	5240.8393179678
3	8705	219294.975573504036	5801.3886385143
3	8714	219528.089698037572	3944.6249630748
3	8733	220035.404109606959	6060.3262442258
3	8738	220096.050856662607	5197.045523255
3	8743	220351.598560837722	4517.141116515
3	8754	220880.849842959708	5862.6571550366
3	8759	220979.193507867374	5388.4338568514
3	8773	221237.171176420218	5207.8918921363
3	8788	221720.614694623717	5239.4129724937
3	8793	221945.842091208017	4577.2148811073
3	8810	222391.309429524907	4413.1034174371
3	8814	222745.495366556263	3157.0084607205
3	8818	222776.00378802649	4181.3765681446
3	8837	223087.235969422211	2375.6072780304
3	8841	223233.551073354305	1556.1378549412
3	8849	223615.77014787664	2510.2559652475
3	8856	224329.253277255747	2895.7886311691
3	8900	226595.907392177136	3774.4761296734
3	8935	228191.865280729117	2786.8825043365
3	8939	228332.034332432866	2644.0440716967
3	8953	229137.33920616317	3143.9171685106
3	9011	230971.36978571149	2114.6887506824
3	9025	231336.843091321341	2824.3602851497
3	9049	232354.132188612284	3032.9389038216
3	9077	232893.785778522203	2727.105849674
3	9087	233153.149819705347	2301.038845543
3	9108	233782.166348933885	3361.0787121007
3	9113	233836.366028875486	3143.2048877351
3	9125	234271.085453663395	3365.5357687301
3	9158	235462.027877448493	2598.0533818714
3	9167	235670.89799334414	3065.8725569956
3	9180	235975.373668661707	2649.9978215774
3	9199	236865.351287609178	3448.4875181504
3	9222	237544.757551167922	2219.8445034865
3	9226	237649.29784754681	2230.3784318827
3	9241	238332.597524233924	3828.3925679118
3	9253	238700.239139585258	3186.4449483342
3	9287	239702.087124581199	2477.1911208518
3	9301	240450.461140884765	3605.4296987224
3	9319	240845.756426865222	1931.9364265446
3	9327	241223.163644154157	3366.7566278949
3	9331	241246.913538667626	2448.9696822781
3	9370	242798.0319865798	1954.6612594463
3	9374	242877.367751591932	2097.7426532004
3	9388	244003.478739657948	3720.0137718581
3	9407	244533.962654535392	2186.8636056315
3	9453	246440.795617249965	2460.132187698
3	9482	246868.512265534621	2831.8193311896
3	9494	247549.420930651497	2599.8785063667
3	9502	247583.603648504316	3719.2430207413
3	9521	248026.378707943033	2494.9023342673
3	9525	248122.522360755204	2497.9213957097
3	9540	248538.271931094598	3901.5911901709
3	9555	249065.014908745264	3445.6884005293
3	9575	249309.160329943072	3033.6908806484
3	9589	249899.387348856156	3428.7854331092
3	9622	250917.96172247806	2903.3545232099
3	9634	251135.113331666879	3436.7797191348
3	9646	251383.631340652494	3087.3170417996
3	9666	251814.6781993618	1996.2334548325
3	9678	251986.252604490809	3068.7137075563
3	9690	252335.730310818843	2191.6720348837
3	9706	252658.471883885353	2914.1392992452
3	9718	253143.794973544567	1733.7669463274
3	9768	254426.822216772649	2622.9058210831
3	9797	255228.93779603875	3254.4308707017
3	9805	255378.269397434278	3731.7525170497
3	9813	255632.415318266663	1759.2145905792
3	9826	255883.04156620166	2673.5297735034
3	9841	256288.427584246907	2484.6730663986
3	9849	256496.679766554816	2793.3409684856
3	9906	258038.595295949573	3153.452626951
3	9920	258422.68062033757	3132.6476503928
3	9924	258586.759582105204	3830.5869623367
3	9957	259267.091513996373	2412.5271870755
3	9966	259302.441567264046	2351.6901246831
3	9991	259843.632224544432	3110.0182799224
3	9996	259897.392792006384	3609.1724968844
3	10011	260411.812767361652	3245.4634930309
3	10019	260466.355947430726	3120.4486526868
3	10047	260993.495863683071	2974.1916976475
3	10069	261357.427696020704	3502.3948746872
3	10085	261829.466031914007	2757.4451906409
3	10090	261884.289555966403	4211.4157986131
3	10114	262720.131945100974	3905.4991489345
3	10119	262763.060436609681	4826.0559837928
3	10124	263001.508421202551	2778.4513617996
3	10136	263491.53219635367	3757.7374165341
3	10150	263734.618945767533	3195.7854592814
3	10165	264010.478638976361	4034.1733243203
3	10175	264408.44889232273	3139.6394482623
3	10179	264436.241556822802	3083.9070484562
3	10207	264896.227000386643	1300.688896263
3	10242	265700.028249447423	3954.0160206804
3	10246	265763.495422495156	1909.2239700258
3	10274	266942.42514397316	3158.5765614304
3	10281	267206.218085897345	3007.1156985244
3	10302	267625.288707617715	2294.5851584058
3	10364	270084.61575351235	3066.6416603979
3	10384	270712.892738634099	3206.6424803529
3	10396	271017.120633586762	3162.0467278469
3	10403	271332.381875698765	3450.5927017536
3	10410	271460.710897404221	4238.2594382811
3	10426	271708.077569471051	4251.9742260493
3	10441	272021.568144853679	3243.7562511557
3	10450	272727.651975396096	3432.6405998133
3	10478	273423.089045083673	3310.1782536786
3	10496	273787.03369639458	3688.0452955049
3	10507	273897.187778994739	3503.0992685538
3	10511	274066.062571570444	2890.3114115029
3	10524	274375.659309486262	2616.0568980223
3	10535	274572.294854175597	3714.1851443778
3	10560	275401.396512599827	3951.9146349514
3	10570	275497.76415427059	3895.6587141781
3	10620	276474.272612360049	2853.4751526732
3	10640	276882.256139572095	3032.3166182544
3	10645	276883.027840991247	2665.1649977251
4	114	4285.663657086968	2905.6386885513
4	151	4984.182708310961	4131.9037250917
4	162	5507.826888563177	2933.5946443456
4	199	6668.457616377381	3428.8172235154
4	238	8146.565638660022	3423.6293742782
4	272	9885.712025902104	3337.8887385596
4	331	11978.414219527065	3796.6408243775
4	471	16421.355956198045	2615.6480627029
4	509	17161.890436728814	2705.2448231797
4	554	18256.114087291324	2808.5108525399
4	661	20728.326706548385	2954.6651846505
4	679	21086.838176995595	1708.1788680051
4	683	21163.47382047245	3236.1240403934
4	717	22343.407173656601	2388.2462882157
4	790	24755.850090348444	3717.3343896132
4	935	29537.550917709063	3506.7768667918
4	996	30839.298347195415	2660.6550248992
4	1075	32534.054766144904	2055.1071527135
4	1130	33380.557597292006	2583.3192784107
4	1191	34882.121958356651	4017.3227647386
4	1231	35447.62403830269	4141.747792622
4	1258	36098.744211302489	3469.6591710901
4	1316	37310.719194294304	2980.7607511183
4	1444	39801.3226562863	5415.9127159574
4	1512	41590.965914645583	5824.0811135676
4	1550	42532.225222693176	5556.5940858436
4	1588	43382.366894796792	5110.9519270147
4	1649	44967.75519257069	3352.9495301551
4	1878	50102.064674191843	2090.8194487638
4	1949	51793.8490628197	4373.9066327423
4	1971	52610.367546694054	3099.9763436298
4	2012	54419.764750023779	3020.6732392777
4	2080	56433.609170411422	3267.1097918507
4	2177	58355.383353530574	3063.346290547
4	2181	58618.767966019255	2801.2857343257
4	2277	60697.140081220885	3333.8456009523
4	2370	62988.930031838561	2056.3589963699
4	2749	72678.186003930928	3082.5567483654
4	2772	73160.631492689313	2254.1122304984
4	2777	73215.127346621394	4083.2291995482
4	2842	74505.427361458601	3111.8633729329
4	3015	77708.475975985693	3132.0198249436
4	3030	77992.198009224177	3696.3437594164
4	3209	82778.216384307981	3808.1813620436
4	3244	83483.299542324636	2458.8833242748
4	3348	85481.991052469772	3346.6629411283
4	3521	88727.571770148885	4324.534475888
4	3658	91395.387668191057	5351.0624357282
4	3730	93043.404948106569	5368.5312957364
4	3780	95143.289474761647	5687.8407232803
4	3811	96295.001683189136	4061.4508000921
4	3820	96503.581770854604	5560.3681416917
4	3861	97360.315221464795	4669.3751066252
4	4165	106243.060648283854	3663.8133411918
4	4254	108474.919277377223	2890.0757699428
4	4545	115659.310761090636	4489.4321030666
4	4584	116672.262717779994	4200.087680786
4	4642	117660.389228486782	4556.2676173644
4	4784	119549.901224249369	4279.9425265785
4	4850	121101.133051567048	3808.8199122757
4	4946	123391.533694048739	4655.7818018527
4	4955	123676.838571071893	5146.4816488007
4	4963	124154.92314141742	6663.8181770135
4	5001	125337.06922122863	4878.2011894811
4	5027	126065.815517199552	6284.9499388059
4	5037	126540.552895483887	4990.9252721427
4	5081	127782.869399383037	2976.2766588572
4	5118	128391.348244206931	2849.986709347
4	5152	129530.992298580554	1780.0211995281
4	5188	130154.933310973847	2516.4142000303
4	5226	130812.2708746369	3239.5535650779
4	5245	131356.588639612031	2958.7774113616
4	5382	135450.137763496319	2405.4873902164
4	5466	137458.280619217945	3932.9932018291
4	5513	138530.437479687686	3740.3153283312
4	5521	138687.952745540929	2696.9519745944
4	5553	139169.027171025914	2700.5933240737
4	5718	143026.309792912424	3862.1608906891
4	5794	144655.356685117738	2831.7668419871
4	5877	146393.141887457029	4406.2494542898
4	5898	146652.580002535985	2201.8811604504
4	6056	150561.612276761736	3705.6322370708
4	6206	154482.482818457852	1970.1003214158
4	6281	156258.638987045599	3071.4356578782
4	6320	157496.536308460425	2240.1373618302
4	6426	159727.955898703443	1435.0325316377
4	6436	159860.142972081082	2277.3073638353
4	6560	163386.765718313817	4397.6971059915
4	6591	164848.6429411705	2956.1615330167
4	6598	165177.220164041748	2141.1771844234
4	6653	168014.068901683572	3185.2038965933
4	6685	169570.368056100257	2851.6059441771
4	6765	171911.062000086608	1784.028898403
4	6788	172317.048458936474	1370.4665661324
4	6932	175842.933281696913	3571.6946630707
4	7013	177750.382602326152	4316.4419583802
4	7024	178127.339349498533	2961.9890709292
4	7230	185312.962148972672	2883.9218084235
4	7245	185838.011301945803	3179.5961443529
4	7277	186747.024317990723	3185.0779419124
4	7397	191204.176779704767	1870.5355212372
4	7462	192674.183342902588	4054.7069028295
4	7552	194895.276874488818	3667.5490765438
4	7587	195773.844167644756	3501.7065979908
4	7667	197863.942374423518	1720.8933244552
4	7698	198880.478195328201	2501.8284821412
4	7909	204063.968364292867	1778.8582690526
4	7939	204579.023003945238	3369.4840125343
4	7956	204723.941638471408	3014.1392840475
4	7993	205422.282778224087	3306.2055939555
4	8402	213228.443098654662	4564.5457898378
4	8477	214413.687913147424	2871.1571414719
4	8498	214735.765130544521	2003.9264907369
4	8525	215311.993363117491	3583.9920912134
4	8586	216114.207162229784	4023.0880084929
4	8911	226940.954643591644	2642.1004621643
4	8915	226968.342890166463	2621.3601633534
4	9000	230785.28346074482	4074.1863679234
4	9082	232951.739125043527	2429.3853139691
4	9121	234178.548019487122	3299.3323762564
4	9267	238986.709424549886	3423.0493530567
4	9351	242297.588704335089	2457.3763064481
4	9579	249699.469213244986	2834.8641224119
4	9710	252704.588660533271	2732.7164532996
4	9773	254427.159753557725	3053.7601791043
4	9818	255813.555170320405	1819.7653036248
4	10219	265255.896605843108	3104.1607011457
4	10258	266619.666347236562	2893.6788337655
4	10262	266643.63082943079	2300.947145855
4	10288	267230.433230237662	2743.8120769396

