version 2
run Iteration-35-20200521-09:52:53-57068
attr configname Iteration
attr datetime 20200521-09:52:53
attr experiment Iteration
attr inifile omnetpp.ini
attr iterationvars "$i=3, $j=11, $0=15-(3+11)"
attr iterationvarsf i=3,j=11,15-(3+11)-
attr measurement "$i=3, $j=11, $0=15-(3+11)"
attr network Network
attr processid 57068
attr repetition 0
attr replication #0
attr resultdir results
attr runnumber 35
attr seedset 35
itervar i 3
itervar j 11
param **.resourcePool.amount 3
param **.resourcePool1.amount 11
param **.resourcePool2.amount 15-(3+11)
param **.source.interArrivalTime exponential(6min)
param **.delay.delay uniform(4min,28min)
param **.delay1.delay uniform(10min,28min)
param **.delay2.delay uniform(4min,16min)
param **.allocate.resourceModuleName "\"Network.resourcePool\""
param **.allocate1.resourceModuleName "\"Network.resourcePool1\""
param **.allocate2.resourceModuleName "\"Network.resourcePool2\""
param **.deallocate.resourceModuleName "\"Network.resourcePool\""
param **.deallocate1.resourceModuleName "\"Network.resourcePool1\""
param **.deallocate2.resourceModuleName "\"Network.resourcePool2\""
param **.router.randomGateIndex "uniform(0, 1) > 0.2 ? 0 : 1"

vector 0 Network.allocate queueLength:vector ETV
attr interpolationmode sample-hold
attr title "queue length, vector"
vector 1 Network.allocate1 queueLength:vector ETV
attr interpolationmode sample-hold
attr title "queue length, vector"
vector 2 Network.allocate2 queueLength:vector ETV
attr interpolationmode sample-hold
attr title "queue length, vector"
vector 3 Network.sink lifeTime:vector ETV
attr interpolationmode none
attr title "lifetime of arrived jobs, vector"
attr unit s
vector 4 Network.sinkStat lifeTime:vector ETV
attr interpolationmode none
attr title "lifetime of arrived jobs, vector"
attr unit s
0	0	0	0
0	39	2009.128878788785	1
0	41	2185.988368368439	0
0	61	2816.513824443408	1
0	68	3112.059882489642	0
0	149	5775.350130923407	1
0	151	5831.094206539087	0
0	156	5896.450948117192	1
0	158	5914.072085387645	0
0	166	6171.022758309098	1
0	168	6346.763358066926	0
0	178	6390.166631230918	1
0	183	6730.284096777079	0
0	256	9024.538887604973	1
0	261	9070.461079397621	2
0	268	9124.321172964919	3
0	270	9285.250733078656	2
0	275	9293.472304943995	1
0	280	9483.994877225583	2
0	282	9571.856699356077	1
0	292	9765.330471385168	2
0	297	10098.552312754083	3
0	299	10150.849645056961	2
0	304	10218.09220886985	1
0	320	10434.037066850857	0
0	325	10528.917649151559	1
0	327	10663.36711413521	2
0	332	10859.783711735275	3
0	334	10905.861984560646	4
0	336	10963.202902546992	5
0	338	11023.79878354041	6
0	340	11101.677042090533	5
0	350	11166.015587246392	6
0	355	11388.913501578426	7
0	363	11651.580241102771	6
0	368	11705.227729301248	7
0	375	11801.685873001909	6
0	380	12185.702789828276	5
0	388	12444.878277474282	4
0	398	12791.746348327258	5
0	400	12897.67333618561	4
0	408	12975.414422679738	3
0	413	13166.704071156407	4
0	418	13242.601124749718	3
0	423	13277.720528513421	4
0	425	13342.370571971035	3
0	438	13659.988212671765	4
0	440	13661.099988250435	5
0	442	13736.515681076359	6
0	444	13745.971845455563	5
0	449	14011.793165429524	6
0	451	14076.277717195547	5
0	459	14177.064623807459	6
0	461	14184.232971150474	5
0	480	14615.678854569826	6
0	487	14662.091389057522	7
0	501	14903.629546568928	6
0	506	14975.750208377934	5
0	511	15080.947871845262	4
0	521	15556.423567079104	3
0	526	15565.879415788887	2
0	531	15807.956410251931	3
0	533	15818.176745082646	4
0	546	16088.915053833323	3
0	554	16516.214682397259	4
0	556	16578.254658982254	3
0	561	16594.705648202491	4
0	563	16600.020150833412	5
0	576	16785.33324520403	4
0	581	16938.390313688713	3
0	591	17068.035199968689	4
0	593	17189.893653119474	5
0	603	17630.1665600965	6
0	608	17752.452625438667	5
0	613	17859.951273010312	4
0	618	17876.492519210474	5
0	620	18013.494737306863	6
0	630	18229.332179794116	7
0	632	18283.125891008614	6
0	640	18460.819635153679	7
0	642	18470.038126003045	6
0	653	18837.302902445293	5
0	663	19099.960199364661	4
0	668	19152.989525713122	3
0	681	19475.591405708391	2
0	694	19863.613096623598	3
0	696	19889.284264723263	4
0	698	20065.769623141777	5
0	700	20185.236074880897	4
0	716	20396.094011084422	5
0	718	20441.693069705008	4
0	723	20518.616025116343	3
0	731	20742.968197457588	2
0	747	21121.415276659535	3
0	754	21155.285553256683	4
0	756	21374.991955488983	5
0	761	21491.368889875806	4
0	766	21587.793373961962	5
0	773	21943.727173622746	4
0	784	22080.998457067846	3
0	800	22863.387994919021	2
0	805	22907.485332444819	3
0	807	23010.865656652688	2
0	812	23024.348887011505	1
0	820	23271.316104725606	2
0	830	23669.736379042364	1
0	835	23766.811971401511	2
0	837	23807.860372107525	1
0	850	24165.136959918975	0
0	906	25421.759148265121	1
0	911	25697.673796255357	2
0	918	25972.979046806172	1
0	923	26197.133589465979	0
0	931	26320.229849966998	1
0	933	26383.317886843756	0
0	950	26615.767997627921	1
0	952	26672.922266279224	0
0	986	27870.281661066569	1
0	988	27885.460427780513	0
0	996	27932.726599928996	1
0	998	27943.75462669082	0
0	1003	28051.508859790153	1
0	1005	28232.102292564604	2
0	1012	28390.868520947827	1
0	1020	28666.050850972867	2
0	1022	28787.120805130815	3
0	1024	29115.888772916774	4
0	1031	29189.312513201908	3
0	1036	29216.179182086949	2
0	1041	29290.147588876078	3
0	1049	29401.455916712714	2
0	1054	29595.114773769008	3
0	1056	29758.951020006475	4
0	1063	29994.232396562462	3
0	1074	30154.782242804245	2
0	1087	30344.636232782965	1
0	1092	30531.935188278035	0
0	1097	30835.570486141452	1
0	1099	30849.375499222575	2
0	1109	31018.064330356849	1
0	1117	31455.939010224716	0
0	1122	31538.951939835255	1
0	1130	31693.674624529546	0
0	1151	32479.840170354298	1
0	1156	32538.936519035996	2
0	1158	32557.600133145882	1
0	1163	32660.079450897352	0
0	1168	32749.880061517628	1
0	1178	32908.312218226717	2
0	1185	33231.422267432047	1
0	1190	33314.344811354946	2
0	1192	33359.67479166097	1
0	1197	33532.686208921207	0
0	1207	33881.808639810626	1
0	1212	33939.163363903241	0
0	1217	34052.589503821709	1
0	1227	34152.649190206891	0
0	1232	34231.361768930003	1
0	1253	34718.599363939997	2
0	1255	34821.535737595263	3
0	1260	35114.665194290413	2
0	1270	35259.236612263571	3
0	1272	35474.119343079107	2
0	1277	35494.288631684672	3
0	1279	35570.250339838665	4
0	1281	35613.53681132651	3
0	1294	35876.405894147886	2
0	1299	35939.790251866894	3
0	1301	35963.656205899494	2
0	1314	36518.756264564461	1
0	1319	36680.658557141854	0
0	1373	38549.966991221949	1
0	1375	38572.303072200448	2
0	1377	38618.274962223354	3
0	1379	38692.408027787977	2
0	1384	38699.56848321934	3
0	1391	38909.669464639413	2
0	1396	39036.831026302148	3
0	1407	39308.549015587789	4
0	1409	39338.962418324339	3
0	1414	39355.941023794372	4
0	1421	39430.750978470538	5
0	1426	39668.13081533143	4
0	1431	39815.711334579571	5
0	1433	39847.812955965572	4
0	1438	40003.396229536395	5
0	1448	40256.778511343775	6
0	1450	40397.519635706234	5
0	1458	40625.455697332279	6
0	1460	40709.966980684914	7
0	1462	40730.429736897497	8
0	1467	40856.065968563133	7
0	1477	41329.902398203784	6
0	1482	41344.753049261613	7
0	1484	41347.030478310377	6
0	1497	41429.456436134723	7
0	1499	41440.53543958028	8
0	1501	41480.247593221164	9
0	1509	42034.68096878289	8
0	1525	42382.394575056904	7
0	1535	42657.366809476704	6
0	1540	42764.999864346542	7
0	1547	42925.285742356467	6
0	1552	42939.230586131475	7
0	1554	42989.832708392829	6
0	1562	43174.409291743326	5
0	1567	43230.349070898597	6
0	1569	43271.478611619828	7
0	1571	43377.411712866598	8
0	1573	43485.814907587159	7
0	1581	43604.707113840813	8
0	1583	43728.975308176229	9
0	1590	43974.762573343986	8
0	1606	44360.502025422597	9
0	1608	44453.444203171446	10
0	1610	44473.074379791111	9
0	1621	44575.463910325456	8
0	1626	44643.703620073125	9
0	1628	44749.748168167943	8
0	1644	45167.296675731713	7
0	1649	45515.197149281675	6
0	1654	45555.264911024937	7
0	1656	45556.462997723908	6
0	1669	45822.517411824853	5
0	1680	45974.666396304059	4
0	1688	46166.764276950901	5
0	1695	46650.218584258691	6
0	1700	46729.376465235443	5
0	1705	46922.86684575426	4
0	1721	47046.75810365006	5
0	1723	47101.533244847345	4
0	1731	47180.766415557992	5
0	1733	47404.28742014298	4
0	1738	47444.947058837244	5
0	1748	48002.292054154539	6
0	1750	48103.872344856435	5
0	1755	48135.202006235431	6
0	1760	48212.058811963879	7
0	1765	48337.231567433039	8
0	1772	48680.353774874496	7
0	1783	48930.101907019788	6
0	1788	48991.385701824518	5
0	1798	49280.095317316526	4
0	1806	49384.816261606474	5
0	1811	49566.772457067462	4
0	1821	50094.596136626395	3
0	1826	50347.038410565841	2
0	1834	50497.805887227231	1
0	1850	50894.943405081307	2
0	1855	50984.18302663097	1
0	1860	51034.405687066917	2
0	1862	51104.897203016399	3
0	1869	51764.871553685098	4
0	1874	51787.146790443434	5
0	1887	51970.18610209136	4
0	1892	51999.850964885734	5
0	1894	52031.524921794706	4
0	1904	52503.008654755148	3
0	1912	52732.229157648075	2
0	1925	53003.599437405477	3
0	1927	53039.309537549787	2
0	1932	53048.3736158205	1
0	1948	53440.628008921239	0
0	1960	53831.846438688958	1
0	1962	54030.251617756956	0
0	1978	54193.547431132007	1
0	1980	54329.379534651134	0
0	2082	57552.365331891277	1
0	2084	57557.220202158371	2
0	2086	57687.621900682984	1
0	2091	57717.884079495437	2
0	2093	57777.720788812061	1
0	2098	57828.28643965674	2
0	2100	57963.398598937033	1
0	2110	58112.870565978926	0
0	2120	58504.179391307563	1
0	2122	58505.232096226223	2
0	2127	58777.273956892808	1
0	2137	58938.445559652652	2
0	2142	58976.37162378095	3
0	2147	59092.042829377292	2
0	2155	59418.112274138373	1
0	2165	59425.750278813561	0
0	2321	65520.394197976255	1
0	2328	65890.618975463186	0
0	2344	66553.423370668215	1
0	2346	66563.724244816832	0
0	2428	68931.654408127866	1
0	2433	69080.450805318623	2
0	2435	69107.532651107939	3
0	2442	69211.477886459192	2
0	2450	69424.703518846233	3
0	2452	69441.64534359563	4
0	2454	69537.227989717872	3
0	2464	69697.717822838762	2
0	2472	69707.81462250807	3
0	2474	69943.679609878322	2
0	2479	70025.269539787919	1
0	2484	70197.010272454658	0
0	2494	70286.584313374611	1
0	2502	70704.301135657565	2
0	2509	70863.249608007015	3
0	2514	71071.03370423259	4
0	2525	71374.764679579398	3
0	2535	71463.760764125922	2
0	2540	71551.320287717292	3
0	2542	71573.756171784849	2
0	2552	71918.278141358311	3
0	2557	72421.352107025237	2
0	2562	72476.768921746275	1
0	2575	72510.042862679997	0
0	2580	72547.089725801686	1
0	2582	72745.470255884764	2
0	2587	72930.465521560468	3
0	2597	73114.637925050707	2
0	2602	73435.457657661477	1
0	2607	73479.515414530608	2
0	2609	73599.768147132811	3
0	2616	73671.981229646523	4
0	2618	73786.553885287008	3
0	2623	73886.304721340508	4
0	2636	74465.53155581244	5
0	2652	74644.477256866825	6
0	2654	74711.487956292482	5
0	2659	74714.646372284928	4
0	2664	74875.150320720881	5
0	2666	74996.151071112604	6
0	2668	75047.739775611422	5
0	2673	75374.547651804538	4
0	2678	75399.549707111159	3
0	2688	75587.492981946306	4
0	2695	75848.755215781473	5
0	2697	75851.718512477107	6
0	2699	75933.854407577178	5
0	2719	76542.785605026743	4
0	2732	76964.074522752503	3
0	2737	77000.574106968494	2
0	2742	77036.070715180077	3
0	2744	77055.535165814928	4
0	2746	77107.339140404503	5
0	2753	77426.298950517288	6
0	2755	77528.84770842801	7
0	2757	77545.675946047864	6
0	2770	77902.545207029492	7
0	2775	77944.447842521927	6
0	2780	77958.877162843497	5
0	2793	78209.978370032098	6
0	2795	78249.124156704507	5
0	2800	78509.856142264048	4
0	2808	78620.892851833221	5
0	2824	79128.106333767357	6
0	2831	79221.10270367044	7
0	2833	79288.615674696417	6
0	2838	79309.174744647185	5
0	2843	79419.729857055805	4
0	2848	79925.757259120676	5
0	2858	80071.19171572123	4
0	2866	80177.903863601888	5
0	2868	80253.682760622111	6
0	2870	80355.184604986784	7
0	2872	80477.584367524495	8
0	2874	80522.475475205443	7
0	2890	80934.650647400282	6
0	2895	80965.209890514167	5
0	2900	80968.626849831594	6
0	2910	81217.34589971562	7
0	2912	81430.295468139819	8
0	2914	81531.941494866147	9
0	2916	81546.579967140865	10
0	2921	81751.127960954051	9
0	2926	81787.051172315629	8
0	2939	82145.435707028295	9
0	2947	82443.977448616366	8
0	2952	82455.657775889319	9
0	2954	82498.967499306761	8
0	2967	83076.244888764064	7
0	2983	83428.914316877277	6
0	2993	83930.290226761441	5
0	2998	83971.192367321216	4
0	3011	84228.38140439723	5
0	3021	84649.010834789239	4
0	3026	84764.475040830226	3
0	3034	85033.306199315926	4
0	3041	85086.193093870016	5
0	3043	85235.98792855833	4
0	3059	85547.412557251306	3
0	3072	85936.576748278181	2
0	3077	85978.980169593091	3
0	3079	86101.802920760338	4
0	3081	86167.998935042285	3
0	3086	86181.917175970526	2
0	3099	86459.614611140938	1
0	3104	86493.475406637751	0
0	3109	86547.175372802454	1
0	3122	86885.809183802645	0
0	3127	86932.458950828535	1
0	3129	86949.99332430061	0
0	3139	87218.209810561135	1
0	3144	87405.72207037152	2
0	3163	87988.036766037488	3
0	3165	88001.355929060244	2
0	3170	88074.765120803864	1
0	3180	88209.427923646014	0
0	3188	88330.07427162218	1
0	3198	88616.364859316688	0
0	3206	88857.357169066789	1
0	3208	88890.786124406401	2
0	3215	89096.762659235262	1
0	3223	89282.585786663422	2
0	3225	89545.626015461536	1
0	3235	89842.385513089139	2
0	3237	89863.718689971071	3
0	3239	89942.618338003309	2
0	3244	89943.255836425685	1
0	3255	89980.282120604258	0
0	3260	90130.528256057867	1
0	3267	90511.877577536902	2
0	3275	90791.928846959215	1
0	3280	90874.31598151608	2
0	3282	90929.324798792155	1
0	3295	91228.606231568717	0
0	3336	92456.427413963947	1
0	3338	92558.028095697666	2
0	3343	92815.307579067862	1
0	3353	92908.577235548162	0
0	3358	93120.632444122714	1
0	3360	93473.203746399247	0
0	3415	94713.243587820067	1
0	3417	94809.686142173534	2
0	3422	95063.74298799083	1
0	3430	95119.822226187202	0
0	3440	95172.319429532636	1
0	3445	95389.00293212374	2
0	3447	95660.055535679604	3
0	3449	95663.195350956281	4
0	3456	95935.796335891638	5
0	3461	96185.722651431551	4
0	3471	96263.349166729007	3
0	3482	96735.87550001404	2
0	3495	97106.892915226102	3
0	3497	97396.939505699417	4
0	3499	97402.025161304031	3
0	3504	97452.615147294691	2
0	3509	97479.585645219299	1
0	3514	97614.973436932444	2
0	3519	97660.038911091047	3
0	3521	97760.947361885365	4
0	3526	97961.235693720693	5
0	3533	98084.66519861837	6
0	3538	98302.415803500789	7
0	3545	98525.818340355745	6
0	3561	98982.076923197123	5
0	3566	99026.644744530771	4
0	3571	99135.913044201425	3
0	3576	99447.71792042618	4
0	3583	99572.899118547664	5
0	3585	99704.526049680975	6
0	3595	99767.510582148995	7
0	3600	99966.735516651276	8
0	3610	100423.317215398405	7
0	3615	100561.568024667195	6
0	3625	100613.821577748272	5
0	3633	100815.132291450224	6
0	3635	100867.395185393894	7
0	3637	100877.807998821042	8
0	3639	100948.946558745793	7
0	3644	100957.039326217934	8
0	3646	100970.653342289838	7
0	3659	101392.964387556526	6
0	3675	101722.155247094325	5
0	3680	101842.566477497558	6
0	3682	101895.842043564175	5
0	3693	102442.976880023471	4
0	3701	102554.213786063891	5
0	3708	102664.136260346001	6
0	3710	102779.036322564338	5
0	3720	102996.701741127285	4
0	3728	103053.384650634817	3
0	3733	103273.339324501985	4
0	3743	103597.153208972586	5
0	3745	103817.719559699748	4
0	3758	103922.023393685214	3
0	3763	104051.756058291966	4
0	3768	104124.855649007472	3
0	3779	104630.194086382381	2
0	3792	104893.844212322593	3
0	3797	105155.407620610333	4
0	3799	105192.121507294927	3
0	3804	105199.261310067256	4
0	3806	105227.725547837309	3
0	3811	105472.992309548412	2
0	3816	105474.299176068826	3
0	3823	105550.705351812753	2
0	3831	105591.70487384375	3
0	3833	105695.076822200209	4
0	3838	105850.198716477011	3
0	3843	106034.373016601416	2
0	3848	106311.218082187382	3
0	3855	106581.814970396244	4
0	3857	106590.495154584042	3
0	3871	106730.337777721733	4
0	3873	106801.444016276863	5
0	3884	107068.735263964149	4
0	3889	107082.043431878541	3
0	3894	107094.122667237036	4
0	3901	107250.911675814599	5
0	3903	107356.086377712182	4
0	3908	107357.969274364863	3
0	3913	107457.696188567309	4
0	3920	107625.616340852526	5
0	3925	107851.29243945888	4
0	3950	108756.059759751988	5
0	3952	108770.603772245799	4
0	3957	108833.428912261716	3
0	3962	108980.169337543895	4
0	3969	109204.736005521865	5
0	3971	109241.550554796659	6
0	3973	109477.795750817272	5
0	3983	109746.021304227746	6
0	3988	110087.202956533061	7
0	3990	110165.186116008076	6
0	4000	110249.814624965643	5
0	4005	110287.604558228808	6
0	4010	110367.987010875932	5
0	4015	110391.762631079965	6
0	4017	110650.253143856517	5
0	4022	110739.862929748318	6
0	4038	111236.079297458741	5
0	4051	111323.928698982493	6
0	4053	111446.902356743962	7
0	4055	111464.666149715177	6
0	4060	111499.189483916375	5
0	4070	111619.06589574412	4
0	4081	112269.106108347169	3
0	4091	112419.199350515708	4
0	4093	112439.95611717752	5
0	4101	112642.871059954618	4
0	4106	112740.866448686869	5
0	4108	113030.348052924487	4
0	4116	113090.77861971169	5
0	4118	113141.710267761937	4
0	4123	113185.867863657124	5
0	4125	113227.011681322058	6
0	4135	113294.708544413837	7
0	4137	113395.422888159151	8
0	4139	113445.070054747616	7
0	4149	113866.079648496798	6
0	4165	114247.793066132568	7
0	4170	114301.264104251946	8
0	4172	114352.134249538635	7
0	4177	114473.854235676595	8
0	4182	114589.314908703777	7
0	4187	114682.948593455234	8
0	4189	114759.249993242325	9
0	4194	114797.713777074805	8
0	4207	115132.003843790418	9
0	4209	115499.077819829795	8
0	4225	115946.971853554701	7
0	4230	116358.154003938648	6
0	4235	116413.060731725982	5
0	4245	116436.661379811677	6
0	4247	116536.626114656859	7
0	4252	116591.329884590452	8
0	4259	116869.621478461181	7
0	4267	117033.360265029582	6
0	4272	117038.620783154295	7
0	4279	117160.294621095513	6
0	4284	117287.279794904641	7
0	4291	117445.602902981725	8
0	4293	117502.118033120623	7
0	4301	117863.01344099686	6
0	4306	117872.488319308322	7
0	4319	118332.953130893861	6
0	4332	118570.927792625716	5
0	4337	118589.532817585382	4
0	4361	119073.565095687499	3
0	4366	119152.106868150298	4
0	4368	119179.522278970612	5
0	4370	119401.17349944927	6
0	4375	119586.142669834648	5
0	4380	119687.859053147945	4
0	4393	119900.791328834584	3
0	4398	119937.814013362216	4
0	4400	119976.377889881026	5
0	4405	120022.638451887283	4
0	4410	120030.925776206408	3
0	4423	120308.661472215768	4
0	4425	120370.443269946997	5
0	4427	120415.855606199031	6
0	4429	120597.301187880504	7
0	4431	120606.194628917132	6
0	4436	120722.878450772846	7
0	4438	120859.863496219728	6
0	4448	120920.537438622594	7
0	4453	121040.849295959328	6
0	4469	121483.358637975743	5
0	4477	121670.139807557676	4
0	4493	122042.090779219832	5
0	4495	122165.645587391429	6
0	4503	122248.006930222724	5
0	4508	122250.985786428678	6
0	4510	122363.873213144233	5
0	4526	122663.643515252028	4
0	4531	122772.630675062585	5
0	4533	122839.227718148006	6
0	4535	122924.947607942889	7
0	4537	122953.136135662188	6
0	4545	123029.643547443662	5
0	4550	123479.751049369199	6
0	4557	123581.712820364151	5
0	4562	123628.648268163655	4
0	4573	123829.133474614	5
0	4581	124015.593432029212	6
0	4583	124058.461095081856	5
0	4596	125000.223614039113	4
0	4601	125042.825667915855	3
0	4606	125112.419249371145	2
0	4614	125147.140808327932	3
0	4624	125335.183149600615	2
0	4629	125338.003104008748	3
0	4636	125778.140622286115	2
0	4644	125838.880561828032	3
0	4651	126213.890126588716	4
0	4656	126299.263621449921	3
0	4672	126870.813634606292	2
0	4677	126875.937951711927	1
0	4682	126998.858535240748	2
0	4684	127131.530509718114	3
0	4689	127218.648521557901	2
0	4694	127241.960192676999	3
0	4696	127264.151329603967	4
0	4698	127273.026196246941	5
0	4708	127645.063805610392	4
0	4713	127758.886826304921	5
0	4721	128026.201205236827	4
0	4726	128119.218293607686	3
0	4739	128386.135983903143	4
0	4741	128426.156308340123	3
0	4746	128642.078882194413	4
0	4751	128925.155380314206	3
0	4761	129126.675065972362	2
0	4772	129453.07287021189	1
0	4777	129615.617053932684	2
0	4790	130068.285691235514	3
0	4792	130070.169747939323	2
0	4805	130431.905326504865	3
0	4807	130438.371552706216	2
0	4812	130472.402418601345	3
0	4819	130640.386949727526	2
0	4827	130848.894898213897	1
0	4843	131618.653236806844	0
0	4946	135546.867491757443	1
0	4951	135866.161758913399	0
0	5051	139393.550892644228	1
0	5058	139481.756967444273	2
0	5060	139708.844504686437	1
0	5065	139709.3905487891	0
0	5078	139957.661186552818	1
0	5080	140277.057252028183	0
0	5120	141370.257323874688	1
0	5127	141396.354936203627	2
0	5132	141469.374180646861	1
0	5137	141533.393310109815	2
0	5147	141808.114272315471	3
0	5149	141977.475915785394	2
0	5157	142179.620158808554	1
0	5168	142386.900824486606	0
0	5189	143448.411236696277	1
0	5191	143546.402630034349	0
0	5196	143547.953592391518	1
0	5201	143610.319159055377	0
0	5218	143976.377932189169	1
0	5228	144549.002705817883	2
0	5233	144668.803433933323	3
0	5235	144783.698099701479	4
0	5242	144854.768031296024	5
0	5244	144897.669455508019	4
0	5249	144954.645813304446	3
0	5254	145087.910674635403	2
0	5259	145185.297717037707	3
0	5264	145491.738015424542	2
0	5277	145953.068330038421	1
0	5285	145990.44299721237	2
0	5287	146135.124094436067	3
0	5289	146211.207610577751	4
0	5291	146231.581932269331	5
0	5293	146273.617549673642	6
0	5298	146356.005598652623	5
0	5303	146570.893426412965	4
0	5311	146645.466864897072	5
0	5321	146951.986566606991	4
0	5326	146964.411066742282	5
0	5328	147013.842366287989	6
0	5330	147084.823443583567	7
0	5340	147539.939348982896	6
0	5348	147973.296719986461	5
0	5358	148073.194005761378	4
0	5366	148247.230805614993	5
0	5379	148725.544806879737	6
0	5381	148933.903720315061	5
0	5389	148994.363639975216	4
0	5399	149173.986239481233	3
0	5404	149220.895171005597	4
0	5406	149343.162315330743	5
0	5408	149426.639165422335	6
0	5410	149431.141190465622	5
0	5415	149803.16679427984	4
0	5423	149995.83144367867	3
0	5433	150171.262327270832	2
0	5444	150636.613154123984	1
0	5452	150697.988089419155	2
0	5454	150713.340391392138	1
0	5459	150728.293057393365	0
0	5532	152857.387109459617	1
0	5539	153149.818106475323	2
0	5541	153164.328006369635	1
0	5546	153374.74916600285	0
0	5585	154293.967084616174	1
0	5590	154592.67429674968	2
0	5595	154598.505923655314	3
0	5600	154641.459667500073	2
0	5605	154814.971672449967	3
0	5615	155215.323829102419	4
0	5617	155253.651754439445	5
0	5619	155289.053255012322	4
0	5624	155312.208901231392	5
0	5626	155365.127362575347	4
0	5636	155528.731388819461	3
0	5644	155794.821618457382	2
0	5654	156013.489646045554	1
0	5659	156051.728586781022	2
0	5661	156288.426723924397	3
0	5671	156635.911820528155	2
0	5676	156668.09607385664	1
0	5689	156793.275575008208	0
0	5864	162222.845678197443	1
0	5866	162349.848921420541	0
0	5876	162554.870517676163	1
0	5878	162709.297504990868	2
0	5880	162728.825966502097	1
0	5885	162772.717138432719	2
0	5892	163123.021562091147	3
0	5894	163282.940121125911	2
0	5899	163432.207177318766	1
0	5907	163657.672009978077	2
0	5920	163947.257483191922	1
0	5928	164077.361890841032	2
0	5930	164111.491714749441	3
0	5940	164333.81841629176	4
0	5942	164389.804639043775	3
0	5955	164837.283807046721	4
0	5957	164853.708516620233	3
0	5962	164892.919661384557	2
0	5975	165239.433648174304	3
0	5977	165326.966845599855	4
0	5979	165359.190222546592	3
0	5984	165764.065378392604	2
0	5989	165877.803803681138	3
0	5999	166007.904484589134	2
0	6004	166026.688350545971	3
0	6014	166484.658840894833	2
0	6022	166686.76222023603	1
0	6032	166789.001251231529	2
0	6034	166930.954643013444	1
0	6045	167178.807661713488	2
0	6047	167207.108204255926	3
0	6049	167295.539376139775	2
0	6057	167472.283901628588	1
0	6070	167862.525484869745	0
0	6078	168171.549229643887	1
0	6088	168406.516107852128	0
0	6099	168572.185149381051	1
0	6101	168689.968091994658	0
0	6181	171588.59292325713	1
0	6183	171621.78573254749	2
0	6188	171875.60540564336	1
0	6198	171994.805456298567	0
0	6206	172229.11287876976	1
0	6208	172256.872177972239	2
0	6210	172301.310070092953	1
0	6215	172522.991939236256	2
0	6217	172573.031525090115	1
0	6222	172736.554760102874	2
0	6224	172895.873089234903	3
0	6231	173005.546279336489	2
0	6236	173030.062920481683	1
0	6250	173376.820739246683	0
0	6255	173500.333412557557	1
0	6268	173878.277147981501	0
0	6323	175802.562236728633	1
0	6330	175848.696683777225	2
0	6335	176014.150386789451	1
0	6340	176095.166594256823	2
0	6345	176340.705116125474	3
0	6347	176357.507159084931	2
0	6357	176587.536276151846	3
0	6359	176714.85944122226	2
0	6383	177419.119076879332	1
0	6388	177432.863019562064	0
0	6393	177440.819532252205	1
0	6395	177480.327430971816	0
0	6403	177803.088525417598	1
0	6405	177865.565042578533	0
0	6410	178097.816775624134	1
0	6412	178151.881337455046	2
0	6419	178411.511391187483	3
0	6424	178482.10636370714	2
0	6429	178675.881324598203	1
0	6445	179069.292331865726	0
0	6450	179113.08940740066	1
0	6452	179124.045099290825	2
0	6457	179372.211993673454	1
0	6462	179447.0892623015	2
0	6469	179538.389603028425	3
0	6471	179723.577646736734	4
0	6478	179865.189286141394	3
0	6489	180124.02723275955	2
0	6494	180195.62985372424	1
0	6510	180419.866552221922	2
0	6515	180531.73315093547	1
0	6520	180755.152223595987	0
0	6525	180793.853122033332	1
0	6532	181183.324991396367	0
0	6628	183704.096177768353	1
0	6641	184192.494655126219	2
0	6643	184274.733934773176	3
0	6648	184460.269376984682	2
0	6658	184789.80377588459	1
0	6668	185044.061488970067	0
0	6680	185148.673164534932	1
0	6682	185242.18636011678	2
0	6687	185616.221873449593	3
0	6708	186118.012038172203	4
0	6710	186147.217190055992	3
0	6715	186177.207236867973	4
0	6717	186315.57002148739	5
0	6719	186435.438896231732	4
0	6724	186562.481461235176	5
0	6726	186571.47751194879	4
0	6731	186594.818403050031	3
0	6741	186816.783652282204	2
0	6746	187021.649345732504	3
0	6748	187428.532990149043	4
0	6764	187825.437032999515	5
0	6766	187856.11678213864	6
0	6773	187878.143835081603	5
0	6778	187915.664878375556	4
0	6786	188075.812539048872	3
0	6794	188132.779182853746	4
0	6796	188181.808206970565	5
0	6801	188542.256542518798	6
0	6803	188549.131228924177	5
0	6813	188984.428995453853	6
0	6815	189196.702175140109	5
0	6820	189326.913675083663	4
0	6836	189700.446629347482	5
0	6838	189774.994511417773	4
0	6851	190186.290963739536	3
0	6856	190330.243700905587	2
0	6861	190470.839847028635	1
0	6871	190553.283648888059	2
0	6879	190737.140008061853	1
0	6892	191054.592770077017	0
0	6912	191446.795393927103	1
0	6920	191584.213716533133	0
0	6937	191993.330437960253	1
0	6942	192132.770866080847	0
0	7006	194711.215340034402	1
0	7013	195014.254197965978	0
0	7018	195242.595457035304	1
0	7023	195302.180366286115	0
0	7153	198432.664957563628	1
0	7158	198559.439828540758	0
0	7184	199361.651440641411	1
0	7186	199457.827686701224	2
0	7188	199511.557298708335	1
0	7193	199545.537619064362	0
0	7210	200090.975303164725	1
0	7220	200349.280678700284	0
0	7369	205277.248964526784	1
0	7371	205535.935842070698	0
0	7462	208431.927507651278	1
0	7464	208463.267506475092	2
0	7466	208617.987311648916	3
0	7468	208644.372224005127	4
0	7470	208662.65439767042	3
0	7475	208914.707875810834	2
0	7480	209008.73959306279	1
0	7490	209406.244969752645	2
0	7492	209479.753739299699	3
0	7499	209589.105907169105	4
0	7501	209713.855704848703	3
0	7506	209757.199825358617	4
0	7508	209997.460884873684	5
0	7510	210049.698680923983	6
0	7518	210246.277936771783	5
0	7526	210464.414667534675	6
0	7528	210468.424028937753	5
0	7538	210595.959612500163	4
0	7554	211146.153294995612	5
0	7556	211185.496692620489	4
0	7561	211336.583106104525	3
0	7574	211470.571136881646	2
0	7579	211664.164669735518	3
0	7581	211799.146966956426	4
0	7583	211806.722822803769	5
0	7593	211871.266060099277	4
0	7601	212067.670498236371	5
0	7611	212784.353168529507	4
0	7619	212879.956825781854	3
0	7624	212942.748599660651	4
0	7631	213188.350789360319	5
0	7633	213208.431700278314	4
0	7638	213313.994309790704	3
0	7643	213363.166910137582	4
0	7648	213503.302546811339	3
0	7658	213649.479478482798	4
0	7660	213927.195867146921	5
0	7662	213971.607117344929	6
0	7672	213997.039396238562	5
0	7680	214116.026773410228	6
0	7688	214360.393286605414	5
0	7693	214620.370187256388	6
0	7700	214689.47465229431	5
0	7705	214697.704213854614	6
0	7707	214888.489943407748	5
0	7715	215005.757741085639	6
0	7717	215237.364704568919	5
0	7722	215281.538729090017	6
0	7727	215439.173835185333	7
0	7734	215478.542164449165	8
0	7736	215552.378665460226	9
0	7741	215817.507983103464	10
0	7743	215899.568677839872	9
0	7748	215932.811383349973	10
0	7750	215984.094796628032	9
0	7755	216006.201595213505	8
0	7763	216108.597273841771	9
0	7770	216273.264911808346	8
0	7778	216359.065380944861	9
0	7788	216745.439696010443	8
0	7793	216935.060689074036	7
0	7801	217304.346481362254	8
0	7817	217376.307583526379	9
0	7819	217476.910458464416	8
0	7830	217833.428455811974	7
0	7835	217909.842558987711	6
0	7845	218025.26724196622	5
0	7850	218279.566383172807	4
0	7858	218452.224666186753	5
0	7860	218532.040410554861	6
0	7873	218846.693009693416	5
0	7878	218891.067829428484	6
0	7880	218917.237170456607	7
0	7882	219088.065151907776	6
0	7887	219225.058481087866	7
0	7897	219486.596136726711	6
0	7905	219535.666736299184	7
0	7910	219684.586317455244	8
0	7912	219843.398864377531	7
0	7922	219899.982649494943	6
0	7927	219931.523557325742	7
0	7929	220477.705772739884	6
0	7942	220685.751197412882	5
0	7950	220763.508831966909	4
0	7958	220917.815243197134	5
0	7960	220972.167969831845	6
0	7962	220974.069186859105	5
0	7967	221009.141914201415	6
0	7974	221149.099787185897	7
0	7984	221572.915154058727	6
0	7989	221649.128948083787	7
0	7994	221752.504708317157	6
0	8013	222447.508997656677	5
0	8023	222499.34708327992	6
0	8025	222569.683686631249	7
0	8027	222752.563963641461	6
0	8032	222762.213067077372	5
0	8042	223022.502238540684	6
0	8044	223039.187333245071	5
0	8052	223168.286871909129	6
0	8054	223190.725253184374	5
0	8062	223331.930882427088	6
0	8083	223958.222340829942	5
0	8091	224214.234197397026	4
0	8096	224224.288358235489	5
0	8103	224357.702838222451	6
0	8105	224374.696006835087	7
0	8110	224437.080025376804	8
0	8112	224686.913520691033	7
0	8117	224781.55371214846	6
0	8130	225086.186253067613	7
0	8132	225116.487568253566	8
0	8134	225130.51297552404	9
0	8141	225249.350207150254	8
0	8146	225260.209911425646	7
0	8151	225375.7196080057	8
0	8153	225501.402136475058	9
0	8158	225613.405877514147	10
0	8160	225674.608779847893	9
0	8173	226010.574506033453	8
0	8178	226191.29120825769	9
0	8186	226408.368214254316	8
0	8191	226511.160185080108	9
0	8201	226708.143102410764	10
0	8203	226708.773003775868	9
0	8208	226762.572644190079	10
0	8213	227015.308828476548	11
0	8218	227210.382497796266	12
0	8220	227240.300859995458	11
0	8225	227305.662164684627	10
0	8230	227336.241617829912	11
0	8240	227705.397942886028	10
0	8245	227900.295473222669	9
0	8250	227926.264981830527	10
0	8258	228227.522919285186	11
0	8260	228251.117743501277	12
0	8262	228264.29116905842	13
0	8269	228621.376419437166	12
0	8277	228735.749671274861	13
0	8279	228779.154676654537	14
0	8292	228888.300833547979	15
0	8294	228936.225525435302	14
0	8299	229009.528318529065	13
0	8304	229174.264318421755	12
0	8317	229270.904532225634	13
0	8319	229325.727389241028	14
0	8332	230254.15486260974	13
0	8337	230511.358255852993	12
0	8342	230564.635874327514	11
0	8355	230795.845820158992	10
0	8363	231048.409469683702	9
0	8376	231890.780449059102	8
0	8381	231897.466609701786	7
0	8394	231999.954433749293	8
0	8399	232235.662061795864	7
0	8412	232500.257025842602	6
0	8423	232673.26532895744	7
0	8425	232680.007728921811	8
0	8435	233099.026647993072	9
0	8437	233197.103912440711	10
0	8439	233228.271216042612	9
0	8444	233265.223661155296	10
0	8454	233449.257273968551	9
0	8459	233530.571955472482	10
0	8461	233973.360936899717	9
0	8466	234134.651918751625	10
0	8476	234471.314885092015	9
0	8486	234630.635901727055	8
0	8491	234687.993328754982	9
0	8493	234753.557784874645	10
0	8495	234760.786890024719	11
0	8497	234822.025713693593	10
0	8505	234945.206741802667	9
0	8513	235259.427608671052	10
0	8520	235610.445084307585	9
0	8525	235642.824653160806	8
0	8533	235984.542640966411	7
0	8541	236038.008927949897	8
0	8557	236461.445447057758	7
0	8562	236661.681343946848	6
0	8583	237077.805443589623	5
0	8588	237219.516833167706	6
0	8590	237332.391275763784	5
0	8601	237620.148339119051	4
0	8606	237700.239553579611	5
0	8613	237943.119644633027	6
0	8615	238005.350753896721	7
0	8617	238053.475657996769	6
0	8627	238421.640814763541	5
0	8635	238660.187148262058	4
0	8640	238672.773796963507	5
0	8650	238985.578082837437	4
0	8655	238995.106425117754	5
0	8657	239129.736979044719	6
0	8659	239190.152417344088	5
0	8672	239424.60940636564	6
0	8682	239723.806738341438	7
0	8684	239767.123862241442	6
0	8689	239777.834518738364	5
0	8700	239911.768309619521	4
0	8708	240244.796749238168	3
0	8713	240349.639653751511	4
0	8726	240503.249151060091	5
0	8728	240976.879302110766	4
0	8733	241222.707050720794	5
0	8740	241300.442562476074	4
0	8745	241380.577941422398	3
0	8756	241578.498160090541	2
0	8764	241742.825142138446	3
0	8774	242040.002663057541	2
0	8779	242144.614908264714	3
0	8789	242617.716517448699	2
0	8800	242914.593977664645	1
0	8810	243135.839552168047	0
0	8911	246256.200834533776	1
0	8913	246259.06278108419	2
0	8920	246388.716555286	3
0	8922	246436.973475980627	4
0	8924	246497.544600079026	5
0	8932	246968.438536559348	4
0	8942	247102.08929018409	5
0	8944	247325.724161899061	4
0	8949	247523.193347761597	3
0	8954	247608.248288701904	4
0	8961	247978.888568199823	5
0	8971	248393.162750599091	4
0	8976	248446.792385140623	3
0	8981	248640.490515674167	4
0	8983	248846.725196729886	5
0	8988	248977.427358029754	4
0	9001	249325.820908739308	5
0	9003	249572.716003247182	6
0	9016	249925.559396443074	5
0	9021	250075.452872486974	4
0	9029	250121.894311670834	5
0	9031	250163.525088614197	4
0	9041	250420.340696268344	5
0	9043	250628.370916170185	4
0	9056	250750.325874464688	5
0	9061	251207.779867099787	4
0	9074	251416.528983151884	3
0	9079	251443.612477165997	4
0	9081	251512.930011274482	3
0	9089	251766.478706163676	4
0	9091	251893.813073222642	3
0	9101	252246.651505491109	2
0	9106	252502.667252803024	3
0	9114	252559.842619185453	2
0	9122	252856.295122252966	1
0	9135	253011.10662199405	0
0	9145	253262.601617390731	1
0	9150	253453.762331477269	2
0	9160	253705.642082998718	1
0	9168	253862.59551616419	2
0	9170	253981.586039026385	1
0	9180	254167.489272700812	0
0	9185	254260.332164859583	1
0	9187	254331.886216250365	0
0	9214	254901.352362568181	1
0	9230	255147.452053648536	0
0	9263	256110.663628362617	1
0	9270	256536.931248511383	0
0	9282	256588.130085790615	1
0	9287	256787.541212159919	2
0	9289	256814.471446109648	3
0	9294	256998.405184450518	4
0	9299	257116.761443744609	3
0	9309	257266.517067178871	2
0	9314	257430.409505165469	3
0	9316	257477.290195535341	4
0	9318	257539.209591143503	3
0	9323	257670.565261814795	4
0	9334	257988.867183345566	3
0	9344	258321.913637018507	4
0	9346	258348.492570668246	3
0	9351	258527.482162582884	2
0	9356	258533.344503559842	1
0	9375	258864.193904680286	2
0	9377	258981.327448058138	1
0	9382	259046.417726592272	2
0	9387	259262.518251028756	3
0	9392	259363.905199275091	2
0	9405	259655.31851790073	3
0	9407	259859.337984919335	2
0	9417	260039.655893462906	1
0	9422	260220.615250573233	0
0	9430	260341.318049571086	1
0	9432	260367.336006973786	2
0	9434	260486.249653876499	1
0	9447	260827.511740916149	0
0	9556	264537.048262930548	1
0	9563	264884.448229359601	0
0	9568	265109.924800480711	1
0	9573	265279.137690175662	0
0	9611	266244.252381987843	1
0	9613	266306.677240987977	2
0	9615	266411.658618525897	3
0	9620	266681.982426171645	2
0	9625	266800.784423496912	1
0	9635	266972.067495985738	0
0	9640	267145.615859303198	1
0	9642	267161.794955631241	0
0	9655	267453.649603454168	1
0	9657	267687.114298435105	2
0	9659	267747.434496198438	3
0	9664	267842.594268425218	2
0	9672	267937.272614560312	3
0	9674	268006.185473510328	4
0	9676	268116.55352778394	3
0	9692	268370.383121793613	2
0	9697	268406.792160264067	1
0	9707	268831.367723426746	2
0	9709	268861.437807638536	1
0	9725	269234.751012316756	0
0	9782	270379.303376791589	1
0	9784	270443.635828939651	0
0	9789	270447.132625263043	1
0	9791	270544.365777328923	2
0	9793	270745.949716913236	1
0	9801	270788.84108149466	0
0	9812	271100.802822008618	1
0	9825	271337.586093583306	2
0	9827	271493.931719521714	1
0	9841	271678.738809007731	2
0	9843	271868.088942961003	3
0	9845	271869.73458192773	4
0	9847	272000.730627455279	5
0	9854	272105.386575681542	4
0	9859	272171.875297697456	3
0	9864	272326.539042647599	4
0	9866	272444.719845927679	5
0	9868	272572.725989008976	4
0	9873	272675.476165328661	5
0	9875	272727.05709330364	6
0	9885	272878.815802231287	7
0	9893	272979.165844058071	6
0	9898	273183.78201702617	7
0	9908	273538.588048080178	6
0	9913	273664.942791471912	5
0	9918	274021.474129157795	4
0	9923	274110.074806934862	5
0	9925	274159.294920315169	6
0	9935	274277.543464859401	5
0	9943	274505.105007483776	6
0	9945	274540.77622600305	7
0	9953	274829.212054210438	6
0	9958	274836.102839121791	5
0	9963	274859.930007879991	6
0	9973	275225.225394452187	5
0	9978	275266.536140684516	6
0	9980	275411.827805324691	7
0	9982	275540.135486920793	8
0	9995	275915.485799322559	7
0	10000	275948.512002748822	6
0	10005	276315.066044712636	5
0	10015	276492.007370042338	4
0	10023	276850.144964677667	3
0	10039	276935.563219175387	4
0	10041	277107.538549634761	5
1	0	0	0
2	0	0	0
2	34	1729.215555820981	1
2	50	2225.966553462183	0
2	56	2639.537644116916	1
2	63	3028.194264990723	0
2	90	3860.45755824513	1
2	92	4028.330973395606	0
2	105	4481.93640745399	1
2	114	4980.212859278073	0
2	127	5071.895011574692	1
2	130	5134.399795796893	2
2	136	5468.5408378501	3
2	141	5591.581857827952	2
2	147	5684.183707662564	3
2	164	5972.403006725515	4
2	173	6382.378956106951	3
2	181	6605.237859004749	4
2	188	6985.677415551146	3
2	201	7172.980652979711	4
2	208	7490.730982902564	5
2	211	7518.254084309203	6
2	227	7884.043083125254	5
2	232	8181.978754261037	4
2	245	8697.649870328421	5
2	248	8726.379580229161	6
2	254	8987.649543420517	7
2	259	9042.498233874465	8
2	263	9124.240354196628	7
2	287	9611.26998442178	6
2	295	9904.160813948402	7
2	310	10277.291230684192	8
2	313	10426.291914790137	9
2	315	10428.735425946763	8
2	330	10783.326805590851	9
2	345	11138.975885295769	8
2	353	11184.805855985826	9
2	358	11541.838828337578	10
2	361	11544.663674574391	11
2	370	11747.977964141866	10
2	386	12353.493614982081	11
2	393	12684.997146827629	10
2	406	12910.42460880438	11
2	416	13185.224124113144	12
2	430	13353.32764272531	11
2	436	13426.806384410804	12
2	457	14114.374656866504	13
2	466	14212.247491934798	12
2	472	14260.107792282572	13
2	475	14461.958413080512	14
2	478	14575.769512442918	15
2	482	14626.360635077111	14
2	490	14711.186830552391	15
2	493	14745.07685122276	16
2	496	14828.101817391859	17
2	499	14837.984793327844	18
2	516	15116.080199582032	17
2	535	15861.208972511343	16
2	541	16014.63187192866	17
2	544	16087.0139531177	18
2	552	16246.168257773019	19
2	566	16735.213209607838	20
2	569	16749.65162729109	21
2	571	16753.580431164704	20
2	586	17045.834662252567	19
2	596	17305.190391469794	20
2	598	17520.803492208473	19
2	606	17648.305057364716	20
2	622	18027.592315198384	19
2	628	18227.078858457602	20
2	638	18371.716481423053	21
2	648	18494.792925206213	22
2	651	18764.519174818046	23
2	658	18980.969502096526	22
2	674	19178.816911888509	23
2	676	19411.473094792567	22
2	687	19695.111164109829	23
2	689	19700.575988953464	22
2	706	20245.399779846988	23
2	709	20260.968977708465	24
2	711	20291.835386929565	23
2	729	20647.274391449257	24
2	736	20762.458238144868	23
2	742	21009.858164706468	24
2	745	21080.061900880236	25
2	749	21136.282444716894	24
2	759	21465.707855256323	25
2	768	21873.957080514633	24
2	779	22069.925788549802	25
2	782	22076.534991872697	26
2	789	22579.037997507953	25
2	795	22715.796699134729	26
2	798	22755.732330022428	27
2	818	23234.875343174874	28
2	822	23407.390709155702	27
2	828	23637.424163020416	28
2	842	23860.7305548056	27
2	848	24085.766655415345	28
2	855	24216.401766733729	27
2	861	24406.117175074391	28
2	872	24664.433552708573	29
2	884	25026.02508573746	28
2	890	25143.796358726968	29
2	893	25168.250533206437	30
2	896	25321.456429337352	31
2	898	25379.620778178327	30
2	909	25606.868971439175	31
2	913	25867.177133904301	30
2	929	26293.196525921314	31
2	945	26469.120639757716	30
2	957	26958.065227409356	29
2	963	27144.588104938341	30
2	966	27163.4707853584	31
2	969	27419.109269819632	32
2	975	27684.729364858472	31
2	981	27830.765740987721	32
2	994	27904.477513241459	33
2	1007	28321.871380758935	32
2	1018	28518.385220267977	33
2	1026	29139.621063014024	32
2	1044	29307.139138071675	33
2	1047	29318.877100619898	34
2	1058	29937.697871187233	33
2	1069	29998.175374201221	34
2	1072	30046.399485110183	35
2	1079	30196.896166605406	34
2	1085	30322.585633072481	35
2	1101	30980.02501438325	34
2	1107	30998.521456072761	35
2	1115	31413.704807126374	36
2	1125	31598.584090634128	37
2	1128	31634.485555975576	38
2	1136	31823.728498165906	39
2	1138	31851.724754878783	38
2	1144	32114.404396430311	39
2	1146	32334.51555860182	38
2	1154	32504.913747060524	39
2	1171	32792.513762493497	40
2	1173	32795.108239417427	39
2	1180	33090.401103021108	38
2	1202	33809.984228452199	37
2	1210	33888.431645176784	38
2	1219	34109.409555727147	37
2	1225	34141.538335743083	38
2	1235	34422.043468118524	39
2	1237	34446.709657450669	38
2	1243	34582.107311297862	39
2	1246	34670.756935036464	40
2	1248	34699.252385803961	39
2	1258	34991.587658572422	40
2	1265	35138.573112329	39
2	1287	35762.302358685872	40
2	1289	35782.657848568165	39
2	1307	36282.407690162493	40
2	1309	36371.48501773318	39
2	1325	36690.987185436713	40
2	1328	36761.344689163259	41
2	1331	37014.99629764952	42
2	1333	37325.401351777368	41
2	1339	37330.737335446013	42
2	1350	37985.59397865711	43
2	1353	38014.107244987852	44
2	1365	38234.865800933444	43
2	1386	38907.688557216429	42
2	1399	39076.837162022891	43
2	1402	39185.447789073645	44
2	1405	39201.349373492292	45
2	1416	39412.344816168302	44
2	1424	39585.170590653368	45
2	1441	40081.199456368598	46
2	1443	40247.194281285161	45
2	1456	40548.923872931885	46
2	1465	40789.06943863684	47
2	1472	40928.418453307355	46
2	1490	41374.089697785028	47
2	1492	41401.524295145178	46
2	1504	41665.600042007216	47
2	1507	41804.288531727183	48
2	1515	42044.812856194848	49
2	1518	42130.231633833215	50
2	1520	42260.401375358457	49
2	1530	42591.490730409975	48
2	1542	42899.660920565481	47
2	1560	43046.382964653247	48
2	1579	43555.319660817299	49
2	1585	43788.848849748726	48
2	1596	44127.732370550769	49
2	1599	44177.119904323087	50
2	1601	44239.333638129289	49
2	1616	44479.218333423675	50
2	1619	44547.273855217758	51
2	1634	44856.839436785344	52
2	1637	44892.231854693317	53
2	1639	45028.990623233373	52
2	1662	45558.328333095673	53
2	1664	45636.673781955148	52
2	1675	45889.177697151253	53
2	1678	45914.293732684642	54
2	1686	46068.99870892922	55
2	1690	46512.757301060016	54
2	1698	46665.882073221082	55
2	1711	46942.045704847739	56
2	1714	47010.512182273927	57
2	1716	47041.81678512087	56
2	1729	47176.0521583488	57
2	1740	47736.829342925455	56
2	1746	47842.075676814678	57
2	1758	48191.910357996175	58
2	1763	48260.98752005452	59
2	1767	48380.883865085896	58
2	1778	48710.85782323459	59
2	1781	48713.067038244852	60
2	1793	49198.602202375885	59
2	1804	49287.554624470907	60
2	1809	49552.191124865139	61
2	1816	50084.116975897457	60
2	1832	50382.314426018464	61
2	1839	50649.275053636636	60
2	1845	50811.751382955635	61
2	1848	50880.509281814637	62
2	1853	50929.80635771023	63
2	1864	51136.169283436145	62
2	1872	51774.081244598168	63
2	1877	51851.651693470129	64
2	1879	51884.378278711344	63
2	1885	51934.489066605063	64
2	1899	52175.444886991287	63
2	1910	52586.562675404388	64
2	1917	52939.065093015785	63
2	1923	52975.89604626345	64
2	1938	53126.407478754017	65
2	1940	53334.926573773379	64
2	1946	53365.777065855477	65
2	1968	54114.785758074912	66
2	1970	54141.374477659816	65
2	1976	54186.081599876824	66
2	1989	54384.34103871649	65
2	1995	54433.793259625349	66
2	2001	54635.480938478657	67
2	2003	54693.512053759302	66
2	2017	54953.579832575568	67
2	2024	55426.424916120948	68
2	2026	55627.391885471995	67
2	2032	55628.18654230291	68
2	2035	55814.132410217617	69
2	2038	55871.899672326916	70
2	2040	56068.155619995202	69
2	2055	56308.606609582085	70
2	2057	56507.915794951375	69
2	2066	56905.023607043083	68
2	2072	57228.657548104984	69
2	2074	57377.985424147452	68
2	2105	57979.149457597638	67
2	2115	58254.945212611462	66
2	2125	58571.565328875272	67
2	2132	58869.50622797897	66
2	2140	58974.776417315122	67
2	2145	59026.542527816986	68
2	2153	59335.272861255048	69
2	2160	59421.899862112011	68
2	2171	59685.100581582432	69
2	2173	59761.662416951264	68
2	2183	60175.433192031255	69
2	2186	60245.93102250406	70
2	2188	60297.954752044285	69
2	2205	60760.922199778056	70
2	2211	60887.999397004139	71
2	2213	61168.158934870268	70
2	2219	61457.601058567059	71
2	2229	61726.69466612087	72
2	2231	61825.537861724849	71
2	2247	62241.473114611115	70
2	2256	62783.754374790725	71
2	2258	63100.72899599513	70
2	2272	63303.946133544847	71
2	2275	63331.9615519348	72
2	2277	63647.876210016664	71
2	2286	64054.754189955083	72
2	2292	64416.784550277776	73
2	2294	64573.24167313939	72
2	2309	64979.92451560637	71
2	2323	65601.639201687183	70
2	2334	66078.612060232871	71
2	2336	66222.276462679263	70
2	2342	66355.582029488654	71
2	2356	66700.900106060181	72
2	2368	66959.070529760327	71
2	2373	67292.140978136565	70
2	2382	67617.783012436237	69
2	2388	67712.14472852913	70
2	2391	67991.25877352678	71
2	2408	68304.379006028715	72
2	2413	68524.685055790003	71
2	2426	68769.739605787488	72
2	2431	69018.456569875263	73
2	2437	69202.432009363081	72
2	2448	69413.926019668451	73
2	2459	69667.923679397907	72
2	2470	69699.128613526197	73
2	2489	70278.217248087283	72
2	2497	70445.109996527767	73
2	2500	70633.624578912144	74
2	2504	70850.105328047182	73
2	2512	70999.33459076427	74
2	2517	71219.05114623923	75
2	2520	71265.078385157698	76
2	2523	71300.998562689424	77
2	2530	71439.775876597967	76
2	2547	71703.977728662547	75
2	2555	72196.910338385218	76
2	2567	72493.020201073494	75
2	2573	72506.439887810053	76
2	2585	72813.10979640331	77
2	2590	73035.641502461882	78
2	2592	73108.325799339917	77
2	2611	73629.713471764233	76
2	2626	73897.012003895083	77
2	2628	73900.682107684668	76
2	2634	74144.491000261492	77
2	2638	74541.748546072747	76
2	2644	74547.036992854924	77
2	2647	74561.660803055579	78
2	2650	74578.788198663256	79
2	2683	75420.954492417629	78
2	2690	75758.556118523236	77
2	2705	76062.031667943599	78
2	2708	76111.175199702716	79
2	2711	76194.856523296052	80
2	2714	76265.425648058021	81
2	2717	76504.116580592023	82
2	2725	76565.091984572223	83
2	2727	76662.877963976469	82
2	2748	77378.096714233514	81
2	2762	77735.540083618369	80
2	2768	77862.225005704464	81
2	2773	77941.225022833983	82
2	2785	78166.147766140755	81
2	2791	78187.775311118326	82
2	2806	78594.790300300679	83
2	2810	78699.609166578855	82
2	2816	78709.259145932607	83
2	2819	79067.517687495352	84
2	2822	79114.312350174747	85
2	2826	79158.217452773358	84
2	2850	79968.932097749318	83
2	2856	80001.526346031765	84
2	2864	80102.718848997916	85
2	2879	80596.151075372006	84
2	2885	80644.765469545833	85
2	2888	80931.702038164736	86
2	2903	81126.521729391257	87
2	2905	81196.635144194122	86
2	2919	81699.124281790443	87
2	2932	81840.247127639464	88
2	2934	81962.862521754112	87
2	2942	82377.058648860272	88
2	2945	82397.809942442479	89
2	2960	82737.763412309365	90
2	2962	82778.432242152747	89
2	2973	83181.482804419662	90
2	2975	83237.164499880281	89
2	2981	83408.808647116982	90
2	2988	83720.615512923804	89
2	3004	84057.288703827377	90
2	3006	84112.023906958756	89
2	3014	84516.271637970136	90
2	3016	84587.498229546008	89
2	3032	85014.612932160832	90
2	3036	85066.095133935568	89
2	3049	85332.997067013945	90
2	3051	85508.903908663896	89
2	3057	85537.286622554399	90
2	3065	85559.229957362191	91
2	3067	85837.798920524773	90
2	3092	86316.929653271587	91
2	3094	86377.922503193375	90
2	3112	86573.355719728584	91
2	3114	86730.992999663111	90
2	3120	86733.36558904704	91
2	3134	87064.744624020066	90
2	3142	87378.395193947815	91
2	3147	87552.431503248887	92
2	3149	87561.4668867453	91
2	3155	87573.926858708598	92
2	3158	87716.078221540453	93
2	3161	87784.177343400385	94
2	3175	88120.309168593492	93
2	3186	88280.266517253928	94
2	3190	88468.514735707547	93
2	3196	88604.950051840731	94
2	3204	88837.264449618311	95
2	3210	89005.488357422407	94
2	3221	89181.854696331736	95
2	3230	89576.417462834622	94
2	3250	89967.862385467031	95
2	3253	89973.550412079509	96
2	3262	90458.298030225094	95
2	3270	90673.557677682044	96
2	3273	90715.71536257137	97
2	3287	91007.359585770871	96
2	3293	91073.01759961281	97
2	3301	91448.065261201488	98
2	3307	91577.618723315652	97
2	3313	91661.539233283626	98
2	3315	92156.614011255558	97
2	3324	92269.591449929592	98
2	3334	92412.655316975304	99
2	3341	92796.513138789238	100
2	3348	92864.288611458148	99
2	3365	93476.929017146583	98
2	3371	93612.953183420193	99
2	3382	93846.391117118635	100
2	3391	93972.233531819052	101
2	3400	94407.494936370756	100
2	3406	94551.248832514733	101
2	3420	94841.742089771992	102
2	3428	95106.280708818101	103
2	3435	95137.525524412747	102
2	3443	95229.364973113277	103
2	3451	95885.18849502271	102
2	3459	95979.136697464101	103
2	3466	96242.156548136379	102
2	3477	96579.557800313446	103
2	3480	96697.79887187526	104
2	3487	97060.217293714638	103
2	3493	97084.074769441489	104
2	3517	97631.488511862222	105
2	3524	97772.218345940327	106
2	3528	97996.219058865215	105
2	3536	98143.314390528935	106
2	3540	98405.184862697031	105
2	3551	98798.877696909462	106
2	3553	98847.293929224368	105
2	3559	98928.11021675936	106
2	3578	99469.443634906318	105
2	3588	99714.344494115776	106
2	3590	99741.950074294116	105
2	3598	99928.661490699264	106
2	3602	99996.570541327353	105
2	3608	100104.766225829935	106
2	3620	100567.817455650772	105
2	3631	100627.585988577906	106
2	3652	101076.01530564249	107
2	3654	101335.819517811294	106
2	3665	101593.430906582612	107
2	3668	101613.985314049042	108
2	3670	101686.445845784153	107
2	3688	101954.891534961748	108
2	3691	101991.856365386612	109
2	3699	102513.935558211046	110
2	3703	102556.257964754011	109
2	3715	102868.143675224389	108
2	3726	103037.659801004906	109
2	3735	103360.793085200246	108
2	3741	103361.766526816628	109
2	3751	103819.024789242525	110
2	3753	103877.889472813811	109
2	3766	104095.17020878031	110
2	3774	104183.633754469442	111
2	3777	104232.334997352428	112
2	3785	104709.881287210141	113
2	3787	104733.248580926564	112
2	3795	104928.018451906957	113
2	3818	105480.190164884087	112
2	3829	105572.508552048343	113
2	3836	105840.106865992985	114
2	3850	106382.186958910432	113
2	3863	106672.33809884869	114
2	3866	106693.280875964078	115
2	3869	106714.910540713448	116
2	3876	106819.240768284057	117
2	3879	106828.265449512966	118
2	3882	106879.076677497464	119
2	3896	107216.489910529461	118
2	3915	107544.684772295412	117
2	3923	107705.317111961759	118
2	3931	108335.76933615141	119
2	3933	108430.918677905109	118
2	3939	108449.797452010666	119
2	3942	108562.85324876777	120
2	3945	108597.554654071096	121
2	3948	108731.657537242386	122
2	3964	109085.323215173092	121
2	3978	109704.497091592755	120
2	3986	109750.093376014833	121
2	3995	110187.665990227368	120
2	4008	110352.646102752752	121
2	4025	110803.537991570297	122
2	4027	110859.848144137767	121
2	4033	110914.480342298734	122
2	4036	110950.158237556448	123
2	4043	111254.754386161921	122
2	4049	111296.192399809352	123
2	4065	111543.930531618652	122
2	4076	111794.419857269368	123
2	4079	112110.250087237201	124
2	4086	112304.223323752639	123
2	4096	112517.459734084073	124
2	4099	112615.466820227434	125
2	4114	113050.080616215232	126
2	4127	113240.687884957996	125
2	4133	113268.751157006464	126
2	4144	113786.58400538331	125
2	4155	114121.628507558471	126
2	4157	114125.534959313926	125
2	4163	114233.759951062952	126
2	4168	114278.620395895082	127
2	4180	114543.460455142177	128
2	4192	114773.361267906134	129
2	4200	114957.765379224424	130
2	4202	115044.592192889658	129
2	4215	115529.375760333601	130
2	4218	115577.477253848902	131
2	4220	115695.654060029892	130
2	4240	116426.264903591482	129
2	4250	116566.032314945465	130
2	4254	116812.21548507875	129
2	4265	116894.956752287212	130
2	4274	117123.336277817843	129
2	4286	117440.71617829567	128
2	4299	117790.203792054194	129
2	4309	117935.999338865495	130
2	4311	117979.791923993735	129
2	4317	118047.697541128832	130
2	4324	118394.04718414834	129
2	4330	118523.481181452503	130
2	4343	118666.264534539063	131
2	4346	118737.864271734124	132
2	4348	118758.593002100943	131
2	4354	118781.771367818569	132
2	4356	119035.978959211616	131
2	4373	119449.006660744762	132
2	4385	119699.032101081221	131
2	4391	119803.27601873501	132
2	4403	120006.6071823635	133
2	4416	120085.939642289867	134
2	4418	120301.147850183307	133
2	4443	120865.483774030118	132
2	4451	121017.151742663686	133
2	4459	121061.191306451324	134
2	4462	121294.09617899566	135
2	4464	121404.551911307036	134
2	4475	121512.392773117859	135
2	4483	121687.382910542641	136
2	4485	121900.38766053459	135
2	4491	121909.04937554336	136
2	4498	122191.609970448753	137
2	4501	122238.367355896611	138
2	4516	122430.487889491011	139
2	4519	122608.079481155132	140
2	4521	122627.069241730034	139
2	4543	122983.63001606076	140
2	4552	123557.600345210641	139
2	4568	123668.482977442432	140
2	4571	123683.701698819165	141
2	4576	123909.545876184692	142
2	4579	123934.751817893688	143
2	4588	124507.336987414866	142
2	4594	124546.22818032511	143
2	4612	125129.614249758411	144
2	4617	125171.983528981199	145
2	4619	125238.49651337555	144
2	4631	125764.859268618285	143
2	4642	125787.385465914834	144
2	4646	126056.90310723102	143
2	4654	126252.230023263236	144
2	4662	126633.816832961728	145
2	4665	126687.257739987214	146
2	4667	126794.862714996099	145
2	4687	127218.54255804092	146
2	4701	127295.444782266382	147
2	4703	127483.38267994067	146
2	4716	128014.021228352775	147
2	4719	128022.56553495488	148
2	4731	128146.185235091954	147
2	4737	128250.484403457943	148
2	4749	128710.237720573772	149
2	4756	128940.020348978698	148
2	4767	129143.369670065571	149
2	4770	129349.220926921805	150
2	4780	129737.513662433466	151
2	4782	129753.663041172087	150
2	4788	130042.240676853796	151
2	4797	130101.238571973055	150
2	4803	130287.152262285803	151
2	4814	130478.091470291376	150
2	4825	130762.198166908911	151
2	4833	130855.401221608733	152
2	4835	131259.495809049815	151
2	4841	131371.463171367053	152
2	4849	131664.365227932561	153
2	4851	131699.641603687316	152
2	4865	131834.854358729189	153
2	4867	132034.709245515525	152
2	4876	132447.198233922934	153
2	4883	132620.027878025998	154
2	4885	132888.412331295669	153
2	4894	133134.124497572175	154
2	4896	133706.441312981307	153
2	4902	133736.536408013185	154
2	4908	134124.494049185425	153
2	4926	134737.584012718409	152
2	4936	135079.835767096548	153
2	4938	135301.492879772097	152
2	4949	135760.31792133724	153
2	4960	136099.487703879833	152
2	4966	136175.961529673383	153
2	4979	136751.116439131558	152
2	4988	136971.558120413424	153
2	4999	137304.542870817824	154
2	5004	137520.327037786603	153
2	5010	137705.017150418593	154
2	5016	137933.620986689506	155
2	5018	138067.15878731525	154
2	5024	138068.871626689686	155
2	5027	138115.362832895221	156
2	5037	138955.167855461598	155
2	5053	139443.638676991225	154
2	5070	139911.345566352368	153
2	5076	139933.85450489048	154
2	5090	140385.368525633975	155
2	5099	140572.209633895666	154
2	5112	140986.676190192245	155
2	5115	141116.909325574682	156
2	5122	141386.35462370655	155
2	5130	141434.255369617761	156
2	5140	141606.517668687172	157
2	5142	141714.955034469724	156
2	5155	142008.360623479978	157
2	5163	142235.726203812534	158
2	5166	142302.249274196751	159
2	5173	142544.407273949594	158
2	5179	142743.556781952716	159
2	5182	143054.008693896482	160
2	5184	143391.032672980339	159
2	5199	143597.618540638455	160
2	5213	143685.164007311226	159
2	5221	144318.114996544413	160
2	5223	144460.335666303993	159
2	5231	144612.898602379734	160
2	5237	144833.551215277524	159
2	5262	145215.949239490069	160
2	5270	145651.376949261389	161
2	5272	145783.91114401585	160
2	5283	145982.504072219216	161
2	5296	146285.18241845655	162
2	5309	146583.880132839166	163
2	5314	146666.505428684957	164
2	5316	146742.439025835605	163
2	5333	147164.449408949799	164
2	5335	147462.748793875338	163
2	5346	147616.641492458309	164
2	5353	148047.023708009632	163
2	5364	148087.594346163876	164
2	5368	148394.820279152604	163
2	5374	148468.074284108605	164
2	5377	148694.066270591774	165
2	5387	148953.100557114445	166
2	5394	149167.014329907956	165
2	5421	149835.005481058247	166
2	5428	150076.502936547162	165
2	5439	150171.930551478889	166
2	5442	150348.914328041934	167
2	5450	150664.954624485307	168
2	5464	150856.726762530865	167
2	5474	151014.042837122705	168
2	5480	151327.760776271583	167
2	5486	151456.652593037196	168
2	5493	151560.257747733481	169
2	5499	151644.909630633973	170
2	5502	151657.210608549666	171
2	5505	151676.440736536186	172
2	5508	151695.627002196469	173
2	5511	152015.412390252091	174
2	5513	152100.466574569704	173
2	5521	152415.356577066245	172
2	5527	152719.593757117417	173
2	5534	152924.405542192521	172
2	5551	153470.509238941135	171
2	5574	154053.676136889966	170
2	5583	154226.528017030671	171
2	5588	154574.79833637027	172
2	5593	154597.73194032384	173
2	5598	154598.787536242619	174
2	5607	154899.180956938775	173
2	5613	155121.518476958624	174
2	5631	155376.299260416539	173
2	5642	155537.373795699293	174
2	5649	155917.220622067811	173
2	5663	156345.831016757997	172
2	5669	156600.884799327666	173
2	5682	156767.0750894277	174
2	5684	156775.932851088705	173
2	5695	156894.963054889876	174
2	5701	157041.498022889259	173
2	5707	157113.731154256557	174
2	5710	157119.348925976146	175
2	5720	157412.211692122707	176
2	5723	157490.849549295443	177
2	5725	157643.231663489255	176
2	5734	158267.287149398645	177
2	5736	158287.21395677841	176
2	5746	158598.751178924057	177
2	5752	158634.057540096308	178
2	5754	158837.673085545662	177
2	5777	159469.220065744135	176
2	5783	159534.503443378081	177
2	5786	159616.658296033627	178
2	5797	159863.458583010036	179
2	5799	159904.515569181654	178
2	5805	160142.313082181725	179
2	5813	160601.848324620638	178
2	5830	161166.411050763722	179
2	5832	161188.261928790722	178
2	5841	161276.892630830934	179
2	5844	161406.092645097566	180
2	5847	161532.453458276578	181
2	5856	162035.120793999646	180
2	5871	162381.692640343223	179
2	5887	162946.09849306709	178
2	5905	163554.27964668008	179
2	5910	163660.315038646128	180
2	5913	163746.64339320783	181
2	5915	163838.887769141708	180
2	5926	164071.424885588248	181
2	5933	164153.30955631113	182
2	5935	164236.518806116198	181
2	5948	164576.929886620626	182
2	5950	164750.069061452065	181
2	5968	165116.609457182255	182
2	5970	165165.49208131573	181
2	5991	165910.689784334515	180
2	5997	165983.076139241938	181
2	6007	166281.258181287109	182
2	6009	166447.125912485187	181
2	6020	166510.091241169855	182
2	6027	166740.881698661958	181
2	6040	167011.11929033931	182
2	6043	167133.136907760188	183
2	6055	167400.399611667287	184
2	6063	167535.146499118325	185
2	6065	167580.072207757746	184
2	6076	168038.659147024289	185
2	6081	168295.892205881443	186
2	6083	168358.975792293911	185
2	6094	168482.259433633198	186
2	6097	168494.975107191619	187
2	6110	168916.847729878043	186
2	6115	169253.851244998639	185
2	6124	169659.64656881011	184
2	6130	169875.627187351254	185
2	6140	170109.572134651378	186
2	6143	170347.727091145251	187
2	6146	170390.101606520381	188
2	6148	170566.840783683126	187
2	6163	171367.460789354061	186
2	6179	171543.859920669482	187
2	6186	171698.170387255404	188
2	6193	171990.879157101278	187
2	6204	172154.603655619859	188
2	6226	172924.490054444884	187
2	6242	173066.475420156272	188
2	6245	173154.486544980831	189
2	6248	173163.948805957265	190
2	6257	173743.226917357658	189
2	6263	173776.613601141394	190
2	6266	173820.112908920052	191
2	6281	174442.022352618639	190
2	6290	174488.304228009434	191
2	6293	174509.920320102177	192
2	6296	174665.654922622419	193
2	6309	175242.741523499386	194
2	6311	175385.603828886066	193
2	6325	175806.429679700647	192
2	6333	175870.640513106412	193
2	6343	176303.995495969208	194
2	6352	176448.02838184825	193
2	6365	176810.575490705407	194
2	6368	176816.036507852013	195
2	6370	177049.078345810537	194
2	6376	177258.960852640599	195
2	6378	177296.341950715993	194
2	6401	177531.969297101358	195
2	6414	178178.653478687171	194
2	6422	178418.383125976397	195
2	6434	178943.055089981768	194
2	6440	178950.369171324754	195
2	6443	179058.043384076014	196
2	6455	179131.637006615206	197
2	6464	179537.179536120508	196
2	6473	179783.304207017187	195
2	6484	179916.059094375668	196
2	6487	179933.534995111555	197
2	6500	180252.741125637303	198
2	6502	180267.343839546207	197
2	6508	180413.198716856177	198
2	6513	180529.662232302798	199
2	6527	180986.662994706545	198
2	6537	181230.684109990958	197
2	6543	181319.635412077337	198
2	6553	181569.70474871761	197
2	6559	181581.898838809429	198
2	6562	181741.104930258925	199
2	6568	181922.341421224847	200
2	6570	182000.154164144311	199
2	6586	182482.279178254976	200
2	6588	182597.418698695961	199
2	6598	182766.506996516988	200
2	6604	183102.886088459491	201
2	6614	183182.040529073689	200
2	6623	183348.137905832018	201
2	6631	183758.283634304381	202
2	6633	183764.070862242494	201
2	6639	184123.521470344882	202
2	6646	184287.293040537291	203
2	6653	184558.192133968238	202
2	6663	184993.35610941938	201
2	6685	185247.456386717852	202
2	6689	185697.298946352218	201
2	6695	186021.31048131772	202
2	6698	186043.85972939149	203
2	6701	186073.822302664514	204
2	6703	186091.203045183335	203
2	6736	186794.629808170263	202
2	6751	187502.311202608864	203
2	6754	187506.458435500856	204
2	6756	187583.861319319819	203
2	6762	187631.670926772437	204
2	6768	187857.310986676727	203
2	6784	188015.488326265361	204
2	6792	188103.267242675375	205
2	6799	188517.048176042463	206
2	6808	188736.787492976998	205
2	6825	189329.272601464306	204
2	6831	189497.166665070574	205
2	6834	189559.055284001312	206
2	6843	189862.838847273503	205
2	6849	189986.331709279127	206
2	6866	190550.853685372983	205
2	6874	190593.822680949118	206
2	6877	190706.323189027336	207
2	6885	190813.046287260678	208
2	6887	190898.016889066909	207
2	6901	191142.933672898923	206
2	6910	191423.302517426084	207
2	6915	191448.531627869613	208
2	6918	191561.447177427269	209
2	6932	191986.300714695369	208
2	6940	191994.253390636024	209
2	6948	192234.107171268863	210
2	6951	192285.043291189156	211
2	6954	192452.937718123296	212
2	6957	192653.622309495579	213
2	6959	192933.902251300876	212
2	6965	193038.110494604063	213
2	6985	193880.683839963292	212
2	6998	194337.305897627193	213
2	7001	194429.303258160228	214
2	7008	194833.895000973259	213
2	7021	195259.497643420201	214
2	7037	195711.383536541545	215
2	7039	195770.462296651219	214
2	7058	196037.137282602851	215
2	7061	196144.18847426124	216
2	7067	196435.524934259717	215
2	7080	196586.441114222302	216
2	7086	196726.067350417046	217
2	7089	196738.801116555036	218
2	7102	197133.254081801985	217
2	7111	197431.667348943821	218
2	7125	197709.336191003265	219
2	7128	197798.642750676779	220
2	7130	197856.952596464668	219
2	7145	198194.708700878088	218
2	7151	198200.40888569975	219
2	7156	198503.022890699271	220
2	7164	198562.50721454766	221
2	7174	199079.67347069925	222
2	7176	199113.720288788442	221
2	7182	199222.828897811101	222
2	7205	200000.462955636446	221
2	7213	200116.59743350771	222
2	7215	200327.079242011075	221
2	7230	200598.32236063181	222
2	7233	200771.460718452558	223
2	7243	200824.857866940563	222
2	7252	201127.446241380332	223
2	7265	201700.942953988538	224
2	7267	201728.938283575242	223
2	7280	201837.784586588252	224
2	7283	202093.120993417488	225
2	7285	202144.049667464113	224
2	7295	202283.603794701025	225
2	7298	202451.941557148056	226
2	7308	202583.069788536789	227
2	7313	202666.14573660261	226
2	7319	203213.229586616822	227
2	7326	203520.824512474773	228
2	7328	203606.997613748079	227
2	7343	204564.923407034492	226
2	7356	204892.161726952933	227
2	7359	204904.167373445669	228
2	7361	204915.300853838688	227
2	7384	205669.483716256082	228
2	7386	205830.830757924831	227
2	7396	206257.754982307978	228
2	7399	206383.453023463457	229
2	7409	206601.846991860783	228
2	7418	206916.486138505918	229
2	7425	207183.288567570939	230
2	7428	207188.125689953434	231
2	7430	207255.165128530478	230
2	7435	207548.295974591291	229
2	7440	208006.371343405461	228
2	7455	208204.524713814831	229
2	7457	208335.719658983415	228
2	7485	209275.846862429297	227
2	7494	209579.359506433374	226
2	7513	210090.480450956391	227
2	7516	210145.267278809341	228
2	7524	210453.15531378639	229
2	7533	210476.918416162497	228
2	7544	210820.868235413965	229
2	7546	210970.331612480349	228
2	7552	211026.063788198206	229
2	7567	211374.607743608814	230
2	7569	211468.056927835113	229
2	7585	211824.162530218727	228
2	7591	211861.994103081796	229
2	7599	212004.018847277629	230
2	7603	212205.17679736904	229
2	7609	212266.138987044853	230
2	7617	212800.687300671133	231
2	7626	213109.962135748483	230
2	7646	213426.77945258123	231
2	7653	213611.465468061633	230
2	7665	213981.30521411659	231
2	7667	213981.504929353959	230
2	7678	214036.665704479682	231
2	7683	214319.34950950281	232
2	7686	214358.99638310102	233
2	7695	214635.646600918389	232
2	7713	214904.086211516571	233
2	7725	215298.913757704439	234
2	7729	215445.855341376281	233
2	7739	215557.316882775214	234
2	7761	216018.529058235746	235
2	7765	216198.021701527304	234
2	7776	216327.473232827198	235
2	7781	216412.829878442262	236
2	7783	216657.902275295473	235
2	7799	217201.725242836673	236
2	7804	217311.047628509122	237
2	7807	217329.586441172559	238
2	7810	217332.471956347164	239
2	7812	217361.234276173181	238
2	7825	217565.421750905233	239
2	7828	217815.627464388546	240
2	7840	217948.917461232758	239
2	7856	218385.452195951956	240
2	7863	218729.887080906939	241
2	7865	218747.114962273753	240
2	7871	218836.575097274308	241
2	7889	219275.118025792307	240
2	7895	219473.533147635919	241
2	7903	219487.033991595971	242
2	7908	219676.174505982789	243
2	7917	219862.00987621165	242
2	7935	220606.666280059416	243
2	7937	220630.724879418976	242
2	7948	220746.520063551415	243
2	7956	220816.866240451353	244
2	7969	221046.052879178441	243
2	7977	221435.744540027392	244
2	7979	221501.854994212753	243
2	7992	221663.257974820452	244
2	7999	221825.968593665874	243
2	8005	221931.260541022804	244
2	8008	222150.071061337639	245
2	8011	222326.416387129847	246
2	8018	222489.900541873193	245
2	8037	222994.284366005576	244
2	8050	223135.788099007922	245
2	8060	223203.721145727012	246
2	8064	223337.394428504175	245
2	8070	223420.469684328001	246
2	8073	223679.803091163796	247
2	8075	223683.207547319597	246
2	8081	223899.80881409445	247
2	8089	224208.822290906954	248
2	8098	224284.902529743975	247
2	8108	224386.062337929624	248
2	8123	224844.703505207125	249
2	8125	224859.369963546759	248
2	8136	225149.850131133115	247
2	8156	225514.385781200844	248
2	8166	226000.235285746913	249
2	8168	226006.539696054077	248
2	8181	226206.597749438378	249
2	8184	226242.340783082928	250
2	8194	226512.771955225888	251
2	8196	226595.203688172167	250
2	8211	226774.537543213236	251
2	8216	227184.332142584297	252
2	8232	227449.863718738323	251
2	8238	227579.898847394671	252
2	8253	228039.696808485586	253
2	8256	228143.022717597205	254
2	8264	228384.377461717939	253
2	8275	228650.266628274966	254
2	8282	228834.442405260216	255
2	8285	228846.512353407461	256
2	8287	228880.358883058196	255
2	8309	229250.020492849415	254
2	8315	229267.97731533372	255
2	8322	229610.427978771049	256
2	8324	229777.538269655323	255
2	8330	230185.640782832216	256
2	8347	230657.414072891241	255
2	8353	230730.921100899849	256
2	8361	230977.053720743444	257
2	8368	231391.342797604865	256
2	8374	231835.460607844452	257
2	8387	231933.554237780209	258
2	8389	231976.849924595571	257
2	8397	232163.057213766742	258
2	8405	232427.609179765258	259
2	8407	232481.934632407046	258
2	8418	232577.565531255949	259
2	8421	232596.184245679769	260
2	8427	232798.421498769439	259
2	8433	233007.221823009003	260
2	8446	233427.431821869231	259
2	8452	233434.825156812603	260
2	8468	234186.605167584039	259
2	8474	234437.067706171665	260
2	8481	234484.992303447343	259
2	8503	234827.625887776066	260
2	8511	234982.67497329698	261
2	8515	235310.951544204272	260
2	8531	235887.116844669963	261
2	8539	236000.768336231132	262
2	8544	236077.120726267149	263
2	8546	236124.556912285752	262
2	8552	236255.212201392551	263
2	8555	236382.459981820594	264
2	8567	236715.26405868075	263
2	8573	236861.758890111242	264
2	8576	236880.550756284084	265
2	8578	236984.628726401843	264
2	8596	237526.602782678101	265
2	8599	237580.315144751493	266
2	8608	237741.273831622221	265
2	8622	238220.080575113662	264
2	8633	238550.283009304713	265
2	8643	238886.378709664841	266
2	8645	238951.329086878814	265
2	8665	239207.455867888649	266
2	8667	239268.775506475486	265
2	8675	239478.888480753685	266
2	8677	239674.342699190147	265
2	8695	239846.968501440297	266
2	8698	239864.744435555349	267
2	8706	239990.032412285228	268
2	8715	240415.942328115471	267
2	8721	240443.509295648237	268
2	8724	240488.452522444586	269
2	8735	241250.051077743538	268
2	8751	241438.273821175372	269
2	8754	241536.732017915939	270
2	8762	241659.599930035194	271
2	8767	241874.254181539883	272
2	8769	241931.84751632578	271
2	8781	242327.171740056493	270
2	8787	242585.82972534584	271
2	8795	242660.202811730142	272
2	8798	242661.944759246236	273
2	8805	243060.166257572838	272
2	8827	243499.436462266614	273
2	8830	243759.350080449378	274
2	8833	243787.479384830495	275
2	8836	243815.231223112952	276
2	8838	243825.038935513713	275
2	8844	243906.10907167853	276
2	8857	244510.877671959153	277
2	8863	244755.45130028344	276
2	8872	245321.296709505387	275
2	8885	245485.639619572332	276
2	8891	245686.532173717988	277
2	8898	245829.856053921002	278
2	8900	245923.797521898069	277
2	8915	246309.693283894577	276
2	8927	246847.866394834774	277
2	8930	246931.595617186232	278
2	8937	247006.727729746618	277
2	8956	247824.83508055053	276
2	8963	248188.242813581147	275
2	8969	248198.00746181712	276
2	8986	248877.585611304612	277
2	8993	249028.812846643396	276
2	8999	249166.540081473257	277
2	9006	249575.0754665836	278
2	9009	249891.540932122962	279
2	9011	249909.561898847588	278
2	9027	250085.330268452133	279
2	9036	250177.883921013691	278
2	9048	250677.082532206096	277
2	9054	250712.552531498601	278
2	9059	250975.545107385488	279
2	9066	251268.667498053529	278
2	9072	251363.794962854242	279
2	9087	251670.071992306228	280
2	9096	252144.981391084858	279
2	9109	252503.542035238003	280
2	9112	252545.383927300761	281
2	9120	252694.62434757349	282
2	9128	252965.45509468783	283
2	9130	252968.02711951501	282
2	9140	253226.827592039027	281
2	9148	253376.883046503296	282
2	9152	253493.568801180937	281
2	9158	253578.228208115513	282
2	9166	253784.046807501809	283
2	9175	254093.926826463558	282
2	9193	254375.807995738806	283
2	9206	254561.738633950718	282
2	9216	255076.186211918958	281
2	9222	255097.28772257187	282
2	9225	255130.306502765389	283
2	9228	255138.434896152656	284
2	9243	255630.675881085463	283
2	9249	255656.38348583151	284
2	9255	255752.975423047509	285
2	9258	255790.309247204219	286
2	9265	256363.906296873011	285
2	9285	256676.823606181075	286
2	9292	256989.203377098844	287
2	9297	257061.539753104969	288
2	9304	257206.528720901825	287
2	9326	257816.741979559148	288
2	9329	257826.070035441895	289
2	9332	257938.764552603671	290
2	9339	258153.866104678728	289
2	9362	258603.540980405893	290
2	9365	258721.124232032075	291
2	9368	258762.963405101756	292
2	9370	258861.528132697113	291
2	9385	259095.01179354244	292
2	9390	259277.200228760689	293
2	9398	259363.969737234721	294
2	9400	259407.633842946507	293
2	9412	259986.542096389003	292
2	9428	260252.7504625816	293
2	9439	260524.30284117303	292
2	9445	260782.273791385602	293
2	9457	261003.865242193192	294
2	9460	261086.416271710033	295
2	9463	261110.147412282154	296
2	9469	261407.926605874218	295
2	9482	261662.35810338773	296
2	9485	261798.079010539428	297
2	9488	261978.814835845689	298
2	9493	262142.985642971016	297
2	9503	262532.709754472386	298
2	9512	262798.461543870635	297
2	9521	263305.981416015626	298
2	9526	263558.151601897098	297
2	9540	263984.071281931191	298
2	9542	264025.880741355486	297
2	9551	264286.187353179805	298
2	9558	264816.871452210016	297
2	9571	265208.968060177487	298
2	9579	265406.80688894465	299
2	9581	265582.883618538744	298
2	9595	266019.274639530445	299
2	9604	266081.434336980943	300
2	9606	266151.350548443861	299
2	9618	266453.940783400226	300
2	9630	266855.782458195008	299
2	9648	267323.979782140748	300
2	9650	267418.023192910023	299
2	9662	267821.976126307959	300
2	9670	267925.23420544666	301
2	9681	268177.656589103408	300
2	9687	268232.607427820086	301
2	9690	268288.813912329114	302
2	9702	268522.046365709521	301
2	9714	269006.961393476941	300
2	9720	269109.328240091763	301
2	9723	269200.873412877659	302
2	9731	269372.148875688053	303
2	9733	269434.679480259784	302
2	9749	269785.938964625366	301
2	9759	269830.668495542825	302
2	9762	269845.827078806574	303
2	9770	270233.168216114409	302
2	9799	270768.291213028915	303
2	9807	270861.60342961211	304
2	9810	271084.763696774364	305
2	9814	271188.709137672104	304
2	9820	271234.471322969385	305
2	9823	271261.683930584614	306
2	9833	271541.871914845155	307
2	9836	271664.102316819885	308
2	9839	271665.052715261189	309
2	9849	272068.728102808364	308
2	9878	272755.011753353675	309
2	9880	272782.104964376904	308
2	9888	272919.309856035469	309
2	9891	272937.364494875269	310
2	9901	273336.615312547145	311
2	9903	273530.962648549594	310
2	9928	274238.44746824113	311
2	9930	274242.0081556677	310
2	9941	274374.970493056534	311
2	9948	274641.557018617822	312
2	9951	274804.811207987564	313
2	9965	275162.936391131498	312
2	9971	275166.090273333167	313
2	9984	275583.393193119682	312
2	9990	275705.101090865864	313
2	9993	275795.253727520081	314
2	10010	276439.862890159256	313
2	10021	276496.43358440158	314
2	10029	276856.507395841836	315
2	10032	276893.690851663624	316
2	10034	276910.216076941706	315
2	10044	277151.790109230402	316
3	53	2225.966553462183	2005.4339155555
3	95	4028.330973395606	2472.8640519362
3	290	9611.26998442178	4424.2430068905
3	373	11747.977964141866	5851.5270160247
3	433	13353.32764272531	6963.1610114944
3	692	19700.575988953464	8840.7922772182
3	887	25026.02508573746	13860.009498491
3	1029	29139.621063014024	15403.105381938
3	1104	30980.02501438325	16364.346159813
3	1141	31851.724754878783	16043.768344627
3	1183	33090.401103021108	17272.224357938
3	1240	34446.709657450669	17846.689506617
3	1693	46512.757301060016	21093.913626073
3	1743	47736.829342925455	22855.11758544
3	1882	51884.378278711344	24014.096617645
3	1902	52175.444886991287	24242.718287062
3	1973	54141.374477659816	25025.485704743
3	2234	61825.537861724849	27772.948357903
3	2416	68524.685055790003	30158.474493087
3	2813	78699.609166578855	35469.26009568
3	2882	80596.151075372006	37218.739362505
3	3178	88120.309168593492	39908.25035663
3	3531	97996.219058865215	41753.125542279
3	3605	99996.570541327353	41492.39115002
3	3623	100567.817455650772	42849.933376155
3	3673	101686.445845784153	43858.159406127
3	3738	103360.793085200246	41860.792344337
3	3967	109085.323215173092	43564.929017197
3	4030	110859.848144137767	43910.919773398
3	4223	115695.654060029892	46588.121408922
3	4277	117123.336277817843	47681.690934222
3	4421	120301.147850183307	48749.827562466
3	4467	121404.551911307036	48474.086389747
3	4488	121900.38766053459	49154.91740465
3	4706	127483.38267994067	52608.23235922
3	4800	130101.238571973055	52993.899431569
3	4817	130478.091470291376	53422.556304476
3	4888	132888.412331295669	54985.867124266
3	4911	134124.494049185425	56698.195098668
3	4929	134737.584012718409	55516.481309048
3	4963	136099.487703879833	56971.381370112
3	5007	137520.327037786603	57342.423174185
3	5102	140572.209633895666	59025.629666755
3	5652	155917.220622067811	63531.44588843
3	5666	156345.831016757997	64139.394007816
3	5728	157643.231663489255	64522.599219367
3	5757	158837.673085545662	64569.8320444
3	5859	162035.120793999646	66375.06525832
3	5918	163838.887769141708	67903.09143325
3	6118	169253.851244998639	71292.615551278
3	6166	171367.460789354061	71599.950207205
3	6573	182000.154164144311	76525.854988075
3	6617	183182.040529073689	76600.225558677
3	6656	184558.192133968238	77756.748117691
3	6706	186091.203045183335	78840.291369369
3	6739	186794.629808170263	77589.893802648
3	6759	187583.861319319819	79958.244978467
3	6935	191986.300714695369	81246.437784947
3	6988	193880.683839963292	82556.755140981
3	7042	195770.462296651219	83029.595847964
3	7105	197133.254081801985	83906.24240048
3	7133	197856.952596464668	84671.084732808
3	7218	200327.079242011075	86079.286175879
3	7316	202666.14573660261	87534.141892812
3	7389	205830.830757924831	88792.209974771
3	7488	209275.846862429297	89338.032849067
3	7656	213611.465468061633	91569.374688842
3	7670	213981.504929353959	93060.967490731
3	7732	215445.855341376281	92606.627623228
3	7786	216657.902275295473	94492.256687904
3	7920	219862.00987621165	94714.869067884
3	7972	221046.052879178441	94047.194343938
3	8067	223337.394428504175	96073.2430989
3	8171	226006.539696054077	97364.46081386
3	8290	228880.358883058196	96520.737059356
3	8350	230657.414072891241	96154.56027159
3	8430	232798.421498769439	96032.316999907
3	8449	233427.431821869231	97880.564330112
3	8570	236715.26405868075	97233.507091236
3	8875	245321.296709505387	100537.5986098
3	8918	246309.693283894577	101760.69057808
3	9143	253226.827592039027	106142.00414846
3	9155	253493.568801180937	106479.72643489
3	9472	261407.926605874218	107637.84604509
3	9545	264025.880741355486	109825.71102171
3	9705	268522.046365709521	113209.83746448
3	9883	272782.104964376904	112613.70840366
3	9968	275162.936391131498	112940.09071293
4	66	3028.194264990723	2592.5744173034
4	79	3422.141773363089	2580.2156317017
4	117	4980.212859278073	4036.5850461412
4	144	5591.581857827952	3701.8535069077
4	176	6382.378956106951	4373.2500773182
4	191	6985.677415551146	4245.5960575541
4	230	7884.043083125254	5067.5292586818
4	235	8181.978754261037	3626.2472105611
4	266	9124.240354196628	5067.696092776
4	318	10428.735425946763	5422.1770414359
4	348	11138.975885295769	5563.7752792653
4	396	12684.997146827629	5526.6467157097
4	469	14212.247491934798	8436.8973610114
4	485	14626.360635077111	8455.337876768
4	519	15116.080199582032	7299.304555814
4	538	15861.208972511343	8060.4224059595
4	574	16753.580431164704	7729.0415435597
4	589	17045.834662252567	8305.5914681184
4	601	17520.803492208473	8881.9057669466
4	625	18027.592315198384	8903.2711422335
4	661	18980.969502096526	9910.5084226989
4	679	19411.473094792567	9927.478217567
4	714	20291.835386929565	10193.283074175
4	739	20762.458238144868	10997.12776676
4	752	21136.282444716894	10607.364795565
4	771	21873.957080514633	10968.095095954
4	792	22579.037997507953	11615.835094961
4	825	23407.390709155702	12744.02359502
4	845	23860.7305548056	11068.984206478
4	858	24216.401766733729	13192.602983193
4	901	25379.620778178327	13674.393048877
4	916	25867.177133904301	14478.263632326
4	948	26469.120639757716	13191.400111244
4	960	26958.065227409356	13791.361156253
4	978	27684.729364858472	14024.741152187
4	1010	28321.871380758935	14660.771392508
4	1061	29937.697871187233	15760.63324738
4	1082	30196.896166605406	16185.103001176
4	1149	32334.51555860182	17672.424169544
4	1176	32795.108239417427	16200.402591215
4	1205	33809.984228452199	17293.769546055
4	1222	34109.409555727147	16919.515902608
4	1251	34699.252385803961	17069.085825707
4	1268	35138.573112329	18070.53791236
4	1292	35782.657848568165	17769.163111261
4	1312	36371.48501773318	18494.992498523
4	1336	37325.401351777368	19096.069171983
4	1368	38234.865800933444	18345.58153621
4	1389	38907.688557216429	19044.075460593
4	1419	39412.344816168302	20951.525181015
4	1446	40247.194281285161	19125.779004626
4	1475	40928.418453307355	20532.324442223
4	1495	41401.524295145178	21335.754672003
4	1523	42260.401375358457	20672.608001396
4	1533	42591.490730409975	21436.205177153
4	1545	42899.660920565481	19628.34481584
4	1588	43788.848849748726	22413.85689426
4	1604	44239.333638129289	21331.848305684
4	1642	45028.990623233373	21262.178651832
4	1667	45636.673781955148	20778.180571538
4	1719	47041.81678512087	21620.057636856
4	1770	48380.883865085896	22683.210068831
4	1796	49198.602202375885	22738.999553122
4	1819	50084.116975897457	23468.34897827
4	1842	50649.275053636636	24329.04520367
4	1867	51136.169283436145	23279.324036262
4	1920	52939.065093015785	24887.556233226
4	1943	53334.926573773379	25102.824281209
4	1992	54384.34103871649	25718.290187744
4	2006	54693.512053759302	25403.364464883
4	2029	55627.391885471995	26840.271080341
4	2043	56068.155619995202	26309.204599989
4	2060	56507.915794951375	26912.801021182
4	2069	56905.023607043083	26055.648107821
4	2077	57377.985424147452	26542.414938006
4	2108	57979.149457597638	26440.197517762
4	2118	58254.945212611462	25775.105042257
4	2135	58869.50622797897	26119.626166461
4	2163	59421.899862112011	26882.963343076
4	2176	59761.662416951264	26853.350198725
4	2191	60297.954752044285	26983.609940689
4	2216	61168.158934870268	26449.55957093
4	2250	62241.473114611115	28359.6644748
4	2261	63100.72899599513	28869.367227065
4	2280	63647.876210016664	28388.639597753
4	2297	64573.24167313939	29751.705935544
4	2312	64979.92451560637	29485.635883922
4	2326	65601.639201687183	29661.84894982
4	2339	66222.276462679263	30652.026122841
4	2371	66959.070529760327	28896.432800833
4	2376	67292.140978136565	28719.837905936
4	2385	67617.783012436237	29468.034124757
4	2440	69202.432009363081	30652.465018141
4	2462	69667.923679397907	30631.092653096
4	2492	70278.217248087283	31659.942285864
4	2507	70850.105328047182	31494.164304253
4	2533	71439.775876597967	32740.207393379
4	2550	71703.977728662547	32273.226750192
4	2570	72493.020201073494	33184.471185486
4	2595	73108.325799339917	33104.929569804
4	2614	73629.713471764233	33814.002137185
4	2631	73900.682107684668	33275.226410352
4	2641	74541.748546072747	33831.781565388
4	2686	75420.954492417629	34076.201443156
4	2693	75758.556118523236	35501.777607179
4	2730	76662.877963976469	35233.421527842
4	2751	77378.096714233514	34438.866128102
4	2765	77735.540083618369	37005.110346721
4	2788	78166.147766140755	36725.61232656
4	2829	79158.217452773358	37677.969859552
4	2853	79968.932097749318	37203.932233403
4	2908	81196.635144194122	37467.659836018
4	2937	81962.862521754112	38691.383910134
4	2965	82778.432242152747	39173.725128312
4	2978	83237.164499880281	38876.662474458
4	2991	83720.615512923804	39267.171309752
4	3009	84112.023906958756	39468.320286886
4	3019	84587.498229546008	38420.733952595
4	3039	85066.095133935568	39510.830222911
4	3054	85508.903908663896	38462.145805014
4	3070	85837.798920524773	37835.50686637
4	3097	86377.922503193375	39197.156087635
4	3117	86730.992999663111	40080.774415404
4	3137	87064.744624020066	39619.797565183
4	3152	87561.4668867453	39426.26488051
4	3193	88468.514735707547	40131.283168275
4	3213	89005.488357422407	39620.672095816
4	3233	89576.417462834622	38681.474057753
4	3265	90458.298030225094	39353.400827209
4	3290	91007.359585770871	39007.508620885
4	3310	91577.618723315652	39812.747169631
4	3318	92156.614011255558	41122.208324189
4	3351	92864.288611458148	41077.141821015
4	3368	93476.929017146583	39772.236675215
4	3403	94407.494936370756	40213.947505239
4	3438	95137.525524412747	42133.926087007
4	3454	95885.18849502271	42053.342056334
4	3469	96242.156548136379	41636.422832132
4	3490	97060.217293714638	40981.434222968
4	3543	98405.184862697031	40904.119431171
4	3556	98847.293929224368	42730.186252676
4	3581	99469.443634906318	41917.078303015
4	3593	99741.950074294116	42184.729872136
4	3657	101335.819517811294	42359.44789403
4	3706	102556.257964754011	43617.812405101
4	3718	102868.143675224389	44362.911578998
4	3756	103877.889472813811	43091.290275836
4	3790	104733.248580926564	44277.146017986
4	3821	105480.190164884087	43539.823620352
4	3853	106382.186958910432	43664.025785345
4	3899	107216.489910529461	43354.714591174
4	3918	107544.684772295412	43309.003911516
4	3936	108430.918677905109	43832.810054726
4	3981	109704.497091592755	44745.805285524
4	3998	110187.665990227368	44669.636983908
4	4046	111254.754386161921	44701.331015494
4	4068	111543.930531618652	43268.119825571
4	4089	112304.223323752639	45483.001980038
4	4130	113240.687884957996	45156.073024224
4	4147	113786.58400538331	44854.929597255
4	4160	114125.534959313926	45378.698076984
4	4205	115044.592192889658	46526.00014623
4	4243	116426.264903591482	47345.814098273
4	4257	116812.21548507875	47104.400862571
4	4289	117440.71617829567	48016.012659449
4	4314	117979.791923993735	47116.542315987
4	4327	118394.04718414834	47689.746048491
4	4351	118758.593002100943	48472.008688726
4	4359	119035.978959211616	47964.945254979
4	4388	119699.032101081221	47780.753959723
4	4446	120865.483774030118	48318.394048228
4	4524	122627.069241730034	49027.301094597
4	4555	123557.600345210641	50078.08493068
4	4591	124507.336987414866	50835.355757768
4	4622	125238.49651337555	51352.191792035
4	4634	125764.859268618285	51299.327712806
4	4649	126056.90310723102	51412.425850364
4	4670	126794.862714996099	50946.107499215
4	4734	128146.185235091954	52558.692253146
4	4759	128940.020348978698	53088.301836502
4	4785	129753.663041172087	54757.511970059
4	4838	131259.495809049815	54223.42509387
4	4854	131699.641603687316	54170.793895259
4	4870	132034.709245515525	53413.816393682
4	4899	133706.441312981307	55496.462942949
4	4941	135301.492879772097	55375.735620651
4	4982	136751.116439131558	56497.433678509
4	5021	138067.15878731525	57711.974182328
4	5040	138955.167855461598	58477.583487937
4	5056	139443.638676991225	58013.343208851
4	5073	139911.345566352368	58942.718716521
4	5125	141386.35462370655	59240.918916678
4	5145	141714.955034469724	60497.609134754
4	5176	142544.407273949594	57511.101074634
4	5187	143391.032672980339	60935.374897091
4	5216	143685.164007311226	62153.222512445
4	5226	144460.335666303993	59374.142572434
4	5240	144833.551215277524	60605.16981088
4	5275	145783.91114401585	59682.108223256
4	5319	146742.439025835605	59809.980075007
4	5338	147462.748793875338	61483.768624282
4	5356	148047.023708009632	61499.848335207
4	5371	148394.820279152604	61176.610468591
4	5397	149167.014329907956	61178.97756387
4	5431	150076.502936547162	62670.780866176
4	5467	150856.726762530865	62526.652490909
4	5483	151327.760776271583	62470.403607205
4	5516	152100.466574569704	63209.680450163
4	5524	152415.356577066245	63132.770790403
4	5537	152924.405542192521	63060.686852221
4	5554	153470.509238941135	63628.123725852
4	5577	154053.676136889966	63541.798559353
4	5610	154899.180956938775	64768.652700881
4	5634	155376.299260416539	64501.9832789
4	5687	156775.932851088705	64319.505437125
4	5704	157041.498022889259	64483.469927192
4	5739	158287.21395677841	64431.317582362
4	5780	159469.220065744135	65547.765316197
4	5802	159904.515569181654	65191.271981362
4	5816	160601.848324620638	65792.162182447
4	5835	161188.261928790722	66478.585057392
4	5874	162381.692640343223	66992.689708219
4	5890	162946.09849306709	67773.779063534
4	5938	164236.518806116198	67129.62589089
4	5953	164750.069061452065	67353.129555753
4	5973	165165.49208131573	69502.296730359
4	5994	165910.689784334515	68250.650873243
4	6012	166447.125912485187	68144.710108984
4	6030	166740.881698661958	68656.216500044
4	6068	167580.072207757746	69965.098770825
4	6086	168358.975792293911	70598.028430409
4	6113	168916.847729878043	69343.94861133
4	6127	169659.64656881011	70211.928648384
4	6151	170566.840783683126	70600.105267032
4	6196	171990.879157101278	72286.35310742
4	6229	172924.490054444884	72109.357762995
4	6260	173743.226917357658	72875.831731964
4	6284	174442.022352618639	73484.983026401
4	6314	175385.603828886066	74507.795830065
4	6328	175806.429679700647	73252.215893637
4	6355	176448.02838184825	72850.875172876
4	6373	177049.078345810537	74384.942085465
4	6381	177296.341950715993	75453.775473218
4	6417	178178.653478687171	73284.809266365
4	6437	178943.055089981768	75669.71576548
4	6467	179537.179536120508	74381.77191551
4	6476	179783.304207017187	75731.548148725
4	6505	180267.343839546207	73956.125757359
4	6530	180986.662994706545	75787.401684639
4	6540	181230.684109990958	75638.979236147
4	6556	181569.70474871761	75874.627926517
4	6591	182597.418698695961	75867.080920974
4	6636	183764.070862242494	76306.374673675
4	6666	184993.35610941938	77899.233442182
4	6692	185697.298946352218	76717.129608808
4	6771	187857.310986676727	79101.251226925
4	6811	188736.787492976998	79495.23693818
4	6828	189329.272601464306	79583.251297237
4	6846	189862.838847273503	79471.076216194
4	6869	190550.853685372983	80263.249127144
4	6890	190898.016889066909	80810.813932534
4	6904	191142.933672898923	79696.031316155
4	6962	192933.902251300876	80514.702900785
4	7011	194833.895000973259	82393.938883796
4	7070	196435.524934259717	83344.746314548
4	7148	198194.708700878088	84799.285812719
4	7179	199113.720288788442	85819.011744375
4	7208	200000.462955636446	85317.514362181
4	7246	200824.857866940563	86523.593762689
4	7270	201728.938283575242	86969.688290333
4	7288	202144.049667464113	87670.195431788
4	7331	203606.997613748079	87070.371499091
4	7346	204564.923407034492	88128.262027223
4	7364	204915.300853838688	88323.970969248
4	7412	206601.846991860783	89156.244088879
4	7433	207255.165128530478	89967.885333626
4	7438	207548.295974591291	88396.189106441
4	7443	208006.371343405461	90133.883024097
4	7460	208335.719658983415	89156.197380013
4	7497	209579.359506433374	90178.186006984
4	7536	210476.918416162497	90168.256943947
4	7549	210970.331612480349	90554.476006281
4	7572	211468.056927835113	91097.613657888
4	7588	211824.162530218727	91226.861342338
4	7606	212205.17679736904	92228.798907488
4	7629	213109.962135748483	92387.083684976
4	7698	214635.646600918389	92384.66081449
4	7768	216198.021701527304	93425.391026465
4	7815	217361.234276173181	93881.483226804
4	7843	217948.917461232758	95023.96985329
4	7868	218747.114962273753	94917.98148766
4	7892	219275.118025792307	95259.524593763
4	7940	220630.724879418976	94416.83475283
4	7982	221501.854994212753	95662.974432385
4	8002	221825.968593665874	96487.965489657
4	8021	222489.900541873193	95358.370032155
4	8040	222994.284366005576	95752.324173329
4	8078	223683.207547319597	96410.181351073
4	8101	224284.902529743975	96526.015703439
4	8128	224859.369963546759	95243.752909614
4	8139	225149.850131133115	96763.71414723
4	8199	226595.203688172167	96163.298361667
4	8235	227449.863718738323	97381.578027503
4	8267	228384.377461717939	97911.975043117
4	8312	229250.020492849415	96229.470300584
4	8327	229777.538269655323	95248.067166548
4	8371	231391.342797604865	96915.481125509
4	8392	231976.849924595571	96528.760652121
4	8410	232481.934632407046	95835.061244999
4	8471	234186.605167584039	96705.911864459
4	8484	234484.992303447343	96617.57024241
4	8518	235310.951544204272	96000.916049718
4	8549	236124.556912285752	97130.230692778
4	8581	236984.628726401843	97591.077833758
4	8611	237741.273831622221	97783.612645069
4	8625	238220.080575113662	97830.441988561
4	8648	238951.329086878814	99591.580835265
4	8670	239268.775506475486	98371.248730531
4	8680	239674.342699190147	98304.085375315
4	8718	240415.942328115471	99215.935281327
4	8738	241250.051077743538	99441.936805428
4	8772	241931.84751632578	100398.45420622
4	8784	242327.171740056493	100930.81680385
4	8808	243060.166257572838	99611.755020877
4	8841	243825.038935513713	100157.12946024
4	8866	244755.45130028344	101207.49770789
4	8903	245923.797521898069	101254.99408796
4	8940	247006.727729746618	103030.34979756
4	8959	247824.83508055053	102970.06704925
4	8966	248188.242813581147	102197.79981637
4	8996	249028.812846643396	102893.68875221
4	9014	249909.561898847588	104724.26418181
4	9039	250177.883921013691	103946.30198874
4	9051	250677.082532206096	104465.87492163
4	9069	251268.667498053529	104623.20063316
4	9099	252144.981391084858	105871.36384141
4	9133	252968.02711951501	106003.61605277
4	9178	254093.926826463558	105368.38201958
4	9209	254561.738633950718	105340.84346295
4	9219	255076.186211918958	106828.9554063
4	9246	255630.675881085463	104932.68779167
4	9268	256363.906296873011	107020.74398154
4	9307	257206.528720901825	107779.88955548
4	9342	258153.866104678728	105296.47899522
4	9373	258861.528132697113	106565.7816398
4	9403	259407.633842946507	106257.81573647
4	9415	259986.542096389003	108394.40987324
4	9442	260524.30284117303	107692.16292328
4	9496	262142.985642971016	107849.01855835
4	9515	262798.461543870635	107983.48987142
4	9529	263558.151601897098	109708.02252984
4	9561	264816.871452210016	110224.19715546
4	9584	265582.883618538744	110984.37769488
4	9609	266151.350548443861	110897.698794
4	9633	266855.782458195008	111640.45862909
4	9653	267418.023192910023	111366.29460613
4	9684	268177.656589103408	111889.22986518
4	9717	269006.961393476941	111721.57405367
4	9736	269434.679480259784	110824.33528075
4	9752	269785.938964625366	111734.72540735
4	9773	270233.168216114409	110886.53861998
4	9817	271188.709137672104	110810.30471714
4	9852	272068.728102808364	113050.41912525
4	9906	273530.962648549594	112784.74097183
4	9933	274242.0081556677	113018.26045997
4	9987	275583.393193119682	113527.04527716
4	10013	276439.862890159256	114482.70223456
4	10037	276910.216076941706	114137.49893851

