version 2
run Iteration-42-20200521-09:53:16-69564
attr configname Iteration
attr datetime 20200521-09:53:16
attr experiment Iteration
attr inifile omnetpp.ini
attr iterationvars "$i=4, $j=7, $0=15-(4+7)"
attr iterationvarsf i=4,j=7,15-(4+7)-
attr measurement "$i=4, $j=7, $0=15-(4+7)"
attr network Network
attr processid 69564
attr repetition 0
attr replication #0
attr resultdir results
attr runnumber 42
attr seedset 42
itervar i 4
itervar j 7
param **.resourcePool.amount 4
param **.resourcePool1.amount 7
param **.resourcePool2.amount 15-(4+7)
param **.source.interArrivalTime exponential(6min)
param **.delay.delay uniform(4min,28min)
param **.delay1.delay uniform(10min,28min)
param **.delay2.delay uniform(4min,16min)
param **.allocate.resourceModuleName "\"Network.resourcePool\""
param **.allocate1.resourceModuleName "\"Network.resourcePool1\""
param **.allocate2.resourceModuleName "\"Network.resourcePool2\""
param **.deallocate.resourceModuleName "\"Network.resourcePool\""
param **.deallocate1.resourceModuleName "\"Network.resourcePool1\""
param **.deallocate2.resourceModuleName "\"Network.resourcePool2\""
param **.router.randomGateIndex "uniform(0, 1) > 0.2 ? 0 : 1"

vector 0 Network.allocate queueLength:vector ETV
attr interpolationmode sample-hold
attr title "queue length, vector"
vector 1 Network.allocate1 queueLength:vector ETV
attr interpolationmode sample-hold
attr title "queue length, vector"
vector 2 Network.allocate2 queueLength:vector ETV
attr interpolationmode sample-hold
attr title "queue length, vector"
vector 3 Network.sink lifeTime:vector ETV
attr interpolationmode none
attr title "lifetime of arrived jobs, vector"
attr unit s
vector 4 Network.sinkStat lifeTime:vector ETV
attr interpolationmode none
attr title "lifetime of arrived jobs, vector"
attr unit s
0	0	0	0
0	14	1686.739768074949	1
0	16	1777.965118429831	0
0	216	7383.446525644327	1
0	218	7482.729866591933	2
0	220	7634.134034447332	1
0	225	7663.790693175697	0
0	230	7691.562568745232	1
0	232	7786.534899835554	0
0	252	8444.101913415996	1
0	254	8514.232639561058	0
0	493	16007.701015642377	1
0	495	16149.29413259864	2
0	501	16304.458219122688	1
0	506	16334.042174368626	0
0	515	16543.991592953955	1
0	517	16623.942992656891	0
0	522	16774.055399023388	1
0	524	16969.641553796357	0
0	639	19376.461396283625	1
0	641	19705.306424244054	2
0	647	19828.476934087938	3
0	649	19891.767942430967	4
0	655	19989.291292696646	3
0	664	20033.929109200078	2
0	669	20331.499162910079	1
0	678	20656.469073628771	2
0	680	20745.196083946751	3
0	686	20819.534455195942	4
0	692	20880.640687547413	3
0	697	21128.361116356603	2
0	702	21186.030525489884	1
0	719	21622.627281654172	2
0	721	21736.9762078852	3
0	727	21826.402409558689	2
0	732	21830.103436850809	3
0	742	21897.293515778867	2
0	763	22443.482141995504	3
0	773	22531.074946864895	2
0	778	22576.178528122393	1
0	783	22681.437634897923	0
0	788	22682.25512639555	1
0	790	22716.402002609509	0
0	799	22822.793297166677	1
0	805	22943.681078969888	0
0	814	23259.864607454401	1
0	816	23271.422483622271	0
0	851	23807.867315844426	1
0	873	24146.444458123917	2
0	883	24264.029788869359	3
0	885	24279.22761142025	2
0	890	24321.352315642744	1
0	899	24418.501565933012	0
0	908	24626.219438453081	1
0	914	24725.991572665357	2
0	916	24770.000926093071	1
0	921	24864.196732712484	0
0	1318	35377.176330454583	1
0	1320	35404.807020037242	0
0	1373	36650.67135870949	1
0	1383	37048.618059314866	2
0	1385	37126.815421281375	3
0	1387	37220.9933661328	4
0	1389	37274.247244723848	3
0	1406	37478.5210297018	2
0	1411	37568.183475655711	1
0	1416	37578.613961223635	0
0	1429	37682.427618868266	1
0	1431	38063.22284869591	0
0	1566	41698.549827439141	1
0	1568	41728.98647353251	0
0	1606	42791.31359564506	1
0	1608	43068.241598323753	0
0	1723	45180.023639408187	1
0	1725	45191.17466288795	2
0	1731	45294.860883896126	3
0	1733	45296.158027875573	2
0	1738	45309.120090813235	3
0	1744	45469.890700027597	4
0	1746	45518.810756483518	5
0	1748	45532.260461002179	4
0	1753	45541.812877449471	3
0	1762	45661.18782784687	4
0	1776	46506.540845241098	3
0	1781	46524.290746599027	2
0	1786	46720.702833648176	1
0	1799	46870.65402363078	2
0	1801	46890.603597703654	1
0	1806	46924.261518447037	2
0	1812	47044.198000244388	1
0	1821	47553.052460852415	0
0	1981	50944.558142727056	1
0	1983	50979.222412497062	2
0	1985	50996.176388286686	3
0	1987	51008.585094380199	2
0	1992	51031.776524569149	3
0	1994	51057.904261036223	2
0	2007	51201.090450001042	1
0	2012	51307.234571742832	0
0	2209	55915.034275459571	1
0	2211	55950.748079490503	2
0	2225	56204.520834756844	1
0	2230	56297.427902030734	2
0	2240	56393.302832026566	1
0	2249	56472.668029451815	2
0	2251	56581.403901131004	3
0	2253	56653.425877422535	2
0	2258	56666.814424213553	1
0	2263	56700.593948274342	2
0	2265	56850.22678085689	1
0	2270	56854.755709223519	2
0	2300	57388.761434664779	1
0	2305	57607.719812348926	0
0	2310	57610.545420591269	1
0	2316	57884.274376181715	0
0	2355	58812.311080890602	1
0	2365	58910.44431247282	2
0	2367	58928.60505129441	1
0	2372	58933.217828386049	0
0	2397	59410.766806482451	1
0	2403	59516.277887411933	0
0	2511	62195.196896387716	1
0	2513	62252.899505775281	0
0	2599	64536.810087080632	1
0	2621	65157.87698902155	2
0	2623	65188.561593101357	1
0	2628	65189.79238110436	2
0	2634	65320.791795863896	1
0	2647	65503.213256036841	2
0	2649	65559.10635405898	1
0	2654	65600.443761799723	2
0	2656	65718.743967199359	1
0	2661	65764.410008483564	0
0	2960	73925.304056849776	1
0	2962	73948.98965177393	0
0	2982	74144.975705496771	1
0	2984	74156.801577282502	2
0	2994	74300.92753418988	1
0	2999	74364.512528052182	0
0	3004	74433.309814944223	1
0	3006	74547.078256312146	2
0	3008	74610.968774164418	3
0	3010	74662.423518111486	4
0	3020	74911.960409644251	3
0	3029	75133.065210220277	2
0	3034	75472.518434842677	1
0	3043	75533.011921169806	2
0	3045	75564.106376833512	3
0	3051	75696.745743128229	2
0	3076	76418.101306457877	1
0	3081	76506.326232205336	0
0	3086	76535.752980694324	1
0	3096	76595.836311822386	0
0	3264	80922.306598076017	1
0	3274	81150.85853710789	0
0	3349	83070.254230837488	1
0	3351	83123.034747847878	2
0	3365	83287.204021973721	1
0	3370	83314.92676218037	0
0	3375	83468.782019839795	1
0	3385	83760.118038972988	2
0	3387	83762.857868275107	1
0	3404	84031.159034939681	0
0	3500	86557.057961255986	1
0	3502	86645.639393153219	0
0	3530	87018.550562585198	1
0	3532	87071.226195814638	0
0	3537	87090.022435651166	1
0	3539	87120.059578601766	0
0	3548	87242.712590596099	1
0	3550	87274.384126915422	0
0	3562	87542.056065212116	1
0	3564	87573.133512223689	0
0	3569	87618.934420221341	1
0	3579	87952.851725701738	0
0	3618	88444.556901659506	1
0	3620	88494.173713914591	2
0	3626	88580.756776184101	1
0	3631	88594.021819230664	0
0	3644	88746.175580823064	1
0	3650	88823.261855656897	0
0	3762	90384.150982145116	1
0	3776	90673.519589924094	0
0	3781	90802.500134842662	1
0	3783	90813.640726178664	2
0	3785	90854.450806574604	3
0	3787	90878.683238463438	2
0	3792	90908.445071993647	1
0	3817	91581.299397004406	2
0	3819	91599.947957195316	1
0	3824	91653.745814938948	2
0	3826	91762.957051271534	1
0	3831	91793.686728632261	2
0	3833	91827.323940683174	3
0	3843	91868.850478962038	2
0	3848	91915.413932098327	1
0	3857	91970.153664547493	2
0	3859	91992.966961660263	1
0	3868	92379.341527204466	2
0	3870	92444.682110086058	1
0	3887	92627.754638510785	2
0	3889	92649.228614313779	1
0	3894	92744.317152933058	0
0	3903	92945.966935926515	1
0	3905	92995.101416513928	2
0	3915	93166.482340522685	3
0	3917	93213.579434031582	2
0	3922	93328.88367456293	3
0	3928	93375.280341379319	2
0	3953	93665.613077626753	3
0	3955	93692.377473978577	2
0	3960	93763.099107952707	3
0	3966	93828.92817656028	2
0	3971	93855.014942560213	3
0	3973	93943.22696250516	2
0	3978	93967.148890145098	1
0	3991	94095.876270620234	2
0	3997	94164.421149600259	3
0	4011	94414.608131876467	2
0	4016	94475.805407188808	1
0	4025	94595.041995928464	0
0	4238	98748.605297829985	1
0	4252	99196.393958821931	0
0	4261	99262.709142335966	1
0	4263	99268.373770152471	0
0	4468	104468.341932119381	1
0	4470	104493.161023149555	2
0	4480	104801.967246510955	1
0	4485	104809.089167506599	0
0	4516	105558.660362856487	1
0	4518	105670.489685216152	0
0	4534	106213.53640625221	1
0	4548	106585.132798174406	0
0	4656	109938.448981894593	1
0	4658	109942.869113171608	2
0	4660	110212.427430957464	1
0	4665	110265.414920468078	0
0	4670	110311.813030851321	1
0	4672	110461.98109470097	0
0	4681	110765.201278286438	1
0	4683	110828.783519236534	0
0	4736	112016.550294732732	1
0	4742	112041.624280967619	0
0	4747	112123.014938052607	1
0	4753	112246.369314384917	0
0	4762	112446.601278065672	1
0	4784	112633.555548494021	0
0	4793	112876.034738498036	1
0	4795	112892.855769831208	0
0	4800	113044.910966221768	1
0	4806	113093.211765033464	0
0	4857	113978.53374820389	1
0	4859	114006.525444264976	0
0	5026	117454.982462936244	1
0	5028	117847.119014744712	2
0	5034	117960.675110045194	1
0	5039	117996.497649115965	0
0	5048	118107.746258210855	1
0	5058	118300.526658507549	2
0	5060	118483.640834198705	1
0	5069	118576.239072582573	2
0	5071	118704.434293992718	3
0	5077	118743.798111553959	2
0	5086	118897.441792947695	1
0	5095	119030.169248610154	2
0	5097	119080.388238753847	1
0	5114	119605.454599681615	0
0	5282	122960.701860906227	1
0	5284	122975.564371148216	0
0	5293	123000.278842951724	1
0	5295	123071.082815660713	2
0	5301	123143.836443308017	1
0	5306	123573.581951876525	0
0	5649	133090.647152387976	1
0	5651	133131.218096755361	2
0	5653	133135.198519805796	3
0	5655	133189.502522183234	4
0	5657	133242.497428753519	5
0	5659	133303.798955148666	4
0	5668	133352.691857584147	5
0	5678	133715.125468875744	4
0	5683	133826.976473822552	5
0	5685	133833.920270518566	4
0	5702	134220.720798456976	5
0	5704	134277.763033621441	4
0	5709	134416.060268560792	5
0	5715	134785.67461954167	4
0	5720	134819.869744795837	3
0	5725	134839.825804597347	2
0	5730	134946.572959302253	3
0	5736	135019.939370356153	4
0	5742	135054.024542802118	5
0	5744	135100.072398446928	4
0	5765	135569.444525595286	3
0	5770	135584.654400554777	4
0	5776	135633.406549149359	3
0	5781	135693.375124037694	2
0	5794	136041.697433629777	3
0	5804	136301.261815109456	2
0	5809	136321.613237875977	1
0	5822	136433.977161823381	2
0	5824	136460.248939050942	1
0	5829	136713.40450549313	2
0	5831	136735.663653777147	1
0	5836	136748.997796550821	0
0	5845	137038.866335007143	1
0	5847	137077.909167474716	0
0	5881	137394.020500659239	1
0	5883	137540.63705011329	0
0	5906	137862.973569197686	1
0	5908	137891.403178567093	2
0	5918	138112.118545436098	1
0	5923	138187.466370442117	0
0	6159	145299.01610700198	1
0	6169	145401.327600044887	0
0	6267	147668.792800240098	1
0	6281	147993.772229089976	0
0	6298	148403.546192693429	1
0	6300	148405.630698568969	0
0	6387	150908.685500368824	1
0	6397	151013.141779658589	0
0	6402	151066.33646019674	1
0	6404	151201.342583748703	0
0	6425	151518.93186239199	1
0	6435	151777.737748663132	0
0	6703	161511.830007783949	1
0	6705	161983.825297433162	0
0	7019	170869.699067703664	1
0	7021	170966.741943395573	0
0	7054	171767.373957208867	1
0	7060	171971.15478539974	2
0	7062	171985.300374897473	1
0	7071	172380.346445179085	0
0	7080	172631.157592160042	1
0	7082	172670.092671577134	2
0	7084	172717.596299844139	1
0	7093	172780.101965098497	0
0	7197	174704.430187776327	1
0	7199	174845.185064199638	2
0	7209	175012.567088033437	3
0	7211	175021.916024968199	2
0	7220	175168.76590047547	1
0	7233	175542.28870378509	2
0	7239	175625.528620541267	1
0	7248	175694.457433737282	0
0	7423	182243.931716629159	1
0	7433	182703.385129473374	0
0	7546	185220.224734096486	1
0	7552	185336.711222393624	0
0	7746	189792.13316570209	1
0	7748	189870.202245446006	0
0	7887	193314.362503514553	1
0	7889	193345.018266270328	2
0	7891	193809.54559881059	3
0	7893	193831.955610265186	4
0	7895	193832.979787719928	3
0	7908	193950.657875912157	2
0	7917	194155.821319236742	3
0	7919	194232.918139510392	2
0	7928	194299.465684438136	3
0	7934	194428.808445093714	2
0	7947	194543.366036568317	1
0	7956	194790.386356927881	2
0	7958	194846.238828715417	1
0	7963	195082.165747688356	2
0	7965	195116.278863255415	1
0	7982	195446.026209222046	0
0	7987	195463.473706377551	1
0	7989	195494.088905571116	2
0	7991	195574.214745411077	3
0	7997	195685.253694247935	2
0	8002	195760.074123700953	3
0	8008	195878.164110221504	2
0	8017	195924.247647730194	1
0	8022	195955.184042769765	2
0	8035	196242.861722749207	1
0	8048	196396.344870330659	0
0	8188	199493.599088603862	1
0	8194	199726.891080071291	0
0	8203	199825.13748704124	1
0	8205	199864.306377975404	0
0	8479	208391.445070352236	1
0	8481	208438.329268560143	2
0	8487	208529.951695716204	3
0	8489	208601.398613345194	4
0	8519	209240.021528786168	3
0	8528	209538.599510723792	2
0	8533	209579.233750500197	3
0	8539	209693.635736925647	2
0	8544	209782.802887957314	1
0	8549	209871.087003309956	0
0	8561	210214.544414446101	1
0	8567	210469.651303561471	0
0	8572	210475.485398710906	1
0	8574	210488.111035328129	0
0	8589	210919.57579438381	1
0	8591	211052.080306965816	2
0	8598	211107.862458507816	3
0	8600	211154.361260923211	2
0	8613	211189.029156587208	3
0	8619	211264.155735796166	4
0	8627	211413.590381154857	3
0	8635	211494.543819416085	2
0	8640	211512.347760607234	1
0	8655	211736.623399956628	2
0	8682	212373.544143091658	1
0	8687	212392.136905308132	2
0	8697	212449.735705162053	1
0	8706	212622.137432070516	0
0	8934	219112.564208075105	1
0	8936	219205.381244329276	2
0	8938	219210.700489993504	3
0	8940	219238.065202327432	4
0	8942	219376.563876409321	3
0	8955	219556.469760219169	4
0	8961	219664.195294037231	3
0	8970	219750.939835605833	2
0	8975	219904.317499702517	3
0	8977	219997.136037955649	2
0	8990	220485.529849741845	1
0	8995	220571.626716099449	0
0	9331	229816.379204295538	1
0	9345	230418.00700967546	0
0	9358	230667.168161361295	1
0	9360	230671.445449555436	0
0	9380	230995.061978915807	1
0	9382	231104.681319052698	0
0	9567	235155.783341319132	1
0	9569	235188.02165365089	2
0	9571	235355.797094525606	1
0	9588	235561.145183851128	2
0	9594	235725.742753567685	3
0	9600	235747.442537569784	2
0	9605	235877.27564707016	3
0	9607	235960.913572245196	2
0	9616	236087.56289269866	3
0	9618	236363.216253040627	2
0	9627	236486.248189012092	3
0	9641	236854.210904464384	4
0	9643	236876.146866926335	3
0	9648	236883.431947650225	2
0	9653	236948.359667592601	1
0	9670	237177.663796380732	2
0	9672	237197.016783290681	3
0	9682	237655.400276564912	2
0	9691	237755.729624895648	1
0	9696	237890.891164848418	0
0	10011	246907.186954571914	1
0	10017	247370.10520093028	0
0	10022	247664.455515233797	1
0	10024	247785.083817841043	0
0	10054	248463.313055311966	1
0	10056	248554.431221327674	2
0	10058	248707.3593730167	3
0	10068	248860.106836667997	2
0	10073	248884.734701058202	1
0	10082	249074.971536331129	0
0	10445	259197.67719524442	1
0	10451	259350.026940609938	0
0	10456	259391.399684292036	1
0	10458	259398.376066133268	2
0	10472	259791.639445873727	1
0	10481	259960.788696017214	2
0	10483	260212.564535839147	1
0	10488	260236.687309822226	2
0	10490	260283.162523191101	1
0	10495	260365.256134435149	0
0	10504	260377.383740707157	1
0	10510	260457.201111141113	2
0	10512	260481.248700373403	3
0	10518	260540.616436432726	2
0	10527	260952.586232326539	1
0	10532	261012.243203001847	0
0	10586	262018.347178868059	1
0	10588	262092.323909384132	0
0	10619	262412.551553654477	1
0	10621	262451.342180108193	2
0	10636	262900.369747673095	1
0	10645	262987.025522441967	0
0	10650	263007.905645074815	1
0	10656	263193.067565251067	0
0	10932	269510.150264905047	1
0	10942	269686.216465754572	0
0	10947	269744.357945312467	1
0	10961	270049.130473927217	0
0	10970	270321.448553556012	1
0	10972	270385.1578808463	0
0	10981	270561.050935623611	1
0	10991	270760.580430555156	0
0	11000	270825.856404570898	1
0	11002	270841.95591480112	2
0	11004	270990.597717358888	3
0	11006	271032.876854517757	4
0	11016	271320.840307733182	3
0	11021	271463.84650549654	2
0	11030	271697.657152971391	1
0	11035	271700.287749328273	0
0	11051	272079.612923326806	1
0	11053	272126.247660852931	2
0	11059	272245.276264723279	1
0	11080	272531.952203557875	2
0	11082	272570.400343014066	1
0	11095	272822.92075441088	0
0	11100	272932.661459025689	1
0	11106	273199.585148941614	0
0	11236	275451.358372565774	1
0	11242	275701.034196543465	0
0	11247	275772.639115072484	1
0	11253	275899.783504248294	2
0	11259	275951.616356386631	1
0	11264	276199.469037470755	2
0	11270	276595.704519781705	1
0	11279	276673.07338524885	0
0	11299	276946.6452509092	1
0	11305	277048.620168517157	2
0	11307	277183.611199720591	1
1	0	0	0
1	931	25126.429715216964	1
1	937	25303.309320725285	2
1	939	25384.867440403826	1
1	944	25494.76166671595	0
1	3633	88594.021819230664	1
1	3635	88595.346483728674	0
1	4705	111330.284224493592	1
1	4710	111451.557314275027	0
1	5838	136748.997796550821	1
1	5840	136892.643586720506	0
1	5849	137077.909167474716	1
1	5855	137153.748844582119	0
1	8580	210602.290591443849	1
1	8593	211073.052417242671	0
1	8602	211154.361260923211	1
1	8604	211180.927703138508	0
1	9421	232052.332422831922	1
1	9423	232061.960161712164	0
2	0	0	0
2	319	9972.63297814382	1
2	324	10308.847879098046	0
2	965	25758.879323563713	1
2	970	25963.483894483573	0
2	984	26192.550110188186	1
2	986	26240.147275056264	0
2	1691	44700.00712285115	1
2	1693	44733.496135726688	0
2	1699	44818.510427171082	1
2	1707	44912.346698005518	0
2	1713	45035.303825537508	1
2	1718	45103.456537375325	0
2	1900	49011.853552016766	1
2	1906	49157.062138458306	0
2	2382	58997.684009113279	1
2	2385	59274.45394908806	2
2	2387	59310.434003209525	1
2	2392	59371.952056596918	0
2	2464	61178.932388026708	1
2	2470	61200.446921885531	2
2	2472	61272.407996144587	1
2	2477	61330.32089014971	0
2	2774	68295.17941690728	1
2	2783	68655.47436877433	0
2	3668	88981.57479271675	1
2	3684	89275.015737467009	0
2	3690	89295.02031670959	1
2	3693	89353.965116097418	2
2	3695	89410.921972385433	1
2	3704	89505.030232687099	0
2	3710	89528.066168260087	1
2	3712	89575.867980156589	0
2	3718	89783.797488997375	1
2	3724	89831.308609569941	0
2	3938	93445.271894638267	1
2	3940	93455.440407268677	0
2	4031	94662.067529646655	1
2	4034	94694.562524822381	2
2	4036	94700.070848163469	1
2	4045	94874.525965858502	0
2	4054	95034.3100160605	1
2	4056	95206.330913448681	0
2	4070	95316.044010598985	1
2	4076	95458.482655394784	0
2	4082	95462.109887559219	1
2	4084	95585.630236208691	0
2	4101	95971.149973567537	1
2	4103	96034.622800139685	0
2	4109	96108.058725769219	1
2	4115	96194.463133044793	2
2	4117	96218.967842213771	1
2	4126	96416.650496755048	0
2	4132	96436.785520439943	1
2	4134	96480.084914680546	0
2	4777	112550.523583414228	1
2	4779	112605.466547829785	0
2	5223	121336.352128557301	1
2	5225	121504.003005420163	0
2	5873	137318.62646631008	1
2	5879	137391.20352804398	2
2	5888	137551.97467067337	1
2	5894	137692.439677209759	2
2	5896	137739.650153899097	1
2	5901	137820.413733038286	0
2	5933	138230.154791678765	1
2	5935	138299.521067450404	0
2	5968	138813.499220153745	1
2	5970	138844.298566819335	0
2	5988	139314.824039294034	1
2	5990	139327.413768898227	0
2	5996	139345.339074861988	1
2	5998	139454.678836546073	0
2	6004	139462.390728938191	1
2	6006	139484.577431893557	0
2	6484	153138.337320570337	1
2	6486	153228.897066267179	0
2	6800	163994.427610339075	1
2	6803	164057.338365857593	2
2	6805	164154.364325412326	1
2	6819	164542.911443190439	2
2	6821	164548.656734454656	1
2	6826	164550.771819514433	0
2	7274	176471.171157892261	1
2	7280	176526.483476357811	0
2	7496	184440.970639954523	1
2	7505	184778.624414201288	2
2	7507	184804.399362375613	1
2	7512	184836.619073669315	0
2	8025	196075.178651627634	1
2	8027	196092.657931793042	0
2	8033	196222.976748267669	1
2	8040	196282.566415621503	0
2	8046	196363.227979619537	1
2	8053	196411.18174726564	0
2	8066	196712.376448271357	1
2	8068	196726.808565893703	0
2	8074	196748.377950323639	1
2	8077	196756.461623050808	2
2	8083	196995.687184651875	1
2	8088	197024.419928315588	0
2	8622	211321.59246283409	1
2	8625	211408.438762758604	2
2	8633	211439.717070898108	3
2	8645	211537.842663265832	2
2	8650	211546.542905678744	1
2	8657	211905.390513818778	0
2	9055	221773.065692333742	1
2	9060	221866.560915045131	0
2	9066	221964.397445421903	1
2	9068	221966.95019531227	0
2	9241	226736.031415609633	1
2	9243	226897.313955458097	0
2	9453	232547.473465552288	1
2	9455	232677.878722354126	0
2	9972	245832.409060610934	1
2	9974	245877.941839603895	0
2	10614	262231.150760054252	1
2	10623	262493.441829560003	0
2	10704	264066.370673214942	1
2	10713	264319.439425227166	0
2	11222	275282.84612911812	1
2	11227	275401.460981227346	0
3	75	3118.152388969273	2303.0342310481
3	112	3965.83045774495	3223.665760411
3	143	4500.808321699501	2324.7396780085
3	178	5584.536693283261	2025.3698440176
3	190	5988.530828928819	2420.9642699081
3	331	10376.127556588461	2992.6810309441
3	339	10421.756244543088	2730.1936757979
3	388	12380.64590550813	2172.2630296927
3	425	13706.291374701641	2084.8842907883
3	559	17763.013913228576	1913.0492077768
3	570	18188.553117907221	3021.6441989411
3	611	18839.238282545188	2965.6330731232
3	637	19283.657103692642	2509.6017046693
3	867	24058.849858601965	2321.8736507168
3	989	26240.147275056264	3796.6651330608
3	1031	27047.516146271877	2421.2967078188
3	1062	27600.492717656181	3336.4629287868
3	1196	32023.145696595032	2508.7633034214
3	1281	33954.787410133383	3175.4078866448
3	1492	39357.243545388079	2230.4281241067
3	1582	41900.845160964795	3331.5539917722
3	1729	45199.87160972899	1552.6862955932
3	1860	48161.11970108867	2866.2588171925
3	1868	48250.288681881093	3059.1140189931
3	1887	48680.299469608219	3500.2758302
3	1909	49157.062138458306	3687.1714384307
3	2031	51528.079613321623	2544.0309298038
3	2061	52259.128306788059	3064.8296316527
3	2123	53267.771090281289	2271.5947019946
3	2327	57918.265663932838	2009.8517480772
3	2414	59551.209959278324	3253.7820572476
3	2422	59975.733766957117	3275.1398186828
3	2437	60200.272095834666	3618.8681947037
3	2484	61361.768486518931	2451.3241740461
3	2557	63469.218463145933	3427.9719347321
3	2565	63722.067689057299	2534.9187429249
3	2611	64657.975909156626	3108.7357192766
3	2615	64919.774155086252	2142.0566670969
3	2672	66232.456962301592	3167.6533954125
3	2729	67399.572187413458	3547.5858980231
3	2816	69105.319096194241	3602.1058401574
3	2863	70360.371983522332	2973.5245907865
3	2929	72786.259921469274	2566.5397504158
3	2944	73329.09463495639	2681.409219224
3	3014	74671.776551901086	2157.6990980934
3	3066	75976.579642623291	2519.7928219009
3	3154	78160.010643650651	3612.9323873385
3	3321	82422.758906906254	3621.5923228674
3	3355	83164.636605419575	3004.1068754531
3	3573	87688.631950518049	3084.2917573638
3	3661	88925.722076744391	2368.6641154884
3	3698	89410.921972385433	2576.4489736408
3	3754	90241.31251227719	1495.1369314541
3	3995	94160.568041433421	2333.2441007502
3	4009	94405.731386639152	4021.580404494
3	4120	96218.967842213771	2890.0841676508
3	4137	96480.084914680546	2716.9858067278
3	4507	105491.091393279381	2456.0427749902
3	4538	106400.830093619349	2915.4203572311
3	4615	108324.772322693849	2978.5928807035
3	4804	113076.411160184265	3133.5420470127
3	4828	113354.678362214693	2589.4770839283
3	4844	113778.244539941931	2381.8547098618
3	5032	117959.799943523068	2149.7618115507
3	5108	119537.024934714183	2086.7876136303
3	5181	120519.500045718349	2218.9733872108
3	5232	121566.738132934741	2862.303838942
3	5240	121959.187488484651	3382.9484159021
3	5375	125359.448744306432	2652.267550528
3	5397	125805.513162813898	3176.9187778328
3	5401	125916.016878509171	2915.7380355574
3	5454	127602.753478543077	2095.8973514009
3	5540	130068.953011212918	1884.8107438814
3	5603	131897.656146828317	2713.8521234505
3	5820	136358.959444900506	3227.7413481451
3	5912	137948.805632926055	3532.7453643653
3	5938	138299.521067450404	4078.8002689934
3	5950	138391.384424927811	3444.8114656256
3	6184	145568.002923480205	3544.0624328423
3	6279	147940.130864411776	2907.1742387116
3	6319	148928.836348279256	3021.3007533923
3	6335	149286.595480221898	2485.6067068689
3	6429	151626.832336000583	2252.3803347722
3	6571	156280.484508547082	2857.8523935657
3	6688	160915.807597232992	3103.4578353446
3	6883	166411.551797112626	2925.5731397029
3	7003	170602.630110886125	2526.6724091582
3	7135	173314.424639268655	2444.725571565
3	7283	176526.483476357811	3895.3258841978
3	7322	177652.222171085128	2639.6550830517
3	7418	182016.542459489627	2982.5994203612
3	7427	182274.488853068178	3436.4783835132
3	7635	187085.184474652684	2111.407574974
3	7639	187177.424286260081	2099.1888047475
3	7719	189165.833541548352	1958.8931268733
3	7796	191091.021649025539	1782.7206574101
3	7954	194703.314850285291	2209.1718610469
3	8006	195846.243878716496	2828.0875232443
3	8192	199638.368615891678	3683.1845731219
3	8220	200278.631230933446	2011.8569959514
3	8266	201491.288226790084	2727.1353507042
3	8346	204140.296579034673	2712.1083848365
3	8390	205973.738996203812	2699.318922339
3	8453	208003.735064802689	2250.3657701612
3	8493	208654.153766439524	2459.1283356026
3	8537	209625.383393687551	1797.4529923406
3	8587	210884.836465798438	2649.6990649123
3	9075	222119.688372172106	2563.2186119529
3	9087	222289.903326758806	3079.2028367653
3	9114	223039.001792371861	3800.9365900444
3	9226	226496.408759811416	2606.2066927738
3	9264	227343.241777599676	2803.6010421161
3	9438	232377.760904312277	1710.592742951
3	9500	233396.294553471899	2599.6621636301
3	9614	236086.012663202869	2224.005359849
3	9727	238514.601871543907	3326.580217893
3	9804	240471.013362907142	3293.3495665264
3	9816	240964.207048629329	4109.9961441649
3	9957	245347.775503364018	1892.1439618338
3	9999	246371.303395915413	3170.1624882873
3	10155	250707.758689057389	2312.899288265
3	10309	255224.240336793625	2292.6963650901
3	10313	255409.693783165364	1591.1933040898
3	10449	259241.338097237138	2808.5277857445
3	10479	259858.025386758194	2408.5803547315
3	10525	260810.413846087461	1616.7299742345
3	10643	262949.59439179449	2712.9070819723
3	10720	264333.504151713853	3852.2554513404
3	10724	264376.395707159237	2358.0485282912
3	10747	264932.693200149507	3147.0133678364
3	10778	265538.355367824361	2530.4497227495
3	10786	265683.136005979897	3270.5844523254
3	10826	266432.146970061477	2762.5455944985
3	10834	266642.423621660759	2726.548944125
3	11057	272165.816138659602	3027.3858964909
3	11251	275793.796086607389	2861.1346275817
3	11257	275939.120825331547	2101.9955404543
4	79	3245.777148000172	3076.8406382203
4	83	3274.435711513481	1587.6959434385
4	91	3326.454693499043	1966.7558376119
4	135	4438.170609139011	2317.6002722047
4	163	5138.27592752219	3239.0322072711
4	174	5382.525233065161	2827.6056044642
4	182	5640.658992226117	1805.264604399
4	205	7094.226136889797	3075.0179282483
4	265	8609.026918935179	3279.3108221982
4	288	9082.951366536279	3045.5878579617
4	292	9188.217693780628	2080.3266240656
4	300	9447.325991973931	2164.1831471957
4	327	10308.847879098046	1972.5507650245
4	343	10480.595367786126	3191.6582901869
4	347	10612.562478688795	3129.8326120969
4	369	11665.819811180816	3221.7178977648
4	381	12194.941712908646	3243.9694132749
4	429	13850.709445459072	2724.5298282243
4	459	14787.568301022919	2122.7622511983
4	466	14937.665858197062	2207.8282220196
4	470	15123.425740432603	2866.7778244335
4	481	15424.519105548473	2886.2046362646
4	531	17015.121230647814	2724.9909604713
4	535	17045.438055723015	2257.5746123213
4	593	18508.599573056674	3748.4306629188
4	600	18609.593307932307	2065.6017149784
4	619	18871.706306915259	2722.4121743166
4	645	19722.019455444615	3714.3184398022
4	676	20480.360649502648	1964.834996257
4	690	20865.82585213204	2808.2549319975
4	709	21287.750068697321	2783.7205408327
4	725	21781.298687464944	3033.5505504906
4	753	22317.472981538196	3313.9674593043
4	757	22324.782885486049	3041.8513427395
4	771	22529.384406450378	2824.0779822063
4	797	22719.942125405572	3343.4807291219
4	803	22904.719437431333	3012.9514950004
4	812	22967.500337173736	3139.0234030858
4	855	23809.814553090876	2990.2800978949
4	863	23896.466475302143	2273.839193648
4	881	24174.875090380586	3518.4060167518
4	897	24401.845162109646	1719.5900357141
4	906	24478.62477208412	3733.4286881374
4	912	24662.720556096894	2832.6171192461
4	973	25963.483894483573	3140.6905973169
4	977	26025.853917484678	2217.9866016403
4	993	26312.000525758988	3052.1359183046
4	1005	26442.826324929357	3077.5118504651
4	1009	26457.297384312161	2662.9604811128
4	1024	26981.132498241535	2834.6880401176
4	1054	27483.78941152016	2757.7978388548
4	1066	27668.135331723264	2540.6879552454
4	1070	27881.229261184829	2284.7922691237
4	1107	29300.790420281128	3342.9718122259
4	1111	29420.946656946844	2886.6969241295
4	1140	29972.193593732234	2990.8792487159
4	1144	29985.413039924842	1833.773730509
4	1162	30806.435952963282	3670.7778390404
4	1170	31188.715201522897	2993.7159478571
4	1211	32173.111355774615	3047.0835539326
4	1222	32670.721939340469	2859.4435147382
4	1253	33369.726714020718	3593.6296985205
4	1257	33431.884383778109	2801.5616037045
4	1277	33947.880296578022	2734.6409127396
4	1288	34145.286806496978	1561.2656254414
4	1298	34295.408588830857	1543.7478337158
4	1331	35567.221408401034	3568.7742921151
4	1335	35581.60560138801	3551.5174654964
4	1371	36467.856213447352	2406.942970315
4	1381	36851.83243527253	2693.4226406179
4	1396	37286.65899093523	3057.3233479355
4	1423	37586.521467029267	3192.8652616125
4	1438	38115.888450620234	3041.1280668061
4	1454	38249.306386804946	2872.1300563504
4	1458	38376.741869695828	2422.7678767685
4	1480	39103.693121631406	3470.5810669251
4	1500	39619.960414530832	3425.8747269865
4	1504	39759.568389437369	3360.3337489162
4	1524	40228.111788010568	3179.4937286957
4	1535	40425.071273396499	3774.399914687
4	1539	40611.361655645195	3390.3682895124
4	1553	41385.381462943948	3702.9538440757
4	1590	42292.215880249238	3433.2431467529
4	1619	43219.583515722421	2946.263964409
4	1653	43884.94813233942	2621.1629276164
4	1668	44025.20494487218	2724.6175875887
4	1676	44423.669413442737	2779.4509964995
4	1696	44733.496135726688	3034.9463082875
4	1710	44912.346698005518	3087.8077652492
4	1721	45103.456537375325	1714.0647927951
4	1742	45389.857837326942	2725.156895359
4	1760	45543.05083475711	3038.7271356705
4	1766	45768.856484560394	2977.5428889153
4	1793	46736.529402368966	2711.4452218171
4	1797	46792.915701254607	1960.0176040269
4	1832	47634.885770715474	2576.4091691561
4	1852	47964.425525059515	3144.7049062606
4	1913	49189.49542861391	2318.8414049831
4	1923	49278.913486016319	2354.6519675693
4	1927	49379.506897944657	4070.3868071314
4	1935	49792.505341404641	4273.6945849211
4	1962	50528.955574183989	4867.7677463371
4	1966	50534.16965774928	2269.4276822079
4	2027	51475.046444650998	2208.0449846573
4	2039	51706.384680538232	2790.846349597
4	2057	52181.353769957181	1387.4079256598
4	2081	52628.323535946204	1880.4650695715
4	2097	52845.698162515095	2256.2447839882
4	2101	52947.900801626041	2003.342658899
4	2115	53244.244859294878	2995.3624501918
4	2134	53890.91924627044	2162.8296402376
4	2153	54485.813009821817	3454.0364852527
4	2171	54960.969654845452	3981.7472423484
4	2198	55797.974094061838	3692.1812336426
4	2215	55960.096388471667	2691.5659806691
4	2219	56033.275933328811	2855.118233012
4	2238	56372.264982526977	2376.9294853695
4	2282	57175.989493279183	3933.8047618791
4	2286	57289.520184172396	2663.5599062126
4	2290	57322.322947043965	2745.877002636
4	2314	57804.242261121581	1959.9477640819
4	2335	58015.583641922542	2145.4108485114
4	2359	58818.307894658828	2867.5598151683
4	2390	59310.434003209525	3395.39972775
4	2395	59371.952056596918	4145.8396806568
4	2401	59462.168433512161	2989.5004040603
4	2433	60164.816816784959	1962.3560847715
4	2475	61272.407996144587	4417.6522869211
4	2480	61330.32089014971	2815.0933512021
4	2498	61630.285666319219	2219.5188598368
4	2505	61867.386470541799	3055.0753896512
4	2509	62042.20401908999	4431.6585984987
4	2603	64609.033503876859	2413.8366074891
4	2619	65001.37583019645	3577.063838616
4	2645	65406.007822183627	3713.3125510812
4	2668	65780.374565935223	3023.9984899666
4	2700	66907.885537794917	2398.2720426098
4	2722	67282.921420152297	2746.1113330717
4	2744	67692.220880740582	3382.5100776181
4	2760	68024.967564902861	3753.6358982977
4	2786	68655.47436877433	3055.0306069746
4	2797	68782.62024689944	3624.7432578779
4	2801	68794.343132151274	1512.8330832068
4	2809	68955.15611975733	3765.363738653
4	2824	69186.329774201998	2049.1273638513
4	2852	70049.406024308226	2434.9110571481
4	2874	70693.115358491204	2238.7017857842
4	2878	70747.400874784702	2608.1866627559
4	2882	70798.86274014906	2110.6141690817
4	2896	71372.325009788364	2413.5145677254
4	2988	74199.904937706143	3285.6597039755
4	2992	74296.752133971032	3164.3009084836
4	3018	74876.05495550411	3313.8446704578
4	3041	75478.142468456984	2168.5817207024
4	3070	76138.506823948459	2213.2027670987
4	3094	76539.408196547561	4144.0741217695
4	3103	76871.774457146287	2726.7987516495
4	3107	76886.044479177525	3054.548873445
4	3135	77830.799017148782	3794.196751602
4	3143	77902.227352244408	3745.4257749619
4	3172	78341.754408117013	3730.7856339526
4	3191	78910.618817859521	4477.3090029153
4	3206	79333.277010983546	4670.8534928721
4	3210	79404.019884199709	3871.0079630299
4	3214	79550.146468158071	3986.0400913246
4	3226	80048.52566495687	3512.7726842625
4	3244	80326.955885175699	2272.3775038496
4	3259	80604.50543537496	2406.7411289737
4	3268	80974.084714340059	2804.5263318904
4	3295	81713.374604516514	2595.4666496906
4	3359	83271.585275670697	2392.6727618929
4	3363	83281.24646459484	3005.0797828194
4	3394	83858.652079797856	2535.5066173431
4	3398	83910.353478235715	3540.7294552121
4	3411	84086.747156884705	3164.4405588087
4	3427	84477.408640590823	2889.9116255622
4	3442	84793.081140350517	2409.4205804262
4	3450	85084.866677340553	2649.4064535107
4	3454	85266.61726396922	3068.9497378003
4	3480	85924.874945003507	2801.8401971556
4	3488	86040.403979690944	3408.509267047
4	3495	86245.281910350732	3175.0276795132
4	3528	86981.777230672972	3512.9952108332
4	3546	87179.420476006543	3419.3024370336
4	3598	88231.027582744687	2534.7582479194
4	3612	88354.856871780732	1948.2381429244
4	3624	88521.137440419374	1502.5868778342
4	3687	89275.015737467009	3229.6520652808
4	3707	89505.030232687099	1962.974167475
4	3715	89575.867980156589	3896.499273146
4	3727	89831.308609569941	2741.2861739188
4	3731	89895.761744957967	2653.0491543619
4	3742	90080.962190954771	2462.0277707334
4	3746	90082.60789423858	2608.6380949582
4	3766	90433.344553210129	2193.4834860731
4	3774	90481.469250370433	2195.3279480059
4	3807	91282.093507597719	2787.9197936831
4	3811	91352.788921771828	2908.2320201123
4	3815	91410.684943639774	2308.615633836
4	3866	92187.390375394336	1912.2163430694
4	3877	92473.643767596063	3201.0540196672
4	3881	92518.640371883539	2516.2452911027
4	3926	93361.833082275427	2559.3329474328
4	3943	93455.440407268677	3122.7158483863
4	3947	93582.87467174602	1929.1288568071
4	3951	93639.455502011133	2825.8147758325
4	3985	94029.358284942781	3174.9074783682
4	4039	94700.070848163469	2320.729320959
4	4048	94874.525965858502	3080.8392372262
4	4059	95206.330913448681	3236.1772489012
4	4079	95458.482655394784	3877.1832583904
4	4087	95585.630236208691	2590.5288196948
4	4094	95812.544677421702	3184.7900389109
4	4106	96034.622800139685	2369.0097225129
4	4129	96416.650496755048	3250.1681562324
4	4141	96606.623685188553	1624.7320178425
4	4145	96617.788831399728	3671.8218954732
4	4156	96889.699546672657	3034.6846041124
4	4160	97026.399152431613	2930.5228818114
4	4200	98212.07545969251	2507.9359282739
4	4215	98398.976722445317	1581.9934959803
4	4219	98422.369513730361	4257.9483641301
4	4250	98978.188051302976	2817.7589461952
4	4259	99243.514598867051	2154.8457553424
4	4274	99639.509935407009	1728.6536303815
4	4305	100313.102958423338	1651.4117296413
4	4319	100478.474079681497	2803.8214695733
4	4330	100807.406366377251	2572.1489407215
4	4349	101298.000465061389	2603.1997888628
4	4353	101358.027569314503	3743.7342682388
4	4376	101753.405937020103	1345.5291105341
4	4384	101976.58857103183	2713.8794286959
4	4388	102024.817791625684	3503.2133697253
4	4411	102481.9736663327	3733.3683685027
4	4415	102737.960067862972	2412.6727996767
4	4426	103179.827828639108	2600.3057538159
4	4445	103508.930980892613	3676.9591720216
4	4452	103813.480962247313	2140.0624796469
4	4460	103905.866012206753	2866.0177076049
4	4496	105046.145226296947	2766.0895635746
4	4546	106569.661922101266	2804.8731279373
4	4571	107189.679812777021	2696.5187896275
4	4575	107205.838108367452	3189.5523013081
4	4587	107407.38922518857	3212.2809897177
4	4607	108178.044493735704	3709.7025616163
4	4611	108295.945626463736	2802.9487127904
4	4619	108341.461243123912	2782.8008802674
4	4634	108985.620563136478	3078.5610148776
4	4654	109487.48262581789	3273.9462195657
4	4690	110969.358864746832	2570.0309186149
4	4728	111898.866637246878	2573.8064977806
4	4760	112287.537262074403	1975.7242312231
4	4770	112483.935754358677	3100.4037716612
4	4782	112605.466547829785	3531.590783447
4	4791	112800.824329381717	2862.3753474871
4	4820	113273.445231799199	3796.1717609223
4	4855	113977.143371242551	2052.7673076466
4	4882	114530.741820731471	2407.7268826789
4	4886	114532.603770363014	2951.8055037875
4	4890	114649.805107540722	2203.2038294751
4	4912	114987.341380310695	3009.0388525743
4	4916	115079.826755196657	3063.2764604639
4	4939	115765.96020510913	2721.0492388874
4	4954	116022.608304663393	2118.3026653156
4	4965	116267.786581134323	3024.2007908039
4	4973	116448.309560872136	3572.2748223741
4	4977	116530.737428372493	1556.2814193405
4	4985	116791.295020848034	2812.7612726441
4	5010	117290.1866228103	2398.582001701
4	5067	118555.556253152818	1617.4959390331
4	5075	118709.685717952855	3177.1654740069
4	5093	119010.376823929078	2974.6914023347
4	5140	119859.987653366661	2526.8073984515
4	5159	120288.613767159476	3089.7858688328
4	5163	120304.028034446285	2456.9090197016
4	5170	120419.587291476972	3233.1672818307
4	5208	121094.139846853285	3639.157383917
4	5228	121504.003005420163	2473.83375681
4	5244	122038.291608841464	3930.5453506306
4	5251	122112.956824027754	2260.7942213584
4	5270	122601.615659335929	2089.9202304147
4	5280	122833.843937703488	2957.2132358886
4	5299	123088.982298704155	2761.6422223952
4	5313	123637.520309852053	2603.9375545084
4	5355	124857.175301122687	2318.9383882284
4	5363	125118.736948828567	3033.6260063108
4	5371	125287.762229066435	2327.0603681602
4	5420	126454.573444101383	3383.4906284407
4	5428	126707.899482827987	2850.4143624287
4	5435	126827.374004412003	2508.6947531998
4	5490	128743.094303484321	2756.9180045743
4	5494	128791.49647227447	3289.3517317437
4	5524	129631.580313274392	2892.6219113544
4	5532	129722.175787111933	2630.3479625378
4	5551	130355.472370415965	2523.61250991
4	5562	130449.694601711115	1976.44807918
4	5576	131090.582185554093	3371.0645387974
4	5625	132489.094794051478	3004.9801444542
4	5633	132590.479851750199	2183.886791328
4	5643	132851.662747894585	2029.7118573636
4	5666	133337.120984075999	3043.1721196231
4	5692	133965.637192012566	2495.1869518775
4	5696	134095.330112663793	3327.4060129467
4	5740	135035.054234425186	2688.5059640743
4	5751	135236.941998058165	2581.0670894757
4	5759	135298.486418406942	2997.0393232629
4	5792	135991.177113752047	2855.9785939463
4	5798	136134.249518150892	3291.3146825228
4	5816	136356.538371760826	3167.0358495776
4	5853	137151.419526478856	4060.7723740909
4	5891	137551.97467067337	3724.9981968508
4	5899	137739.650153899097	4386.9582963149
4	5904	137820.413733038286	4577.9163042848
4	5954	138410.416114693039	3356.3915718909
4	5973	138844.298566819335	3824.3591964632
4	5981	138964.487147210747	3379.832746656
4	5993	139327.413768898227	3285.7163352684
4	6001	139454.678836546073	3020.7016747227
4	6009	139484.577431893557	2445.7110968864
4	6013	139629.841520376035	2235.8210197168
4	6020	139768.469459374602	3055.0649538815
4	6032	140270.619969023973	2904.7192501555
4	6039	140384.561805340628	2521.5882361429
4	6043	140764.083901948304	2257.1441921219
4	6061	141480.134060696865	3588.7308821298
4	6087	142128.854629698955	2443.7169275433
4	6110	143428.340029579953	3151.7965518963
4	6114	143504.511520988841	2546.9301422685
4	6118	143610.48401896615	1985.5720517691
4	6154	144887.848654127082	3688.2689150423
4	6167	145304.224049819814	2346.5935076214
4	6221	146607.649708194179	2287.7849534713
4	6225	146682.25719754001	2593.8225475978
4	6236	146891.418623385915	3044.2765712366
4	6252	147324.161320710741	3432.9241838213
4	6271	147679.905514444843	2008.5193513613
4	6292	148311.668865767996	3012.652758766
4	6331	149236.909002075569	2900.3693488799
4	6342	149479.092791769891	1819.1932210978
4	6357	149873.63835170105	2309.2164142057
4	6395	150961.832500491171	3597.7686844021
4	6415	151393.886022202596	1784.1065906826
4	6423	151487.796123580651	3819.0033233406
4	6433	151711.557933177649	3308.0117404842
4	6458	152262.749585333485	1494.4265711959
4	6489	153228.897066267179	2362.3555657268
4	6493	153315.46120547988	1796.5293430879
4	6497	153361.551853998756	3006.9633499347
4	6504	153598.978942151372	2532.6424819546
4	6522	154176.175033414708	3673.9752907078
4	6526	154303.29810923079	3394.612608862
4	6557	156054.806955362839	2951.8829415925
4	6578	156533.104095927366	2779.8879958224
4	6582	156542.925951364086	2447.5679533929
4	6619	158309.888269460071	2157.7241305634
4	6623	158459.090452064171	2324.2362076789
4	6643	159125.222127745532	3327.2638821881
4	6651	159527.951886707595	3201.3117932808
4	6666	160293.191297698877	2743.7680686917
4	6677	160591.126616864128	3129.4568571355
4	6750	163040.530581563043	3327.3627678584
4	6754	163069.737248675476	2747.4807465356
4	6765	163377.710817886715	2559.440259235
4	6808	164154.364325412326	1255.0419092271
4	6824	164548.656734454656	3197.8929441422
4	6829	164550.771819514433	3038.9418117305
4	6837	164713.139810578911	3582.4951504357
4	6841	164750.869821299576	3288.9734925957
4	6845	165215.190339240456	2912.8154110463
4	6857	165384.542116106698	1880.5585364545
4	6872	165941.786348335491	2163.9956771303
4	6879	166210.470538683821	2832.7699519973
4	6909	167347.197990509254	3479.8766627535
4	6930	168321.898063011226	2739.2519199662
4	6934	168371.696322539037	2312.438852638
4	6957	168996.08238918323	2550.088954512
4	6980	169770.463121168874	2166.997565981
4	6984	169947.634465202042	2303.8978918735
4	7010	170658.911948763049	1814.7141824104
4	7017	170728.039781210375	3554.9829035997
4	7091	172724.199470669346	3250.8486383501
4	7100	172780.684058925945	2175.0435561687
4	7127	173258.590927386566	3295.4029259551
4	7131	173297.316117733994	1706.0678613838
4	7154	173674.579936077844	2445.1811959036
4	7158	173799.030036814787	2031.6560796059
4	7162	173931.444645718212	1960.2898603185
4	7174	174140.425162167144	2379.7470687423
4	7203	174924.528858464683	4197.090509003
4	7207	174925.485320049953	3284.7440564912
4	7231	175289.44629333182	2059.5598224364
4	7246	175648.778049369198	2978.6853777921
4	7287	176559.876591819836	2886.1236872803
4	7291	176814.704628786243	2127.290261155
4	7295	177075.348932337187	2370.9187445609
4	7307	177371.245439676844	3008.6870133494
4	7330	178374.259223328469	3529.0741591288
4	7338	178535.971119641024	3839.5948316529
4	7352	179390.795086530436	3848.5063827453
4	7362	179699.55191017829	2050.7129168417
4	7399	181535.518681271383	2019.8716129269
4	7431	182423.514926347913	3023.2484819647
4	7459	183337.042667890674	2333.2382508181
4	7510	184804.399362375613	3296.0878574476
4	7515	184836.619073669315	2948.6530592758
4	7519	184949.487570761905	2779.4322389737
4	7526	184995.623908732366	3498.6988617573
4	7550	185254.847842580528	2280.2293359018
4	7559	185481.660006308581	3237.7282896794
4	7578	185863.084310397277	2217.8100659698
4	7612	186557.514898647326	1912.5440766569
4	7631	187034.598170436296	2389.1836123075
4	7661	187585.775748048164	3815.0854251813
4	7673	187730.197868805213	1934.9425065145
4	7677	187757.402526354366	1556.0071422625
4	7681	188067.759973047487	2847.535238951
4	7685	188141.274848903341	3086.9300664961
4	7712	189112.049285058015	2449.9510911573
4	7723	189251.19228615267	3231.0310514644
4	7744	189656.943720313791	2350.2360424306
4	7815	191412.73468517607	1922.3777848016
4	7822	191700.233903229669	2421.39448056
4	7826	191819.205981571531	2695.7958009001
4	7834	192270.703537793914	3409.8100680113
4	7868	192982.662115447181	2365.6354517117
4	7875	193039.803389385156	2822.3160182219
4	7885	193274.321220222945	3482.1880545209
4	7926	194236.068044202045	2929.605035875
4	7941	194484.875373973401	3050.6075773481
4	7945	194533.650638266835	3552.3816918489
4	8030	196092.657931793042	3360.0433791708
4	8043	196282.566415621503	3047.6681087818
4	8056	196411.18174726564	3161.3046203367
4	8071	196726.808565893703	3412.4460623792
4	8086	196995.687184651875	3163.7315743867
4	8091	197024.419928315588	2724.9542438775
4	8099	197131.86302744837	2976.0417082116
4	8103	197180.633964840803	2390.2476079129
4	8115	197605.764209387385	4260.7459431171
4	8127	197687.821959528633	3878.276360718
4	8139	197960.356296889377	2878.190549201
4	8143	198257.15339695524	2497.0792732543
4	8150	198315.345730375979	2851.8720239984
4	8158	198552.06535778062	3057.9764522095
4	8172	198865.407467877052	3291.192722466
4	8216	200119.149274444427	3434.2380597163
4	8248	201077.767867019534	2037.1081439406
4	8255	201138.196950717902	2548.3777500037
4	8277	201905.394319698349	2080.2568326571
4	8288	202145.901094576071	3156.0249959864
4	8304	202664.66123519007	3171.0621465862
4	8326	203635.836369690263	2531.1951586325
4	8342	204110.809927197718	2522.3893473297
4	8357	204696.764588863674	2728.217482483
4	8383	205436.451671257466	2212.5276390463
4	8416	206580.350659576228	1781.6514064372
4	8427	206802.629165324903	2267.9893156048
4	8485	208508.576691973159	3074.3298686296
4	8509	209121.793105994405	2431.6416945588
4	8517	209225.505045072736	1987.3260379303
4	8526	209458.972406672635	3103.7048246339
4	8648	211537.842663265832	3160.8474234771
4	8653	211546.542905678744	2945.1442923335
4	8660	211905.390513818778	3513.9454434665
4	8664	211989.722669197018	3867.7576767001
4	8668	212123.520515261338	3593.5688195451
4	8676	212285.233587899948	4002.8587873103
4	8695	212434.858852615646	2220.3144381695
4	8713	212763.656059128935	2288.170660418
4	8717	212829.673804454572	1958.4745219177
4	8721	212850.005039367892	4411.6757708077
4	8740	213296.625998381297	3300.4188041694
4	8744	213477.839839187105	2558.2640448033
4	8760	213988.086338487199	4408.852587987
4	8771	214187.638493178183	3079.7760346704
4	8793	214794.937256975166	3742.8569500093
4	8809	215114.966740567914	3925.9375839807
4	8813	215159.919368997284	2767.7824636892
4	8821	215609.893326375405	4345.7375905792
4	8825	215668.015360290771	3931.3919603341
4	8829	215670.411336193775	2546.8145967275
4	8870	217577.943586295253	3235.9260709304
4	8877	217800.897319049552	3659.1818816867
4	8903	218316.645481899149	4112.4680794124
4	8932	219079.033655164756	2932.9928125441
4	8953	219432.190162281312	2295.8418346848
4	8959	219584.226927499141	1872.3950292729
4	8968	219668.070733536485	3125.5272190087
4	8984	220131.451764296868	2250.0311345793
4	9021	221056.73410462053	2798.3280322608
4	9040	221331.82862644247	2909.1061126627
4	9063	221866.560915045131	3145.4606831912
4	9071	221966.95019531227	2761.568950983
4	9083	222289.827298578464	3391.6303420532
4	9099	222347.910346381136	3235.346138306
4	9118	223215.520135827132	3311.2026361246
4	9122	223244.050311373621	2250.4630046804
4	9157	224569.951775294122	2742.7541641798
4	9161	224652.71788612477	3346.6826004535
4	9184	225179.006519298981	2231.2013496179
4	9222	226462.953573081171	2322.536163507
4	9246	226897.313955458097	2929.2206722219
4	9256	227043.426667103181	1465.5478236079
4	9260	227217.715371313932	3184.1310442518
4	9276	227708.567180963449	2584.0405595826
4	9293	228449.12175237624	2247.510798052
4	9323	229515.674395958754	1634.7288584523
4	9339	229864.463469887833	2956.5510043502
4	9356	230587.45962902578	3605.8020587359
4	9367	230739.187688110033	2420.7616457809
4	9378	230866.113485453451	2816.8240408693
4	9411	231963.00593106422	2376.8799224216
4	9458	232677.878722354126	3270.7404480781
4	9462	232687.417997878188	3187.0850617904
4	9473	232945.889805553825	1950.827826638
4	9484	233234.889426006349	3579.6083827503
4	9492	233320.995516583467	1728.9597664832
4	9496	233354.986431758207	3538.6072274627
4	9525	234095.911931806549	2185.866541788
4	9540	234596.78841484275	1888.0896211043
4	9582	235444.031072519832	2369.5712819695
4	9586	235449.060128101749	3472.7963680588
4	9598	235738.15126860538	2303.7942872755
4	9639	236830.69298483	1704.6998913679
4	9660	237034.434030912653	2961.9411976542
4	9668	237159.348197070016	2631.6631388012
4	9676	237415.77628925097	2405.1367669087
4	9711	238175.849955714226	3497.9842848983
4	9719	238325.069492402405	2763.9243085513
4	9731	238689.47342181562	3533.6900804965
4	9758	239220.550479636446	2734.3022906244
4	9762	239235.818541515455	3148.2556488168
4	9777	239621.273397604273	3895.5306440366
4	9796	240112.023924007424	4234.7482769373
4	9812	240554.934836542072	3357.9180532514
4	9824	241068.201046602845	1744.6655252762
4	9832	241244.180272414233	2196.9445447996
4	9867	242917.36009843007	3085.7721748855
4	9893	243815.558911037367	2552.6704379451
4	9900	243905.257227292544	1614.1141027026
4	9926	244503.714813197475	2713.9279546123
4	9950	245021.362472335851	3131.0420431662
4	9977	245877.941839603895	3235.0553702284
4	9988	246154.694932570342	2162.1256824955
4	9995	246353.4521995029	2453.7408333924
4	10006	246531.64475189727	2366.4541134496
4	10031	247788.504155387839	2628.2910242211
4	10093	249251.334791929951	1586.8792766962
4	10101	249454.161684072605	2998.770875847
4	10109	249691.680375159499	3787.6271105278
4	10113	249704.200623828476	3499.1739155073
4	10132	250106.550345459965	3371.8183709588
4	10167	250933.615755753842	2678.9356833044
4	10175	250972.080818776754	4064.8938642048
4	10182	251114.00137098327	2710.8043855056
4	10190	251303.360323839602	2840.0472685276
4	10202	251378.39615200485	2671.0367789881
4	10210	251667.528020339393	3113.0967990117
4	10214	251907.045524464186	1543.1630181056
4	10229	252853.994471518305	1862.2297708411
4	10236	253032.011398390305	3189.1787544172
4	10268	254189.999380668423	2010.251476597
4	10317	255501.736899308945	2201.571212858
4	10321	255530.255352053339	1897.9197940137
4	10341	256200.725631354552	2405.0175474957
4	10362	257041.090823491017	2437.6425411925
4	10380	257477.739787134955	2526.4367539622
4	10399	258074.181602190403	3709.3467410188
4	10422	258689.667250301566	1977.3213632684
4	10440	259053.969129807183	1736.1576793157
4	10470	259758.222513949952	3302.2582748439
4	10502	260369.198405156904	1970.4412596859
4	10543	261219.200739897466	3385.883871261
4	10566	261644.502915022559	2863.5929512605
4	10584	261889.188893492944	1928.4001974757
4	10599	262118.665509331586	3101.2084184401
4	10626	262493.441829560003	3295.7646343156
4	10630	262673.772399837902	3282.3727155459
4	10654	263071.356425620295	2693.9726849131
4	10663	263207.700176993063	3809.3241108598
4	10667	263438.169285883741	2980.9681747426
4	10716	264319.439425227166	2683.1855847314
4	10736	264773.227421977921	3087.9960930347
4	10770	265385.944249417065	2934.6020693089
4	10808	265995.596527490731	3634.4830556028
4	10822	266382.65343242615	2251.4759786334
4	10846	267088.890389320853	1754.6291377489
4	10850	267134.074568707222	2210.2660025842
4	10879	268120.322729725298	2142.9460722674
4	10887	268275.386073361799	2553.7730976753
4	10902	268674.725266549987	2319.3037729058
4	10930	269403.717880733192	3203.2139066141
4	10955	269882.137531656021	1569.3952914141
4	10968	270100.590408205907	1259.9787037633
4	10979	270539.405241355458	2517.9503685236
4	10985	270625.373911826087	3242.9570732452
4	11010	271104.432573652449	2180.9207806271
4	11014	271318.089010350544	3265.5909941811
4	11070	272416.208581643069	3386.5233485308
4	11089	272571.935416495565	3061.7851515905
4	11104	272976.342426173279	2654.8938726173
4	11113	273431.605341768446	3687.247396456
4	11129	273590.475608509172	2764.6192039383
4	11148	273911.842248745401	2921.2445313865
4	11167	274444.780680497998	3602.8247656969
4	11171	274480.725070274058	3447.8482157563
4	11179	274508.877581407315	3947.8266457837
4	11200	274914.615902610262	2788.3682417573
4	11230	275401.460981227346	3321.8480579005
4	11234	275418.769257620751	3438.2818749547
4	11240	275467.252661835955	2935.3004582781
4	11294	276930.961763520826	2155.3241382167

