version 2
run Iteration-15-20200521-09:51:41-70120
attr configname Iteration
attr datetime 20200521-09:51:41
attr experiment Iteration
attr inifile omnetpp.ini
attr iterationvars "$i=2, $j=3, $0=15-(2+3)"
attr iterationvarsf i=2,j=3,15-(2+3)-
attr measurement "$i=2, $j=3, $0=15-(2+3)"
attr network Network
attr processid 70120
attr repetition 0
attr replication #0
attr resultdir results
attr runnumber 15
attr seedset 15
itervar i 2
itervar j 3
param **.resourcePool.amount 2
param **.resourcePool1.amount 3
param **.resourcePool2.amount 15-(2+3)
param **.source.interArrivalTime exponential(6min)
param **.delay.delay uniform(4min,28min)
param **.delay1.delay uniform(10min,28min)
param **.delay2.delay uniform(4min,16min)
param **.allocate.resourceModuleName "\"Network.resourcePool\""
param **.allocate1.resourceModuleName "\"Network.resourcePool1\""
param **.allocate2.resourceModuleName "\"Network.resourcePool2\""
param **.deallocate.resourceModuleName "\"Network.resourcePool\""
param **.deallocate1.resourceModuleName "\"Network.resourcePool1\""
param **.deallocate2.resourceModuleName "\"Network.resourcePool2\""
param **.router.randomGateIndex "uniform(0, 1) > 0.2 ? 0 : 1"

vector 0 Network.allocate queueLength:vector ETV
attr interpolationmode sample-hold
attr title "queue length, vector"
vector 1 Network.allocate1 queueLength:vector ETV
attr interpolationmode sample-hold
attr title "queue length, vector"
vector 2 Network.allocate2 queueLength:vector ETV
attr interpolationmode sample-hold
attr title "queue length, vector"
vector 3 Network.sinkStat lifeTime:vector ETV
attr interpolationmode none
attr title "lifetime of arrived jobs, vector"
attr unit s
vector 4 Network.sink lifeTime:vector ETV
attr interpolationmode none
attr title "lifetime of arrived jobs, vector"
attr unit s
0	0	0	0
0	15	1466.501363822359	1
0	17	1582.47060274556	2
0	19	1684.669067927368	1
0	32	2522.939977729895	2
0	34	2653.651441548656	3
0	36	2687.869398549862	2
0	41	2723.772548042745	1
0	50	3088.776844360597	0
0	55	3111.822799194684	1
0	61	3323.627118669958	0
0	65	3362.811123517376	1
0	67	3375.570410371489	0
0	85	4085.615921269979	1
0	91	4356.89830073765	0
0	96	4526.217054582707	1
0	102	4570.848465698639	2
0	104	4733.578842512108	3
0	122	5033.170932859845	2
0	127	5399.028741785056	1
0	140	5712.388212845237	0
0	199	7982.269443381956	1
0	201	8127.396858517421	0
0	213	8729.389769463354	1
0	219	8871.436946839049	2
0	221	8923.104261203532	3
0	223	9110.734484982096	4
0	225	9122.84562425835	3
0	234	9292.920688759876	2
0	239	9477.564813589286	1
0	252	9778.800815008985	2
0	262	10016.665901593879	3
0	264	10067.891961818947	4
0	274	10565.593459998798	3
0	279	10588.498693216933	2
0	284	10617.078498357635	3
0	306	11470.73603380133	2
0	315	11726.458242890966	1
0	320	11939.454774898168	2
0	322	12088.139871216943	3
0	332	12653.071213896901	4
0	334	12695.76257589866	3
0	347	13299.606385996175	2
0	352	13322.875326309694	1
0	357	13385.751346778578	2
0	363	13703.607791025532	1
0	367	13853.823133163011	2
0	369	14074.325279390049	1
0	387	14605.207762454046	0
0	392	14724.000440266878	1
0	406	15063.840206136537	0
0	415	15349.109590229875	1
0	417	15373.146336364239	2
0	419	15413.815577647152	3
0	429	15714.20895889063	2
0	438	15755.448122808544	3
0	452	16582.481299621594	2
0	461	17276.044571992351	1
0	470	17679.531446675354	2
0	476	17693.44109034313	1
0	481	17737.313355834863	2
0	483	18009.676320572925	1
0	500	18747.776230125792	2
0	502	18777.003529776229	1
0	519	18915.53085245075	2
0	521	19069.187583608163	1
0	530	19145.236375389178	2
0	536	19522.830014050227	3
0	538	19599.155513254536	2
0	547	19892.310853410854	1
0	552	19942.045522730206	2
0	558	20290.25766484101	1
0	567	20444.667580296827	0
0	571	20533.592251764586	1
0	573	20613.326085376951	2
0	575	20704.555820893838	1
0	597	21291.163983849419	0
0	606	21582.56647981719	1
0	608	21784.001533119945	2
0	622	22133.870118362519	3
0	628	22263.504188876941	2
0	633	22417.340228279663	1
0	638	22462.871518046716	2
0	644	22704.065536816015	1
0	649	22747.417374837682	2
0	655	22957.089452963664	1
0	672	23284.045700664352	2
0	674	23284.439261076	3
0	676	23371.940739188685	2
0	684	23634.199830835296	1
0	693	23802.597143108873	2
0	695	23887.455238563198	3
0	702	23970.017246302559	2
0	719	24569.798505416169	3
0	721	24578.767006320866	4
0	723	24787.872682694688	3
0	732	24864.284583611025	2
0	740	24919.14158613065	3
0	747	25124.053404171405	4
0	749	25242.828851585819	3
0	761	25486.419941914126	4
0	772	25793.009701503052	3
0	776	25977.481794018641	2
0	798	26724.517881927623	1
0	811	27121.819219758345	0
0	820	27373.86487061918	1
0	822	27455.78480582346	0
0	831	27691.578743610101	1
0	837	27754.147051883436	2
0	847	28139.12834933175	1
0	856	28246.703286576801	2
0	858	28415.813760554029	1
0	875	28848.402297820684	2
0	877	29065.260763351217	1
0	886	29200.142164844468	2
0	896	29541.487942730619	1
0	901	29760.64022547976	2
0	903	29833.001144567464	3
0	909	29879.631870436343	4
0	911	29965.121256519452	3
0	924	30291.708081459238	2
0	929	30567.803721522524	1
0	938	31000.605075281456	0
0	942	31138.918439481963	1
0	953	31418.106792475237	2
0	963	31762.711765148058	3
0	965	31792.349585395589	4
0	975	32085.655945983127	3
0	980	32139.192326755925	4
0	982	32182.559393254652	3
0	999	32543.132626806929	2
0	1004	32630.44350361237	3
0	1006	32718.68315154786	4
0	1008	32762.148188414707	5
0	1010	32800.735947282359	6
0	1020	33062.041187250962	7
0	1026	33521.359327716365	6
0	1031	33597.947403487161	5
0	1044	34285.885807952413	6
0	1046	34303.419249870341	7
0	1048	34464.514636282221	6
0	1065	34806.043511751844	7
0	1071	34944.818289784327	6
0	1084	35561.442632322743	5
0	1097	35813.103310089902	4
0	1102	36247.252624789918	5
0	1104	36258.579928150013	4
0	1113	36415.121624933838	5
0	1115	36419.207512582906	6
0	1117	36470.686607195863	7
0	1119	36631.898423084658	8
0	1125	36698.055324107073	9
0	1131	36810.380319726066	8
0	1136	36888.246457289122	9
0	1138	36945.1015944874	10
0	1140	37176.989200755108	11
0	1154	37632.125003864057	12
0	1156	37694.269978083922	13
0	1158	37747.645780329005	12
0	1171	37805.550411322994	13
0	1173	37867.819483486548	12
0	1190	38724.75310749378	13
0	1192	38837.194007507219	14
0	1194	38856.035157513217	13
0	1203	39236.566664931908	12
0	1212	39551.357678439701	13
0	1214	39635.856589999656	14
0	1216	39801.939991009708	15
0	1218	40081.66397998257	14
0	1223	40151.599391844467	13
0	1231	40464.659573985707	14
0	1238	40636.623929908112	13
0	1242	40696.364477534191	12
0	1246	40764.536977189079	13
0	1257	40849.132879547524	14
0	1259	41200.74768682621	15
0	1270	41268.732686025628	16
0	1272	41543.771864012407	17
0	1274	41588.719125670925	16
0	1283	41835.250830806308	17
0	1289	41917.927860820502	18
0	1291	41984.098554846243	17
0	1295	42028.509969709375	18
0	1297	42222.738022492084	19
0	1308	42417.804316673148	20
0	1314	42872.790149693922	19
0	1323	42976.154573607282	20
0	1337	43181.07768319209	19
0	1342	43383.997493978021	20
0	1352	43640.070245081032	21
0	1354	43721.380967205357	22
0	1360	43745.581024323002	21
0	1369	43978.640100231008	20
0	1378	44008.529481623665	19
0	1387	44740.475462071672	20
0	1389	45060.892758724825	19
0	1393	45323.113291190945	20
0	1400	45505.311372612015	19
0	1413	45677.302874133442	20
0	1415	45787.743024098384	21
0	1417	45889.00427876188	20
0	1422	45894.839749956824	21
0	1432	46485.782652703659	20
0	1440	46602.973056650091	21
0	1447	46803.537914205699	22
0	1449	46897.915814515547	21
0	1458	47055.468971192751	22
0	1460	47148.235726017849	21
0	1473	47569.166165139891	22
0	1483	47988.326266777114	21
0	1488	48119.701721129553	20
0	1496	48158.104611446318	21
0	1498	48292.590605878818	22
0	1500	48305.406750921504	21
0	1509	48413.768241561691	22
0	1511	48447.451117207621	23
0	1530	49027.048405123899	24
0	1540	49359.115629985513	25
0	1542	49380.496782322765	26
0	1544	49481.501684893267	25
0	1549	49519.083682430522	24
0	1554	49582.584336379637	25
0	1568	50137.583795656995	24
0	1581	50637.012894895061	25
0	1587	51024.845806729393	24
0	1592	51095.411740039154	25
0	1598	51197.804996975864	26
0	1604	51425.463992391126	25
0	1609	51490.988535602293	26
0	1611	51660.452253726856	25
0	1624	51859.837265966576	26
0	1630	51982.817659919695	25
0	1635	52595.775370259182	24
0	1639	52691.366073503183	25
0	1641	52788.340788429217	24
0	1659	53024.626377214335	25
0	1661	53076.872388080386	26
0	1675	53255.152142295415	27
0	1677	53281.586932024482	28
0	1679	53307.499005411993	29
0	1681	53639.568259552425	30
0	1687	53710.724174921946	29
0	1692	53985.058016815876	30
0	1694	54119.439664554195	29
0	1707	54470.537780519919	28
0	1716	54803.624792491631	27
0	1720	55013.344643075363	26
0	1729	55161.638894895409	27
0	1756	55893.079291206197	26
0	1765	56026.212383826809	25
0	1770	56336.237697479239	26
0	1772	56578.095393089192	25
0	1785	56698.256214968043	26
0	1799	57391.719959076838	25
0	1804	57413.929568884509	24
0	1809	57671.529550828173	25
0	1815	57734.233985614376	24
0	1820	57995.233793874817	23
0	1832	58151.18219752141	24
0	1834	58165.714021158362	25
0	1836	58344.649879587387	26
0	1838	58349.041295495229	25
0	1842	58356.119545813428	26
0	1844	58476.750033331649	25
0	1862	58710.092317743364	26
0	1864	58718.749334436082	27
0	1871	59033.847475681799	26
0	1875	59047.093797420697	25
0	1883	59194.425394461042	26
0	1890	59322.818120387851	27
0	1900	59525.784886573987	26
0	1904	59595.176428204024	27
0	1911	59804.678745154637	26
0	1915	60128.390998972194	25
0	1932	60513.515524792648	26
0	1939	60948.250193965036	25
0	1947	60995.806142769943	26
0	1949	61014.225977247264	27
0	1951	61101.604532397985	28
0	1958	61370.661937241988	27
0	1962	61378.710012645437	28
0	1968	61561.616052161815	29
0	1974	61656.832879724	30
0	1990	61997.935951578912	31
0	1992	62055.960755329818	32
0	1998	62413.181628120677	31
0	2007	62461.622576337654	30
0	2020	62907.404400014957	31
0	2022	63021.912084606902	32
0	2028	63116.115171929435	31
0	2041	63824.721923131842	30
0	2054	64230.552495108851	31
0	2056	64300.776721743481	30
0	2065	64323.430158664925	31
0	2079	64774.723287915425	30
0	2084	64903.276558433841	31
0	2086	64988.523866717119	30
0	2095	65161.351152513489	31
0	2097	65265.440093551848	32
0	2103	65501.634168453355	33
0	2109	65555.962830499126	34
0	2115	65654.215927453386	35
0	2121	65795.488789862797	36
0	2127	66228.186651511771	37
0	2129	66231.651498807208	36
0	2134	66324.597503749389	37
0	2140	66351.78835142066	36
0	2145	66826.960804464592	37
0	2155	67429.343388562617	38
0	2157	67647.87145702316	37
0	2166	67951.429907145079	38
0	2168	67974.888384450574	37
0	2177	68220.232412185142	38
0	2179	68459.60582499778	39
0	2185	69155.517757047315	38
0	2198	69279.377053660886	37
0	2203	69403.917258192201	36
0	2208	69841.497944000514	37
0	2210	69861.868158426483	36
0	2231	70386.07000483952	37
0	2237	70652.135713716583	36
0	2246	70980.201673401507	37
0	2260	71190.269159932037	36
0	2265	71437.639254146208	37
0	2267	71538.931177148078	38
0	2277	71921.194230386759	39
0	2279	71989.956886127308	40
0	2281	72056.614031702149	41
0	2283	72174.72042206337	40
0	2288	72201.120369030074	41
0	2290	72240.688278061883	40
0	2299	72450.391308590195	41
0	2301	72512.463907551037	42
0	2303	72633.722510289722	43
0	2309	72838.351126854853	42
0	2318	73390.314395461579	41
0	2327	73506.754034185787	42
0	2329	73587.051947619738	43
0	2331	73781.091218290729	44
0	2341	74017.394270879762	43
0	2350	74319.337125068145	42
0	2355	74538.049374293884	41
0	2376	75026.368513276415	40
0	2381	75034.922090828549	41
0	2383	75082.985297644952	42
0	2385	75206.027804779257	43
0	2387	75224.356992057551	44
0	2393	75306.574229953425	43
0	2397	75319.277624335056	44
0	2412	75852.729933393734	43
0	2417	75865.50472991385	44
0	2423	75998.701027069589	43
0	2448	76698.575263446962	44
0	2450	77013.366336581844	43
0	2459	77286.789146309334	42
0	2464	77387.285404947003	41
0	2468	77425.642823279529	42
0	2479	77647.614676092168	41
0	2488	78137.102709187722	42
0	2494	78312.450690414508	43
0	2496	78353.117362071177	42
0	2500	78427.094717623039	43
0	2511	78676.55187493338	42
0	2524	78912.508264818768	43
0	2526	78937.234587556215	44
0	2532	79079.412716060867	45
0	2534	79199.448410455486	44
0	2539	79242.877549663069	45
0	2549	79606.426522264057	46
0	2559	80265.480719340581	45
0	2564	80395.951719577855	46
0	2566	80532.155452636757	47
0	2568	80605.097230073413	46
0	2585	81247.680383680004	45
0	2594	81744.095979039503	46
0	2596	81808.078209890749	47
0	2602	81878.743687492213	46
0	2611	81993.933706677935	47
0	2617	82054.927142282564	46
0	2622	82286.526598358953	47
0	2624	82380.135624183757	48
0	2626	82491.846943442003	49
0	2632	82681.73361148155	50
0	2634	82691.926175650558	49
0	2647	82881.791341554803	50
0	2653	82934.625926055818	51
0	2655	82995.121073272428	50
0	2660	83032.616106883901	51
0	2666	83625.991215018172	50
0	2679	84066.332967538735	49
0	2688	84468.101474862894	48
0	2697	84606.099429279291	49
0	2699	84657.988151872235	50
0	2705	84806.766097453971	49
0	2718	85305.382190790376	48
0	2731	85868.60412393078	49
0	2733	85882.24847683831	48
0	2754	86594.421339089898	49
0	2756	86612.953718640435	50
0	2770	86803.187481645843	49
0	2775	87100.530616437633	48
0	2784	87249.597442333004	47
0	2789	87446.52254186672	48
0	2795	87770.723672171274	49
0	2801	87983.724722435315	48
0	2806	88072.518508393666	47
0	2810	88102.426459029244	48
0	2825	88515.027831901743	49
0	2831	88588.338353112729	50
0	2833	88620.55518013186	51
0	2843	89170.235053441401	52
0	2845	89189.465757255991	51
0	2850	89449.761936918664	52
0	2856	89533.872381259105	51
0	2865	89858.104207797491	52
0	2867	89914.573081914685	51
0	2872	90022.396739289542	52
0	2874	90114.216401874477	53
0	2884	90524.494347681284	54
0	2886	90588.672770132859	53
0	2895	90774.320644406403	54
0	2901	90892.979419542032	55
0	2907	91218.818359664565	56
0	2909	91290.806473341189	55
0	2914	91496.964363550384	54
0	2923	91689.764806766875	55
0	2925	91696.945546958991	56
0	2939	92019.632748935638	57
0	2941	92051.432013035483	58
0	2947	92297.491079141934	57
0	2956	92697.072717693053	56
0	2961	92703.539972101879	57
0	2963	92742.704943679802	58
0	2965	92834.384942973554	59
0	2971	93042.841255014379	58
0	2980	93503.649984164971	59
0	2982	93549.623672441691	60
0	2984	93570.807933299774	61
0	3002	93919.331275820839	62
0	3004	94132.640226703487	61
0	3009	94162.72222301548	62
0	3015	94226.803460812355	63
0	3017	94257.921109354008	64
0	3019	94319.445310386421	65
0	3021	94455.632691522583	66
0	3023	94509.979701881845	65
0	3028	94557.228948209785	64
0	3045	95221.438951390204	65
0	3047	95228.640723331901	66
0	3053	95256.705148067676	65
0	3058	95339.120357040127	66
0	3068	95594.873183627032	65
0	3073	95635.858266471134	66
0	3079	95692.468540305271	67
0	3081	95787.192680893083	66
0	3086	95990.304145687476	67
0	3088	96107.134579146778	68
0	3098	96673.262005370461	67
0	3103	96782.065559198697	66
0	3112	96940.395031940543	65
0	3125	97198.03748898644	66
0	3127	97228.216945122634	67
0	3129	97265.165018612375	68
0	3131	97290.081221742173	67
0	3135	97491.364879383486	68
0	3146	97745.18482721387	69
0	3152	97924.951576154196	70
0	3154	98021.547963564833	69
0	3167	98331.225507319638	70
0	3173	98517.799297442277	69
0	3178	98575.758271102213	68
0	3183	98593.358479097982	69
0	3185	98622.229680036426	70
0	3199	99224.459965973622	71
0	3201	99261.902109492921	70
0	3210	99519.494702590872	71
0	3216	99634.909832389696	72
0	3218	99638.302359628703	73
0	3224	99949.61200049295	72
0	3233	100144.486740096803	73
0	3235	100189.466917435822	74
0	3245	100441.489727612058	75
0	3255	100697.525423538291	74
0	3260	100775.039461307975	75
0	3262	100796.771447530825	76
0	3268	100998.446635166048	77
0	3270	101114.223484584032	78
0	3272	101132.750549448271	77
0	3277	101279.40425213089	76
0	3286	101534.271350462341	75
0	3295	101877.192947087218	76
0	3305	102137.79865167105	77
0	3311	102272.315008599663	76
0	3316	102294.074926696689	77
0	3318	102294.644020428928	78
0	3320	102507.095760340136	79
0	3322	102516.032026094933	78
0	3331	102659.704894679176	79
0	3333	102725.607709488028	80
0	3343	102883.151667785251	79
0	3348	102976.89912260261	80
0	3358	103461.710337695086	79
0	3363	103633.121244107922	78
0	3367	103787.079393905276	79
0	3374	103954.031093221338	80
0	3388	104489.890024736644	81
0	3390	104554.870044250393	80
0	3403	104657.856431266152	81
0	3405	104793.853329067668	80
0	3410	104798.968267610078	81
0	3416	104884.483920519107	82
0	3418	104937.302523243094	83
0	3420	104943.987147910941	84
0	3422	104948.398425915866	85
0	3428	105024.758805711536	86
0	3430	105062.495551389684	87
0	3432	105322.372079479094	88
0	3434	105330.049043317214	89
0	3436	105360.938408983694	90
0	3438	105705.385963042816	89
0	3455	106125.891498361135	88
0	3460	106541.424287130674	87
0	3465	106593.180198581299	88
0	3475	106841.20146314519	89
0	3481	107137.512343296993	90
0	3487	107193.239019424771	91
0	3489	107448.945200066845	92
0	3499	107771.227371354008	91
0	3504	107801.677169562437	92
0	3510	108104.756690209349	91
0	3519	108239.084381949327	92
0	3521	108316.262946134734	93
0	3523	108703.551964920239	94
0	3529	109212.132436366109	95
0	3531	109228.939862173403	94
0	3536	109393.95633423849	93
0	3545	109597.400642837668	94
0	3555	109745.916323085865	93
0	3560	110044.865377714476	92
0	3564	110226.038399201265	93
0	3566	110263.520634770794	94
0	3568	110369.794289242829	93
0	3572	110488.766215153546	94
0	3574	110513.651681189975	93
0	3578	110521.358538148854	94
0	3590	110659.41990161721	95
0	3597	111055.673407509299	96
0	3603	111123.931121358078	97
0	3605	111138.68578164055	96
0	3609	111149.806148793966	97
0	3628	111574.494398984091	98
0	3630	111646.964158309375	99
0	3632	111664.261971485223	98
0	3637	111749.489608566241	99
0	3639	111831.959596110126	98
0	3656	112153.465318932472	99
0	3658	112190.933857854809	98
0	3679	112973.673336554433	99
0	3681	113008.843376135072	98
0	3690	113245.96911318263	97
0	3699	113381.274096049711	98
0	3701	113511.967143850136	99
0	3703	113656.74586675724	98
0	3707	113671.677888663622	99
0	3722	113998.120770883812	100
0	3724	114076.799424049994	99
0	3733	114213.313577324813	100
0	3739	114385.042250986659	101
0	3741	114474.788936582943	100
0	3746	114480.316469963994	99
0	3758	114999.417507109741	100
0	3760	115036.035146493571	101
0	3762	115042.278523864343	102
0	3764	115191.335309888134	103
0	3766	115206.283134330418	102
0	3780	115407.653894019571	103
0	3790	115579.64539582263	104
0	3792	115638.124250938333	105
0	3794	115946.588794162115	104
0	3799	116057.546731565502	103
0	3820	116484.738713979333	104
0	3822	116635.468748739339	105
0	3824	116680.532849092391	104
0	3829	116715.111918488539	105
0	3831	116902.719469331007	106
0	3833	116977.871878380866	107
0	3843	117016.720324812075	106
0	3856	117358.879752589008	105
0	3873	117743.516417185904	106
0	3879	118119.880590235433	105
0	3884	118200.673501264659	104
0	3901	118391.357437433641	105
0	3903	118586.818511221913	104
0	3908	118622.100183637035	105
0	3910	118691.936455917932	106
0	3912	118836.460286431119	107
0	3914	118884.238581452807	108
0	3924	119276.299915445587	107
0	3929	119378.561182692364	108
0	3931	119447.727667274569	109
0	3941	119782.273577224818	108
0	3958	120257.660842632493	107
0	3963	120287.396769706515	106
0	3968	120333.879670864793	107
0	3982	120609.091718939535	108
0	3984	120692.78857780322	109
0	3990	120989.205369362901	110
0	3992	121070.27222914392	111
0	4002	121354.106434286738	112
0	4004	121474.317024222741	113
0	4006	121485.087053897466	114
0	4016	121763.69662668219	113
0	4021	121783.380342704794	112
0	4026	122170.303810792981	113
0	4028	122260.369007064522	114
0	4030	122628.057078045217	113
0	4035	122872.60373164489	114
0	4049	123338.989441936454	113
0	4054	123355.798358748797	114
0	4056	123560.228643525747	113
0	4061	123588.182298803546	114
0	4071	124459.992076307695	115
0	4073	124622.576059299957	116
0	4075	124667.52560498341	115
0	4088	124835.547050245955	116
0	4090	125067.070349334488	117
0	4096	125093.833059590665	116
0	4109	125575.845157077154	115
0	4126	126422.862733003107	114
0	4131	126800.979685863608	115
0	4137	126885.136759785553	114
0	4142	126916.337607787715	115
0	4144	127137.676997095085	116
0	4154	127274.301791640296	117
0	4156	127314.361157600192	116
0	4161	127343.223363275397	117
0	4163	127458.472287273671	118
0	4165	127592.244902086993	117
0	4170	127593.177922801499	118
0	4176	127649.566379484145	117
0	4184	128042.0883012019	116
0	4193	128426.020006046901	117
0	4200	128573.838836194638	118
0	4210	128869.647853184847	117
0	4223	129304.554903555463	118
0	4233	129717.338367199143	117
0	4250	130140.017076997034	118
0	4256	130446.122254986672	117
0	4261	130887.371246550588	116
0	4266	131106.460764650817	117
0	4268	131127.194880616574	118
0	4274	131227.696224918207	117
0	4279	131269.882793971792	118
0	4281	131900.468260009249	119
0	4287	131931.795135449656	120
0	4293	132044.771505888907	119
0	4302	132185.62138972952	118
0	4331	133141.579146791605	117
0	4336	133505.779288637681	118
0	4338	133519.977802668554	119
0	4344	133653.733391049606	120
0	4346	133660.199555513998	119
0	4351	133854.250203646827	120
0	4357	133910.661911431748	121
0	4359	134086.102662111086	122
0	4361	134088.972635452384	123
0	4363	134172.335441342659	124
0	4365	134263.260005469435	125
0	4367	134484.177189913003	124
0	4376	134536.294793320621	125
0	4378	134600.104975156936	126
0	4380	134725.379418019561	125
0	4393	135085.975277443766	126
0	4395	135185.015401867143	127
0	4397	135297.44649598523	126
0	4410	135688.007096384076	125
0	4423	136109.684540178982	124
0	4428	136176.388332670412	125
0	4430	136466.137795971668	126
0	4440	136796.935198885938	125
0	4449	136933.263270774379	126
0	4451	136984.257528182474	125
0	4456	137171.468498875323	126
0	4458	137268.979365669879	127
0	4464	137413.184573008644	128
0	4466	137455.190047134069	127
0	4471	137471.390008275947	126
0	4475	137487.063010842845	127
0	4477	137575.028606550207	128
0	4483	137632.68930618696	129
0	4498	138124.817703742083	130
0	4500	138175.062924638047	131
0	4506	138327.705828304529	132
0	4508	138356.283511278769	131
0	4517	138470.132772892767	132
0	4523	138797.07400585977	133
0	4525	138812.562126327661	132
0	4538	139192.171301129325	133
0	4540	139486.22968815375	134
0	4542	139647.732999605676	133
0	4547	139708.568948988226	132
0	4555	139885.285318752925	133
0	4570	140115.512525533875	132
0	4575	140134.838994775322	131
0	4588	140744.461830725511	130
0	4601	140957.168753706646	131
0	4611	141215.144794029595	132
0	4613	141245.234085708481	133
0	4615	141309.983090884394	134
0	4621	141393.143570960655	135
0	4623	141466.320007402805	134
0	4640	141896.003204362295	135
0	4642	141964.143102844966	136
0	4644	142111.314802389324	137
0	4646	142199.414745491353	136
0	4651	142214.573865152331	137
0	4653	142278.928849232932	136
0	4670	142595.551822357568	137
0	4672	142916.944033488285	138
0	4674	143178.575164513971	139
0	4684	143479.23935956916	138
0	4693	143834.465130513152	137
0	4698	143906.085260332564	138
0	4704	144003.106093515066	137
0	4713	144084.222034556942	138
0	4715	144317.869994282244	139
0	4721	144544.957253021677	140
0	4723	144939.324214686911	141
0	4725	145040.104840194425	140
0	4734	145057.619802108059	141
0	4740	145126.044971008209	140
0	4745	145391.278307755367	141
0	4751	145404.973202746715	142
0	4753	145451.051542828699	143
0	4755	145539.231023791721	144
0	4773	146366.469669883689	143
0	4778	146398.369816203026	142
0	4787	146582.041091778134	143
0	4793	146941.404868025688	142
0	4798	147048.662647865632	143
0	4804	147280.365291102147	144
0	4806	147377.843154390892	143
0	4811	147468.171152244317	144
0	4813	147682.184413891641	143
0	4830	148185.945777261793	144
0	4832	148257.930370057595	145
0	4846	148699.577131105205	144
0	4859	148769.740015449129	145
0	4861	149009.412891337542	146
0	4867	149257.797556031851	145
0	4872	149359.1943313755	144
0	4877	149490.266338103124	145
0	4879	149582.490073767459	146
0	4881	149662.228117754301	145
0	4885	149996.668667918079	146
0	4887	150055.001671563779	147
0	4894	150608.159952827894	148
0	4896	150655.528673427953	149
0	4898	150657.886729517167	150
0	4904	150789.703237932531	149
0	4909	150833.320754041513	148
0	4926	151166.702935360274	149
0	4932	151281.843490634177	150
0	4938	151530.925010723611	149
0	4951	152020.953769314366	150
0	4953	152121.793465559122	151
0	4959	152223.683355917772	150
0	4964	152333.373699780909	149
0	4968	152389.907707315335	150
0	4975	152763.286393947232	151
0	4985	153074.009097653869	152
0	4991	153224.795340725466	153
0	4993	153232.740182610665	154
0	4995	153378.070012876331	155
0	4997	153506.75583447924	154
0	5010	153645.788157155355	153
0	5019	154257.143573719172	154
0	5025	154471.617933409179	155
0	5027	154575.652450617758	154
0	5032	154794.483749029776	153
0	5049	155235.340029461612	154
0	5051	155376.593824964254	155
0	5057	155659.136825708291	154
0	5070	156078.274081606773	153
0	5075	156378.153908696381	152
0	5084	156629.766566029802	153
0	5086	156821.38851039305	154
0	5088	157003.932073099157	153
0	5105	157346.009066860983	154
0	5107	157500.98834226056	153
0	5112	157578.277558395448	154
0	5114	157601.231914788757	155
0	5116	157615.92857952824	154
0	5129	157951.842433343397	155
0	5135	158240.390442749926	156
0	5145	158641.791163293263	155
0	5150	158720.95179412177	154
0	5175	159521.515236144504	153
0	5180	159531.901567737975	154
0	5186	159687.546855234158	155
0	5188	159689.869893121965	156
0	5198	160280.354585744753	157
0	5200	160348.027221333591	156
0	5205	160454.825170358262	155
0	5214	160951.918775451051	156
0	5224	161144.270289409769	157
0	5230	161295.132545918124	158
0	5232	161344.867087409893	159
0	5238	161503.656425887662	160
0	5244	161641.767955159936	161
0	5246	161669.827252474038	160
0	5251	161764.589920436583	159
0	5256	161806.293937368485	160
0	5258	161971.950290423242	159
0	5267	162266.034342008252	160
0	5277	162726.968712023818	161
0	5279	162936.491753125202	162
0	5285	163226.022878905378	161
0	5290	163321.327294629423	160
0	5307	163463.047475315801	161
0	5309	163559.77578649139	162
0	5311	163708.090752918629	161
0	5316	163763.02126352674	162
0	5322	164094.304991600681	163
0	5328	164234.144523946188	162
0	5333	164272.287982515237	163
0	5347	164739.416439836845	164
0	5349	164845.229410227744	163
0	5358	165252.25275801643	162
0	5375	166003.234058782724	163
0	5377	166047.725051885091	162
0	5382	166112.036703069707	163
0	5392	166353.570604842512	162
0	5401	166833.452227955304	161
0	5406	166971.924477786612	162
0	5412	167102.742554275744	163
0	5414	167407.358646054177	162
0	5419	167637.495156278212	163
0	5433	168004.466392194472	162
0	5442	168142.35085682299	163
0	5444	168304.471625606164	164
0	5446	168477.26603383212	165
0	5448	168489.73663759056	166
0	5450	168495.029462311773	165
0	5459	168680.796820308433	166
0	5469	169095.279882162275	167
0	5471	169155.169733087005	168
0	5473	169196.498942232461	169
0	5479	169309.896393861758	170
0	5481	169442.679254991554	169
0	5486	169450.485515767161	170
0	5492	169654.991598238372	171
0	5494	169796.851818334668	170
0	5503	169888.546613564554	171
0	5509	170226.847160078985	172
0	5511	170316.532757164999	173
0	5513	170770.581838979791	174
0	5515	170836.778676767259	173
0	5520	170858.169892413162	172
0	5529	171147.741039263694	173
0	5531	171302.599307710958	174
0	5537	171496.406235980744	175
0	5539	171692.600594086336	176
0	5541	171732.891924363677	177
0	5547	171922.729303923268	178
0	5549	172141.970696334153	177
0	5562	172438.901955356442	176
0	5575	172877.392794845246	175
0	5580	173090.22800996153	176
0	5582	173098.157401437419	177
0	5588	173384.638178592168	176
0	5597	173675.389945415574	177
0	5599	173699.047983806938	176
0	5607	173954.172341039046	177
0	5609	173991.95839705094	176
0	5623	174345.647204663962	175
0	5627	174369.39754116734	176
0	5638	174543.075478695524	177
0	5640	174565.076276307563	178
0	5650	174799.809370502542	179
0	5652	174843.56945402202	180
0	5654	174848.933066373312	179
0	5659	174958.870147025379	180
0	5669	175353.218836810618	181
0	5679	175453.738011205682	182
0	5685	175509.391521994382	181
0	5690	175810.643382721957	182
0	5692	175812.002853124319	183
0	5694	175942.305157949769	182
0	5703	175981.949898710384	183
0	5705	176165.568565238625	182
0	5718	176773.190704085083	183
0	5720	176834.520745223009	182
0	5725	176890.014473179834	183
0	5731	177030.651827177714	184
0	5741	177406.516464630973	185
0	5747	177534.77222094666	186
0	5749	177589.505619878383	187
0	5751	177618.319182951361	186
0	5756	177626.077583762705	187
0	5762	178057.462998015427	186
0	5767	178274.646025892705	185
0	5771	178346.341356276982	186
0	5786	178729.485599041915	187
0	5788	178731.225029697263	186
0	5793	178819.723884981484	185
0	5797	178859.890009925167	186
0	5799	178869.233203001561	187
0	5801	178895.020885961416	188
0	5812	179203.850435381735	189
0	5818	179460.130588294897	190
0	5820	179565.618526953652	191
0	5834	179887.446302800286	192
0	5836	179900.692222223784	193
0	5838	180162.670672726385	194
0	5840	180342.95394322052	193
0	5845	180416.44225161186	192
0	5858	180596.195832771802	191
0	5863	180677.572118513129	192
0	5869	180719.017800178239	193
0	5871	181036.728984568609	194
0	5881	181220.804439869499	195
0	5883	181476.137185614915	194
0	5892	181776.485799645627	193
0	5896	181805.387161007185	194
0	5898	181839.523179309491	195
0	5917	182596.091435087467	194
0	5930	182885.14105945489	193
0	5935	182893.780492002094	194
0	5937	183319.994243845555	195
0	5943	183478.422214446212	194
0	5948	183675.233974267157	193
0	5956	184032.542678304596	194
0	5963	184411.806215509247	195
0	5965	184444.529021871484	196
0	5967	184465.969257532754	197
0	5973	184604.747722008851	198
0	5979	184771.975120190891	197
0	5988	185097.95900823697	196
0	5993	185142.43332269656	197
0	5995	185151.793084506619	198
0	6001	185467.389937779254	199
0	6003	185490.726876603095	200
0	6013	185670.275625605063	201
0	6019	185960.23877350762	200
0	6024	185995.841706801566	199
0	6029	185998.564697990811	200
0	6031	186327.440470591423	201
0	6045	186435.762883831969	202
0	6047	186572.844245647436	203
0	6049	187111.850435195113	202
0	6054	187186.271111067745	201
0	6062	187504.554415644337	202
0	6077	187838.01223747087	203
0	6087	188183.950205763687	204
0	6097	188351.282197159144	203
0	6102	188392.28696365137	204
0	6104	188526.077631806577	203
0	6109	188959.616006646666	202
0	6114	189057.84695254209	203
0	6120	189189.484928962728	204
0	6122	189261.263656675753	205
0	6128	189424.210645404074	204
0	6137	189641.138063801075	203
0	6142	189771.259849102562	204
0	6144	189956.223618688634	205
0	6150	190017.47951995396	206
0	6152	190053.317645269515	207
0	6158	190111.983211297903	206
0	6162	190199.457556877385	207
0	6173	190570.07978019624	208
0	6175	190642.719852273906	207
0	6192	191410.287880707893	206
0	6197	191459.867799161254	207
0	6203	191705.241271650041	206
0	6212	191846.834996626877	207
0	6218	192014.996726689899	208
0	6224	192225.559219602856	207
0	6233	192655.29071204163	208
0	6235	192735.103473399195	207
0	6239	192834.642661414641	208
0	6241	192891.407555745515	209
0	6252	193082.543406743608	210
0	6262	193353.909898838523	211
0	6264	193365.706269649411	210
0	6273	193840.104580358629	211
0	6279	193961.796050850663	210
0	6284	194026.90995196029	209
0	6293	194233.100203335801	210
0	6307	194921.217897657751	211
0	6309	194927.916389141593	210
0	6314	195000.042668228591	209
0	6319	195041.785023936025	210
0	6325	195127.253144812703	211
0	6335	195467.579729165259	212
0	6341	195857.718328342731	213
0	6347	196333.007709268842	212
0	6356	196515.952173901344	211
0	6361	196580.959795428303	212
0	6367	196978.737553499408	213
0	6381	197555.011464578955	214
0	6383	197615.700782273326	213
0	6388	197624.012166297092	214
0	6390	197788.498447520281	213
0	6395	197793.071824806611	214
0	6397	197924.446428427017	215
0	6403	198234.31007309034	214
0	6412	198556.755539361749	213
0	6417	198572.692047822774	214
0	6431	198892.526809220756	213
0	6436	198997.921687192128	214
0	6438	199205.46159378286	215
0	6440	199306.741549741838	214
0	6461	199825.250502475046	215
0	6463	199832.061434810799	216
0	6465	199962.046460734552	217
0	6467	200097.618450132487	218
0	6473	200192.414511066291	217
0	6486	200437.992014383365	218
0	6492	200523.823624653185	219
0	6494	200544.200138954068	218
0	6499	200793.094353486213	217
0	6508	200830.131653605105	218
0	6510	201086.889090430484	219
0	6512	201232.810246826695	220
0	6522	201540.754114405153	221
0	6528	201721.424451146213	222
0	6530	201785.343590487155	221
0	6535	201856.48841856196	220
0	6540	201886.891120720304	221
0	6542	201944.869163822696	222
0	6544	201992.070770418386	223
0	6554	202497.654696313287	222
0	6559	202602.156134276174	223
0	6565	202758.375141326587	224
0	6579	203197.931712974223	223
0	6584	203268.946144613924	224
0	6594	203620.678475444759	223
0	6599	203638.620898347708	222
0	6604	203880.170341004599	223
0	6606	203959.724967569723	224
0	6608	203993.202748646854	225
0	6614	204212.952149358007	224
0	6618	204348.77544941368	225
0	6633	204618.121125793126	226
0	6639	204701.777139996732	225
0	6648	205072.950260002526	224
0	6661	205302.840498743201	223
0	6670	205924.574130095277	224
0	6680	206391.759458167101	223
0	6685	206497.6756659489	222
0	6694	206714.854220358277	221
0	6715	207799.660733152541	220
0	6720	207866.301776116336	219
0	6733	207983.33472026033	220
0	6739	208372.56643415839	221
0	6741	208442.432166396139	222
0	6747	208545.111109932507	221
0	6752	208550.969025303038	220
0	6756	208626.416288750058	221
0	6758	208646.618766264886	222
0	6760	208735.768738608136	223
0	6771	209007.637651545549	222
0	6784	209480.618217793847	221
0	6789	209585.267831670342	222
0	6791	209602.971332218858	221
0	6799	209781.372014905718	222
0	6805	209916.470928968796	223
0	6816	210255.619577971841	222
0	6829	210631.808533391699	223
0	6847	211264.968575980874	222
0	6856	211838.124571350957	221
0	6865	212003.719695255283	222
0	6867	212324.232626935763	223
0	6869	212408.489399772497	222
0	6874	212410.420309362556	221
0	6887	212831.864331673878	222
0	6893	213226.477838433378	223
0	6911	213665.855291370662	222
0	6924	214041.910987218465	221
0	6929	214466.691690577069	222
0	6935	214883.611757413285	223
0	6941	215246.999771465159	224
0	6943	215281.881038082387	223
0	6952	215338.316548984857	222
0	6957	215474.312996067709	223
0	6959	215904.065617595883	224
0	6965	216016.908528367777	225
0	6967	216030.01880589536	224
0	6972	216077.71554316729	225
0	6978	216466.705052095203	226
0	6980	216488.557093647864	225
0	6993	216821.268921406307	226
0	6999	217089.74586438051	225
0	7012	217365.998063709801	226
0	7014	217391.189871115234	225
0	7023	217832.640752469218	226
0	7025	217858.935944190807	227
0	7031	218011.676802038295	228
0	7037	218351.245581639898	229
0	7039	218575.427779604683	230
0	7041	218661.30501800904	231
0	7043	218675.590659408394	232
0	7045	218731.892502006502	231
0	7058	219026.954026093331	230
0	7063	219056.49623552143	231
0	7065	219611.734022755535	230
0	7082	219999.870575198225	231
0	7084	220077.469021623579	230
0	7097	220629.255678299548	231
0	7099	220639.843953122941	230
0	7112	220768.186594511342	231
0	7118	220858.545771573098	230
0	7123	220918.842625721381	231
0	7125	221043.6656612607	232
0	7127	221203.253714327128	231
0	7136	221290.280241949109	230
0	7145	221501.807151440351	231
0	7147	221584.415527699994	232
0	7149	221693.196840941489	233
0	7151	221838.58876473865	232
0	7155	221868.618553774383	233
0	7161	221973.539472627523	234
0	7163	222107.717751696833	235
0	7170	222206.100549308208	234
0	7183	222515.583981679246	235
0	7193	222928.526750775001	236
0	7199	223122.490833459047	235
0	7204	223138.72811071238	234
0	7217	223566.333344453693	235
0	7227	223967.30624431893	234
0	7232	224160.284404937536	233
0	7241	224531.208231110484	232
0	7254	224914.095524546117	231
0	7263	225329.636637145854	232
0	7265	225378.139941935984	231
0	7278	225796.227540762217	232
0	7296	226273.648404520186	233
0	7298	226296.809608318379	234
0	7300	226451.120631802379	235
0	7310	226583.421634208769	234
0	7315	226596.432589444371	235
0	7321	226888.055253272501	234
0	7326	227200.035514973522	235
0	7336	227631.556863163346	236
0	7338	227787.471063224063	237
0	7340	227847.841096144528	236
0	7349	228261.227857304362	235
0	7358	228485.127637010426	234
0	7367	228917.554642233395	235
0	7377	229256.366665285439	234
0	7386	229490.423937236515	233
0	7395	229713.81155925952	234
0	7401	229894.493473386488	235
0	7411	230324.226722923664	234
0	7416	230337.581461037147	235
0	7418	230379.662003662796	234
0	7423	230406.460462535389	235
0	7425	230555.808916268786	236
0	7427	230580.787849899786	237
0	7433	230874.36941364471	238
0	7435	230946.30765345491	239
0	7437	231082.71820620446	240
0	7451	231617.286018451301	239
0	7464	231925.848329622657	238
0	7469	231936.069302131588	239
0	7475	232347.151529158133	240
0	7477	232468.802984912307	239
0	7486	232910.149271931858	238
0	7491	232999.121604395656	237
0	7500	233387.095846968776	238
0	7518	234069.771219414086	237
0	7535	234282.571818401663	236
0	7540	234450.986007869996	237
0	7542	234454.528929966624	238
0	7544	234580.703512352318	237
0	7553	234916.822349623701	238
0	7559	235526.415625495462	237
0	7576	235975.531333532543	236
0	7581	236119.456719456483	237
0	7591	236400.350457962474	238
0	7593	236462.591209337398	239
0	7599	236789.775195404694	240
0	7601	237198.254066129772	239
0	7614	237461.369360458465	238
0	7623	237829.121335168926	237
0	7628	237900.110120530064	238
0	7630	238116.5153831693	239
0	7632	238365.650766810028	238
0	7636	238461.263615336628	237
0	7640	238531.437121058889	238
0	7642	238650.512960610537	237
0	7651	238885.454346981258	236
0	7660	239073.158938205531	237
0	7662	239198.007099699587	236
0	7666	239410.412807390539	237
0	7673	239508.245403935759	236
0	7689	239823.523368794829	235
0	7703	240187.696396407098	234
0	7707	240189.087660828954	235
0	7709	240346.885586146785	236
0	7711	240367.070117926169	237
0	7722	240875.396762685363	238
0	7724	240937.541188096254	237
0	7732	240978.885464417459	238
0	7744	241094.219232166293	239
0	7750	241528.472672101468	238
0	7762	241958.521918823569	237
0	7766	242307.403194162813	238
0	7773	242356.931486410647	237
0	7791	243147.646490592867	236
0	7808	243553.374180664867	235
0	7817	243726.933510337382	234
0	7835	244299.421677988597	235
0	7845	244520.492246476114	236
0	7855	245005.102002007514	235
0	7864	245361.086406704396	234
0	7869	245386.633877018978	235
0	7879	245530.367066433572	236
0	7885	245826.01101178837	237
0	7891	246032.179987762606	238
0	7901	246087.630857577208	239
0	7903	246395.959382710606	238
0	7912	246424.472441856176	237
0	7921	246945.353673084194	238
0	7923	246952.676917764919	239
0	7925	247072.458180200933	240
0	7927	247216.990404870719	239
0	7932	247250.424701666087	238
0	7941	247560.805337124631	239
0	7959	248831.616151068718	238
0	7964	248863.038257343322	237
0	7977	249074.441605532294	238
0	7979	249313.594428926333	239
0	7981	249396.156331951322	240
0	7987	249575.950744544715	239
0	7996	249875.605874586444	240
0	8006	250214.58169165662	239
0	8015	250664.327882487685	238
0	8020	250695.688039063071	239
0	8022	250881.248843131215	238
0	8031	251005.530565928376	239
0	8045	251369.497020017714	238
0	8050	251558.820006904752	237
0	8055	251605.862716946661	238
0	8061	252101.491897295151	239
0	8067	252187.618558873982	238
0	8076	252332.082182901945	239
0	8086	252426.758316359515	240
0	8088	252484.905798080502	241
0	8094	252584.070290845246	240
0	8099	252714.252845708088	241
0	8101	252795.629383122177	240
0	8106	252927.91073444894	239
0	8119	253182.654865231723	238
0	8140	253465.261496126274	239
0	8146	253595.512606455612	240
0	8148	253676.168474477805	241
0	8150	253729.275355545433	240
0	8155	253762.185915067668	241
0	8157	253905.196297042247	242
0	8159	253908.275057595581	241
0	8180	255016.771299635621	240
0	8185	255150.472783300765	241
0	8187	255165.867407095045	240
0	8196	255435.143900547534	239
0	8209	255680.434278497207	240
0	8211	255734.495742229374	239
0	8228	256293.64399271235	238
0	8245	256850.451496649891	237
0	8254	256862.394889195302	238
0	8256	256910.806918421357	239
0	8266	257455.917750728877	238
0	8271	257515.298411386932	239
0	8277	257959.60076401562	240
0	8287	258338.180361573011	239
0	8292	258581.929436606916	238
0	8301	258779.609470283213	239
0	8311	259037.64254196334	240
0	8317	259123.704074044319	241
0	8319	259242.779089931056	242
0	8321	259297.782008109244	241
0	8326	259340.194383670003	240
0	8331	259551.737296401889	241
0	8345	259907.492187461784	242
0	8347	259978.849884133574	243
0	8349	259983.370922336386	244
0	8351	260013.460331294253	245
0	8357	260088.794869197992	246
0	8359	260187.343773440034	247
0	8369	260677.554661330194	246
0	8378	260839.974136886258	247
0	8384	260954.19289345071	246
0	8389	261148.151429087651	247
0	8391	261338.078280944736	246
0	8396	261341.8874353323	247
0	8398	261589.623269621642	246
0	8402	261694.822663190414	247
0	8404	261795.503097333763	248
0	8411	261907.06259477547	247
0	8420	262223.594511692974	246
0	8428	262560.287685339901	245
0	8432	262563.933330031819	246
0	8452	262953.538174090538	245
0	8457	263412.220383134099	244
0	8473	263869.294685443494	243
0	8477	263969.175571722523	244
0	8489	264257.37197503111	243
0	8502	264547.308307421956	242
0	8514	265053.686911574882	243
0	8516	265136.599620095786	244
0	8523	265351.652645310288	245
0	8529	265580.401550230089	246
0	8531	265781.680768887899	247
0	8533	265787.214962408283	248
0	8535	265846.31959188393	247
0	8540	265860.438659173999	246
0	8553	265913.892024148005	247
0	8567	266685.011353539763	248
0	8573	266792.654893744714	249
0	8575	266829.649130237851	248
0	8580	267025.385242952421	249
0	8590	267330.307702269765	248
0	8611	268351.183656189951	247
0	8616	268397.367985417697	246
0	8621	268484.505905002826	247
0	8627	268764.382032785925	246
0	8632	268862.201283184586	247
0	8638	268909.292267055912	248
0	8640	269248.430335529332	249
0	8642	269478.975634385261	248
0	8646	269666.027492957813	249
0	8653	269845.402560179684	248
0	8670	270050.944470126543	247
0	8675	270089.558257653269	248
0	8685	270806.727911677573	247
0	8694	271294.480990340564	246
0	8711	271559.768236064381	247
0	8713	271879.373290530314	248
0	8715	271936.765989308808	247
0	8728	272085.526028572611	248
0	8734	272231.08542449436	247
0	8739	272242.105437141512	248
0	8745	272367.480888862828	249
0	8755	272796.037807647501	248
0	8768	272926.563764383648	247
0	8773	273161.419262621914	246
0	8782	273668.131778061942	247
0	8784	273759.030732541938	248
0	8786	273766.523284545705	249
0	8796	273884.893645245332	250
0	8802	274138.356155227613	251
0	8812	274267.103518878105	252
0	8818	274495.884018872296	251
0	8823	274524.542563890228	252
0	8825	274540.517536801556	253
0	8827	274588.970283066486	252
0	8832	274629.331101398201	253
0	8834	274935.45113596729	252
0	8843	274962.356279132492	253
0	8845	275092.551278119539	252
0	8849	275493.786585090314	251
0	8858	275839.916216913974	250
0	8862	275963.515877596069	251
0	8869	276066.448574469907	252
0	8876	276219.1025749196	253
0	8878	276356.373108063256	252
0	8882	276357.766990400885	253
0	8896	276990.231185277556	252
0	8900	277039.450653081901	253
1	0	0	0
1	63	3323.627118669958	1
1	69	3375.570410371489	2
1	71	3516.946962850831	1
1	76	3974.055442840524	0
1	241	9477.564813589286	1
1	247	9620.203688336877	0
1	365	13703.607791025532	1
1	371	14074.325279390049	2
1	373	14178.10158103366	1
1	378	14234.155857592431	0
1	408	15063.840206136537	1
1	410	15081.552082054658	0
1	485	18009.676320572925	1
1	487	18127.834301876245	0
1	569	20444.667580296827	1
1	577	20704.555820893838	2
1	583	21107.035225700929	1
1	588	21111.962674694478	0
1	657	22957.089452963664	1
1	663	23109.96448724678	0
1	678	23371.940739188685	1
1	686	23634.199830835296	2
1	688	23650.711698342457	1
1	697	23961.838250454857	0
1	704	23970.017246302559	1
1	710	24268.750159844367	0
1	734	24864.284583611025	1
1	742	24956.435365822508	0
1	751	25242.828851585819	1
1	763	25505.956059621258	0
1	774	25793.009701503052	1
1	778	25977.481794018641	2
1	780	26125.535740010783	1
1	785	26268.709077850326	0
1	813	27121.819219758345	1
1	815	27260.469816277146	0
1	824	27455.78480582346	1
1	826	27471.896761112258	0
1	931	30567.803721522524	1
1	933	30963.666747875123	0
1	940	31000.605075281456	1
1	948	31261.775482261165	0
1	1033	33597.947403487161	1
1	1035	33651.033276423424	0
1	1106	36258.579928150013	1
1	1108	36353.020979577288	0
1	1225	40151.599391844467	1
1	1233	40505.544377412991	0
1	1240	40636.623929908112	1
1	1244	40696.364477534191	2
1	1248	40804.344451764211	1
1	1261	41208.58153937532	0
1	1276	41588.719125670925	1
1	1278	41632.654671376915	0
1	1293	41984.098554846243	1
1	1299	42300.176722464696	0
1	1391	45060.892758724825	1
1	1395	45336.17196718824	0
1	1402	45505.311372612015	1
1	1404	45505.859107106538	0
1	1434	46485.782652703659	1
1	1442	46738.124429868878	0
1	1451	46897.915814515547	1
1	1453	47010.739116511853	0
1	1462	47148.235726017849	1
1	1464	47288.419835317494	0
1	1490	48119.701721129553	1
1	1502	48305.406750921504	2
1	1504	48359.144903669478	1
1	1521	48856.113652294845	0
1	1637	52595.775370259182	1
1	1643	52788.340788429217	2
1	1649	52852.993846853809	1
1	1654	52903.897266095849	0
1	1696	54119.439664554195	1
1	1698	54273.469468468414	0
1	1718	54803.624792491631	1
1	1722	55013.344643075363	2
1	1724	55144.222186926366	1
1	1731	55228.991875240193	0
1	1774	56578.095393089192	1
1	1776	56583.239483266683	0
1	1822	57995.233793874817	1
1	1840	58349.041295495229	2
1	1846	58476.750033331649	3
1	1852	58595.848992398353	2
1	1857	58689.422091745185	1
1	1866	58889.802902742835	0
1	1873	59033.847475681799	1
1	1877	59047.093797420697	2
1	1885	59261.918711733417	1
1	1902	59525.784886573987	2
1	1906	59795.427764213058	1
1	1913	59804.678745154637	2
1	1917	60128.390998972194	3
1	1923	60265.417642660054	2
1	1934	60779.889338376345	1
1	1941	60948.250193965036	2
1	1953	61163.150285069245	1
1	1960	61370.661937241988	2
1	1976	61762.270066106307	1
1	1981	61853.042645786302	0
1	2030	63116.115171929435	1
1	2032	63223.331948384987	0
1	2043	63824.721923131842	1
1	2045	63847.339694883288	0
1	2088	64988.523866717119	1
1	2090	65001.280613030852	0
1	2212	69861.868158426483	1
1	2222	70266.670917436828	0
1	2357	74538.049374293884	1
1	2359	74721.357586501514	0
1	2395	75306.574229953425	1
1	2403	75602.386408002662	0
1	2466	77387.285404947003	1
1	2470	77479.328461071825	0
1	2481	77647.614676092168	1
1	2483	77983.015152096364	0
1	2498	78353.117362071177	1
1	2506	78591.348941634956	0
1	2513	78676.55187493338	1
1	2515	78758.225946469581	0
1	2668	83625.991215018172	1
1	2670	83672.90726921669	0
1	2681	84066.332967538735	1
1	2683	84097.890734603977	0
1	2690	84468.101474862894	1
1	2692	84521.845983552164	0
1	2707	84806.766097453971	1
1	2713	85043.912823965389	0
1	2720	85305.382190790376	1
1	2722	85309.246361922822	0
1	2808	88072.518508393666	1
1	2812	88196.791505372501	0
1	3133	97290.081221742173	1
1	3137	97537.469812637546	0
1	3203	99261.902109492921	1
1	3205	99429.134949228146	0
1	3288	101534.271350462341	1
1	3290	101694.058745211342	0
1	3365	103633.121244107922	1
1	3369	103949.830378951856	0
1	3562	110044.865377714476	1
1	3570	110369.794289242829	2
1	3576	110513.651681189975	3
1	3580	110604.648618881012	2
1	3585	110658.444782310715	1
1	3592	110695.52372886016	0
1	3607	111138.68578164055	1
1	3615	111332.071345198517	0
1	3641	111831.959596110126	1
1	3651	112120.330774985607	0
1	3660	112190.933857854809	1
1	3666	112583.425942623605	0
1	3705	113656.74586675724	1
1	3709	113758.257020797199	0
1	3748	114480.316469963994	1
1	3768	115206.283134330418	2
1	3770	115240.202609628057	1
1	3775	115304.910450774795	0
1	3801	116057.546731565502	1
1	3811	116470.657448770097	0
1	4178	127649.566379484145	1
1	4186	128042.0883012019	2
1	4188	128305.097016060343	1
1	4195	128532.32906781285	0
1	4473	137471.390008275947	1
1	4489	137747.83841425701	0
1	4527	138812.562126327661	1
1	4529	138968.39691891483	0
1	4549	139708.568948988226	1
1	4561	139937.94278764314	0
1	4577	140134.838994775322	1
1	4583	140659.389917833349	0
1	4590	140744.461830725511	1
1	4592	140825.116626016413	0
1	4815	147682.184413891641	1
1	4821	147755.696793604998	0
1	4883	149662.228117754301	1
1	4889	150350.825103895357	0
1	4911	150833.320754041513	1
1	4917	151003.335542270532	0
1	4966	152333.373699780909	1
1	4970	152590.258252920201	0
1	5034	154794.483749029776	1
1	5036	155129.15009483358	0
1	5077	156378.153908696381	1
1	5079	156597.156155683455	0
1	5090	157003.932073099157	1
1	5096	157141.874777885509	0
1	5118	157615.92857952824	1
1	5120	157775.679714583215	0
1	5152	158720.95179412177	1
1	5154	158773.687161734682	0
1	5522	170858.169892413162	1
1	5524	170956.43995702415	0
1	5601	173699.047983806938	1
1	5611	173991.95839705094	2
1	5613	174005.958192843565	1
1	5618	174339.478306827687	0
1	5625	174345.647204663962	1
1	5633	174516.293237797536	0
1	5707	176165.568565238625	1
1	5709	176452.981377906719	0
1	5769	178274.646025892705	1
1	5773	178424.2747626841	0
1	5795	178819.723884981484	1
1	5803	178978.095504009717	0
1	5894	181776.485799645627	1
1	5900	181933.789958428951	0
1	5950	183675.233974267157	1
1	5958	184116.770441477741	0
1	6056	187186.271111067745	1
1	6064	187580.111137462403	0
1	6160	190111.983211297903	1
1	6164	190357.646388911072	0
1	6205	191705.241271650041	1
1	6207	191803.656978953252	0
1	6237	192735.103473399195	1
1	6243	192905.525867432717	0
1	6286	194026.90995196029	1
1	6288	194191.723925733561	0
1	6442	199306.741549741838	1
1	6448	199402.280942799146	0
1	6616	204212.952149358007	1
1	6620	204350.68540631942	0
1	6687	206497.6756659489	1
1	6689	206690.976794097933	0
1	6696	206714.854220358277	1
1	6698	206954.814450546721	0
1	6722	207866.301776116336	1
1	6728	207963.509578110272	0
1	6754	208550.969025303038	1
1	6766	208911.404269790637	0
1	6773	209007.637651545549	1
1	6775	209389.869579925756	0
1	6793	209602.971332218858	1
1	6811	210149.495654750238	0
1	6818	210255.619577971841	1
1	6820	210256.225759919356	0
1	6876	212410.420309362556	1
1	6878	212500.391286878275	0
1	7153	221838.58876473865	1
1	7165	222128.216940454764	0
1	7172	222206.100549308208	1
1	7174	222321.576992428289	0
1	7206	223138.72811071238	1
1	7208	223409.767734987287	0
1	7234	224160.284404937536	1
1	7236	224234.634646961091	0
1	7243	224531.208231110484	1
1	7249	224736.363780397547	0
1	7256	224914.095524546117	1
1	7258	225248.542311630769	0
1	7267	225378.139941935984	1
1	7269	225379.860428815333	0
1	7493	232999.121604395656	1
1	7495	233089.970574282468	0
1	7634	238365.650766810028	1
1	7638	238461.263615336628	2
1	7644	238650.512960610537	3
1	7646	238853.579811762644	2
1	7653	238885.454346981258	3
1	7655	239072.357663015263	2
1	7664	239198.007099699587	3
1	7668	239468.879454267768	2
1	7675	239508.245403935759	3
1	7691	239823.523368794829	4
1	7693	239948.186693211643	3
1	7698	240025.928282194199	2
1	7705	240187.696396407098	3
1	7717	240865.055632816253	2
1	7726	240937.541188096254	3
1	7734	240986.908007070048	2
1	7739	241056.988630179675	1
1	7752	241528.472672101468	2
1	7764	241958.521918823569	3
1	7768	242307.996863817422	2
1	7775	242356.931486410647	3
1	7777	242374.969251846521	2
1	7782	242597.553237822266	1
1	7793	243147.646490592867	2
1	7799	243296.741517969964	1
1	7810	243553.374180664867	2
1	7812	243693.277583123743	1
1	7819	243726.933510337382	2
1	7825	243941.2763520997	1
1	7830	243973.179631770016	0
1	7934	247250.424701666087	1
1	7936	247515.303969952837	0
1	8024	250881.248843131215	1
1	8026	250976.238680446148	0
1	8108	252927.91073444894	1
1	8114	253078.677331443504	0
1	8121	253182.654865231723	1
1	8123	253301.189985243962	0
1	8161	253908.275057595581	1
1	8167	254262.329978222386	0
1	8189	255165.867407095045	1
1	8191	255310.519776736947	0
1	8198	255435.143900547534	1
1	8204	255643.453754593046	0
1	8213	255734.495742229374	1
1	8215	255946.665539491551	0
1	8230	256293.64399271235	1
1	8232	256704.271024150403	0
1	8400	261589.623269621642	1
1	8406	261798.305394054952	0
1	8413	261907.06259477547	1
1	8415	262005.247321358309	0
1	8422	262223.594511692974	1
1	8430	262560.287685339901	2
1	8438	262793.967102571952	1
1	8443	262900.901722792895	0
1	8459	263412.220383134099	1
1	8475	263869.294685443494	2
1	8479	264119.880710268752	1
1	8484	264202.244519685958	0
1	8491	264257.37197503111	1
1	8493	264429.708941403407	0
1	8504	264547.308307421956	1
1	8518	265278.03833957911	0
1	8542	265860.438659173999	1
1	8544	265864.73746386506	0
1	8644	269478.975634385261	1
1	8648	269709.277059339347	0
1	8655	269845.402560179684	1
1	8657	269977.436690345767	0
1	8687	270806.727911677573	1
1	8689	271172.621353553969	0
1	8696	271294.480990340564	1
1	8698	271322.992312252882	0
1	8847	275092.551278119539	1
1	8851	275493.786585090314	2
1	8853	275783.609034592649	1
1	8860	275839.916216913974	2
1	8864	276037.84017420969	1
1	8871	276141.464396763225	0
1	8880	276356.373108063256	1
1	8898	276990.231185277556	2
1	8902	277114.885717375567	1
2	0	0	0
3	48	2771.879963346489	1487.0311993361
3	59	3248.464941767105	2568.3281594608
3	100	4539.624950435519	3234.6533614956
3	112	4814.207190436043	3231.7365876905
3	134	5415.18396926365	2892.2439915338
3	138	5634.319699763053	2980.6682582144
3	147	5787.041800549761	2675.2190013551
3	167	6719.390400455065	3356.5792769377
3	171	6772.510383908213	2686.8944626382
3	179	7056.162528109468	2529.9454735268
3	197	7973.875617092983	3240.2967745809
3	217	8805.867079871437	4235.0186141728
3	245	9513.763181381723	2428.7898552697
3	256	9881.198139271108	2518.4347507451
3	288	10659.465528723194	1930.0757592598
3	292	10742.585295975549	2760.3158525936
3	296	10865.564960242789	2563.3884401433
3	313	11625.679099928929	2754.2421530899
3	361	13555.640674821643	4444.9061898395
3	396	14780.364869769273	4712.4729079503
3	400	14910.99129022692	4894.325388633
3	404	14961.258504554971	4344.1800061973
3	427	15480.239748113198	3392.0998768963
3	436	15728.258886264247	3788.8041113661
3	450	16317.889295244931	3664.818081348
3	459	16683.910917627035	3298.1595708485
3	474	17687.379238956018	3833.556105793
3	509	18861.565276125056	4137.5648358582
3	517	18903.096433790741	3553.9868435609
3	565	20320.628181259689	2641.0967345843
3	581	20958.37865828198	5544.5630806348
3	604	21357.838215954944	2212.6018405658
3	612	21928.288277668489	3180.5120475427
3	616	21999.766410185366	4262.4530543505
3	653	22860.866415883957	2918.8208931538
3	670	23258.398443578153	3735.5684295279
3	682	23563.542293618976	2950.216208242
3	708	24032.254191186621	3498.661939422
3	730	24818.616050329401	3236.0495705122
3	738	24895.724652438967	2761.8545340764
3	755	25289.429627225145	3505.4280941052
3	759	25340.236857371747	2877.365339325
3	770	25768.770222907497	3021.3528480698
3	796	26700.876302082434	3416.4370410064
3	809	26996.953300271525	3712.9075996072
3	835	27712.320190888241	3142.5216854721
3	841	27962.426826121628	4159.8296830128
3	869	28581.641690411017	3662.5001042804
3	873	28678.352143523826	4099.585137203
3	890	29209.989059368491	4085.9356551971
3	907	29850.23620391412	2158.657460304
3	946	31155.879441021353	3782.0145704022
3	973	32064.022376361845	2303.3821508821
3	993	32435.359004415915	4188.6557178391
3	1014	32877.198179617136	3677.0560147727
3	1055	34487.058155100405	3068.9513626252
3	1059	34636.580702752218	4756.9488323159
3	1078	35033.67275089173	3894.7543114098
3	1091	35579.096315569788	3816.3845504217
3	1095	35750.006707521499	3610.8143807656
3	1129	36781.839251668736	4989.4896662731
3	1144	37273.516650639086	4554.8334990912
3	1169	37802.035270404414	5171.591766792
3	1180	38209.929366108374	5409.193418826
3	1184	38215.732702754051	5453.5845143393
3	1229	40257.420961439223	7195.3797741883
3	1255	40838.859508462594	6535.4402585923
3	1268	41233.119907753155	6427.0763960013
3	1287	41891.924193000033	5476.8025680662
3	1306	42383.162487583579	6135.9098627937
3	1331	42995.544939955309	6576.3374273724
3	1367	43838.425989143164	6950.179531854
3	1385	44498.743777346209	7553.6421828588
3	1426	45939.886530853422	8762.8973300983
3	1430	46077.264166759671	8445.1391628956
3	1471	47532.598819440575	9727.0484081176
3	1494	48146.172350450964	9308.9783429437
3	1515	48662.068422903853	9110.7107444642
3	1519	48722.567177290441	9086.7105872908
3	1534	49139.606809733779	8375.0698325447
3	1558	49680.558635831223	9878.6186448215
3	1562	49748.433058775576	9283.7734847899
3	1602	51400.303714039149	10131.571028014
3	1618	51742.175552716093	9906.9247219098
3	1622	51843.577582781749	10642.829895956
3	1669	53240.493696822198	11211.983727113
3	1714	54586.216924415515	12363.478901923
3	1738	55311.341046939018	12335.186473332
3	1754	55827.322074316056	12443.324580338
3	1763	56012.838565266104	11272.363103194
3	1783	56585.81571532561	12864.43474812
3	1826	58014.71901930085	12337.416145167
3	1830	58020.223151637585	12232.480127539
3	1850	58565.526372503103	11962.553315853
3	1881	59113.725015666681	12058.256044474
3	1894	59325.488336339208	12521.950422134
3	1898	59394.48114641604	13499.641396459
3	1921	60181.385548632936	12612.219383493
3	1930	60427.716318542483	12269.611707096
3	1945	60969.604535132262	12677.013929253
3	1966	61498.065007651569	13084.29676609
3	1972	61586.484763227749	13139.03364602
3	1996	62226.771249851558	12846.274467529
3	2014	62599.455508293199	13240.339878308
3	2018	62758.820057340311	13731.771652216
3	2026	63092.652770273002	13510.068433893
3	2069	64546.433738965155	13348.628741989
3	2073	64568.475010838706	13473.0632708
3	2077	64599.764194652783	13108.77565905
3	2107	65552.432228039564	12861.066154536
3	2113	65617.759841858954	13757.922575892
3	2149	67277.455455243201	14252.829078029
3	2164	67747.948922535019	14492.79678024
3	2183	68886.788141677503	15605.201209653
3	2216	69896.641542177262	16589.142536765
3	2220	70056.630426083107	16417.062166531
3	2235	70558.85625112464	15397.217356229
3	2250	70999.226903786497	17014.168886971
3	2258	71004.325887753044	14668.088190274
3	2275	71809.542542562237	14138.012991734
3	2297	72406.406477607401	15708.150262639
3	2325	73504.45762248372	15353.275424962
3	2339	73972.55013991295	15806.836118755
3	2366	74726.69229806063	16382.042418473
3	2370	74751.087600571649	16040.995282828
3	2391	75237.57403068838	16881.454484875
3	2438	76376.629293892881	17182.203899432
3	2457	77052.794720196711	16056.988577427
3	2477	77570.797497287007	16556.57152004
3	2492	78241.59454214049	17728.079017348
3	2575	80656.907355269766	19000.074475546
3	2592	81475.954955421737	18568.550555407
3	2630	82623.604057749349	19601.691973142
3	2641	82715.587203438941	18392.157044774
3	2651	82893.010102060041	18662.457606951
3	2664	83624.356080187834	18721.079521754
3	2677	84024.256198044482	18862.905045531
3	2703	84746.421686249202	19480.981592697
3	2711	84890.80041133461	19334.837580835
3	2740	85908.246446868021	20406.612278415
3	2748	86223.57147354295	19995.384822031
3	2752	86337.622620944282	20683.406693491
3	2768	86752.775842739618	20428.17833899
3	2782	87140.597369374323	21345.108579512
3	2793	87641.335878420238	20814.375073956
3	2819	88225.172131854657	20273.74222471
3	2829	88573.172289306647	20352.939877122
3	2837	88824.901429877033	21395.558041314
3	2854	89510.470141611611	21050.864316614
3	2878	90308.207324646762	20466.709380646
3	2899	90812.104340415797	19831.902667014
3	2921	91526.163186600049	21140.093181761
3	2929	91708.758072747267	20169.826895599
3	2945	92230.868572454517	20793.229318308
3	2996	93694.618529744063	21493.498160714
3	3013	94219.387102431036	22162.773070729
3	3035	94720.961736665655	22270.570428075
3	3062	95481.717148582999	22847.994638293
3	3066	95500.661830991857	21993.907796806
3	3165	98313.89051484538	23230.9052172
3	3189	98637.208295088613	23412.851303031
3	3193	98675.631801114966	23469.603996336
3	3197	99084.021368600779	23764.743744266
3	3239	100285.584576168646	23587.009312722
3	3266	100822.654444394985	22510.20375398
3	3284	101318.982357719531	23181.879648532
3	3309	102187.07845560423	23274.570190785
3	3329	102524.006813658753	24096.912096036
3	3337	102797.538583265969	23860.30399571
3	3356	103445.775791226306	24202.898241563
3	3378	103982.031935496608	24375.605413233
3	3426	104963.135255422795	23219.039276383
3	3469	106694.268379389858	24700.334672712
3	3473	106800.835777620205	24992.757567729
3	3497	107735.929817363238	25355.794193179
3	3517	108220.791696739932	25728.944753298
3	3549	109641.826557593038	26760.035216038
3	3601	111107.183863051588	28172.557936996
3	3613	111152.57917283251	26494.59102096
3	3622	111362.258457747837	28329.642350864
3	3645	112038.072635365268	27431.973206086
3	3649	112088.989516730969	25494.568177641
3	3664	112414.92759965023	26546.323475719
3	3716	113817.71934263071	27204.76562399
3	3737	114307.882949497169	25792.855117595
3	3752	114696.228909289081	26593.80245026
3	3788	115549.127913537985	25691.02370574
3	3805	116175.643829416102	27005.408775975
3	3809	116206.327426984525	27585.772246853
3	3850	117241.829653998456	27127.613252124
3	3863	117644.425536470105	27622.028797181
3	3877	117865.476503876588	27340.982156195
3	3891	118222.020148794716	27447.699504388
3	3895	118259.602160934713	27366.622741393
3	3918	118889.690414584792	27199.925607818
3	3948	120070.501518488286	28851.683158824
3	3952	120092.10634648948	28395.16079953
3	3980	120572.388771224386	28552.756022289
3	4000	121219.274958853034	28515.734986751
3	4010	121560.131317774189	28725.746374801
3	4065	123707.805214232189	30158.18154179
3	4082	124710.530086677877	31139.722153378
3	4103	125274.474009090653	31355.14273327
3	4124	125950.347600985674	31787.62537797
3	4135	126876.531758370233	32618.610649016
3	4174	127594.695269024355	33139.062577502
3	4182	127810.25549337416	33490.810182988
3	4244	130033.716983316821	34043.412837629
3	4254	130188.603389655789	34552.745123185
3	4291	131969.727099576583	35862.59252043
3	4309	132392.547643320991	35194.510154335
3	4325	133091.087410893647	35599.72253151
3	4329	133134.868292335039	35906.651347212
3	4355	133895.097451323261	36149.912624109
3	4391	134903.257152993588	36978.305576839
3	4404	135298.251323617613	36967.025816298
3	4421	136021.194109233452	37427.835630135
3	4481	137619.137069849653	37980.834710221
3	4487	137640.869090772783	39018.639410736
3	4504	138276.02329893632	38756.528596345
3	4515	138421.313485448798	38786.403653059
3	4521	138712.479650756699	38567.99291066
3	4553	139832.028295934556	39390.538568322
3	4559	139925.759636230385	39736.292718795
3	4599	140877.069844297683	40102.03038299
3	4609	141182.907835190734	40184.461200025
3	4619	141367.846171885346	39490.653224798
3	4638	141762.839707966512	40648.616223382
3	4660	142346.149467408275	40208.350815737
3	4664	142432.295702911531	40138.220776215
3	4682	143366.74094458705	41072.096924158
3	4702	143981.815676238743	41322.11078156
3	4711	144074.70594694986	41567.61018661
3	4738	145113.827556303126	42388.219846815
3	4759	145792.647021493298	42005.567627588
3	4771	146161.516750596082	43184.617627993
3	4785	146488.316768367199	41998.426743631
3	4791	146883.850247097751	42929.819153876
3	4819	147742.264819090804	43084.408387825
3	4840	148448.565674644319	43511.263151401
3	4853	148727.249932956306	43928.281665346
3	4857	148737.563023410356	43853.079102891
3	4865	149140.229670513778	44196.242522603
3	4915	150952.138853726527	46003.740427811
3	4924	151041.130289208499	46016.371483497
3	4949	152012.332697884729	46682.283654568
3	4957	152149.214132694883	46826.842053216
3	4979	152847.539407090833	47486.600998107
3	5004	153603.157940787813	46761.956477643
3	5008	153613.248448792463	46475.736105495
3	5023	154388.280344662807	47795.100146082
3	5055	155636.216076404211	47834.538906842
3	5064	155852.58930073714	48403.64410067
3	5068	156006.007739139338	48812.768719715
3	5094	157016.134151235578	48777.049769286
3	5127	157944.178154530359	49627.915208396
3	5133	158075.131409346676	49371.579444426
3	5139	158366.648886144516	48769.248243307
3	5169	159407.928901842219	50195.796465476
3	5236	161422.323346847287	50762.90344523
3	5242	161611.973674010105	50488.042552652
3	5265	162018.775206763653	50963.101799254
3	5297	163332.325749356655	52182.519600563
3	5301	163438.357745568819	51863.863346585
3	5305	163440.5902920164	51793.626133707
3	5341	164519.04970430432	52365.584385372
3	5356	165181.502378868295	51800.228282819
3	5399	166480.912251278379	52809.234362615
3	5423	167673.953325563662	53460.639748239
3	5440	168073.162180368214	54075.041409484
3	5457	168540.156860036396	54155.11460905
3	5477	169271.203633385135	54271.786126275
3	5490	169609.099129467823	54573.063982974
3	5507	170112.203246277182	55069.924722413
3	5545	171742.321517189585	56550.986207301
3	5556	172248.877169290914	56841.223275271
3	5586	173168.293006752044	57530.168755814
3	5595	173577.191765058406	57997.546369236
3	5605	173771.552041663214	57286.813327684
3	5631	174478.844427812466	57843.375679073
3	5648	174716.994351820641	57739.12247344
3	5673	175427.128406401344	58524.40893707
3	5677	175447.482985445851	58732.371066957
3	5683	175499.443454743915	57755.927037558
3	5701	175973.737165705852	57582.379728272
3	5735	177161.26517365835	58539.164990021
3	5745	177520.898662509018	58684.438376078
3	5780	178505.853143205488	59621.614561753
3	5810	179102.786994075023	59724.225811383
3	5816	179309.821613995716	59862.093946721
3	5856	180563.025045778223	59953.933326839
3	5867	180713.722214849287	60020.933637046
3	5875	181097.373612999537	60108.168243637
3	5890	181704.15632071122	60633.884091567
3	5911	182215.53144294432	60861.425008658
3	5924	182827.64386736005	61353.326843137
3	5928	182873.380827499913	61388.293773602
3	5977	184761.549328380818	61888.945596736
3	5999	185182.25324954501	62921.88424248
3	6043	186413.727380504455	61953.735304197
3	6081	187844.665785004939	62777.59543567
3	6085	188169.907951980452	61368.928266117
3	6118	189098.379960341003	62182.042352553
3	6148	189977.456454752374	62703.154663112
3	6190	191274.730658406753	63681.552735605
3	6222	192212.903880301485	63639.065044107
3	6260	193221.981356419984	63917.426452865
3	6271	193756.74319424815	63616.726117251
3	6277	193845.628813818458	62739.168049168
3	6301	194569.324826096738	63442.12994548
3	6333	195188.698298564542	63288.230038555
3	6365	196745.067449665058	63239.288161027
3	6379	197539.705902418483	63885.972511369
3	6425	198799.908253412316	64945.658049765
3	6429	198841.862774581079	64931.200863149
3	6446	199397.273604238029	65311.170942127
3	6471	200115.275251289452	65942.939809947
3	6480	200275.227517347405	66011.967511878
3	6506	200793.234220409389	66256.939427089
3	6526	201710.231492735068	67110.126517578
3	6548	202203.699630998436	67117.724353555
3	6569	202900.327085914451	67715.311684047
3	6588	203313.603407755855	66847.465611784
3	6592	203571.311578156049	67394.923245486
3	6612	204000.931667798753	66829.463168923
3	6646	204942.892596233996	67529.708023225
3	6659	205202.831239934634	67933.851874265
3	6674	206053.775978676598	68478.747372126
3	6678	206132.912964105228	68645.849953262
3	6705	207158.030623734358	69525.341317547
3	6713	207650.555102035025	69525.737398293
3	6726	207893.744186946745	69566.038358642
3	6745	208501.99216049313	70031.8593876
3	6797	209656.152096284914	70859.078090425
3	6803	209795.545661078388	70603.374359949
3	6809	210050.150897159795	70164.865578407
3	6833	210744.79757215045	69787.628818444
3	6841	211054.395171917598	69809.161086209
3	6885	212695.680266853046	71385.697175969
3	6901	213423.524606271075	72030.38103531
3	6909	213580.68403887711	71684.680834515
3	6918	213764.143972328292	71800.000869483
3	6922	213895.829565056029	71784.514762667
3	6939	215145.309279688062	72930.735414536
3	6963	215951.171581998091	73355.619759641
3	7029	217917.023514277858	74010.938253945
3	7052	218998.479634166123	74680.609639884
3	7076	219856.16251396164	75311.20526094
3	7091	220416.54597720726	75477.22176252
3	7110	220751.669712994607	75360.391405239
3	7116	220794.779592157898	75737.15979005
3	7143	221344.769700301436	75939.796497555
3	7159	221948.187723068145	76408.956699276
3	7187	222590.934591019885	77139.883048191
3	7191	222848.758044328166	76266.71695255
3	7197	223063.271147987233	76014.608500122
3	7221	223784.605337792633	76504.24004669
3	7276	225423.546807981653	77165.616437924
3	7286	226120.065083160622	77110.652191823
3	7294	226267.439703477172	77497.699688028
3	7308	226575.897238796202	76993.407165029
3	7319	226846.278515869377	77356.012177766
3	7334	227253.868512214719	77257.199844297
3	7347	227971.130919238911	77916.129247675
3	7384	229276.303693285571	78620.775019858
3	7393	229670.701598563788	79012.814869047
3	7405	230275.984768454344	79109.281833094
3	7431	230641.452575639249	78620.498806325
3	7458	231673.075259171052	79283.167551856
3	7462	231855.416477724535	80573.57298709
3	7473	232050.327169686915	79928.533704128
3	7508	233503.67128845453	80740.384894507
3	7516	233852.338675685585	80619.598493075
3	7525	234139.265649212883	81065.256551559
3	7533	234195.539398609088	80817.469385733
3	7574	235945.409361698092	81688.265787979
3	7585	236223.815560207129	80988.475530746
3	7589	236396.016343898697	81924.39841049
3	7612	237445.213602326437	82068.619777362
3	7621	237547.499467671276	80917.732901641
3	7679	239640.679029777272	82819.290519384
3	7683	239777.726926194863	82431.717859334
3	7687	239817.613329553602	82239.335771158
3	7715	240569.092660417406	82617.250227074
3	7730	240965.072604898723	83363.84069011
3	7756	241729.252685509981	82039.382792388
3	7760	241943.683395042641	83703.292952293
3	7789	242747.835486011206	83060.288630777
3	7806	243317.683020086585	83037.328434342
3	7839	244443.807905913889	83148.675359996
3	7843	244447.658167976512	82805.890212817
3	7853	244826.187836487205	83481.320749077
3	7873	245395.471211542934	83891.814785655
3	7883	245781.78351953289	83515.749177525
3	7899	246075.753861900045	84269.459924532
3	7910	246408.489262165129	83681.520550141
3	7919	246899.510277422503	83963.018524297
3	7949	248000.329183704779	84537.281708389
3	7953	248231.841264149532	84672.065477658
3	7975	248972.625774537773	85209.604511011
3	7985	249477.103234442309	85382.798242842
3	8004	250187.61618619448	85915.328203679
3	8013	250478.257512414456	85738.841072578
3	8035	251228.131026589871	85116.09432352
3	8059	251848.64097060299	85845.40691182
3	8074	252216.192690410079	85113.450136134
3	8112	252982.719905582816	84840.36904876
3	8130	253361.317326139287	84884.051292307
3	8134	253399.168114067615	86427.243636281
3	8144	253543.756504381434	85239.284878775
3	8178	254879.277701961235	85724.107968874
3	8202	255602.21463953294	86921.417819225
3	8222	255952.092269008609	86856.812386846
3	8226	256182.1197673831	86985.620825151
3	8239	256725.761888689922	87415.865494828
3	8264	257286.119589406627	87835.634073639
3	8275	257586.419053209575	87931.427454971
3	8299	258700.928722132355	88474.081562053
3	8305	258793.052867419647	88476.520110255
3	8343	259860.947554322318	88713.206515059
3	8376	260780.948576118427	89088.347982032
3	8382	260934.571949836225	89438.165713855
3	8426	262489.599682359383	90566.870378436
3	8436	262627.334715557846	90894.442791194
3	8463	263484.834434163184	90394.606424202
3	8467	263490.977369981245	89536.805028942
3	8471	263491.64558653869	89816.255641123
3	8500	264500.800805395828	89957.7253267
3	8508	264762.830283522237	91664.672882085
3	8512	264859.308784531061	90294.232508224
3	8557	266113.485192993288	91313.675822491
3	8565	266317.883595350761	91474.314141329
3	8571	266739.211078986158	91780.340931961
3	8597	267400.67298710941	92047.454150299
3	8601	267966.300741780181	92512.562730575
3	8636	268862.58356804623	93051.940185324
3	8668	270047.032476101431	93273.841772016
3	8683	270795.562774870905	93905.548301691
3	8709	271423.287965214241	94392.636138037
3	8732	272150.319813235093	94615.547592288
3	8743	272259.873875990871	94853.35741136
3	8749	272421.561819618929	94832.056199741
3	8762	272855.569815623004	95229.49223186
3	8790	273778.457539441426	95432.116183164
3	8806	274244.035662576918	95349.014776615
3	8816	274288.832553729047	95428.942543804
3	8841	274946.610726943602	96077.377523942
3	8890	276557.568206336713	96991.949679383
3	8894	276663.23887222596	97459.388436844
4	83	4061.068255009792	2594.5668911874
4	326	12117.628281080705	3194.5240198772
4	341	13131.134096157147	3352.3332811482
4	528	19089.972321420518	3716.8259850563
4	534	19330.551770791752	3575.1036479832
4	661	22990.490755090832	4074.9599026401
4	805	26873.295157078265	2985.8399185151
4	922	30263.67626100926	4777.2563190951
4	969	31844.984107866495	4090.8370559831
4	989	32199.549841397985	3351.1475435773
4	1024	33250.779109160959	3417.7779645935
4	1201	39129.584721314133	4843.6989133617
4	1335	43159.83330911173	6689.1467019159
4	1346	43412.966868650513	6781.0684455659
4	1358	43730.18059100172	7032.1252668946
4	1438	46513.271379774779	8819.0014016909
4	1477	47776.574005756141	9051.8208982624
4	1575	50263.891554583207	9414.7586750357
4	1647	52829.790168978619	11286.018304966
4	1673	53252.061801703261	10834.25748503
4	1685	53667.335144469128	11749.407283649
4	1746	55626.758471393572	11986.688226313
4	1789	56824.27960134259	11501.166310152
4	2039	63811.96543406357	13174.952539169
4	2125	66174.130855902643	13097.258467822
4	2401	75600.658628532278	16881.909294096
4	2434	76346.088688132899	17023.270567745
4	2442	76581.121135700108	16985.944707496
4	2504	78547.137522652361	17445.532990254
4	2530	79001.02463342843	17622.314620783
4	2543	79483.854610316071	17922.238558154
4	2547	79540.847747839603	17542.911796261
4	2583	81009.408378285903	18953.447622956
4	2954	92411.512514731265	20490.318284345
4	2992	93674.7953643944	21684.838478267
4	3077	95641.309145825334	23128.845238274
4	3119	96980.50855810902	23393.456610489
4	3123	96980.911974074669	23199.820755784
4	3144	97725.662771785983	22690.740680957
4	3222	99946.90053038893	24081.395800475
4	3253	100639.801440557082	23214.158617278
4	3397	104557.333881469795	24161.382161892
4	3401	104644.44434759355	25565.031631533
4	3445	105759.676356219107	25227.520903582
4	3493	107533.772698218355	25247.246099859
4	3553	109712.504756112004	27030.77114463
4	3677	112915.068971329917	25468.546429463
4	3697	113338.29414885154	25567.57047668
4	3756	114777.26458227856	26188.926229166
4	3841	116984.883351774505	27535.121414856
4	3972	120402.490900677053	28351.058887642
4	4014	121681.109188992148	28938.404245312
4	4047	123295.599354553586	29791.949370389
4	4120	125949.02834008596	31722.224879274
4	4208	128820.683498253663	33481.563141214
4	4217	128931.886263002065	33703.24553967
4	4221	129189.928957840046	33968.49000645
4	4248	130074.545204724734	34382.076664419
4	4313	132476.151422119124	35210.986403507
4	4447	136883.921512054635	37659.461546081
4	4581	140511.744455845645	39714.973008315
4	4945	151752.387914249292	46689.89236286
4	5173	159453.217614825433	49189.696980055
4	5184	159599.906608282011	49373.868209081
4	5192	159899.820881897202	49411.054666744
4	5218	161097.849791670573	50576.491253522
4	5337	164401.513254336633	52652.02364577
4	5386	166149.720318328209	53176.046981774
4	5390	166193.499325259013	52681.532181409
4	5739	177391.013442339733	58699.076986422
4	5828	179851.939374899113	59518.059704034
4	5954	183778.723697333025	61608.41988654
4	6007	185524.393981799106	62168.59562305
4	6039	186395.523897243287	62807.34159844
4	6060	187297.416313380363	62674.84025408
4	6095	188270.293784017103	63434.746733771
4	6156	190091.460584655027	62953.78358756
4	6182	190866.175365575019	63522.9520023
4	6201	191652.338812417905	64193.866525144
4	6231	192361.674212912458	63935.654206866
4	6323	195125.012216750894	63855.129422779
4	6339	195792.792924625422	63860.997789176
4	6375	197140.159661957616	63620.181859289
4	6484	200407.698741160695	66318.726105708
4	6637	204666.800458213674	67733.537187439
4	6764	208853.223260097566	70678.16033546
4	6837	210846.27967215738	71360.049984004
4	6854	211486.194448258351	70271.049654229
4	6987	216720.909467094006	73803.965433606
4	7010	217267.376852111514	74088.801687598
4	7021	217606.828677082794	73522.606642526
4	7225	223920.832690872611	76452.661538628
4	7247	224557.41840534061	76371.472628079
4	7365	228911.763154511896	78303.603201684
4	7551	234905.662143376083	81680.866802651
4	7748	241218.52320384383	81686.621636106
4	7797	243280.499539409192	82136.229249999
4	7823	243759.803373517094	82807.884598066
4	8084	252423.700366314859	84786.205210037
4	8165	254159.28221050799	85669.545572917
4	8260	257138.060553582744	87249.513940018
4	8335	259608.238341847064	88837.656502867
4	8363	260390.445345399531	89087.846037689
4	8551	265912.878059350313	91543.480518183
4	8625	268591.426693584401	92779.42384046
4	8679	270579.613056733835	94597.663158023
4	8780	273306.885940806571	94577.400341765
4	8886	276391.975023547551	96931.844435253

