version 2
run Iteration-12-20200521-09:51:32-20740
attr configname Iteration
attr datetime 20200521-09:51:32
attr experiment Iteration
attr inifile omnetpp.ini
attr iterationvars "$i=1, $j=13, $0=15-(1+13)"
attr iterationvarsf i=1,j=13,15-(1+13)-
attr measurement "$i=1, $j=13, $0=15-(1+13)"
attr network Network
attr processid 20740
attr repetition 0
attr replication #0
attr resultdir results
attr runnumber 12
attr seedset 12
itervar i 1
itervar j 13
param **.resourcePool.amount 1
param **.resourcePool1.amount 13
param **.resourcePool2.amount 15-(1+13)
param **.source.interArrivalTime exponential(6min)
param **.delay.delay uniform(4min,28min)
param **.delay1.delay uniform(10min,28min)
param **.delay2.delay uniform(4min,16min)
param **.allocate.resourceModuleName "\"Network.resourcePool\""
param **.allocate1.resourceModuleName "\"Network.resourcePool1\""
param **.allocate2.resourceModuleName "\"Network.resourcePool2\""
param **.deallocate.resourceModuleName "\"Network.resourcePool\""
param **.deallocate1.resourceModuleName "\"Network.resourcePool1\""
param **.deallocate2.resourceModuleName "\"Network.resourcePool2\""
param **.router.randomGateIndex "uniform(0, 1) > 0.2 ? 0 : 1"

vector 0 Network.allocate queueLength:vector ETV
attr interpolationmode sample-hold
attr title "queue length, vector"
vector 1 Network.allocate1 queueLength:vector ETV
attr interpolationmode sample-hold
attr title "queue length, vector"
vector 2 Network.allocate2 queueLength:vector ETV
attr interpolationmode sample-hold
attr title "queue length, vector"
vector 3 Network.sinkStat lifeTime:vector ETV
attr interpolationmode none
attr title "lifetime of arrived jobs, vector"
attr unit s
vector 4 Network.sink lifeTime:vector ETV
attr interpolationmode none
attr title "lifetime of arrived jobs, vector"
attr unit s
0	0	0	0
0	5	273.030968444879	1
0	7	1017.014647477314	2
0	9	1127.028815682762	3
0	11	1159.572800424513	4
0	13	1365.945787573391	3
0	18	1434.256598221467	4
0	20	1589.603435113945	5
0	30	2493.271005310668	6
0	32	2619.334828246328	7
0	34	2631.572196772707	8
0	36	2647.93238516354	7
0	41	2662.578746227105	8
0	43	2715.708687734674	9
0	45	2883.664799927475	10
0	47	3003.8455450845	11
0	49	3409.567093728491	12
0	51	3744.94867585711	13
0	57	4265.939422281617	12
0	66	5199.34292267465	11
0	71	5225.755909163049	12
0	73	5442.596226962441	11
0	78	5490.905508637141	12
0	84	5895.678604016238	11
0	92	6346.998023134881	12
0	107	7121.106692919665	11
0	115	7391.072802426451	10
0	120	7485.911198444231	11
0	127	7530.409759225673	12
0	129	7825.775452176266	11
0	138	7967.385096333732	12
0	140	8048.916095838091	13
0	146	8658.660554759768	14
0	148	8781.747611121229	15
0	150	8837.847832163132	16
0	158	9032.667264970177	15
0	168	9313.400112894001	16
0	170	9348.91746494376	15
0	183	10037.578893491905	16
0	185	10070.809910142952	15
0	190	10390.276472843373	16
0	195	10458.589992353804	17
0	207	10983.743714049064	18
0	209	11180.917428125741	19
0	211	11396.996181994252	20
0	221	11731.457960860962	19
0	226	11734.370887481394	20
0	228	11804.74542640266	21
0	230	11917.339621254153	22
0	236	13100.300295351598	23
0	238	13295.937029001541	24
0	244	13404.456902811462	23
0	249	13777.525246428621	24
0	251	13785.00853500553	25
0	257	13953.475122962587	26
0	259	14178.993053444856	27
0	261	14483.451436107449	28
0	263	14496.339998746684	29
0	269	14555.831323883896	30
0	271	14666.132795195911	31
0	277	14982.096658045584	30
0	282	15140.869506651764	31
0	284	15151.059168337988	32
0	286	15156.316878941175	33
0	288	15284.807328581075	34
0	290	15495.604753443585	35
0	292	15585.444529320519	36
0	294	15888.208479050825	37
0	296	15908.581421288801	38
0	298	16138.224641377264	37
0	303	16158.616455687027	38
0	305	16352.471943788164	39
0	311	16542.554733677529	40
0	313	16560.485819953298	41
0	319	16866.333779087429	42
0	321	17131.698983716005	41
0	326	17452.117713820413	42
0	332	17751.984435612494	41
0	340	17877.863476786439	42
0	347	18184.544752003603	43
0	349	18438.829332749268	44
0	355	18751.7882317838	45
0	357	18887.349614085294	46
0	363	19302.152109252447	45
0	372	19697.835964820847	46
0	374	19793.435264141717	47
0	376	20004.667618455143	48
0	378	20027.377653124089	49
0	380	20262.823572604089	50
0	382	20414.471984462971	49
0	387	20585.421221747817	50
0	393	20669.598586614138	51
0	403	21711.021372216247	52
0	405	21879.641992427422	53
0	411	21933.836418422098	52
0	416	22205.170089075333	53
0	418	22218.693957584138	52
0	423	22599.151751534249	53
0	425	22605.681967494522	54
0	427	22645.023940013881	53
0	432	23319.878054222425	54
0	434	23474.598045545152	55
0	443	23686.968390415053	56
0	445	23695.365445235904	55
0	450	24086.040719044187	56
0	460	24285.419942685067	57
0	462	24341.137511054214	56
0	467	24425.629962380161	57
0	469	24758.501295364285	58
0	471	24767.462407009836	57
0	476	24882.537167892233	58
0	483	25044.253665904991	59
0	485	25111.149063142176	58
0	506	26098.735977076748	59
0	516	26527.012096491179	60
0	521	26651.047187777396	59
0	526	26959.556955317195	58
0	539	27435.666845436905	59
0	541	27658.357412511643	58
0	551	28184.975868767146	59
0	556	28514.497967725323	60
0	558	28565.41715455129	61
0	560	28700.193706945638	62
0	567	28756.225740345355	61
0	575	28985.312449303486	62
0	586	29857.955270890827	63
0	588	29943.092313867874	64
0	594	30149.283033007916	63
0	599	30498.601842212938	64
0	605	30617.120762151065	65
0	607	30625.515150769777	66
0	609	30706.817591914593	67
0	611	30767.986066075202	66
0	616	31108.633133101864	67
0	626	31484.476059479287	68
0	632	31611.367418797847	67
0	637	31884.831813369795	68
0	643	32215.561075835583	69
0	645	32235.180126720699	70
0	647	32311.800845907243	71
0	649	32432.705053666286	72
0	651	32618.15912582001	73
0	653	32914.610056126651	72
0	662	33114.431382184535	73
0	664	33167.373003482657	74
0	666	33209.117093584981	75
0	668	33458.822343765965	76
0	678	34287.666086660859	75
0	687	34419.649513492841	76
0	689	34543.007856612805	77
0	691	34610.85861820366	78
0	693	34637.563624413845	77
0	698	34965.428367155652	78
0	700	35043.58290720906	79
0	702	35068.829235568554	80
0	704	35348.036627261219	81
0	706	35506.145712331153	82
0	712	35610.622912192878	81
0	725	36086.386959467386	82
0	727	36117.183801527136	83
0	729	36118.215802604493	82
0	734	36120.961377480706	83
0	736	36266.349137094445	84
0	738	36298.186178334074	85
0	752	37137.872475555074	86
0	754	37241.085448259648	85
0	759	37329.965608568828	86
0	768	38208.137854456146	87
0	775	38275.172378091346	88
0	777	38645.912114925907	89
0	779	38739.044329444107	88
0	784	38745.553638313892	89
0	790	39075.614339641557	90
0	792	39399.109118395779	91
0	794	39586.293942332149	92
0	800	39956.277665524386	93
0	802	40190.556014595325	94
0	804	40293.542524757024	93
0	809	40562.10296338971	94
0	815	40815.130661852154	95
0	817	40815.282697921752	96
0	819	41309.462642454966	97
0	821	41320.189816292053	98
0	827	41689.434777842534	99
0	829	41706.557439001438	98
0	834	41816.929150742406	99
0	836	41910.459746824707	100
0	838	42180.660953292784	99
0	859	43522.031760019028	100
0	861	43718.530952068207	99
0	866	43721.612521513983	100
0	868	43726.452137980862	101
0	874	44849.016454288897	100
0	879	45304.957354343814	101
0	885	45372.214612200158	102
0	887	45481.269594858437	103
0	889	45918.296323213673	104
0	891	45955.421503903207	105
0	893	45967.96271413022	104
0	898	45999.892654981413	105
0	900	46043.923035565669	106
0	906	46239.366669256179	107
0	912	46599.279574147349	108
0	914	46635.402005676057	109
0	924	46893.414261570658	110
0	926	46962.437243493435	109
0	931	47033.295928248193	110
0	933	47071.182409747763	111
0	939	47329.179236585436	110
0	944	48323.863168091705	111
0	946	48586.36319892494	112
0	955	48639.701103860674	111
0	960	48896.721840346394	110
0	974	49687.008143769739	109
0	979	50000.503727154968	108
0	984	50229.49127512427	109
0	990	50269.786876833196	110
0	1003	51118.68636812416	111
0	1005	51247.036921063505	112
0	1010	51356.417639846144	111
0	1025	52082.968483971594	110
0	1038	52841.965315985487	111
0	1048	53126.141864233594	112
0	1050	53391.351047286503	113
0	1052	53555.53090913772	114
0	1054	53725.38405194336	113
0	1059	53754.427387041141	114
0	1061	53880.364537447118	115
0	1071	54930.976373270215	116
0	1073	55246.064389054244	117
0	1075	55275.653902324079	116
0	1080	55646.191895076117	117
0	1082	55725.100714314211	118
0	1088	56605.474393883883	117
0	1101	57049.318511182605	116
0	1106	57163.20303291488	117
0	1108	57508.315360329941	118
0	1110	57698.023844941581	119
0	1116	57735.635651227582	120
0	1118	58001.294396469101	121
0	1120	58142.022057852084	122
0	1130	58364.196084397076	121
0	1135	58396.946233986139	122
0	1137	58707.721538296526	123
0	1139	58779.317209369487	124
0	1141	58865.407950941323	125
0	1147	59181.000073844808	126
0	1153	59241.170370244596	127
0	1155	59688.956140536492	128
0	1157	59820.675814854144	127
0	1166	60228.717510285455	128
0	1168	60306.242227976903	129
0	1170	60417.144236267252	130
0	1172	60875.799264447635	131
0	1174	61057.920500599101	132
0	1180	61297.27927576208	131
0	1185	61759.162385385327	132
0	1191	61997.655806529007	133
0	1193	62014.751635635434	132
0	1202	62457.450779746038	133
0	1204	62681.792204610685	134
0	1210	62769.102102109979	135
0	1216	63242.759737031697	134
0	1221	63328.04767670878	135
0	1223	63343.391410194435	136
0	1225	63467.249905929243	137
0	1231	63840.571939889743	138
0	1233	63889.959377393689	139
0	1235	64599.982213335275	138
0	1244	65083.082476780395	139
0	1250	65480.992518229815	140
0	1252	65550.638462214289	141
0	1254	65587.510753508296	142
0	1256	65628.601816328406	141
0	1261	65657.994311225435	142
0	1263	65808.666497861136	143
0	1265	65877.806019676998	144
0	1267	65928.804284403989	145
0	1273	66212.1769815571	146
0	1279	66655.054478159344	147
0	1285	67161.01896229589	146
0	1290	67162.299084206311	147
0	1292	67514.900525321134	148
0	1298	67660.991015387232	149
0	1300	67701.499882614258	150
0	1302	67984.475439396315	151
0	1304	68058.626015363929	152
0	1306	68140.649639594064	153
0	1312	68193.666603187263	152
0	1317	68404.31558363646	153
0	1319	68595.842689270318	152
0	1324	68642.457137190049	153
0	1326	68990.723903401711	154
0	1332	69035.916624175549	153
0	1337	69173.934897969196	154
0	1343	69535.681081557811	153
0	1348	69763.356490293684	154
0	1358	70105.520489875042	155
0	1363	70274.036212087975	156
0	1370	70429.972854156284	157
0	1372	70671.888863693159	158
0	1377	70727.140143955291	157
0	1382	70843.045404431751	158
0	1384	70956.270425260714	159
0	1386	71048.906119071699	160
0	1397	71483.328720102251	159
0	1414	72456.810824269593	158
0	1419	72620.347225551198	159
0	1421	72634.27192887	160
0	1423	72748.748116926637	161
0	1429	72809.383639395452	162
0	1431	72876.743892127384	163
0	1433	73260.800683753729	162
0	1442	73705.28043286125	163
0	1452	74163.05673661234	164
0	1454	74316.753417758198	165
0	1460	74610.050268279553	164
0	1465	74854.432050319553	163
0	1470	75442.40866237671	164
0	1479	75918.684997331088	165
0	1481	75988.29809633015	166
0	1483	76118.005967321039	165
0	1493	76394.626740299192	166
0	1495	76789.31176541748	167
0	1497	76803.814019823388	168
0	1499	76868.469985283417	169
0	1501	77150.361433843315	168
0	1514	77717.522052879931	169
0	1520	78300.234312246595	170
0	1522	78397.505659567357	169
0	1527	78401.834372761285	170
0	1529	78618.453602463657	171
0	1535	78815.421820163865	172
0	1537	78986.446768725477	173
0	1547	79431.600539952311	174
0	1549	79599.501252351631	175
0	1555	79944.499479638578	174
0	1560	80204.46159827912	173
0	1565	80317.081052463534	174
0	1567	80486.81021211449	175
0	1569	80551.155827785076	174
0	1581	81150.239305565299	173
0	1591	81562.411272849165	174
0	1601	81848.262871333153	175
0	1606	82354.411443578245	174
0	1611	82485.985633177032	175
0	1618	82748.262255968692	174
0	1627	82911.931463495644	175
0	1629	83136.840565139388	176
0	1635	83356.152457283678	177
0	1637	83400.736160326058	178
0	1639	83746.32543581927	177
0	1652	84291.80771651806	178
0	1658	84850.046976389529	177
0	1663	85168.118765935679	178
0	1669	85481.73225123437	179
0	1671	85742.000749397663	180
0	1673	85976.695869887081	181
0	1683	86458.949954057278	180
0	1688	86516.44809158298	181
0	1690	86830.936548002288	182
0	1692	86845.270067336203	181
0	1701	87031.760563055709	182
0	1703	87116.034635933281	181
0	1712	87332.838869525843	182
0	1718	87550.541935839881	183
0	1732	88571.626203166486	182
0	1741	89029.679328756572	181
0	1750	89246.784177060559	182
0	1756	89881.787424468252	183
0	1758	90068.101258719505	182
0	1767	90836.178263924642	183
0	1769	90843.994648860933	182
0	1774	90845.945709490829	183
0	1780	91117.151559730878	184
0	1782	91534.568882072431	185
0	1788	91680.881514194931	186
0	1790	91851.410735796137	187
0	1792	92032.127957441042	188
0	1794	92352.00645546818	187
0	1807	92646.033570954481	188
0	1809	92681.668869359156	189
0	1823	93807.871311301532	188
0	1828	94440.039204675581	189
0	1830	94495.493711041453	188
0	1839	94630.954535862495	189
0	1841	94744.547836514655	190
0	1851	95437.513286797698	191
0	1853	95896.557114975693	190
0	1858	96037.315628281577	191
0	1864	96290.550205189193	192
0	1866	96325.758010218086	191
0	1871	96359.076548415139	192
0	1873	96360.831385339256	193
0	1879	97084.788570547643	192
0	1888	97208.542125386164	193
0	1890	97399.19860266374	194
0	1892	97528.709332042125	195
0	1894	97562.627389529286	196
0	1896	97632.524315009361	197
0	1898	97664.338653305712	196
0	1915	98806.044351490381	195
0	1924	98956.760639977726	196
0	1930	98980.418930435175	197
0	1940	100152.181273306275	198
0	1942	100269.917950810106	199
0	1948	100381.667782249096	198
0	1953	100754.317404001419	199
0	1955	100995.775778933466	200
0	1957	101184.759448388758	199
0	1962	101251.761712858824	200
0	1964	101763.946530599166	201
0	1970	102091.793357134466	202
0	1980	102461.757518567647	203
0	1982	102473.799059087577	202
0	1987	102858.32968414632	203
0	1993	103038.288789753402	204
0	1999	103608.81405930424	203
0	2008	104021.40722295971	204
0	2010	104484.477514016456	205
0	2012	104705.982750949238	206
0	2014	104902.635926636103	205
0	2023	105184.225333783686	206
0	2037	106580.894113177601	205
0	2042	106666.504044688303	206
0	2044	106763.326153943641	207
0	2046	106945.599017867316	208
0	2048	107571.037059211763	209
0	2054	107696.601929263806	210
0	2056	108040.035677701134	211
0	2058	108245.165351176802	210
0	2067	108440.502857999302	211
0	2069	108722.537219862639	212
0	2071	108739.520589592103	211
0	2076	108810.274247669497	212
0	2082	109103.681345427577	211
0	2091	109388.783320947057	212
0	2097	109980.785920678381	213
0	2102	110220.402006853353	214
0	2109	110304.425092421123	215
0	2111	110582.60399311239	214
0	2116	110755.761758106019	215
0	2118	111127.355531299655	214
0	2131	111804.712770061263	215
0	2133	112012.276511522178	214
0	2146	112620.691902160168	215
0	2148	112650.890680471603	214
0	2157	112683.088913019338	215
0	2159	112752.444280523963	216
0	2161	113060.010721422007	217
0	2163	113380.624751721514	218
0	2177	114200.859642656688	217
0	2182	114282.434502424815	218
0	2188	114910.903789203212	219
0	2190	115409.18850928003	218
0	2195	115520.335175402371	219
0	2201	116168.840969800677	220
0	2207	116427.708865862272	221
0	2213	116877.031219409947	220
0	2222	117616.28770479756	221
0	2224	117709.769646557216	220
0	2229	118225.451486296962	221
0	2238	119088.217496903781	220
0	2248	119518.291882489895	221
0	2254	119688.031865720752	222
0	2260	119884.461038517002	221
0	2265	120057.421285139816	222
0	2267	120247.853792863232	223
0	2269	120566.006749366451	224
0	2271	120586.636639319597	225
0	2277	121190.490558880682	226
0	2279	121294.658802215159	227
0	2281	121305.044293658976	226
0	2290	121791.511145994834	227
0	2300	122468.273751581256	226
0	2309	123000.455448351826	227
0	2311	123008.117100592768	228
0	2317	123497.110421081358	229
0	2319	123728.054142019946	230
0	2325	124049.425675453787	229
0	2330	124092.042234407017	230
0	2332	124429.014509685372	231
0	2334	124684.25730123282	232
0	2336	124818.648223295383	233
0	2342	125147.776228470422	234
0	2344	125161.440114720294	235
0	2350	125265.709171676795	236
0	2352	125294.763470362806	237
0	2354	125413.820951151108	238
0	2356	125499.595839506322	239
0	2358	125586.912334928458	238
0	2363	126433.540165988275	239
0	2365	126445.1782645976	238
0	2370	126713.725627151464	239
0	2376	127345.14596998953	240
0	2378	127475.127637301201	241
0	2388	127819.635469051247	240
0	2397	128113.3402036985	241
0	2399	128587.323050083762	240
0	2404	128624.744132242768	241
0	2410	129262.395198195839	242
0	2420	129923.228687578549	243
0	2422	129943.316303805691	244
0	2424	130174.923327634281	243
0	2433	130518.985147720454	244
0	2435	130711.566976787692	243
0	2444	131347.599847186064	244
0	2446	131538.274369988665	245
0	2448	131739.26542164552	246
0	2454	132350.366237679666	245
0	2463	132588.903765973897	246
0	2465	132820.359816756562	247
0	2471	133088.973636943706	248
0	2473	133616.484610134905	247
0	2486	134128.018506727512	248
0	2492	134697.971939251179	249
0	2498	134908.144876703379	250
0	2500	134927.215482938892	251
0	2502	135006.720555866307	250
0	2507	135205.075621801175	251
0	2509	135281.044151926732	252
0	2511	135431.822462123881	253
0	2513	135516.554496986951	254
0	2519	135902.452270188119	255
0	2525	136399.524730634985	256
0	2527	136401.365289794451	255
0	2532	136431.645473276609	256
0	2534	136481.634685365157	257
0	2536	136653.052590446717	256
0	2541	136815.216751461571	257
0	2543	136899.419665058023	258
0	2545	136990.856443193969	259
0	2547	137137.474650829235	260
0	2549	137200.907177860134	261
0	2555	137751.752459736711	260
0	2560	138060.39377358072	261
0	2570	138537.67794325406	260
0	2583	138786.041755173627	261
0	2585	138938.81915563222	262
0	2587	139019.945877708704	263
0	2589	139099.768502932118	264
0	2591	139407.963944519109	263
0	2604	140343.680363328285	264
0	2609	140379.848799170534	265
0	2611	140750.456753181464	264
0	2621	141030.055535914547	263
0	2626	141086.477482968319	264
0	2628	141169.649937581085	265
0	2630	141342.509687568402	266
0	2632	141343.430375925381	267
0	2637	141557.531444148567	268
0	2639	141669.775127703994	269
0	2641	141778.989236237652	268
0	2651	141833.543761053409	269
0	2653	141876.218985490348	270
0	2658	142224.004605816848	269
0	2663	142336.82589817092	270
0	2665	142598.738571467873	271
0	2672	142783.561182593729	272
0	2674	142863.513924543637	273
0	2687	143523.284467334926	274
0	2689	143565.933977583594	273
0	2694	143686.611508231558	274
0	2701	143947.709049158602	275
0	2703	143982.472712643548	276
0	2705	144221.339124659247	275
0	2718	144574.946117707442	276
0	2720	144580.644233593888	275
0	2725	144708.34237070214	276
0	2735	145786.897884825415	275
0	2740	145801.448597376556	276
0	2754	146564.584316154126	277
0	2756	146671.600774992154	278
0	2758	146708.105648872266	279
0	2760	147005.120875010437	278
0	2765	147200.853615315886	279
0	2771	147370.068538332528	278
0	2776	147555.768726055177	279
0	2781	147847.877941091263	280
0	2788	147896.884038219398	279
0	2793	147972.188347956645	280
0	2795	148173.677019608111	281
0	2801	148830.196352160564	282
0	2810	149230.4082681557	281
0	2815	149323.47835345314	282
0	2817	149508.993485341018	281
0	2827	150131.838352037787	282
0	2829	150181.967028568177	283
0	2835	150237.297462182289	282
0	2844	150363.265246989455	283
0	2846	150552.759574832564	282
0	2851	150652.644645207612	283
0	2856	150775.836339127059	284
0	2858	151114.095351968585	285
0	2868	151703.780493395572	284
0	2873	151841.667570597325	285
0	2883	152022.748056756502	284
0	2896	153057.9950264197	285
0	2903	153129.446100326425	284
0	2911	153622.416450459575	285
0	2922	154210.302837852384	286
0	2924	154243.486228202304	287
0	2926	154273.84851975606	288
0	2928	154399.828223007734	289
0	2934	154519.115267129785	288
0	2939	154821.153208449416	289
0	2941	154927.910543553877	290
0	2947	155394.853618072369	291
0	2949	155589.837970766094	292
0	2955	155648.648834260351	291
0	2964	156295.810207079514	292
0	2966	156461.669482136149	293
0	2968	156573.745897779412	292
0	2973	156647.622917840801	293
0	2975	156746.314005631711	294
0	2981	157127.522640483625	293
0	2986	157166.14057223472	294
0	2988	157375.599665290062	295
0	2998	157688.081243315969	296
0	3000	157747.886631818659	295
0	3005	157788.228577814072	296
0	3007	157804.173788953903	297
0	3009	157840.599138331342	298
0	3011	158042.964396937696	299
0	3029	159117.26622177769	300
0	3031	159300.814681420274	299
0	3040	159921.460553662824	300
0	3042	160176.475071956378	301
0	3044	160341.714895064183	300
0	3049	160391.03222476414	301
0	3051	160417.601997461851	302
0	3057	160792.122650183001	303
0	3059	160974.667381151093	304
0	3061	161038.827529234977	305
0	3063	161137.126749376007	304
0	3072	161411.111524208801	305
0	3074	161503.705432015045	306
0	3076	161632.290343227037	305
0	3093	162753.963864371831	306
0	3098	162989.276376335364	307
0	3100	163046.887885241947	308
0	3102	163164.020907053896	307
0	3107	163221.262334030339	308
0	3122	164115.059266867288	307
0	3127	164284.025729514218	308
0	3129	164345.303169616833	309
0	3131	164366.335930505696	310
0	3133	164634.190481839844	311
0	3139	164869.885372681402	312
0	3141	164980.284566966733	313
0	3147	165444.932396487161	314
0	3149	165563.111592823812	313
0	3154	165661.148032633725	314
0	3164	166437.413670632045	315
0	3166	166937.452883267948	314
0	3175	167435.997754138088	315
0	3181	167563.818922306706	316
0	3183	167992.077108133288	317
0	3189	168317.526409166067	318
0	3191	168444.135594238961	319
0	3193	168587.247856663713	318
0	3198	168656.268711974501	319
0	3200	168673.660698115563	320
0	3202	168917.914151285309	321
0	3204	169383.868142951567	322
0	3206	169431.304674776444	321
0	3219	170165.535871530125	320
0	3228	170697.935456618522	321
0	3233	170978.389861839065	320
0	3238	171095.5442555383	321
0	3245	171435.810719759602	322
0	3247	171618.154461415658	321
0	3256	172008.027569849667	322
0	3262	172299.391528995881	321
0	3267	172554.619994335129	322
0	3272	172861.702074738393	321
0	3282	172920.80592934151	322
0	3284	172932.558731122822	323
0	3294	173422.095400115264	324
0	3296	173481.147540914068	323
0	3305	173840.253126752139	324
0	3307	174186.67244090919	325
0	3309	174235.450836100045	326
0	3311	174256.505528616911	327
0	3317	174486.360468142469	328
0	3319	174541.246360572128	329
0	3321	174600.076799711074	330
0	3326	174964.606853122065	329
0	3331	175048.692106427099	330
0	3346	176144.398955727143	331
0	3348	176161.427756068419	332
0	3350	176533.768496413091	333
0	3352	176594.255315059969	332
0	3361	176947.369781987915	331
0	3366	176958.695576075231	332
0	3368	177335.356859350389	333
0	3374	177475.134713713835	334
0	3376	177729.953829687697	335
0	3378	177954.692078285507	336
0	3380	178033.599903804288	337
0	3382	178149.445878095574	338
0	3392	178506.996907744208	339
0	3394	178603.189161116431	338
0	3399	178995.528405616507	339
0	3401	179016.190460843172	340
0	3403	179125.434273701802	341
0	3405	179161.182788110828	342
0	3407	179236.656369114468	341
0	3416	179348.482040141806	342
0	3418	179432.809303567359	343
0	3420	179451.318905540581	344
0	3422	179579.146254160482	345
0	3424	179827.378258450747	346
0	3426	179837.343310474229	347
0	3428	180032.992815158518	348
0	3430	180093.257945261098	349
0	3439	180186.282481508503	348
0	3444	180505.82180540752	349
0	3446	180837.11932846928	350
0	3448	180946.645688754784	351
0	3458	181203.535274265107	352
0	3460	181319.123405808757	351
0	3465	181697.212174678395	350
0	3479	182607.870301226328	349
0	3491	182973.491328037177	350
0	3498	183525.837049403979	351
0	3500	183818.495428176196	352
0	3505	183909.478634068917	351
0	3510	183918.826486158292	352
0	3521	184676.271045612346	351
0	3526	184848.265497627113	352
0	3528	185359.040949807325	353
0	3534	185587.542074689816	352
0	3547	186122.24613124879	353
0	3552	186672.756392838608	352
0	3557	186813.920307575019	353
0	3568	187408.326211777938	354
0	3570	187591.03513724358	355
0	3572	187674.788365954708	354
0	3577	187675.507270925023	355
0	3579	188126.186051128667	356
0	3585	188426.772352824162	355
0	3590	188527.364383706159	356
0	3596	188819.707241587555	357
0	3598	188930.779323499458	358
0	3600	189006.137011257062	359
0	3602	189047.871014485401	360
0	3608	189381.801560821029	361
0	3618	189977.044040853332	360
0	3623	190001.175617650668	361
0	3633	191215.96982258762	360
0	3642	191385.187774170354	361
0	3644	191759.132301466714	360
0	3649	192269.39191861348	361
0	3655	192628.161361608811	362
0	3665	193144.443049946974	361
0	3670	193415.083258091395	362
0	3680	194044.442277124724	363
0	3682	194116.251770513306	362
0	3691	195001.324452136364	363
0	3693	195019.94795261493	364
0	3695	195372.288366364489	363
0	3700	195604.464233100993	364
0	3702	195661.897441698115	365
0	3708	196093.184819319823	366
0	3718	196722.704809979052	367
0	3720	196747.797459557581	368
0	3722	196850.448620191229	369
0	3724	196933.90439282898	370
0	3726	196976.050216885458	369
0	3731	197249.218363272201	368
0	3748	198258.455338211905	367
0	3757	198875.357281410559	368
0	3767	199117.488013736164	369
0	3769	199279.599391543873	370
0	3771	199358.819646356693	371
0	3773	199432.859562657928	372
0	3779	199682.060361858955	373
0	3781	199872.637529181491	372
0	3786	200299.481295453559	371
0	3791	200309.295872253991	372
0	3793	200777.372245870677	373
0	3795	200963.41156286708	374
0	3797	201033.660169685434	373
0	3802	201187.037216017753	374
0	3804	201337.691976647162	375
0	3813	201650.342503491294	376
0	3815	201800.447586844332	377
0	3817	202048.477074081535	378
0	3824	202266.653377147566	377
0	3829	202288.931826802662	378
0	3834	202520.693796685852	379
0	3836	202776.144967659591	380
0	3838	202885.453837213664	381
0	3848	203334.872482711624	380
0	3862	203812.44593612743	381
0	3864	203814.141284099806	382
0	3866	203897.310154641858	383
0	3868	204286.663835682961	384
0	3870	204315.849136183213	383
0	3875	204732.007818358555	384
0	3881	205109.233592519711	383
0	3889	205575.308981666404	384
0	3896	205738.880543465481	385
0	3898	205795.600437832224	386
0	3900	205814.04398459844	387
0	3906	206225.605939882051	386
0	3911	206280.788414816042	387
0	3913	206457.479444264453	388
0	3915	206641.405610404131	389
0	3917	206737.922903184088	390
0	3923	206857.260839551728	391
0	3925	206885.513735146563	392
0	3931	207122.741502816032	391
0	3936	207301.800779825764	392
0	3938	207720.105371677295	393
0	3947	207973.431493560027	392
0	3952	208011.193217799028	393
0	3954	208126.097703614937	394
0	3964	208991.895937057387	393
0	3969	209447.777563000581	394
0	3976	209669.387406140883	395
0	3978	209716.688271323912	396
0	3980	209867.468561897229	395
0	3988	210306.971642616403	396
0	4003	211076.102511440498	397
0	4005	211084.250504108321	396
0	4014	211347.364981865616	397
0	4020	212453.58600798453	396
0	4025	212546.317199918698	397
0	4027	212618.810986450646	398
0	4029	212803.205346934717	399
0	4035	213025.979044044178	400
0	4041	213773.175242607833	401
0	4043	213787.037483001303	400
0	4052	213880.278947816449	401
0	4054	214187.000290156955	402
0	4060	215369.562726723205	401
0	4069	215728.917581539288	402
0	4071	215761.983299657918	403
0	4073	216075.546188709349	404
0	4075	216182.039949774771	405
0	4077	216425.696923652839	404
0	4082	216441.746387316031	405
0	4084	216535.808576133902	406
0	4090	216996.78471508826	405
0	4095	217101.080033227088	406
0	4101	217604.259114001977	407
0	4107	217750.949992754242	408
0	4117	218550.558320352983	407
0	4122	218562.492700622783	408
0	4128	218785.739164344041	409
0	4130	219030.518476231081	410
0	4132	219190.852848920858	411
0	4134	219828.450621311171	412
0	4136	219847.727969432425	411
0	4145	220049.961517997012	412
0	4147	220123.571382475492	413
0	4149	220137.886497257445	414
0	4151	220282.858067745518	413
0	4160	220888.032321850013	412
0	4169	221537.067403590874	413
0	4171	221681.349782628672	414
0	4173	221762.027540452344	415
0	4175	221802.125481063675	414
0	4188	221898.214805225229	415
0	4193	222530.469392545266	416
0	4200	222699.354612946182	417
0	4202	222829.917356031191	416
0	4207	222913.923303126179	417
0	4213	223465.306053061603	418
0	4219	223694.263403534167	419
0	4221	223752.193821441281	420
0	4223	223845.213082228728	421
0	4225	223872.519602271674	422
0	4239	224400.424544507813	421
0	4244	224711.409099804413	420
0	4253	225279.690370308559	421
0	4259	225934.015883015644	420
0	4268	226662.941142764724	421
0	4270	226952.039659169702	422
0	4276	227013.84915243293	421
0	4285	227572.611882641841	422
0	4287	227646.900739630635	423
0	4289	227836.79917803405	424
0	4303	228609.821802931082	423
0	4308	228675.422530193551	424
0	4310	228850.368716027149	425
0	4316	229763.068119803619	424
0	4325	229893.210086902576	425
0	4327	230128.542958567094	424
0	4332	230385.528808443667	425
0	4334	230672.667711759455	426
0	4336	230698.747745330755	427
0	4342	230949.220341699373	426
0	4347	231014.988610645849	427
0	4349	231143.314209650661	428
0	4351	231153.853954317053	429
0	4361	231742.130244645516	430
0	4371	232060.250903343967	431
0	4373	232400.360442767095	430
0	4378	232726.443436632951	431
0	4388	233406.890393936451	432
0	4390	233522.273066858005	431
0	4399	233824.726241012841	432
0	4401	233951.58678350416	433
0	4403	234014.783687316422	434
0	4405	234432.804202497455	435
0	4407	234596.900460938167	434
0	4424	235696.204293266591	435
0	4426	235717.077494019496	436
0	4428	236032.689848362124	437
0	4430	236052.391849341046	436
0	4443	236829.981743725192	435
0	4448	237641.815146127891	434
0	4461	237884.290672615317	435
0	4467	238557.084905945669	436
0	4469	238638.435989842764	437
0	4471	238843.025194326591	436
0	4480	239678.979629980957	437
0	4482	239801.777049483907	436
0	4490	240153.94018722959	437
0	4505	241266.533908384527	438
0	4507	241480.786345074129	437
0	4512	241679.924472892693	438
0	4514	241682.516357680005	439
0	4520	242323.801054389663	440
0	4530	242765.398102434528	439
0	4535	242888.673884444842	440
0	4537	243246.255023399544	439
0	4542	243336.84453905921	440
0	4552	244387.471104292146	441
0	4554	244408.12751100574	442
0	4556	244544.212189938662	443
0	4558	244794.925416888845	442
0	4563	244851.198384913507	443
0	4569	244939.517647623775	444
0	4571	245268.670697161097	445
0	4581	246012.361648273144	446
0	4583	246330.882284822118	445
0	4588	246400.553025501075	446
0	4594	247007.35462811917	447
0	4600	247548.560239071202	446
0	4605	247684.43843849724	447
0	4607	247766.94716218016	448
0	4617	248875.363195533109	447
0	4622	248956.643423443002	448
0	4628	249307.131020924099	449
0	4630	249633.999827535999	448
0	4639	250455.359571011913	447
0	4648	250718.679382702394	448
0	4650	250985.692207214247	449
0	4659	251302.353369678647	450
0	4661	251353.233596762817	451
0	4663	251492.824651545034	452
0	4665	251492.98474821271	453
0	4672	251887.26347776686	454
0	4674	251964.447629670072	455
0	4676	252031.079280669046	454
0	4681	252185.611605688419	455
0	4687	252324.23667070579	456
0	4689	252381.559563806731	457
0	4691	252557.877595567831	458
0	4701	253572.325527476323	457
0	4706	253587.418662968535	458
0	4708	254204.191946487466	459
0	4710	254260.38625760924	460
0	4712	254291.268894065431	461
0	4714	254498.959073915491	462
0	4716	254532.597203582351	463
0	4718	254714.239183360887	462
0	4727	255236.594597803605	461
0	4732	255245.260621890622	462
0	4742	256135.085326970436	463
0	4747	256431.477209064694	464
0	4749	256499.659578720284	463
0	4759	257021.502880239194	464
0	4761	257386.969258854342	463
0	4766	257482.910031143435	464
0	4772	257547.152429542773	465
0	4778	258044.887710508336	466
0	4780	258232.039995901812	467
0	4786	258262.097534722597	468
0	4788	258413.083913092399	469
0	4794	258445.361936109976	470
0	4796	258793.659993763385	471
0	4802	258969.413386205388	470
0	4807	259082.729733186213	471
0	4809	259083.368199903171	472
0	4815	260302.492469404802	473
0	4817	260465.35424876417	472
0	4822	260611.912857509935	473
0	4828	260963.49627025422	474
0	4834	261835.234005695859	475
0	4836	262101.339027168406	474
0	4845	262305.459619914864	475
0	4847	262306.317644355701	476
0	4849	262449.812704230741	477
0	4851	262655.665073602499	478
0	4857	263429.014646033002	477
0	4862	263431.867676183403	478
0	4864	263455.116674898999	479
0	4870	263550.920782379568	480
0	4876	264605.142177507083	481
0	4878	264939.144365446819	480
0	4883	264979.279676306302	481
0	4889	265328.883444256512	482
0	4891	265463.235892312778	481
0	4900	265979.247997405274	482
0	4910	266693.774855234077	483
0	4912	266893.479588585151	482
0	4917	266934.669133250593	483
0	4923	267122.650390961953	484
0	4925	267334.765928897067	485
0	4927	267336.09967794429	486
0	4929	267494.368538971456	487
0	4935	268256.590887973262	486
0	4944	268719.253489332451	485
0	4949	269386.051619867048	486
0	4951	269431.975955436184	485
0	4960	269792.370567119402	486
0	4970	269931.459346177155	487
0	4972	270463.423584731474	486
0	4981	270748.70968527337	487
0	4983	270796.129494680289	488
0	4989	270861.670467289343	487
0	4994	271008.23657580294	488
0	4996	271059.519964197165	489
0	4998	271448.764521702613	490
0	5011	271871.050898837104	489
0	5016	271905.940419855476	490
0	5023	272511.129476409194	491
0	5029	273343.749031903401	490
0	5038	273991.121940880362	491
0	5048	274386.950842225791	492
0	5054	274979.574059950367	491
0	5059	275003.027793997572	492
0	5061	275281.366425367308	493
0	5063	275446.772000332363	494
0	5065	275865.320133006375	495
0	5067	275900.273876766554	496
0	5069	276230.681599857465	495
0	5074	276497.410755152062	494
0	5083	276750.691265064049	495
0	5085	277121.042497314587	496
1	0	0	0
2	0	0	0
2	90	6004.409371236497	1
2	94	6376.365544986138	0
2	100	6638.796871131444	1
2	102	6732.081607807586	0
2	113	7325.263487225556	1
2	122	7522.565132383416	0
2	153	8965.716147277661	1
2	156	9009.704633228638	2
2	163	9279.615797292598	1
2	175	9637.960775982745	0
2	181	9989.340447256499	1
2	193	10391.499408329063	2
2	197	10582.162592545308	1
2	202	10909.717328030772	0
2	338	17854.388840267593	1
2	342	18046.921736899921	0
2	441	23564.686823314215	1
2	452	24210.82865835556	0
2	458	24261.992668541308	1
2	478	24896.813556583758	0
2	491	25286.171929048534	1
2	494	25293.642600936975	2
2	496	25429.103565601792	1
2	501	25863.124713314857	0
2	519	26636.914867278348	1
2	531	27137.415682844978	0
2	537	27257.429294580754	1
2	546	28036.107649862927	0
2	554	28253.917194804336	1
2	562	28715.888732079577	0
2	573	28826.010556122448	1
2	577	29006.197774898421	0
2	718	35949.797655003306	1
2	720	36022.073244251472	0
2	741	36402.329793557686	1
2	743	36487.695261430157	0
2	766	38108.358952788796	1
2	770	38217.180085782122	0
2	852	43152.823484301728	1
2	854	43199.73196469636	0
2	953	48630.752279687835	1
2	965	48969.894136771721	0
2	993	50492.293869903473	1
2	996	50656.101992776779	2
2	998	51055.4662846999	1
2	1008	51297.527129570184	2
2	1015	51410.394931420846	1
2	1020	51904.554499503387	0
2	1041	52963.571365507482	1
2	1043	53119.389317114068	0
2	1123	58182.354196211486	1
2	1125	58188.064763037651	0
2	1361	70201.850137230173	1
2	1365	70303.696044724599	0
2	1375	70694.551393607796	1
2	1388	71051.268526990131	0
2	1407	72216.181252369822	1
2	1409	72334.311596503646	0
2	1477	75916.968590174035	1
2	1488	76249.147906093091	0
2	1540	79084.841070737855	1
2	1542	79262.513383872972	0
2	1579	81053.214837642552	1
2	1586	81354.652147008272	0
2	1604	81905.197985027151	1
2	1613	82548.058318695219	0
2	1800	92405.487130064683	1
2	1802	92460.2036685908	0
2	1973	102190.054491799491	1
2	1975	102225.981710510495	0
2	2026	105964.168638507071	1
2	2028	106084.011915330011	0
2	2100	110039.913400434126	1
2	2104	110292.834223475475	0
2	2236	118438.588289771397	1
2	2243	119101.075369812716	0
2	2381	127621.538008287718	1
2	2383	127640.354567444121	0
2	2563	138111.858962964437	1
2	2565	138453.783091552726	0
2	2576	138770.65824354457	1
2	2578	138781.291159451178	0
2	2607	140364.873316710985	1
2	2616	140966.414544800467	0
2	2635	141424.043263117022	1
2	2646	141783.629986340351	0
2	2656	142046.214540213517	1
2	2667	142653.332963375546	0
2	2685	143157.902119824834	1
2	2696	143814.519201949409	0
2	2711	144486.770825911484	1
2	2713	144516.808804538271	0
2	2779	147753.103511039338	1
2	2783	147853.087388103998	0
2	2808	148969.113436047158	1
2	2822	149525.147087959742	0
2	2854	150719.107930300927	1
2	2860	151166.501668900421	0
2	2866	151647.440073866566	1
2	2876	151892.322344681418	2
2	2878	151900.316911529919	1
2	2888	152539.246702887287	0
2	2894	152659.426728453656	1
2	2898	153118.004623711278	0
2	2909	153400.369323207235	1
2	2913	153784.13207566755	0
2	3014	158248.66009845788	1
2	3016	158543.927931547335	0
2	3022	158829.615914639256	1
2	3024	159004.922702651641	0
2	3096	162947.704403339126	1
2	3109	163426.537140313708	0
2	3231	170914.514307076285	1
2	3240	171277.25405609625	0
2	3270	172644.134747687901	1
2	3277	172884.893738519573	0
2	3324	174907.421435745606	1
2	3333	175172.679336475382	0
2	3437	180182.836406020621	1
2	3450	181017.085382318298	0
2	3456	181134.207728974695	1
2	3470	181744.483109297405	0
2	3489	182914.077134192164	1
2	3493	183353.444685744296	0
2	3503	183830.623121330689	1
2	3512	183982.013237955223	0
2	3540	185963.551139434974	1
2	3542	186028.943261945795	0
2	3550	186623.574034212332	1
2	3559	186876.345687205147	0
2	3611	189421.641739396553	1
2	3613	189903.470068233263	0
2	3658	192922.523698177363	1
2	3660	193001.959288655023	0
2	3673	193831.622281870048	1
2	3675	193852.999501632701	0
2	3711	196348.535856357018	1
2	3713	196675.740269389178	0
2	3811	201599.969333879824	1
2	3819	202258.471438050445	0
2	3832	202390.82637659664	1
2	3840	202945.259976390924	0
2	3846	203050.532948322769	1
2	3853	203393.092677466746	0
2	3887	205478.701860750269	1
2	3891	205672.947472812783	0
2	3945	207851.692791659559	1
2	3957	208621.534099023964	2
2	3959	208764.385685160932	1
2	3971	209628.870303522971	0
2	3986	209936.626001693483	1
2	3990	210343.83931061643	0
2	4110	217896.685272328731	1
2	4112	218214.610077174555	0
2	4191	221943.29050867277	1
2	4195	222540.853786463094	0
2	4228	223883.475698562514	1
2	4230	223970.053703360435	0
2	4488	240036.876037823212	1
2	4492	240213.029934581544	0
2	4498	240705.303818447691	1
2	4500	241120.339594245132	0
2	4657	251242.313024126169	1
2	4667	251520.438690254641	0
2	4745	256236.536437360746	1
2	4754	256889.580957250846	0
2	4903	266098.191891856668	1
2	4905	266580.707173565579	0
2	4963	269807.978358607916	1
2	4965	269845.595849393113	0
2	5001	271603.115643331959	1
2	5004	271659.75013746339	2
2	5006	271660.413981624125	1
2	5018	272466.537493284969	0
2	5041	274152.474235514358	1
2	5043	274161.189849743798	0
3	28	2246.140948584461	2185.8667166345
3	64	4951.804978385726	4678.7740099408
3	97	6376.365544986138	5359.3508975088
3	105	6732.081607807586	5605.0527921248
3	125	7522.565132383416	6362.9923319589
3	136	7923.383816186498	6489.127217965
3	166	9279.615797292598	7690.0123621787
3	178	9637.960775982745	7018.6259477364
3	200	10582.162592545308	8088.8915872346
3	205	10909.717328030772	8247.1385818037
3	215	11542.451122015871	8910.8789252432
3	234	12505.535575797939	9789.8268880633
3	255	13877.656038584346	10993.991238657
3	275	14805.334009364406	11801.48846428
3	317	16640.744578097174	13231.177484369
3	345	18046.921736899921	14301.973061043
3	353	18641.692597590545	13415.936688427
3	370	19663.959802095005	14173.054293458
3	397	21450.121908908868	15103.123885774
3	409	21903.516930783326	14417.605732339
3	455	24210.82865835556	16243.443562022
3	481	24896.813556583758	17366.403797358
3	499	25429.103565601792	17380.187469764
3	510	26168.802559985008	17510.142005225
3	534	27137.415682844978	18299.567850682
3	549	28036.107649862927	18722.707536969
3	565	28715.888732079577	18678.309838588
3	584	29556.324954986732	19097.734962633
3	603	30568.069306438949	19584.32559239
3	624	31483.65278111228	20302.735352987
3	685	34293.727437364099	22488.982010961
3	746	36487.695261430157	23387.394966079
3	750	36954.976392857892	23659.039363856
3	773	38217.180085782122	24439.654839354
3	788	38870.048858732145	25085.040323727
3	845	42504.138729008075	28325.145675563
3	857	43199.73196469636	28716.280528589
3	872	43929.6002938451	29433.260295098
3	904	46231.327387098385	31675.496063214
3	918	46690.375606700939	32024.242811505
3	968	48969.894136771721	33818.834968434
3	1001	51055.4662846999	35770.658956119
3	1018	51410.394931420846	35914.790177977
3	1023	51904.554499503387	36016.346020453
3	1032	52256.636823401017	36671.19229408
3	1065	53954.685303311957	37796.068847625
3	1086	55858.344369124784	39505.872425337
3	1128	58188.064763037651	41627.578943084
3	1145	58909.459731554776	42043.125952467
3	1164	60030.920509290112	42578.80279547
3	1189	61866.298907943233	43988.435431157
3	1208	62724.79871869476	44540.253966691
3	1229	63707.713332720263	45268.883999971
3	1248	65152.612841673359	46400.82460989
3	1296	67644.686200529501	47946.850235709
3	1330	69000.26340663822	49206.828142497
3	1352	69892.195902424097	49887.528283969
3	1368	70303.696044724599	50040.872472121
3	1395	71394.104794118718	50808.683572371
3	1427	72804.551742090077	51093.530369874
3	1446	73937.08800273405	52057.446010307
3	1458	74575.903330234975	52370.73324116
3	1491	76249.147906093091	53643.465938599
3	1508	77192.427750354797	54593.275998821
3	1518	77740.429392395706	54420.551338173
3	1553	79902.367928143756	56215.399537729
3	1589	81354.652147008272	57268.611427964
3	1595	81664.239803658964	57378.819860974
3	1616	82548.058318695219	58122.428356315
3	1625	82911.218437900932	58152.717142537
3	1646	83938.818676075132	59056.281508183
3	1656	84551.079047195779	59506.825381291
3	1677	86025.621316641735	59926.885339565
3	1716	87486.709716249423	60051.042870813
3	1726	88100.794472297819	59915.818603531
3	1739	88593.325609345155	60078.82764162
3	1754	89796.978220151903	61231.561065601
3	1813	92952.014902666376	63094.059631776
3	1821	93438.086887546049	63494.994573678
3	1862	96068.553546074944	65451.432783924
3	1909	98579.443308016451	67872.625716102
3	1922	98827.722643012348	67719.08950991
3	1934	99841.234634243118	68356.758574764
3	1946	100354.200776707547	68469.368963338
3	1978	102225.981710510495	70010.420634675
3	2006	103991.816467367279	71680.01562146
3	2031	106084.011915330011	73651.306861664
3	2035	106328.706027869302	73710.546902049
3	2065	108295.350987207312	75180.919605023
3	2089	109327.835221890527	76160.462218408
3	2125	111220.962932020594	77762.140588255
3	2140	112098.641070652922	77678.99155716
3	2155	112654.135475954209	78111.127619341
3	2171	113918.001109924335	79307.142491721
3	2186	114567.212790459563	79601.784423304
3	2205	116241.375871472229	81197.792964263
3	2220	117002.364992223849	81933.535756655
3	2252	119570.286961332131	84064.141249001
3	2275	120739.358014840801	84652.971055373
3	2294	121867.164269037713	85749.980467511
3	2307	122737.1954575965	86616.234080116
3	2323	123765.971304210071	87499.622167116
3	2348	125174.240474146028	88876.054295812
3	2386	127640.354567444121	90502.482091889
3	2395	127994.510737130587	90664.545128562
3	2414	129275.5786361398	91067.440781684
3	2431	130381.202379143035	92106.030001052
3	2469	133061.783175928688	94316.229537615
3	2496	134891.424462659454	95492.315344264
3	2523	136239.339222902602	96653.04528057
3	2581	138781.291159451178	98590.735144856
3	2619	140966.414544800467	100151.28388295
3	2649	141783.629986340351	100968.34728842
3	2678	142921.650552017786	101601.46073573
3	2699	143814.519201949409	102125.08442411
3	2716	144516.808804538271	102699.8796538
3	2729	145144.975102510473	103234.51535569
3	2744	145802.816445384345	102280.78468537
3	2752	146395.557537781246	102673.94501627
3	2786	147853.087388103998	104126.63525012
3	2799	148783.125101583249	103478.16774724
3	2825	149525.147087959742	104043.8774931
3	2863	151166.501668900421	105211.080165
3	2881	151900.316911529919	105982.02058832
3	2891	152539.246702887287	106495.32366732
3	2901	153118.004623711278	107118.11196873
3	2916	153784.13207566755	107544.76540641
3	2920	154080.765664078464	107481.48608993
3	2945	155359.998646075077	108724.5966404
3	2962	156041.558467470279	109148.1442059
3	2992	157487.598976236007	110454.30304799
3	3019	158543.927931547335	111472.7455218
3	3087	162267.28329257498	111997.49641574
3	3112	163426.537140313708	112307.85077219
3	3116	163807.168506201529	112560.13158514
3	3137	164840.41563120129	111998.45031522
3	3158	166170.544442603537	113044.40257837
3	3173	166983.494196994403	113592.14314971
3	3187	168136.32085896487	114580.78994983
3	3217	170059.079306949103	116304.65191991
3	3243	171277.25405609625	117396.88951865
3	3254	171781.006988793785	116850.03061552
3	3280	172884.893738519573	117638.82934947
3	3288	173171.522149689668	117525.33025461
3	3336	175172.679336475382	118009.47630356
3	3359	176637.203176612208	118939.17933167
3	3414	179284.198188208217	121282.90379174
3	3453	181017.085382318298	122875.06332447
3	3473	181744.483109297405	123347.53687531
3	3477	182177.559888264339	123469.83834997
3	3496	183353.444685744296	124574.12747637
3	3515	183982.013237955223	125116.60528701
3	3562	186876.345687205147	127187.38954667
3	3566	187177.476656841289	126948.75914656
3	3594	188592.794030266057	128286.55180229
3	3616	189903.470068233263	129486.32583197
3	3640	191272.740934699949	130214.8204341
3	3663	193001.959288655023	131242.79690327
3	3678	193852.999501632701	131855.3436951
3	3689	194707.509894440125	132250.05911469
3	3716	196675.740269389178	133993.94806478
3	3738	197477.785785164859	134708.68368305
3	3746	198058.256346652459	134730.20866994
3	3761	198935.876785101544	135592.48537491
3	3822	202258.471438050445	138417.89949816
3	3843	202945.259976390924	139055.300599
3	3856	203393.092677466746	138310.01020069
3	3860	203786.402803961362	138305.41028573
3	3904	205920.934228258383	140333.42347475
3	3929	207069.056511283096	141411.06220006
3	3962	208764.385685160932	142955.7191873
3	3974	209628.870303522971	143751.06428385
3	3993	210343.83931061643	144415.03502621
3	3997	210775.359610229906	144563.18262867
3	4012	211180.499708349059	144525.44523019
3	4033	212887.663585184317	145725.36450098
3	4050	213862.009253114637	146347.10872779
3	4067	215674.090264555242	148013.09924917
3	4099	217184.183830138471	149482.68394752
3	4115	218214.610077174555	150230.13463778
3	4126	218694.88163636456	150636.255621
3	4158	220586.724989511248	152446.07534992
3	4182	221841.063727107075	153436.74814347
3	4198	222540.853786463094	153550.12988306
3	4211	223267.513248821897	154625.05611163
3	4233	223970.053703360435	154796.11880539
3	4237	224211.720669441101	154448.36417915
3	4293	228149.123219926086	157719.15036577
3	4301	228573.058367729362	157901.16950404
3	4355	231194.001347445127	160237.73092218
3	4365	231863.701677410107	160814.79555834
3	4382	232887.890052845877	160267.54282729
3	4418	235468.012174464937	162719.26405754
3	4437	236487.151550514799	163677.76791112
3	4455	237719.419885542419	164842.67599342
3	4503	241120.339594245132	166803.58617649
3	4518	241879.438661378052	166437.029999
3	4528	242616.546905072582	166697.86190774
3	4550	243928.395215733153	167940.0971194
3	4575	245744.093899162663	169349.46715886
3	4592	246763.323078839284	169974.01131342
3	4611	248181.494602527645	171377.6805827
3	4626	249050.23458891007	172181.76460363
3	4646	250706.638459101496	172989.11640622
3	4685	252269.833345296038	173867.99897253
3	4757	256889.580957250846	177457.9804173
3	4770	257508.19319653715	178521.74642781
3	4784	258248.085895082159	178648.58464273
3	4800	258880.087247355086	178563.00619489
3	4826	260831.854313140911	180345.04410103
3	4887	264992.525652604354	182506.54001943
3	4921	267043.693464076323	183906.85289894
3	4942	268490.905865499926	185134.75340822
3	4968	269845.595849393113	185553.78813288
3	4979	270727.507379366262	187326.77121904
3	5009	271660.413981624125	186492.29521569
3	5021	272466.537493284969	186984.80524205
3	5027	273130.38124073687	187388.38049134
3	5089	277185.533438366086	190354.59689036
4	504	25863.124713314857	17081.377102194
4	580	29006.197774898421	18615.921302055
4	641	32002.980887828555	20605.984705834
4	672	33474.860626872789	21740.489739391
4	723	36022.073244251472	24104.733622997
4	813	40643.811121484426	26690.335998522
4	937	47294.791581122366	32153.922074471
4	972	49389.247529603702	34232.930650663
4	1046	53119.389317114068	37210.807895825
4	1099	56987.322791325091	40444.768057648
4	1277	66502.146149346769	47614.796535261
4	1391	71051.268526990131	51023.890873866
4	1412	72334.311596503646	51664.713009889
4	1545	79262.513383872972	55787.915338328
4	1699	87021.231457930224	60494.219361439
4	1778	91007.075298283414	62306.881591338
4	1805	92460.2036685908	63474.891219287
4	1845	94949.282002927902	64450.680160715
4	1886	97180.214662704783	66554.699511935
4	1991	102997.843660371545	70762.663533651
4	2107	110292.834223475475	77083.717129891
4	2246	119101.075369812716	83753.038742552
4	2452	132094.059932682833	93448.147817757
4	2484	133995.861797215587	94920.247457574
4	2568	138453.783091552726	98497.505426028
4	2598	139596.01709645631	99033.914133067
4	2670	142653.332963375546	101343.87032092
4	2833	150214.445467343723	104842.23085514
4	3027	159004.922702651641	110681.05953456
4	3038	159348.033873740754	110761.67067482
4	3070	161147.233460297979	110917.74218517
4	3303	173657.831299429933	117932.73058512
4	3340	175531.922713028441	118023.6073527
4	3386	178183.469252022157	120447.83360079
4	3519	184617.478046095173	125436.47797225
4	3545	186028.943261945795	126787.7728917
4	3627	190584.162888614636	129708.36362417
4	3777	199650.637134690013	136183.38722876
4	3894	205672.947472812783	140122.3090106
4	4257	225682.280121691701	155576.75963182
4	4274	226969.14218955132	156695.10597746
4	4323	229818.379532363442	158975.33412793
4	4397	233660.378863033083	161026.10693416
4	4465	238273.354828454729	164568.07439559
4	4495	240213.029934581544	166049.97319797
4	4670	251520.438690254641	173220.20437801
4	4699	253383.842274327008	174765.38867186
4	4736	256036.638543125419	177221.21672296
4	4843	262259.065939592374	180696.65466674
4	4868	263548.667237548334	181700.40436622
4	4908	266580.707173565579	183668.77571007
4	5046	274161.189849743798	188184.49397986
4	5052	274727.296552391901	188210.84846081

