version 2
run Iteration-40-20200521-09:53:11-7856
attr configname Iteration
attr datetime 20200521-09:53:11
attr experiment Iteration
attr inifile omnetpp.ini
attr iterationvars "$i=4, $j=5, $0=15-(4+5)"
attr iterationvarsf i=4,j=5,15-(4+5)-
attr measurement "$i=4, $j=5, $0=15-(4+5)"
attr network Network
attr processid 7856
attr repetition 0
attr replication #0
attr resultdir results
attr runnumber 40
attr seedset 40
itervar i 4
itervar j 5
param **.resourcePool.amount 4
param **.resourcePool1.amount 5
param **.resourcePool2.amount 15-(4+5)
param **.source.interArrivalTime exponential(6min)
param **.delay.delay uniform(4min,28min)
param **.delay1.delay uniform(10min,28min)
param **.delay2.delay uniform(4min,16min)
param **.allocate.resourceModuleName "\"Network.resourcePool\""
param **.allocate1.resourceModuleName "\"Network.resourcePool1\""
param **.allocate2.resourceModuleName "\"Network.resourcePool2\""
param **.deallocate.resourceModuleName "\"Network.resourcePool\""
param **.deallocate1.resourceModuleName "\"Network.resourcePool1\""
param **.deallocate2.resourceModuleName "\"Network.resourcePool2\""
param **.router.randomGateIndex "uniform(0, 1) > 0.2 ? 0 : 1"

vector 0 Network.allocate queueLength:vector ETV
attr interpolationmode sample-hold
attr title "queue length, vector"
vector 1 Network.allocate1 queueLength:vector ETV
attr interpolationmode sample-hold
attr title "queue length, vector"
vector 2 Network.allocate2 queueLength:vector ETV
attr interpolationmode sample-hold
attr title "queue length, vector"
vector 3 Network.sinkStat lifeTime:vector ETV
attr interpolationmode none
attr title "lifetime of arrived jobs, vector"
attr unit s
vector 4 Network.sink lifeTime:vector ETV
attr interpolationmode none
attr title "lifetime of arrived jobs, vector"
attr unit s
0	0	0	0
0	54	2479.880341899787	1
0	60	2557.308579326938	0
0	69	3085.342518905452	1
0	71	3164.450139729768	0
0	76	3181.354261026574	1
0	86	3317.836686271497	0
0	91	3396.513304390204	1
0	101	3615.631790729013	0
0	309	9047.298327485942	1
0	315	9213.764990930215	0
0	765	20998.484933677812	1
0	771	21163.503720731152	2
0	777	21323.026935307029	1
0	786	21554.682697631643	0
0	795	21787.477818495552	1
0	809	22056.395102749267	0
0	871	23430.379742462834	1
0	873	23520.753864529082	0
0	1172	31812.438300210808	1
0	1174	31875.96895551086	0
0	1179	31919.051738701049	1
0	1181	31948.771673277285	2
0	1183	31952.259300771938	3
0	1189	32099.820859036742	4
0	1191	32197.590870181849	3
0	1196	32202.009625865804	4
0	1198	32232.466960508279	5
0	1200	32326.032920140649	4
0	1209	32610.127605195965	3
0	1218	32830.006895433717	4
0	1220	32831.043390813438	5
0	1222	32874.152025410538	4
0	1227	32879.925560722289	5
0	1229	33006.14565830194	4
0	1234	33031.779866599769	5
0	1240	33116.844814318206	6
0	1242	33121.014243673139	5
0	1255	33206.688951213537	6
0	1257	33506.922643076305	7
0	1267	33608.949059274767	8
0	1269	33694.869620830502	9
0	1271	33718.076157678244	10
0	1273	33805.722165826314	9
0	1282	33904.011026411802	10
0	1292	34087.220289293553	9
0	1297	34163.138337875536	8
0	1314	34249.974661272938	9
0	1316	34317.143667202049	8
0	1321	34386.661362776165	7
0	1330	34441.674793171516	6
0	1343	34866.627271655823	5
0	1364	35147.417212815588	4
0	1381	35393.287515874558	3
0	1394	35615.799554097286	2
0	1399	35649.340099963897	1
0	1412	36063.386898429697	0
0	1422	36214.337673797811	1
0	1429	36389.291485528137	2
0	1431	36472.785988373863	1
0	1435	36500.812564578089	2
0	1437	36702.364147800558	1
0	1460	36821.999546042033	2
0	1466	36959.422020482035	3
0	1472	37159.720853450528	2
0	1476	37210.455872693663	1
0	1498	37585.180199014817	2
0	1500	37615.251811711612	3
0	1502	37657.267766816723	2
0	1506	37690.519671770564	1
0	1510	37725.385754603498	0
0	1543	38345.948675105812	1
0	1545	38692.034559415286	0
0	1549	38706.525741707021	1
0	1555	38725.325560149064	2
0	1575	38916.218279203178	3
0	1581	39163.545167680435	2
0	1586	39164.917997452251	1
0	1590	39167.328659684961	0
0	1599	39185.038358992426	1
0	1601	39230.917167159288	0
0	1626	39552.219407232402	1
0	1633	39669.507027819789	2
0	1635	39809.773688295489	1
0	1639	39819.669177952759	0
0	1651	40391.545178046155	1
0	1667	40559.371467868627	2
0	1673	40622.123497555523	1
0	1678	40628.261973129218	0
0	1712	41089.088310881585	1
0	1718	41391.292116585112	2
0	1737	41775.824907363956	1
0	1742	41846.207615005343	0
0	1785	42471.212758884763	1
0	1787	42574.27641643074	0
0	1800	42581.623644326385	1
0	1802	42647.084397405222	2
0	1812	42848.241609249152	3
0	1814	42883.156679475312	2
0	1819	42917.687030870923	3
0	1821	42930.285444751082	4
0	1831	43374.534762519217	3
0	1836	43407.413444983332	2
0	1849	43637.133424232333	1
0	1858	43709.659900718932	0
0	2083	50220.34837404881	1
0	2085	50221.47885761656	2
0	2091	50331.928199369018	3
0	2093	50486.34198638024	4
0	2095	50493.097476572667	5
0	2097	50553.720072639197	4
0	2106	50671.81126323318	3
0	2115	50697.288108528084	2
0	2120	50749.172051388134	3
0	2122	50978.572688482459	2
0	2131	51393.401883118278	1
0	2136	51582.420955409019	2
0	2146	51620.515713776977	3
0	2148	51761.650480161046	4
0	2150	51767.748739338181	3
0	2167	52220.708069522887	2
0	2172	52318.022489920273	3
0	2178	52363.058395839985	2
0	2187	52422.279241003478	3
0	2189	52445.525976830144	4
0	2199	52726.645062958084	5
0	2201	52774.770502172834	4
0	2210	53015.386532553254	5
0	2212	53113.148333080536	4
0	2221	53181.244183927387	5
0	2223	53349.674533910807	4
0	2228	53441.660410893172	3
0	2232	53444.674527822695	2
0	2236	53446.770317520549	3
0	2252	53698.549595260417	4
0	2254	53842.142734286398	3
0	2271	54501.206064500097	4
0	2281	54610.369858509562	3
0	2286	54662.114052869803	2
0	2299	54868.800283454116	1
0	2304	54924.220754795687	2
0	2306	54929.658360919616	1
0	2323	55200.862477391716	0
0	2332	55257.463445604732	1
0	2334	55273.788330881557	0
0	2396	56368.791276709063	1
0	2398	56406.28902553269	0
0	2630	64286.733496759062	1
0	2636	64329.770800794483	0
0	2641	64413.052792399394	1
0	2647	64552.380474927469	0
0	3118	77796.790522699164	1
0	3128	78040.557658345324	2
0	3130	78045.215124827313	1
0	3139	78076.989575934211	0
0	3148	78384.968391186071	1
0	3150	78578.729651246766	0
0	3309	82693.677104777439	1
0	3319	82897.917897805101	0
0	3538	87507.39188400246	1
0	3544	87621.961141109906	2
0	3546	87655.909977067294	1
0	3555	87775.006607743295	0
0	4085	104830.928597122701	1
0	4095	105095.048119314982	0
0	4100	105220.501954027227	1
0	4102	105242.512305631115	0
0	4182	107171.980461157931	1
0	4188	107316.805819874348	0
0	4197	107424.059776668009	1
0	4199	107445.075157909415	0
0	4332	110132.659338413042	1
0	4342	110417.970507717148	2
0	4348	110486.283947222034	1
0	4361	110557.603641412275	0
0	4366	110605.541997940222	1
0	4372	110669.911168661496	0
0	4426	112225.541241158156	1
0	4428	112237.447500188431	0
0	4437	112350.800778999694	1
0	4439	112426.48498384599	2
0	4461	112791.529355942785	1
0	4466	113055.653169509822	0
0	4489	113645.455271690409	1
0	4495	113828.328751403077	0
0	4504	113905.365505401604	1
0	4510	113949.380078815905	0
0	4526	114153.714956229549	1
0	4532	114294.521706209489	2
0	4534	114309.644034209621	3
0	4536	114409.144319240803	2
0	4557	114573.081743831916	1
0	4562	114789.558439145223	2
0	4568	114897.344157376377	1
0	4573	115032.074668173655	2
0	4587	115329.645627119587	1
0	4596	115466.206608169851	2
0	4606	115701.69531334104	3
0	4608	115740.280693559269	4
0	4610	115803.235512954051	3
0	4627	116203.802980908243	2
0	4636	116225.845894108696	1
0	4641	116291.446323783146	0
0	4701	117518.419208727708	1
0	4708	117664.305066816886	2
0	4710	117674.010783071095	3
0	4728	117803.617662449782	4
0	4730	117841.31380224322	3
0	4735	118003.361220311971	4
0	4745	118171.235265127268	5
0	4747	118200.937264218993	6
0	4757	118397.932623299529	5
0	4766	118429.329666209812	4
0	4775	118601.643057332384	3
0	4780	118639.5929560675	4
0	4782	118648.321104134192	3
0	4791	118897.818177935173	4
0	4797	119091.366844768766	3
0	4801	119096.001838712649	4
0	4808	119158.989880443467	5
0	4810	119214.728718903027	6
0	4812	119244.973136308362	5
0	4816	119249.235820285268	6
0	4818	119396.48211503507	7
0	4820	119494.400682327351	8
0	4822	119614.44915560394	7
0	4826	119621.094176896858	6
0	4830	119640.569078928988	7
0	4859	120271.184734145754	8
0	4865	120430.778752500842	9
0	4867	120434.688371243646	8
0	4876	120532.111292774919	7
0	4885	120606.290708254582	8
0	4887	120660.927882545638	7
0	4891	120770.428271002989	8
0	4902	120846.990648710141	9
0	4908	120859.971665454502	8
0	4921	121259.417552358766	9
0	4923	121297.054709529838	10
0	4925	121353.13714654254	9
0	4946	121638.321597087327	8
0	4951	121723.25660980906	9
0	4957	121928.650168265461	10
0	4959	121953.765135755236	9
0	4964	122007.128938042569	8
0	4973	122112.729165586773	7
0	4986	122249.81064013194	8
0	4988	122311.954109413273	9
0	4994	122471.99542438333	8
0	4998	122532.910277706976	7
0	5002	122573.366674999837	6
0	5006	122603.166026395915	7
0	5013	122678.460087872292	8
0	5019	122764.838657463661	7
0	5054	123471.328293109707	8
0	5056	123485.053202221862	7
0	5061	123525.67221427058	6
0	5065	123545.166432401685	7
0	5080	123979.617049726788	6
0	5084	123986.238000852461	5
0	5092	124063.475311483017	4
0	5100	124313.7246084168	3
0	5109	124422.146351167012	2
0	5118	124599.572011786644	1
0	5127	124637.254200689429	2
0	5133	124835.654872675609	3
0	5135	124895.344593350514	4
0	5137	124906.340498825009	3
0	5141	125006.181821317423	2
0	5154	125100.792647088638	1
0	5167	125405.210339922255	2
0	5169	125482.083120751326	1
0	5178	125514.330654305811	0
0	5182	125530.478084451645	1
0	5188	125639.410148092557	0
0	5355	128898.282616190763	1
0	5361	129010.311940038459	2
0	5371	129358.455892653068	1
0	5380	129455.413800441722	0
0	5743	139216.96896276077	1
0	5745	139234.336948649597	0
0	5769	140173.304099805731	1
0	5771	140349.05373250951	2
0	5773	140366.951478210552	1
0	5778	140434.65580987258	0
0	5934	143820.675990486526	1
0	5936	143869.832373723669	2
0	5938	144017.51439298156	1
0	5947	144146.847551664033	2
0	5949	144346.279287690334	3
0	5951	144351.561612128857	2
0	5960	144380.978356002621	3
0	5962	144426.661474768171	4
0	5968	144547.293611346567	5
0	5974	144658.968087083986	6
0	5980	144757.66223908554	5
0	5985	144798.126643734307	4
0	5990	144945.272315028101	5
0	5992	144945.298112272862	4
0	5997	144965.86844966428	3
0	6014	145220.917597214014	2
0	6019	145270.182828243479	1
0	6023	145365.114992940195	2
0	6030	145480.427667848412	1
0	6034	145624.700087778306	2
0	6045	145718.977909410626	1
0	6054	145805.056948781728	2
0	6068	146294.834943962687	3
0	6074	146402.2810090767	2
0	6083	146518.172400639143	3
0	6089	146624.890132110223	2
0	6102	146939.13246837968	1
0	6119	147243.658841647178	2
0	6125	147320.780103491873	1
0	6138	147800.198993428903	2
0	6144	147960.124749174879	1
0	6149	148174.616491842672	0
0	6395	154349.406256136283	1
0	6405	154405.374597503186	0
0	6414	154498.842534153825	1
0	6416	154537.172667702838	0
0	6476	155768.56784989212	1
0	6482	155944.017407763251	2
0	6488	156083.108935664167	3
0	6502	156480.898953961411	2
0	6507	156509.808498045831	1
0	6512	156604.959107941347	2
0	6522	156766.585995975172	3
0	6524	156779.715234770307	2
0	6537	157196.38124217993	3
0	6539	157238.459452564007	2
0	6552	157466.000977770331	3
0	6562	157740.911101239005	2
0	6575	157917.38588361296	1
0	6584	158070.05411101702	2
0	6586	158099.447127960879	3
0	6588	158167.656873560378	2
0	6593	158288.466611715144	1
0	6610	158735.260994409063	2
0	6612	158789.753964377969	1
0	6617	159022.837126838246	0
0	6717	161240.873176107973	1
0	6719	161317.552104035476	2
0	6721	161354.117074292545	3
0	6727	161391.52603671334	2
0	6740	161614.301349505518	1
0	6745	161708.826782689351	2
0	6747	161747.080938947689	3
0	6753	161825.658785103393	2
0	6758	162101.881585760452	1
0	6771	162394.838316705146	0
0	7175	174928.840095683752	1
0	7181	175137.659921941239	0
0	7194	175773.054695489476	1
0	7196	175790.812845433491	0
0	7201	175813.744085663862	1
0	7203	176004.872552671939	2
0	7205	176029.09823884032	1
0	7214	176316.546839906217	2
0	7220	176376.617284136065	3
0	7222	176441.846374371389	4
0	7224	176516.763630729992	3
0	7229	176527.93788352831	2
0	7238	176581.762379972836	1
0	7242	176631.761652092597	2
0	7249	176804.399619832567	3
0	7251	176864.664548874616	4
0	7253	176952.747124310418	5
0	7259	177118.665294802388	4
0	7272	177430.187468759336	3
0	7277	177441.457813950445	4
0	7279	177500.979523888429	3
0	7296	177937.450503415068	2
0	7301	177961.814016679663	1
0	7305	177989.48076892354	0
0	7313	178081.297050132688	1
0	7333	178373.239779510615	2
0	7335	178402.356471896009	3
0	7337	178539.699532471218	2
0	7346	178700.000817271311	1
0	7359	179041.28785393842	0
0	7367	179173.237638987748	1
0	7373	179310.677124914473	2
0	7380	179417.187053119103	3
0	7386	179485.955400249561	2
0	7399	179598.234421533425	1
0	7404	179598.861506513872	0
0	7577	184031.693605539255	1
0	7583	184134.758146739246	0
0	7588	184282.462304132985	1
0	7590	184333.164698932369	0
0	7599	184688.236966520682	1
0	7601	184728.791097493082	2
0	7603	184731.904865638555	3
0	7605	184746.958751513205	4
0	7607	184764.074397634304	3
0	7612	184922.934656592302	4
0	7614	184976.430805018955	5
0	7616	185082.672579635232	6
0	7618	185160.755367244696	5
0	7623	185197.912165161211	6
0	7633	185677.307514286281	5
0	7638	185767.983541007256	4
0	7643	185810.9985823222	3
0	7652	185919.13670881424	2
0	7656	185931.150872690158	3
0	7671	186210.680766556462	2
0	7680	186392.478302790464	1
0	7689	186589.691332354311	2
0	7691	186650.607899885823	3
0	7697	186841.259178060628	2
0	7702	186873.203996008874	1
0	7727	187267.567964236354	0
0	7732	187268.715607164323	1
0	7742	187458.324929218789	0
0	7778	187978.664580969119	1
0	7780	188021.031151495214	2
0	7782	188141.261799371482	1
0	7791	188190.487121979808	0
0	7808	188577.809906814961	1
0	7814	188954.370449561676	0
0	7967	193722.054767742387	1
0	7973	193977.793561400923	2
0	7975	193986.918350638478	1
0	7980	194105.869772780379	0
0	8210	198805.256063142151	1
0	8216	198860.052229970927	0
0	8225	198984.995558425663	1
0	8227	199053.39935013208	0
0	8232	199124.369338495317	1
0	8234	199261.428703311588	0
0	8319	201316.324402582676	1
0	8321	201328.799792908511	0
0	8326	201396.906207938048	1
0	8332	201628.258035835759	2
0	8346	202044.966960662476	1
0	8351	202057.595314014566	0
0	8679	213200.937346531296	1
0	8681	213229.373768673306	2
0	8687	213535.254225161431	1
0	8696	213671.56850983821	0
0	8701	213723.719870640782	1
0	8707	213926.94320973952	2
0	8713	214047.383540956901	1
0	8718	214127.234600852219	0
0	8813	215999.955402218362	1
0	8823	216397.357701941339	0
0	8884	217563.962898260683	1
0	8890	217662.285908196411	2
0	8892	217712.292706188806	1
0	8897	217727.189986611535	2
0	8903	217869.000945005324	3
0	8905	217877.058055962404	4
0	8911	218007.480040130248	5
0	8913	218241.019817849979	4
0	8930	218372.034305224753	5
0	8932	218391.03556950117	4
0	8937	218412.572095504291	3
0	8942	218429.926281982401	2
0	8963	218982.289593395949	3
0	8969	219109.059259520212	2
0	8978	219256.901843918845	1
0	8987	219402.339789435752	2
0	8989	219482.346006893853	1
0	8998	219571.229945798465	0
0	9158	223201.809718220539	1
0	9164	223223.877161631532	2
0	9166	223260.641892674871	3
0	9168	223280.22568770885	4
0	9170	223336.503081959052	5
0	9172	223358.277828883012	4
0	9181	223534.360938839763	5
0	9183	223788.172696920001	6
0	9189	223878.489823634624	5
0	9194	223990.019008488971	6
0	9196	224006.299486416305	5
0	9201	224036.608118269623	6
0	9203	224062.862735921303	5
0	9216	224244.436925168713	4
0	9237	224699.018002563628	5
0	9243	224858.073128047007	6
0	9257	225092.908460395197	5
0	9266	225274.656905386229	4
0	9275	225388.83109624952	3
0	9284	225534.484464968468	2
0	9305	226186.04510767976	3
0	9307	226187.058459305922	2
0	9320	226511.851132105668	1
0	9325	226599.819318796396	0
0	9445	230308.390447070145	1
0	9447	230476.121414865459	2
0	9449	230505.502321171363	1
0	9458	230585.340148135055	0
0	9547	232533.16537847345	1
0	9549	232800.623472326654	2
0	9567	233074.596239761411	1
0	9580	233246.931329778197	0
0	9585	233379.008736515083	1
0	9595	233441.273122352186	0
0	9615	233842.980388913335	1
0	9621	233936.836999817972	2
0	9635	234287.014320712771	3
0	9637	234361.974096183731	4
0	9647	234508.292762636009	3
0	9660	234740.634186142086	2
0	9669	234871.092508916381	1
0	9674	235031.378243862453	0
0	9801	238031.168606720977	1
0	9803	238106.247579390227	0
0	9840	239081.274213423451	1
0	9854	239421.775622824251	0
0	9863	239540.638476589658	1
0	9873	239659.000477867755	2
0	9879	239700.8650531989	1
0	9884	239711.331719810574	0
0	9987	242463.879204446388	1
0	9989	242649.819571490053	0
0	10002	242848.159105308195	1
0	10012	243022.926661151115	0
0	10167	246574.70863025088	1
0	10169	246660.200360171392	2
0	10179	247085.260550903205	1
0	10184	247097.196305186206	0
0	10539	256772.975119663281	1
0	10541	256778.102835336727	2
0	10547	256903.284021997138	1
0	10556	257047.394431372153	2
0	10558	257291.219839129317	1
0	10563	257306.692997439252	2
0	10565	257313.976302952052	1
0	10578	257982.628650934681	0
0	10708	260645.907666606689	1
0	10710	260674.215836086565	0
0	10888	265773.373262318754	1
0	10894	265971.500573096001	0
0	10925	266525.486280087805	1
0	10927	266550.31204765422	2
0	10929	266647.890565564339	3
0	10931	266708.058404215648	2
0	10940	266845.406484279581	3
0	10942	267197.684832565634	2
0	10955	267405.918197263487	3
0	10957	267475.091321677695	2
0	10970	267602.370738995397	1
0	10975	267688.056427665202	0
0	10980	267833.213356860401	1
0	10982	267917.138051245238	2
0	10984	267922.715570853128	1
0	10988	268071.661052720367	2
0	10995	268146.436799377929	1
0	10999	268306.655539137447	0
0	11016	268567.228503383828	1
0	11027	268927.47708347919	0
0	11383	276764.522368544851	1
0	11385	276820.199786897088	0
1	0	0	0
1	137	4801.135995994576	1
1	139	4819.96087050184	0
1	175	5474.036877688029	1
1	183	5740.474676331279	0
1	193	5907.331082625974	1
1	198	5972.273218250364	0
1	359	10353.306899805323	1
1	365	10512.614640327876	2
1	367	10543.163672695796	1
1	372	10638.738672764607	0
1	1332	34441.674793171516	1
1	1338	34722.099729958798	0
1	1345	34866.627271655823	1
1	1347	34927.315950339266	0
1	1401	35649.340099963897	1
1	1407	36023.877643152677	0
1	1414	36063.386898429697	1
1	1417	36078.854284841443	2
1	1424	36239.454946542035	1
1	1433	36472.785988373863	2
1	1439	36702.364147800558	3
1	1441	36713.351077590889	2
1	1446	36768.157375754395	1
1	1451	36798.076433518534	0
1	1474	37159.720853450528	1
1	1478	37210.455872693663	2
1	1484	37349.011622933547	1
1	1493	37465.543467925467	0
1	1504	37657.267766816723	1
1	1508	37690.519671770564	2
1	1512	37725.385754603498	3
1	1523	37925.581920219767	4
1	1525	37942.454220505038	3
1	1533	38025.233149970702	2
1	1538	38079.937418734287	1
1	1547	38692.034559415286	2
1	1557	38740.17466088372	1
1	1570	38840.177277737835	0
1	1588	39164.917997452251	1
1	1592	39167.328659684961	2
1	1594	39168.192418771616	1
1	1603	39230.917167159288	2
1	1605	39367.304740005736	1
1	1628	39586.211441686253	0
1	1637	39809.773688295489	1
1	1641	39819.669177952759	2
1	1653	40432.398431100703	1
1	1658	40469.904009608157	0
1	1684	40684.074430923514	1
1	1691	40789.479373055331	2
1	1700	40927.042770391206	1
1	1724	41544.185317379986	0
1	1748	41847.994476484867	1
1	1751	41910.289386814523	2
1	1753	41967.103323745362	1
1	1762	42138.214687601223	0
1	1860	43709.659900718932	1
1	1866	43847.985158849998	0
1	1880	44098.646004001229	1
1	1886	44149.850058115651	0
1	1892	44207.858288677041	1
1	1902	44414.389529208458	2
1	1908	44665.878872784405	1
1	1913	44670.889141167073	0
1	2230	53441.660410893172	1
1	2234	53444.674527822695	2
1	2242	53627.246538308471	1
1	2247	53664.500912090521	0
1	2256	53842.142734286398	1
1	2262	54020.508718848652	0
1	2288	54662.114052869803	1
1	2290	54733.947342436518	0
1	2308	54929.658360919616	1
1	2314	55082.552294126734	0
1	2325	55200.862477391716	1
1	2327	55254.029234521515	0
1	2336	55273.788330881557	1
1	2339	55293.221498263091	2
1	2345	55439.74608813202	1
1	2354	55588.249865295998	0
1	2360	55712.561129503376	1
1	2370	55810.351149319693	0
1	2400	56406.28902553269	1
1	2406	56533.010467664361	0
1	2424	56716.929988107345	1
1	2426	56956.643598487359	0
1	2657	64769.46773197397	1
1	2659	65048.160517643673	0
1	2690	65721.035774918041	1
1	2692	65759.038282259835	0
1	2905	71028.614132857209	1
1	2910	71293.285553494491	0
1	3355	83753.794688350982	1
1	3357	83827.140991026591	0
1	3366	83951.276009982914	1
1	3381	84240.991894745237	0
1	3580	88409.684801930877	1
1	3586	88957.167836861717	0
1	3738	92258.51256208679	1
1	3748	92579.730161737202	0
1	4124	105626.202016426994	1
1	4130	105886.066580974533	2
1	4132	105994.797968557783	1
1	4147	106423.278244017199	0
1	4235	108061.923895614162	1
1	4237	108100.698110573907	0
1	4246	108318.510337426088	1
1	4248	108447.543610255884	0
1	4296	109430.810085045596	1
1	4302	109518.050520150904	0
1	4647	116489.235333890704	1
1	4653	116538.545114473308	0
1	4659	116775.220593121702	1
1	4661	116784.155312270866	0
1	4696	117439.113958778961	1
1	4703	117621.671644144861	0
1	4799	119091.366844768766	1
1	4803	119125.03891610262	0
1	4814	119244.973136308362	1
1	4824	119614.44915560394	2
1	4828	119621.094176896858	3
1	4832	119802.930409557591	2
1	4837	119821.053046640699	1
1	4842	119950.05742950434	0
1	4889	120660.927882545638	1
1	4897	120844.217873039415	0
1	4927	121353.13714654254	1
1	4929	121451.045640269985	0
1	4966	122007.128938042569	1
1	4968	122009.023758546209	0
1	4975	122112.729165586773	1
1	4977	122134.951931568924	0
1	4996	122471.99542438333	1
1	5000	122532.910277706976	2
1	5004	122573.366674999837	3
1	5008	122673.814589507077	2
1	5021	122764.838657463661	3
1	5027	122991.698408139343	2
1	5032	123105.308060348725	1
1	5041	123291.618868225014	0
1	5063	123525.67221427058	1
1	5067	123736.38132550301	0
1	5082	123979.617049726788	1
1	5086	123986.238000852461	2
1	5094	124063.475311483017	3
1	5102	124313.7246084168	4
1	5104	124414.905150151571	3
1	5111	124422.146351167012	4
1	5113	124539.032487227341	3
1	5120	124599.572011786644	4
1	5122	124621.272033595885	3
1	5139	124906.340498825009	4
1	5143	125006.181821317423	5
1	5145	125013.336776071358	4
1	5156	125100.792647088638	5
1	5158	125126.36340076173	4
1	5171	125482.083120751326	5
1	5173	125501.20400347816	4
1	5180	125514.330654305811	5
1	5190	125639.410148092557	6
1	5196	125697.924162553097	5
1	5202	125787.953564385644	6
1	5204	126030.599106625413	5
1	5214	126081.20305243427	6
1	5219	126124.069357142544	5
1	5229	126245.591253169824	6
1	5238	126603.851524259369	5
1	5243	126629.617034434471	4
1	5248	126732.385884933865	3
1	5254	126941.059950341876	4
1	5260	127171.258150274625	3
1	5277	127521.000524135998	2
1	5282	127539.81507163564	1
1	5292	127628.792434094828	2
1	5295	127705.163136204062	3
1	5304	127891.460078288931	2
1	5309	127988.676803133856	1
1	5315	128145.984298113234	2
1	5331	128530.074529033845	1
1	5343	128796.361507978982	0
1	5416	130143.69896550809	1
1	5422	130274.70390418636	0
1	5467	130892.413727083306	1
1	5469	130919.99174495327	0
1	5837	141917.570494983588	1
1	5840	141918.799839647884	2
1	5842	141949.10799061255	1
1	5847	142090.268284990249	0
1	6021	145270.182828243479	1
1	6025	145421.532718941226	0
1	6032	145480.427667848412	1
1	6040	145686.693913774819	0
1	6047	145718.977909410626	1
1	6049	145803.721913747135	0
1	6441	155100.369552767082	1
1	6458	155448.441059118903	2
1	6463	155541.466643821626	1
1	6471	155740.992379753233	0
1	6619	159022.837126838246	1
1	6621	159318.132661322534	0
1	6639	159566.273475052899	1
1	6641	159712.228309858992	0
1	6677	160242.208604684502	1
1	6694	160604.776693818027	0
1	7240	176581.762379972836	1
1	7244	176645.190973847065	0
1	7261	177118.665294802388	1
1	7263	177240.667882578068	0
1	7281	177500.979523888429	1
1	7283	177511.304540800291	0
1	7303	177961.814016679663	1
1	7307	177989.48076892354	2
1	7315	178168.061864345226	1
1	7328	178318.575506171572	0
1	7339	178539.699532471218	1
1	7341	178651.601282849528	0
1	7348	178700.000817271311	1
1	7354	178896.909388683357	0
1	7361	179041.28785393842	1
1	7375	179330.667426573684	0
1	7410	179683.362673724432	1
1	7420	179755.63188892499	0
1	7430	179863.132740787783	1
1	7437	180217.570275111696	2
1	7439	180325.040638089752	1
1	7452	180749.110418145185	0
1	7645	185810.9985823222	1
1	7647	185823.006376106341	0
1	7654	185919.13670881424	1
1	7658	186076.679020536234	0
1	7673	186210.680766556462	1
1	7675	186353.730184638462	0
1	7682	186392.478302790464	1
1	7684	186457.574819794958	0
1	7704	186873.203996008874	1
1	7714	187006.929449204968	0
1	7756	187627.111359487809	1
1	7758	187647.226476136184	0
1	7852	189819.703447785279	1
1	7854	189819.750413925489	0
1	8015	195031.57530042681	1
1	8017	195156.596155481854	0
1	8090	196227.532479859952	1
1	8092	196497.810647719049	0
1	8141	197348.192574780766	1
1	8143	197403.731372982389	0
1	8240	199373.334801466117	1
1	8243	199779.018200132753	2
1	8245	199782.088790770532	1
1	8250	199878.926415090019	0
1	8743	214654.629172677252	1
1	8746	214662.518738819884	2
1	8755	215032.890352182997	1
1	8760	215035.253003334582	0
1	8944	218429.926281982401	1
1	8946	218430.920240723939	0
1	9004	219648.727852700539	1
1	9007	219671.023787221298	2
1	9017	219921.661231646575	1
1	9030	220270.751294597352	0
1	9205	224062.862735921303	1
1	9207	224095.921190971387	0
1	9218	224244.436925168713	1
1	9220	224344.451686595352	0
1	9485	231378.567235162922	1
1	9488	231418.646574673145	2
1	9490	231481.942097610582	1
1	9499	231641.52606447823	2
1	9504	231938.112808569123	1
1	9510	231959.07994357067	2
1	9516	232002.652738743865	1
1	9521	232006.408040112782	0
1	9703	235449.27906293309	1
1	9706	235730.376059570026	2
1	9708	235751.147264846403	1
1	9713	235834.316105560038	0
1	9723	236255.413077694002	1
1	9725	236299.22216341266	0
1	9914	240637.201574334472	1
1	9920	240771.307423765271	2
1	9922	240832.775420257866	1
1	9928	241033.095110944936	2
1	9934	241297.358730090451	1
1	9939	241344.242999664007	0
1	10210	247451.754071131998	1
1	10212	247472.838522537378	0
1	10225	248003.091903479818	1
1	10228	248076.37346765859	2
1	10230	248110.055519901906	1
1	10242	248400.67189605599	0
1	10248	248498.376971816454	1
1	10250	248577.569802954842	0
1	10611	258405.634903170458	1
1	10617	258724.36912570569	0
1	10986	267922.715570853128	1
1	10990	268089.552331968247	0
1	10997	268146.436799377929	1
1	11001	268306.655539137447	2
1	11011	268484.327551299854	1
1	11018	268609.553298256154	0
1	11029	268927.47708347919	1
1	11032	268950.363063603787	2
1	11034	268989.104427347107	1
1	11040	269031.227940567564	2
1	11042	269221.056902627255	1
1	11051	269281.106095130691	0
1	11057	269378.65750800915	1
1	11064	269525.109483835423	2
1	11066	269532.414588845371	1
1	11081	270026.077749474122	0
1	11219	273333.16061521466	1
1	11221	273365.345413076661	0
2	0	0	0
3	34	1793.6631531743	1605.1239138376
3	80	3200.722284990455	2081.0276329704
3	99	3586.027812434591	2344.4004462752
3	112	3847.010823951433	2287.7175681666
3	130	4590.050134798974	2978.9303632826
3	157	5181.404328664088	2968.742809156
3	168	5419.089549612027	3456.0097219516
3	209	6347.259736964941	3261.9172180595
3	217	6575.272437678424	3178.7591332882
3	233	6818.291358695157	2816.9776824117
3	260	7411.4679458742	2152.7473157363
3	300	8779.759588857344	3156.3091803063
3	304	8953.39488155745	3324.6590255667
3	322	9337.144337364428	3427.3013657983
3	326	9402.918363139021	2108.7838796061
3	338	9786.740965620171	2055.4639967345
3	401	11063.490601492681	2841.3744964544
3	405	11189.824641040613	2857.8097753599
3	417	11494.996474896327	3525.8872202039
3	433	12046.894725738953	2999.596398253
3	474	13350.636967490525	2894.8032710608
3	537	15088.98353557789	2879.5330032706
3	564	16079.74555510961	1666.1860698089
3	575	16348.642324604642	1760.9132577572
3	582	16459.43854862604	2989.7590481769
3	586	16484.439167959507	2795.7815027889
3	618	17428.807259623552	2786.1927125137
3	659	18561.562315600525	1607.7709348686
3	663	18795.924846071523	3428.3160252683
3	667	18847.780321448679	2727.7791756671
3	697	19677.926458583867	2385.4890078586
3	705	19726.023338762606	3323.3273936994
3	720	20030.830931045755	2684.2614280712
3	735	20287.888992853741	1875.5295801815
3	803	21892.507389832074	3377.8553238139
3	816	22073.191462481602	2115.065386137
3	828	22205.565073203306	3173.7223083805
3	832	22336.471658048871	1972.9514004663
3	840	22456.115179232795	2175.4590188619
3	861	22860.240844160815	3231.0737738572
3	869	23299.407939804942	2594.8714294564
3	884	23535.980418860179	2609.8731880914
3	900	23876.872712067017	2909.1962600313
3	945	24964.22828328284	2287.6151051838
3	987	25931.727048777087	3114.5311401319
3	998	26314.627218343789	2884.247475881
3	1022	26900.291947059489	2527.8114298359
3	1029	27291.978302024521	3066.7643746454
3	1056	28271.816256875915	2500.7880571671
3	1110	30087.476301359826	2868.7993411627
3	1133	30690.896821666433	2416.3607897982
3	1148	31043.344008143308	2454.5784942247
3	1155	31281.828066778205	2993.5200498719
3	1159	31334.786447557378	2160.7125475164
3	1187	32083.614716849617	2628.7700530048
3	1249	33160.66220739604	3323.0353576317
3	1253	33172.600642617425	2850.7880365569
3	1286	34034.260398312291	2764.9882324599
3	1308	34193.471535712113	2381.0332355013
3	1312	34238.2067686374	2289.4350953601
3	1336	34589.782207088151	2878.1808050629
3	1354	34944.036348578339	3024.9846098773
3	1375	35170.805088743444	3218.5457879715
3	1379	35349.956513042382	3147.9468871766
3	1392	35579.719384360665	3347.2524238524
3	1405	35956.989954577391	3857.1690955406
3	1458	36811.744198251121	3980.7008074377
3	1464	36903.226895114283	4023.301334392
3	1470	37126.417640799289	4009.5728264811
3	1482	37278.34288904891	4071.6539378354
3	1491	37389.147967157492	4357.3681005577
3	1516	37854.560367824386	4245.6113085496
3	1520	37900.501090643533	4205.631469813
3	1553	38721.210094014934	5214.2874509386
3	1564	38748.28703911752	4844.2760127057
3	1568	38789.673532193133	2641.9746428201
3	1612	39393.492664901146	3179.1549911033
3	1616	39401.26948812192	5151.294826849
3	1620	39449.997287556405	5731.9211298782
3	1624	39469.729435122392	2968.9168705443
3	1645	39830.169270416598	2870.7472499346
3	1716	41219.948562351863	3234.0617126481
3	1722	41539.830201666434	3193.8815265606
3	1773	42177.872372396167	2508.3653445764
3	1798	42578.761568532889	3853.4360083838
3	1843	43450.612949233993	3059.0677711878
3	1856	43657.202470840518	3097.8310029719
3	1864	43777.091302199781	2942.370647483
3	1884	44130.948622268445	3146.737070607
3	1896	44294.796099959678	2095.8349234052
3	1906	44626.005757663889	3234.7136410788
3	1924	44857.558823793759	3768.4705129122
3	1932	45226.280571407197	2378.038962158
3	1956	45665.069372689842	3083.4457283635
3	1964	45950.091989624878	3032.404958754
3	1968	46093.095508400902	3162.8100636498
3	1975	46216.29659517531	3569.2121977701
3	2034	48715.295662102178	2528.3010755572
3	2042	48935.235848205041	2709.9976906925
3	2060	49294.621433431248	2843.0979391281
3	2064	49562.353197911062	2589.7562536038
3	2072	49609.862880221537	2390.323282415
3	2129	50981.686466434548	1941.578654889
3	2176	52357.376591598372	3265.8486577403
3	2185	52393.718954735458	2646.0388048925
3	2219	53136.630380660719	2804.7021812917
3	2240	53539.514598856381	3448.6603060551
3	2260	53997.61334024465	3777.2649661958
3	2275	54551.944745925944	4065.6027595457
3	2312	54932.261696322313	4439.1642197496
3	2321	55157.748628061022	3537.232914284
3	2343	55359.950875389412	3777.5299199804
3	2352	55533.058563794699	4783.8865124066
3	2368	55801.524454790857	3483.5019648706
3	2381	56051.04812323179	3324.4030602737
3	2404	56449.51345115064	3268.2692672233
3	2417	56554.767920708042	4132.4886797046
3	2433	56976.425459348619	3529.6551418281
3	2453	57314.638197922837	2390.4174431271
3	2461	57618.248843865227	3117.0427793651
3	2473	57824.931867421306	4809.5453348681
3	2477	57985.834891610801	1883.9398864791
3	2491	58389.976070653374	2197.9761632904
3	2507	58951.960688563493	2618.9087713324
3	2526	59728.64731951305	3359.856042804
3	2545	61020.687562619432	2821.3347341493
3	2557	61378.117966558358	2102.4326218944
3	2614	63564.028655582152	1894.987904951
3	2634	64290.866150153877	2732.194216596
3	2645	64445.63526784246	1931.7159499694
3	2707	65922.24496139167	2968.2722008321
3	2711	65996.126327791259	1709.3928310322
3	2752	66724.527344126819	3425.1065046061
3	2764	67059.720878712369	1764.7480981329
3	2791	67700.152119645419	2293.2158728503
3	2798	67749.505282351343	2243.165083928
3	2822	68891.09305542226	2795.0669899676
3	2826	68941.415585859251	2417.912095841
3	2876	69983.038633608085	2613.8461348414
3	2888	70426.987108291451	2720.8790784795
3	2925	71597.076129308447	2443.8446212281
3	2937	71859.262556787142	2656.024860749
3	2945	72051.845372124573	2294.7575148102
3	2949	72072.103471573787	2734.9524824135
3	2971	72821.221120371661	3379.2465599813
3	2979	73326.05426004345	2696.4468507243
3	3001	74161.991493584202	3155.6892724335
3	3009	74785.324587878896	3617.911281595
3	3028	75291.343142358483	2934.643581938
3	3049	75818.273749370924	3047.6160760224
3	3064	76395.793528484922	3003.302296903
3	3068	76431.236262261633	2879.6526657511
3	3112	77655.087013088809	2100.7135026902
3	3116	77763.459096377265	2255.5272006243
3	3122	77828.226127105123	2844.9125795905
3	3137	78069.602228514193	2323.0813119281
3	3146	78176.980967447312	1899.7940547019
3	3205	79611.317726031492	1570.7600676862
3	3209	79825.23786874904	2789.2054410093
3	3228	80320.342898911411	3658.6420051474
3	3232	80444.684361305905	2812.6259299647
3	3267	80996.850523112888	2611.8821319268
3	3303	82475.310399183107	3231.0054920241
3	3313	82770.75836365965	3267.3687722068
3	3376	84170.141856168856	3212.5064940099
3	3392	84456.562503473889	2411.4250682294
3	3442	85343.83099112799	3565.4575742874
3	3446	85442.650543510836	3190.7673616894
3	3464	85720.912735331859	3027.2356305544
3	3472	85740.328136534884	1522.0167268999
3	3476	85979.00909922362	2282.0057047778
3	3495	86585.551486490469	2757.3418217618
3	3517	86915.672624616304	2168.4201260749
3	3525	87069.788759922093	2983.9814824518
3	3529	87106.784162019661	2589.5223089028
3	3542	87526.109195151239	3470.9766080976
3	3553	87753.647315283184	2082.0893984847
3	3629	89778.689435543807	2319.8896765709
3	3656	90638.951228313937	3924.2706291564
3	3690	91287.23745723817	3665.2763161283
3	3700	91365.635442921873	3114.3745802622
3	3716	91723.712214141012	2269.9524339382
3	3727	92022.640433771585	2931.1646775529
3	3742	92451.674463309223	2726.5185093507
3	3746	92521.240351747792	2996.8189277407
3	3766	93006.384559344768	1680.807329854
3	3782	93438.054666954303	2939.3000951037
3	3790	93836.430712657521	1999.7703636624
3	3794	93852.886470792769	2492.1234546974
3	3808	94335.512146560027	3656.1220407109
3	3845	95824.810419172696	1606.5420179442
3	3866	96310.415010623429	3307.5545283873
3	3874	96943.685248699779	2445.190737946
3	3885	97225.430714806995	2343.9943682961
3	3901	97562.047945233003	3420.4312820267
3	3909	97802.193787447973	2757.008207934
3	3948	99415.114408322381	3168.9036379941
3	3960	99993.431575697202	3957.4558760505
3	3984	100656.876969696923	2085.7430108171
3	3988	101012.692399525948	3962.4955375772
3	4004	101522.562057579381	2871.5531461313
3	4011	101708.941874447728	2639.1252367292
3	4019	101784.799689529242	2746.1927850544
3	4029	102537.303281930392	3335.0544486288
3	4065	104444.756586305805	2649.1285924986
3	4093	105025.589440757186	3369.0708124358
3	4109	105512.160500923957	3198.2138278708
3	4113	105517.787647924719	2725.4247638583
3	4142	106356.711534644224	3413.9032775536
3	4170	106873.335994212464	2164.8176837526
3	4206	107449.746719431668	3001.7072392534
3	4214	107662.792502381874	4037.4512432143
3	4218	107689.457672509112	2468.9557184819
3	4225	107860.911800433457	3029.9832033108
3	4262	108583.973027040233	2813.3205584809
3	4274	109027.31988185616	2871.2406873051
3	4286	109215.864511255032	2119.1681550723
3	4300	109445.744154467898	2273.76369331
3	4312	109679.20235318201	3306.872123871
3	4336	110294.517299117023	2477.2859462444
3	4340	110361.702935910766	3357.4186984497
3	4346	110465.348745869192	3041.2889692012
3	4379	110782.367678164487	2537.1337902886
3	4387	110917.476135043478	2877.7717789169
3	4417	112038.434428677063	2071.7069812864
3	4421	112049.851098159856	2526.3742538821
3	4447	112584.745429846513	3285.9021625109
3	4451	112631.729251138965	2499.0699127259
3	4459	112780.155247076469	2362.1847393593
3	4530	114270.723983047294	2073.2080308627
3	4547	114528.180661825045	2641.3943602424
3	4555	114560.835346222451	3955.2933482822
3	4566	114856.945528030923	2631.4042868728
3	4577	115199.647977315688	3417.8876831196
3	4594	115452.301993643103	2134.9469672609
3	4617	115844.415087553842	2198.9598158634
3	4621	115861.241059896587	2370.0402935408
3	4625	116089.744471191297	3663.2594873453
3	4671	116975.862294063772	2822.1473378342
3	4682	117105.934452421082	3200.5689470195
3	4686	117142.838593457834	3045.0034299307
3	4722	117779.629865993796	3469.9858317842
3	4755	118376.624177933679	3344.54950976
3	4764	118405.456090253646	2939.2494820838
3	4773	118525.550085769044	3735.9916466238
3	4789	118829.436933866872	3127.7416205258
3	4795	119013.10372194853	2014.092914639
3	4849	119954.838606758984	4214.5579131997
3	4874	120455.460571392449	2937.0413626647
3	4883	120563.015376928667	3170.8048193436
3	4895	120801.488314439302	3916.8541873712
3	4915	120876.237461443068	3365.8328114747
3	4944	121628.105661413392	3824.4879989636
3	4955	121885.477515487691	2987.6593375525
3	4984	122204.887522077878	4530.8767390068
3	4992	122330.808999057333	3691.2160429898
3	5017	122687.186067607945	4486.248803389
3	5052	123375.648967449958	4126.4131471647
3	5078	123906.298113018966	4691.5693941159
3	5090	123992.416020431686	4498.0153381043
3	5098	124256.839684140999	3985.6549499952
3	5131	124783.311586706659	4352.5328342058
3	5152	125018.247274824823	5377.6781958958
3	5165	125396.761412500163	6000.2792974651
3	5186	125635.498786997742	4376.081234639
3	5211	126049.410293077524	4752.3555835477
3	5226	126201.397452345809	5430.9691813428
3	5236	126594.427224267965	5747.4365755578
3	5258	126987.882004027015	5264.625394218
3	5267	127186.319563596915	4936.508923465
3	5271	127470.01637746649	4791.5562895942
3	5275	127490.342677342836	5561.6925090774
3	5289	127614.450624529964	5011.284598134
3	5302	127787.74927112343	5475.7951617102
3	5329	128392.508818526513	3755.2546178371
3	5338	128655.574380330216	5184.2460872205
3	5350	128827.940407749956	3992.2855350743
3	5387	129456.424725745565	4561.0801323951
3	5395	129553.945449051208	4023.4673645996
3	5403	129721.835622755009	4316.6252828328
3	5413	130034.511236272227	3946.8054330731
3	5420	130260.597243468037	3969.5984791642
3	5452	130727.431635438225	2983.5003515885
3	5460	130827.29881631302	1929.257586468
3	5464	130850.903736467497	2702.3950042762
3	5476	130965.327502145295	2281.9840365183
3	5510	132331.705308185021	3321.3933681466
3	5514	132364.97464466004	1834.3131752126
3	5518	132553.230374111657	3654.9477579209
3	5522	132593.819026044555	2871.346615273
3	5526	132646.026838333644	2697.5797387026
3	5569	134769.73982833831	3036.1116188765
3	5622	136143.826682417299	2470.2479764726
3	5626	136233.207768291109	2419.8597636446
3	5634	136426.731085651106	2842.2326963022
3	5638	136498.492424320594	2816.8635444436
3	5663	137143.126355655015	1726.3776749466
3	5720	138552.48998472809	2007.6039931364
3	5724	138725.507998267906	1925.6671024393
3	5756	139547.828961181671	2486.8383599818
3	5808	140866.896622144868	2819.6833003219
3	5812	141153.370035657298	1936.4010728965
3	5819	141449.899139593926	2975.6254433189
3	5834	141733.416269964812	1560.1121701591
3	5870	142512.132294637425	3783.7745004147
3	5874	142602.139874617366	3464.3888631184
3	5886	142810.175008182211	2461.1212756727
3	5904	143224.938000097118	3467.92129023
3	5914	143541.703710234521	1940.290980507
3	5922	143710.290679677241	2404.0448786784
3	5945	144047.465843430995	3250.3996760128
3	6004	145004.58274596895	1478.1999563333
3	6012	145205.867064032958	2079.1540093068
3	6038	145653.878986812773	1854.1464695334
3	6062	146157.885527579368	2337.2095370928
3	6072	146375.051198072388	2870.2140316553
3	6087	146540.005192036346	2730.6355293654
3	6117	147152.288027047757	2604.9944157012
3	6123	147290.986727239818	2944.7074395495
3	6132	147343.633959388018	3196.786407724
3	6136	147657.414140995847	3276.4357849932
3	6187	149008.520433433891	3383.8203456556
3	6195	149126.661726014346	4467.6936389304
3	6210	149317.485725480721	3512.428776699
3	6232	149664.057181567207	4298.942188627
3	6236	149879.873634339888	3585.0386903772
3	6248	150280.478239782693	3036.8193981355
3	6264	150636.470614903945	2178.9466721099
3	6276	150666.178812077716	1538.7588018179
3	6283	151043.66420279409	3243.4652093652
3	6287	151045.910559861244	4527.7381592221
3	6319	152011.856608213924	2536.1133994907
3	6349	153106.852034995931	1485.5571092293
3	6361	153365.023217159972	2376.0770651791
3	6386	154121.811063713609	2939.0511974227
3	6390	154126.884728947355	2747.3856507428
3	6434	154873.028158094606	2582.431329377
3	6445	155100.651655070801	3255.8336836472
3	6486	156052.862231830449	2551.2776679732
3	6496	156371.986588902949	2697.6836041454
3	6516	156620.20230308971	3014.2780019715
3	6520	156747.752484089078	2398.3462279528
3	6531	156816.953833673114	2188.7666699756
3	6569	157769.523429662304	3638.6659204974
3	6573	157802.237165795818	3303.394631642
3	6604	158591.022213653131	3137.9811817501
3	6670	160154.589855095774	4210.5724473325
3	6674	160156.313767783547	4387.7459178914
3	6681	160452.642928777373	3847.683820836
3	6689	160536.050976172491	3339.6697339926
3	6715	161172.985573608831	4406.3995776337
3	6725	161373.215000678653	3907.2140229083
3	6738	161487.038458420365	3416.9843474033
3	6778	162425.614104686508	3690.3531102774
3	6782	162568.253391513942	2754.7436419129
3	6794	162688.075170715207	4588.6280427543
3	6813	163104.196680554856	2181.7885223497
3	6817	163186.273440592059	3358.5746587627
3	6837	163495.537586003952	2897.7121094707
3	6856	164161.118121160263	2414.0371822126
3	6890	165116.630156172829	2034.830689067
3	6898	165330.851765995582	4013.2996619601
3	6908	165730.371872118153	4021.5450894288
3	6928	166830.447654132227	2665.8348194417
3	6939	167116.573427643077	2997.1770712081
3	6951	167613.689536448121	2240.3136594594
3	6965	167898.384267665569	3107.4996534269
3	6980	168611.891694660116	2926.9319507293
3	7013	169593.524683370856	2629.1444771457
3	7025	170399.481537972355	2625.6550255604
3	7047	170876.076680898055	3044.5361911319
3	7055	171131.973485281401	3079.7992990818
3	7059	171338.172332491707	2182.8220588714
3	7085	171792.831783832204	2466.2371995952
3	7119	173370.401046077137	2779.5260779839
3	7123	173442.337925331496	1990.1931621227
3	7134	173690.311421225431	3235.5007835571
3	7149	174051.548427857967	2622.5960715394
3	7156	174598.500183712881	2412.5049451925
3	7188	175384.354347834774	1903.0891492311
3	7218	176320.118172789356	2600.460294066
3	7236	176552.38318721089	3225.6302268058
3	7257	177058.50466715813	2505.1337431278
3	7294	177864.380760060244	2993.2798020635
3	7311	177996.037796045083	3255.6664311513
3	7352	178837.983216128204	3929.5587245005
3	7365	179054.774001984286	2612.9276276129
3	7371	179184.32987863905	3370.5857929752
3	7414	179715.69172612076	2911.2921062882
3	7427	179835.949693142989	3459.3324090069
3	7434	179897.008593760792	3892.1360410889
3	7446	180426.747595692877	4110.2007557867
3	7450	180447.44434932954	3494.6972250191
3	7497	181641.01768391848	3238.6612120225
3	7501	181649.642519566123	3276.4027400555
3	7505	181706.009567767953	4264.5517538175
3	7523	182199.691767857051	2782.5047147379
3	7554	183017.043467002814	3706.3663420883
3	7575	183602.765902468973	1848.5237009637
3	7627	185348.532746753766	3299.8594633397
3	7665	186108.635121405738	3441.2068930361
3	7669	186192.980668269147	3123.3214088716
3	7708	186965.5042514979	2236.7131540048
3	7721	187103.297137243263	3923.2556503359
3	7736	187343.158067681929	2654.9211011612
3	7749	187513.87348391922	3482.17987838
3	7753	187527.887511926805	2795.9826462882
3	7769	187843.348251631532	3560.8859474985
3	7798	188460.717493699034	3713.7587421858
3	7802	188473.414235038273	3496.9834300193
3	7821	189121.913723189996	3924.0015580288
3	7845	189626.256575302741	3695.1057026126
3	7865	190101.460568730821	3450.852668845
3	7869	190177.451197904216	3587.7598655499
3	7884	190607.691685654273	3338.9760784899
3	7899	190839.608026513001	2818.5768750178
3	7907	191041.61323279432	2463.8033259794
3	7911	191074.025060924382	3095.3604799553
3	7944	192639.999834631949	1878.3446020447
3	7958	193361.955239166352	3060.1271488611
3	7994	194272.6172779619	3005.7088415511
3	7998	194299.296992782572	3187.8264689539
3	8069	195974.474772530118	1825.1948133018
3	8083	196105.713609758751	3066.2100507226
3	8087	196161.241289256218	2668.3417560719
3	8122	196843.337487325513	3121.2827195831
3	8126	196882.744397178467	1393.4162202012
3	8130	196902.794468866558	2176.6142137628
3	8134	196922.467987408555	2944.6744260076
3	8182	198316.045019451654	3827.2318761796
3	8186	198320.138570631205	3007.1649279166
3	8204	198619.387575710222	1862.4705187976
3	8208	198724.540918887103	3070.0773539621
3	8214	198835.758867889768	2759.129597809
3	8223	198870.367687758223	2821.9506291021
3	8261	200108.921501740725	2356.2001489196
3	8273	200450.63655043071	3039.7566395067
3	8291	200693.992292586948	2866.9285019673
3	8298	200984.356979792695	3059.9822696764
3	8306	201091.540460569071	2730.3980873991
3	8330	201526.414539033459	2974.8281827504
3	8336	201730.997718712816	2606.6283802175
3	8366	202287.142387238549	3302.1468288129
3	8370	202424.017380465201	1527.9032845236
3	8407	203678.206546729294	2486.5788670722
3	8418	203992.998067710293	3520.6743409485
3	8422	204137.443495049572	3586.9786033686
3	8471	204943.520735575265	3627.1963329926
3	8479	205205.273463217405	3577.0154273816
3	8483	205320.285534850754	3923.3793269127
3	8487	205540.640661229833	2937.5685674977
3	8491	205638.619616620555	2087.8338617273
3	8517	206291.193010833596	1927.8914500773
3	8537	206992.67898353869	3144.5814189501
3	8545	207383.208446011694	3185.416399464
3	8560	207993.140285097036	3086.7662315536
3	8582	209291.651767386848	3210.3264004737
3	8601	209720.00384888869	1807.5366516877
3	8609	210452.989355125869	1343.3028277662
3	8645	211883.926900200122	3647.9953264073
3	8677	212989.510199576838	2484.349515019
3	8685	213535.038529986837	2282.8549276572
3	8711	213995.835264269837	2633.470912138
3	8736	214331.035256747725	3211.2748786155
3	8753	214857.866062958298	2857.5846666098
3	8796	215711.640476905716	3231.6671734583
3	8804	215756.975954214066	2898.5710557271
3	8808	215871.606730273591	2642.2329616003
3	8830	216431.575136773244	2707.8552661325
3	8838	216542.119891558348	3341.1825450271
3	8861	217062.207990562227	2355.0473515783
3	8865	217115.624842080263	3188.6816323407
3	8875	217233.387942011444	3021.9734258213
3	8924	218255.81579222087	2818.4701663535
3	8928	218314.121644496984	3148.5223517753
3	8953	218506.503492372988	3292.539474126
3	8957	218534.296095569564	2534.3406933512
3	9011	219876.945343775155	2483.8138846421
3	9015	219878.786365590119	3157.8489607293
3	9024	220001.250850407765	2784.6301759779
3	9028	220032.803641879061	2468.8407436184
3	9040	220582.270484558607	2705.2124285962
3	9048	220755.536823047586	3554.2881474271
3	9072	221025.61646437122	3363.3305561748
3	9090	221269.195509451742	2897.161204227
3	9094	221327.004368762786	3319.5243286325
3	9098	221423.993918080875	3696.8039314693
3	9139	222755.947940147328	2481.3283790555
3	9153	223126.723817886154	4144.4342244902
3	9162	223208.597895563641	3806.2581061279
3	9214	224121.079823143181	2644.6669110563
3	9227	224406.583434766037	2073.6552344821
3	9235	224576.595065032105	3459.9718962796
3	9247	225011.462127961935	3913.5862008389
3	9264	225232.399400626197	2191.6484879795
3	9291	225638.125038085383	2468.5329651871
3	9299	225949.421000447841	2747.6112822273
3	9314	226257.694827215532	2977.4691395067
3	9360	227622.928861989528	4399.051700358
3	9395	228403.54833182402	4413.529323335
3	9425	229611.757480227277	3425.7123725475
3	9433	229784.382655322339	5085.3646527587
3	9514	231963.142003538806	1654.7515564687
3	9553	232837.681665922482	3585.5684208311
3	9557	232854.972160065019	2972.3313034885
3	9561	232939.141359738041	2463.0199448726
3	9589	233382.105079775148	3377.0348640355
3	9606	233669.90032961664	2942.7085118278
3	9613	233805.850948764909	2738.0619458366
3	9629	234077.874146328097	2980.856818091
3	9633	234239.144490704673	2490.7237342838
3	9658	234658.686653115594	3077.747931378
3	9667	234845.671236584856	2804.721880937
3	9692	235243.155975957324	2786.5517124441
3	9720	235899.274324481338	3366.1089460079
3	9743	236540.33589099421	3739.7124186676
3	9747	236764.303057998359	3057.8598548658
3	9755	236882.625143309086	2945.7881434911
3	9759	236914.761425609503	3071.7810366962
3	9781	237318.071163453896	2956.0970672702
3	9792	237752.737169160146	2592.2908911463
3	9799	237847.522916871995	3560.5085961592
3	9844	239090.609275144973	2622.0378670469
3	9867	239554.652436378003	1867.8274749219
3	9877	239686.726073306098	2460.8555612806
3	9895	240061.041632532445	2224.0510367788
3	9899	240076.634977087025	3127.6424068585
3	9911	240584.652359401029	1847.4166883435
3	9932	241073.953906791329	3042.7853000704
3	9962	241849.232100805698	2801.2758345343
3	9966	241887.496986994189	3704.2266915087
3	9982	242407.329602194995	3326.0553887715
3	10006	242916.717045279264	3910.456348591
3	10030	243237.347890762281	3578.3474128945
3	10054	244060.933429922999	2245.1547557954
3	10073	244340.831287584987	2553.4760672506
3	10087	244638.53112971655	2174.6519252702
3	10099	244950.732394422058	3270.3102432936
3	10106	245000.506101755523	3179.3062950578
3	10121	245435.262538538721	1331.1942366511
3	10155	246098.182545868494	2870.6414501276
3	10162	246268.650611781168	3420.491506473
3	10199	247315.206006920091	2344.2232355755
3	10207	247441.008616873222	2999.0744817071
3	10222	247924.00978770232	2538.95199202
3	10237	248110.941351136891	3493.9265662618
3	10261	248672.17555437306	2512.988061402
3	10272	249156.558884228989	3186.4103009831
3	10279	249276.33232518723	3685.3840408288
3	10283	249287.107275269975	2759.3904650118
3	10313	249843.712481987421	3269.0038517365
3	10317	250056.995688198783	2558.0272250788
3	10328	250569.440846184318	2441.1732762719
3	10351	251343.631762580219	2424.0892713983
3	10369	251814.274088711706	2222.7074705902
3	10381	252098.708169622348	2535.3012007847
3	10403	252911.271961131614	3662.9273777828
3	10444	254251.628057152189	3803.7511469051
3	10471	255070.664476108861	2660.6125739962
3	10475	255306.419013103526	3903.6681459378
3	10508	255946.858852788945	1332.9197084997
3	10512	256118.187229632931	3269.0550002363
3	10516	256129.798014508029	2800.3671639785
3	10530	256380.575717348537	3139.0971925948
3	10545	256790.7681938402	2951.0386349168
3	10576	257861.237389513489	2215.5389339011
3	10604	258321.418597865759	2430.5051043816
3	10615	258707.664626950118	2460.7408993598
3	10640	259339.048089538247	3040.3253207915
3	10655	259426.53260844691	2653.5574887836
3	10665	259746.471128417381	3181.8605290074
3	10680	259888.684762866888	3110.5819275302
3	10684	259928.564484831423	2881.1700534593
3	10699	260571.621022978112	3264.9280255389
3	10703	260623.010033233569	2499.7936118452
3	10737	261366.437365946716	1909.5587835554
3	10764	262179.592343501503	1884.6967682708
3	10786	262517.129666969946	2700.5611949041
3	10790	262854.651380990887	3122.7218308859
3	10838	264256.15168870378	2293.0507273134
3	10864	265320.327469342865	2939.5381279942
3	10868	265424.362587936674	2363.8702993467
3	10876	265458.199960051672	3006.526404256
3	10883	265638.315717195391	2308.1091840751
3	10920	266391.048134818396	2278.5670562927
3	10953	267338.132221664437	2665.6399562862
3	10964	267533.234716574459	2297.6893969998
3	11005	268381.367967064529	1983.7802923936
3	11009	268415.102202345442	2650.425780192
3	11025	268895.878643444533	2634.195395736
3	11049	269242.110669413729	2691.7986217595
3	11061	269430.907759709432	3825.055188043
3	11073	269940.098759795675	4166.7254974769
3	11088	270095.886369823514	3570.4000897357
3	11092	270118.017228129114	3272.6107438495
3	11129	270876.989498218669	4229.0989326543
3	11133	270972.568372572809	3139.3550157124
3	11137	271113.331874397719	3196.1938231525
3	11164	271859.200762776806	3291.972259393
3	11205	272862.831503312179	2901.1668725498
3	11216	273136.692675477265	2469.4214183092
3	11260	274109.552959371141	1526.0981189646
3	11264	274132.878451285302	2354.2536986712
3	11280	274282.71519763485	1723.666574182
3	11302	274861.211466199688	2048.1693135029
3	11318	275336.206625831924	2285.5724901147
3	11347	276061.676932619542	1966.5819827747
3	11366	276595.324373418393	2703.8014204055
3	11378	276721.450129083804	2010.5630569998
3	11400	277098.287623844225	3264.4929875806
4	67	3061.16768474713	2500.8033051062
4	190	5744.061424804251	3264.1810829045
4	229	6717.296685614878	3535.9424245883
4	249	6950.47408556543	2550.2656748218
4	267	7748.864252659498	2703.6226076726
4	393	10818.156375671665	1835.8947540913
4	425	11563.217511364296	1702.7760156803
4	448	12601.24826591798	2402.2062664934
4	478	13352.816225904692	2676.5661038551
4	482	13370.870799443015	2680.977577446
4	504	14412.983864500248	1436.291561136
4	544	15408.323276057595	2436.0070333164
4	701	19718.232727806141	3051.5744112711
4	775	21273.53416734496	2989.1204897314
4	926	24268.889983648155	3270.4050499703
4	937	24521.233702475429	3357.7299817443
4	961	25218.952975525209	3431.4751570297
4	965	25346.466127200287	1348.1542874034
4	991	26027.262689072382	3331.9162187353
4	1048	27872.709557922759	1715.1867035776
4	1052	27984.458449902246	2603.3305415232
4	1144	31018.158463374339	3548.0623512995
4	1328	34403.494840986903	3606.9930028729
4	1388	35497.601687853762	2667.59479242
4	1649	39854.296513029937	3465.0050275018
4	1688	40733.540651836969	3118.2888401254
4	1695	40814.053764661381	3992.0542186193
4	1710	41021.016172882921	3435.8359738681
4	1760	42133.675154486276	3427.1494127793
4	1769	42138.598900118475	2586.3794928861
4	1794	42576.759362532578	3660.5410833294
4	1810	42727.014252644523	3541.9758936521
4	1928	45131.306740442841	2845.9608122706
4	1944	45519.286019223301	3048.0732603385
4	1989	46848.953083983986	2489.0875100065
4	2113	50694.115793711201	2146.1807436682
4	2161	51991.674664145759	2357.976504704
4	2193	52483.293629454206	2261.8147718376
4	2279	54591.234330092049	2829.583849931
4	2364	55756.314301513559	3310.7883246834
4	2449	57307.536879912443	3608.987284652
4	2499	58813.20247944234	3555.7390338376
4	2553	61194.480972637673	3107.7249153983
4	2593	62942.978737902642	2496.5386123862
4	2703	65879.728188171323	3805.2056176588
4	2733	66294.690025064171	3307.1501333267
4	2745	66497.867558914704	2505.4289934604
4	2776	67215.699094800567	3646.5381292719
4	2787	67678.456254378526	3265.4034619791
4	2853	69469.894475805141	3370.162813738
4	2941	71987.268517373152	2648.6447535921
4	3224	80055.721146610008	2489.4531296287
4	3256	80733.3716326883	1961.9204876572
4	3260	80893.831162671062	3097.0406399719
4	3307	82622.460359793864	3412.1474968269
4	3330	83162.694151432877	3163.7348162849
4	3426	85194.583729778386	2029.3946633488
4	3430	85219.138546106066	3230.5447620247
4	3584	88565.926711495912	2974.6968830936
4	3615	89505.028475366406	2846.2198716681
4	3622	89549.621393350916	2042.2295093485
4	3637	90075.71908663589	3835.2525049075
4	3770	93042.971238970308	1930.7626912091
4	3952	99683.907190109708	3414.4797431119
4	4166	106864.645671342312	2661.4844561275
4	4370	110610.530819254101	2100.562218558
4	4487	113597.155613139781	3544.385570297
4	4651	116491.488319476649	4140.687540477
4	4743	118124.07034560403	3829.5486393945
4	4863	120308.727102056836	2644.4220352399
4	4919	121186.568632799606	3183.2074124876
4	5025	122955.839002258274	4784.603737131
4	5039	123288.324301424567	4129.3344209811
4	5074	123747.915305104798	4651.9134663921
4	5194	125647.14660056414	5040.8558923096
4	5325	128243.526465674061	4698.3600332724
4	5484	131634.084663960214	3413.3597635198
4	5581	135232.99977472115	2995.9382642247
4	5670	137382.5577942517	2066.4701530896
4	5694	137879.573826868831	3365.6344433594
4	5716	138518.761480970424	3066.2735277973
4	5752	139334.854036584865	2130.299096927
4	5878	142625.299124058821	3499.6382300276
4	5972	144610.114441028281	1671.4415942598
4	6066	146208.856472685579	2339.0240989619
4	6142	147903.849355500729	3477.1878807326
4	6199	149126.98826506326	4181.7159500352
4	6308	151697.811899815461	2203.4480512328
4	6452	155223.149306787575	2741.818652004
4	6560	157696.862746119702	2281.4625071269
4	6600	158491.08486862188	3380.1280667167
4	6632	159372.49927186977	3787.7802594658
4	6685	160469.558345659504	4386.4494099953
4	6821	163217.234808531163	2597.0907525625
4	6829	163308.599029326879	2067.7258532189
4	6886	165037.348008936775	3683.2309346442
4	7077	171691.190200694631	2494.5195083041
4	7322	178226.962582746881	2453.9078872574
4	7326	178260.53913714074	3331.699041457
4	7418	179736.094804906838	3104.3331528142
4	7478	181014.886788927591	4150.222240053
4	7489	181473.239648591348	3391.9425984587
4	7527	182343.406079426378	1537.9021070246
4	7531	182363.61633520258	3190.3786962148
4	7581	184056.838088071453	3003.774959296
4	7712	186982.661379345795	3497.0234549325
4	7806	188532.22470967803	3609.2900530857
4	7841	189518.320998562549	4435.6484189273
4	7918	191135.44303074184	3195.1114950702
4	8043	195485.95848826847	2869.7607667465
4	8073	195999.867173576384	2747.6716890559
4	8344	201958.353095282103	3153.09703214
4	8525	206519.280244524437	2944.7007927764
4	8553	207889.746649194337	2227.7271984424
4	8620	210740.062835803131	1404.1973175947
4	8788	215609.049079711216	2638.1529135816
4	8961	218751.785600570442	2807.0797636919
4	9105	221888.906804191209	4019.9058591859
4	9255	225072.524606151139	2839.0187012125
4	9303	226024.706205804746	3177.4318958167
4	9348	227389.043106104811	4052.5400241458
4	9364	227763.60160165445	4229.2406628147
4	9372	227955.838818292697	4167.6661213727
4	9380	227986.323051280255	4725.6811586054
4	9407	229081.745522837067	5045.1374045674
4	9440	229902.292581660305	5044.2194536133
4	9456	230541.082539962445	2538.4589152504
4	9538	232235.784154376735	3075.4807812162
4	9685	235073.923243951622	2843.1467264146
4	9751	236779.193306878779	3400.1845703637
4	9996	242807.591471532028	3266.9529949424
4	10034	243440.952915417461	2789.0424084915
4	10144	245712.292012968783	3301.7247995641
4	10287	249359.610671854345	2699.410311683
4	10407	252969.131469236428	1535.786697641
4	10429	253551.378064029043	2849.9221363384
4	10624	258750.091851772054	2861.960965544
4	10741	261640.033867342498	2261.3777511008
4	10779	262394.129668352449	1748.2220017458
4	10827	263807.232989670869	3171.742171431
4	10913	266151.152851969983	2723.0444536451
4	11107	270423.221961544974	2351.5609088246
4	11145	271205.606865905951	3799.6886686425
4	11168	271942.315364094911	1986.905092299
4	11268	274148.056237554877	3736.0509987921
4	11272	274169.017175982676	3314.1744084097
4	11351	276331.151228970536	2895.6293302495

