version 2
run Iteration-72-20200521-09:55:39-71908
attr configname Iteration
attr datetime 20200521-09:55:39
attr experiment Iteration
attr inifile omnetpp.ini
attr iterationvars "$i=8, $j=3, $0=15-(8+3)"
attr iterationvarsf i=8,j=3,15-(8+3)-
attr measurement "$i=8, $j=3, $0=15-(8+3)"
attr network Network
attr processid 71908
attr repetition 0
attr replication #0
attr resultdir results
attr runnumber 72
attr seedset 72
itervar i 8
itervar j 3
param **.resourcePool.amount 8
param **.resourcePool1.amount 3
param **.resourcePool2.amount 15-(8+3)
param **.source.interArrivalTime exponential(6min)
param **.delay.delay uniform(4min,28min)
param **.delay1.delay uniform(10min,28min)
param **.delay2.delay uniform(4min,16min)
param **.allocate.resourceModuleName "\"Network.resourcePool\""
param **.allocate1.resourceModuleName "\"Network.resourcePool1\""
param **.allocate2.resourceModuleName "\"Network.resourcePool2\""
param **.deallocate.resourceModuleName "\"Network.resourcePool\""
param **.deallocate1.resourceModuleName "\"Network.resourcePool1\""
param **.deallocate2.resourceModuleName "\"Network.resourcePool2\""
param **.router.randomGateIndex "uniform(0, 1) > 0.2 ? 0 : 1"

vector 0 Network.allocate queueLength:vector ETV
attr interpolationmode sample-hold
attr title "queue length, vector"
vector 1 Network.allocate1 queueLength:vector ETV
attr interpolationmode sample-hold
attr title "queue length, vector"
vector 2 Network.allocate2 queueLength:vector ETV
attr interpolationmode sample-hold
attr title "queue length, vector"
vector 3 Network.sinkStat lifeTime:vector ETV
attr interpolationmode none
attr title "lifetime of arrived jobs, vector"
attr unit s
vector 4 Network.sink lifeTime:vector ETV
attr interpolationmode none
attr title "lifetime of arrived jobs, vector"
attr unit s
0	0	0	0
0	1396	35388.397539772079	1
0	1403	35483.89698911952	0
0	2697	67911.268587816171	1
0	2704	68079.853188097027	0
0	2708	68111.077352096853	1
0	2714	68338.13693717867	0
0	2718	68377.826671561264	1
0	2720	68544.810256205403	2
0	2722	68569.005910695679	1
0	2726	68652.644032301845	2
0	2728	68685.097460818116	1
0	2732	68695.745750162038	0
0	5778	143233.315615899253	1
0	5780	143271.852679323687	0
0	5784	143403.266967723321	1
0	5790	143504.629959728242	0
0	5794	143536.886654556028	1
0	5805	143699.337395084382	0
0	9316	231186.468464644743	1
0	9318	231246.918606880701	0
0	11275	276146.939615718604	1
0	11277	276177.171908130201	0
0	11281	276200.868291292775	1
0	11283	276255.392378506252	0
1	0	0	0
1	80	4713.522276865565	1
1	86	4957.334075565575	2
1	88	5088.005256618943	1
1	97	5171.906865634179	0
1	103	5263.923205780508	1
1	105	5348.715569431068	0
1	118	5414.871248848137	1
1	132	5913.786887622051	2
1	134	5955.211586024767	1
1	140	6079.828002338738	2
1	151	6354.225070638221	1
1	157	6354.654601237376	2
1	167	6575.943648909656	3
1	169	6899.347375067106	2
1	174	6901.943850338565	1
1	187	7113.673941650765	2
1	190	7155.89470688439	3
1	199	7467.718644601566	4
1	202	7535.391695172189	5
1	208	7711.786660639208	4
1	217	7776.72325712453	3
1	222	7796.542739024541	2
1	237	8072.606615373333	3
1	243	8168.553635152656	4
1	250	8326.466943682925	5
1	253	8410.584621826469	6
1	267	8627.20955712612	7
1	273	8676.719617009676	8
1	278	9106.992097355532	7
1	286	9188.10799448156	6
1	291	9289.987037222988	5
1	297	9468.750480813288	6
1	312	9708.124807497602	7
1	315	9739.794594340299	8
1	320	9907.406457390743	7
1	326	9939.427501924204	8
1	329	10046.909110150966	9
1	331	10227.277498341736	8
1	341	10585.795048194114	9
1	343	10645.14380648189	8
1	365	11153.266315961364	7
1	371	11158.051098637776	8
1	373	11210.137077796844	7
1	382	11669.83540264337	8
1	385	11726.304936654708	9
1	394	11974.777556484205	8
1	407	12234.174797270432	9
1	409	12263.426448874332	8
1	422	12436.364827289935	9
1	428	12501.420842405768	10
1	433	12675.891776288036	9
1	444	12937.16176307217	8
1	457	13026.73948262834	9
1	463	13242.088726482925	8
1	473	13509.796779739406	9
1	479	13638.560206331103	10
1	482	13774.423967491874	11
1	487	13887.959567343924	10
1	493	13898.752810748221	11
1	500	14043.465517230173	12
1	502	14235.60635238291	11
1	508	14377.328556808506	12
1	511	14412.871596088305	13
1	513	14427.264642812468	12
1	535	15179.105158237897	11
1	544	15217.579422460977	10
1	550	15299.545933455488	11
1	556	15633.233875006516	12
1	558	15633.676798803371	11
1	578	16125.677632823238	12
1	586	16310.556651115057	11
1	596	16345.917367248893	12
1	598	16667.553648440324	11
1	603	16840.930268604417	10
1	612	16917.734722143823	11
1	619	17009.168027186831	12
1	625	17224.297284499671	13
1	631	17314.057246151951	12
1	644	17591.473621090389	13
1	650	17930.596417154756	12
1	655	18035.820182606687	11
1	660	18087.002245852881	10
1	666	18111.900899942193	11
1	669	18206.435152843171	12
1	679	18509.011163057702	13
1	688	18803.059274772339	12
1	697	19064.468497557675	11
1	703	19172.501411234069	12
1	712	19248.978231990349	11
1	718	19568.425359103144	12
1	723	19640.013391351484	11
1	732	19865.43665940698	10
1	741	20253.745009557915	9
1	755	20681.209659594984	10
1	760	20900.170225709316	9
1	769	21131.993838826304	8
1	778	21240.438096521684	9
1	780	21244.019708292716	8
1	786	21277.325708144749	9
1	797	21893.173423998397	10
1	803	22214.019119370886	9
1	811	22287.189753897127	8
1	825	22734.490070918685	7
1	835	23036.883046412278	8
1	842	23104.135286413439	9
1	845	23254.028422186949	10
1	854	23500.168116859731	9
1	860	23520.152739677	10
1	871	23638.626134002691	9
1	876	23777.926195956924	8
1	886	23984.499276219787	9
1	896	24439.805464432514	10
1	899	24467.092683285193	11
1	906	24620.120664647571	12
1	908	24709.71519972586	11
1	916	24855.690356668195	10
1	928	25067.450951996591	11
1	930	25145.003503229108	10
1	939	25569.665047664569	11
1	949	25687.660806136363	10
1	955	25873.923065149917	11
1	962	25978.532028214608	12
1	981	26482.934600153978	13
1	983	26522.03636087302	12
1	989	26640.581372595474	13
1	992	26647.51225081724	14
1	994	26790.639891590562	13
1	999	26825.040659414762	12
1	1019	27374.735337776279	13
1	1026	27730.876942139576	14
1	1028	27792.079129915795	13
1	1040	28049.367582024279	14
1	1046	28153.275703730233	15
1	1053	28396.301392471434	16
1	1055	28408.229205919069	15
1	1061	28415.515572882513	16
1	1063	28428.000250239083	15
1	1080	29079.769024582219	14
1	1089	29231.901618026308	13
1	1113	29617.036215213746	14
1	1116	29691.605614915426	15
1	1121	29894.189927861252	14
1	1129	29996.298223061598	13
1	1135	30005.702836364781	14
1	1138	30056.035702161091	15
1	1144	30189.229699167968	16
1	1147	30196.415815734915	17
1	1153	30413.706534564134	16
1	1163	30548.736425558546	17
1	1179	30820.495948505193	18
1	1182	31069.493070812057	19
1	1188	31330.60898846117	20
1	1193	31381.550550263486	19
1	1201	31494.847616063589	18
1	1210	31694.456512043529	19
1	1213	31820.60745496417	20
1	1218	32021.365364132088	19
1	1224	32191.131378148618	20
1	1230	32214.71121165556	21
1	1233	32285.157419765544	22
1	1235	32306.012406589574	21
1	1248	32431.187167972484	20
1	1254	32670.976778286181	21
1	1266	32988.393194315594	20
1	1275	33007.649614306277	19
1	1285	33102.563697146201	20
1	1287	33114.448867332348	19
1	1293	33132.234591151768	20
1	1307	33861.586906933079	21
1	1309	33888.640245603037	20
1	1322	34046.76322659811	21
1	1325	34086.156845927642	22
1	1333	34222.331915958011	21
1	1348	34649.289481144509	20
1	1361	34843.113335970556	21
1	1364	34876.820161577092	22
1	1370	34928.289527399198	23
1	1375	35137.840028353193	22
1	1385	35180.165445512218	23
1	1398	35479.163697886852	22
1	1405	35483.89698911952	23
1	1408	35631.220268158401	24
1	1410	35632.94361900363	23
1	1416	35689.566267243506	24
1	1419	35697.164651241393	25
1	1429	36022.998429541757	26
1	1431	36139.867128314608	25
1	1441	36213.325407795984	26
1	1444	36239.92668070341	27
1	1447	36245.183726839057	28
1	1454	36327.231204801075	29
1	1460	36553.660557403801	28
1	1466	36700.358721367982	29
1	1468	36956.615278663224	28
1	1484	37766.261206543231	27
1	1495	37986.491314427568	26
1	1500	38176.594267001486	25
1	1512	38390.2385684421	24
1	1518	38446.301060998992	25
1	1525	38523.84607189185	26
1	1528	38529.363099172281	27
1	1541	39147.944994678831	26
1	1547	39150.077078258859	27
1	1549	39174.685892335712	26
1	1574	39925.987733233878	25
1	1583	40149.252405157221	26
1	1586	40176.693686442526	27
1	1592	40396.881100970636	28
1	1594	40433.092974139019	27
1	1600	40448.473141174435	28
1	1603	40454.941553544961	29
1	1612	40792.944395950174	28
1	1625	40849.845428470461	29
1	1630	41156.091137588182	28
1	1635	41187.211309637516	27
1	1644	41317.202364345818	28
1	1647	41549.528479248986	29
1	1650	41583.627736566248	30
1	1652	41719.941116821131	29
1	1662	41832.819813458818	30
1	1682	42250.399862708166	29
1	1690	42462.640466312104	28
1	1710	42914.154382149487	29
1	1716	42990.118739934455	30
1	1718	43016.279566509759	29
1	1724	43199.396922454311	30
1	1726	43215.672454222679	29
1	1736	43326.984920316807	30
1	1739	43372.413844303913	31
1	1742	43411.797555850985	32
1	1748	43788.569721317029	31
1	1754	43946.006104971894	32
1	1759	43991.781098250457	31
1	1768	44440.363140249267	30
1	1780	44933.740742387407	29
1	1785	45147.575099462285	28
1	1790	45167.186767168453	27
1	1796	45206.669038281595	28
1	1816	45693.897583907627	27
1	1822	45907.910194432482	28
1	1829	46080.829774350505	29
1	1845	46616.423579753281	30
1	1847	46647.269254628211	29
1	1853	46653.984917228435	30
1	1855	46667.796027761063	29
1	1865	46978.186739892166	30
1	1871	47286.630624136113	29
1	1876	47292.231246217727	28
1	1893	47616.812611165168	29
1	1898	47908.789704809122	28
1	1903	47928.484944415852	27
1	1911	48265.676221221796	26
1	1926	48607.845083590754	25
1	1932	48610.689583329118	26
1	1945	48936.650123830111	27
1	1951	49036.449863182491	26
1	1961	49127.103505608387	27
1	1963	49200.218336706623	26
1	1972	49237.441468015186	27
1	1975	49280.862506232959	28
1	1980	49611.643681185477	27
1	1989	49809.750652218348	26
1	1998	49894.015723331415	27
1	2005	49981.066643915637	28
1	2019	50363.675163971995	29
1	2022	50372.936330657123	30
1	2024	50514.111704000845	29
1	2030	50548.825644170963	30
1	2032	50938.798803806416	29
1	2038	50994.285960078143	30
1	2043	51152.401844406658	29
1	2056	51499.550507503265	30
1	2066	51938.527831047415	29
1	2081	52271.660322886104	30
1	2083	52334.984036240884	29
1	2088	52561.767331313453	28
1	2098	52731.415083866821	29
1	2105	52916.054684491342	30
1	2107	52942.829525138825	29
1	2116	53007.351249329903	28
1	2121	53443.245411280654	27
1	2127	53565.945658820293	28
1	2141	54275.125332730048	27
1	2146	54345.981287833415	26
1	2151	54392.789036066845	25
1	2167	54944.503159192629	26
1	2177	55390.015432627983	25
1	2182	55568.965171066687	24
1	2194	55878.915787082323	23
1	2210	56109.752537876403	24
1	2213	56302.076255488132	25
1	2222	56542.682209561804	26
1	2228	56687.041390746989	25
1	2233	56802.443181940929	24
1	2238	56886.851229479648	23
1	2254	57265.1489071109	24
1	2264	57480.565443425855	25
1	2269	57700.894754131899	24
1	2279	57917.022405796764	25
1	2282	57978.215015144722	26
1	2284	57991.655158063508	25
1	2289	58124.528784401872	24
1	2302	58480.24906150727	25
1	2315	58864.533186240098	26
1	2317	58917.788403935842	25
1	2329	59135.016642504946	24
1	2335	59194.72438860436	25
1	2337	59206.69352100619	24
1	2347	59468.77798206892	25
1	2350	59490.688558181122	26
1	2356	59820.890736959986	25
1	2366	60170.387142569999	26
1	2368	60220.729330343769	25
1	2374	60234.019576308316	26
1	2385	60516.858282996499	25
1	2390	60567.582131752856	24
1	2403	60884.712703622521	23
1	2413	61130.592308462936	24
1	2423	61690.669821085566	23
1	2432	61773.739815598025	24
1	2441	61973.827235315866	25
1	2443	62018.6401003116	24
1	2452	62134.444468827144	25
1	2457	62211.755112450213	24
1	2470	62677.645671469935	25
1	2473	62720.325009504011	26
1	2479	62811.331870721765	25
1	2484	62958.043793751085	24
1	2490	63038.420318799878	25
1	2499	63146.412765917943	24
1	2508	63235.457921773365	25
1	2517	63547.740507453255	26
1	2524	63674.390335999096	27
1	2534	63952.630802731605	26
1	2539	64183.550124870771	25
1	2547	64481.9010128529	24
1	2553	64597.897708865794	25
1	2556	64718.485159396725	26
1	2562	64796.313747226836	25
1	2568	64816.491603260653	26
1	2574	65033.965050302604	25
1	2588	65112.913515416911	26
1	2593	65143.912232274302	25
1	2606	65845.824366541224	24
1	2614	66432.821700431519	23
1	2626	66499.482563747251	22
1	2632	66519.596517881763	23
1	2642	66967.99940613898	24
1	2644	67029.11168304609	23
1	2650	67031.198977685994	24
1	2652	67246.050943968976	23
1	2669	67487.270664808464	24
1	2689	67855.29638483014	23
1	2699	68079.78610413486	22
1	2706	68079.853188097027	23
1	2716	68338.13693717867	24
1	2724	68569.005910695679	25
1	2730	68685.097460818116	26
1	2734	68695.745750162038	27
1	2744	68787.880682297209	26
1	2750	68802.345297349306	27
1	2753	68842.07429645768	28
1	2758	68848.593535663672	27
1	2764	68864.241816967724	28
1	2767	69062.439515960682	29
1	2784	69453.274738088199	30
1	2787	69466.042469329682	31
1	2789	69504.611084399903	30
1	2794	69558.666030013579	29
1	2803	69771.347252069395	30
1	2806	69917.106869385726	31
1	2809	70008.024213534419	32
1	2814	70099.720839763172	31
1	2820	70124.438879843089	32
1	2831	70199.76142843022	33
1	2833	70214.394205160084	32
1	2847	70609.719763141284	31
1	2861	70798.347638430169	32
1	2868	71062.791173988712	33
1	2877	71589.659610935274	34
1	2879	71597.427280166763	33
1	2884	71680.019143324457	32
1	2890	71800.998517877322	33
1	2893	71863.64258037362	34
1	2906	72106.459889872158	33
1	2917	72413.374725317694	32
1	2923	72448.375695591114	33
1	2929	72522.442652754603	34
1	2932	72677.88557752164	35
1	2935	72716.983890308455	36
1	2937	72747.332050924766	35
1	2959	73157.084036138067	34
1	2965	73290.409687724956	35
1	2968	73317.136378351952	36
1	2974	73503.636556154229	35
1	2980	73512.375786242738	36
1	2986	73716.941254902495	37
1	3000	73962.165202340759	38
1	3002	74063.176939518768	37
1	3007	74145.744136082167	36
1	3013	74538.717792806078	37
1	3016	74617.522848734146	38
1	3018	74649.870722953342	37
1	3030	75025.633891507629	36
1	3043	75553.266232319288	35
1	3051	75778.367998464192	34
1	3072	76135.521837259283	35
1	3081	76374.752369750813	36
1	3095	76605.67801972257	35
1	3100	76688.637277091034	34
1	3105	76757.906054746519	33
1	3111	76983.145900645308	34
1	3114	77098.776649555954	35
1	3125	77275.974142261497	36
1	3127	77330.023279979937	35
1	3133	77403.122254982819	36
1	3143	77569.05669819402	37
1	3146	77760.885307570993	38
1	3149	78081.018671040963	39
1	3155	78162.61959352919	38
1	3160	78274.403988387082	37
1	3169	78632.626743155415	38
1	3171	78754.20148435805	37
1	3184	79015.489595915806	38
1	3193	79186.071191042821	37
1	3199	79603.279732777121	38
1	3205	79770.660716861598	37
1	3210	79775.8234206062	36
1	3225	80020.576844237904	35
1	3231	80214.463700812575	36
1	3240	80545.85150796745	35
1	3249	80636.609212638457	34
1	3259	80777.620893966374	35
1	3262	80990.072439408466	36
1	3274	81122.309711476947	35
1	3280	81135.274069470197	36
1	3283	81377.962143050969	37
1	3293	81549.404698021822	36
1	3304	81975.926927425126	35
1	3309	82063.965018469487	34
1	3322	82473.849030699133	35
1	3331	82811.753283290305	34
1	3337	82897.410756619514	35
1	3344	83044.727059890851	36
1	3349	83079.730085184956	35
1	3355	83123.37366347011	36
1	3358	83244.431306803134	37
1	3368	83577.702129300331	36
1	3383	84003.598179107645	35
1	3388	84253.43957871587	34
1	3397	84381.075622307256	35
1	3403	84534.510075267052	34
1	3412	84570.774703523351	35
1	3425	85240.099466586133	34
1	3431	85296.636537218569	35
1	3437	85541.802145150096	36
1	3440	85589.779160371333	37
1	3442	85628.363165387997	36
1	3448	85766.334587416759	37
1	3451	85770.236237961736	38
1	3453	85875.429920772249	37
1	3465	85996.827475618219	36
1	3484	86796.783381885031	35
1	3497	86957.581824150064	36
1	3499	86985.357780274162	35
1	3505	87150.327150753843	36
1	3513	87356.1996414453	35
1	3519	87425.85970548914	36
1	3533	87610.279722942913	37
1	3539	87732.900796068075	38
1	3554	88295.566285204256	37
1	3563	88648.182821647105	38
1	3565	88654.165005790228	37
1	3571	88702.859107848563	38
1	3573	88737.761835524461	37
1	3589	89051.763570644329	38
1	3592	89157.676420104302	39
1	3603	89339.219430649955	40
1	3606	89469.735567726513	41
1	3608	89481.377925709048	40
1	3614	89518.887891547109	41
1	3617	89620.744865030369	42
1	3626	89863.353990761677	41
1	3632	89888.513728473483	42
1	3640	90205.9047405828	41
1	3654	90623.03652302955	42
1	3657	90731.527961037249	43
1	3659	90907.398414870838	42
1	3664	91153.69050135293	41
1	3676	91342.889149309613	42
1	3685	91866.71942873264	41
1	3700	92231.625640852535	40
1	3705	92533.639957716803	39
1	3711	92655.659338294551	40
1	3718	92755.658806481161	41
1	3721	92897.61088861548	42
1	3727	93042.602915725007	43
1	3734	93171.448397540831	44
1	3736	93367.026065837706	43
1	3741	93383.481506559647	42
1	3750	93698.345909541631	41
1	3763	94124.479426903299	40
1	3769	94204.169048428864	41
1	3771	94216.709773147593	40
1	3780	94399.845353722731	39
1	3806	95213.541127586896	38
1	3811	95442.864303480483	37
1	3820	95639.943502427028	38
1	3823	95679.140557760168	39
1	3829	95797.893897190804	38
1	3842	96085.222400820266	39
1	3844	96111.575724690802	38
1	3853	96489.533816043402	37
1	3862	96759.601950137104	36
1	3868	96819.187184251979	37
1	3871	96918.032715480862	38
1	3873	96946.711510255582	37
1	3893	97630.857914885155	36
1	3898	97751.156422549973	35
1	3906	98033.159024952139	34
1	3912	98301.71801624044	35
1	3929	98473.663833610363	34
1	3935	98499.297679413197	35
1	3944	98798.369785014537	36
1	3952	99183.50290941831	35
1	3961	99314.677483108054	34
1	3970	99446.201292790335	35
1	3973	99702.452909164116	36
1	3985	99997.37159067171	35
1	3997	100104.028691089937	36
1	4006	100492.522830287154	35
1	4012	100503.100880442457	36
1	4015	100552.104856225879	37
1	4018	100569.292952553308	38
1	4020	100580.627661662291	37
1	4029	100760.043785820625	38
1	4043	100981.625202848537	39
1	4046	100986.171594123321	40
1	4052	101184.532352773122	39
1	4061	101274.82906670463	40
1	4063	101456.310726039226	39
1	4068	101473.64432975107	38
1	4074	101561.634143735198	39
1	4077	101588.894613509104	40
1	4088	102202.823962650954	41
1	4097	102342.389065412454	40
1	4105	102632.60495635506	39
1	4110	102717.650355337347	38
1	4121	102965.285312173538	37
1	4145	103548.036378896023	36
1	4151	103596.028011092651	37
1	4153	103698.418742621432	36
1	4158	103846.610228115343	35
1	4164	103848.225797685735	36
1	4167	103875.232793923848	37
1	4170	103886.946598338493	38
1	4177	104216.916844943495	39
1	4186	104411.187072068567	38
1	4199	104876.782124882469	39
1	4201	104996.467740026884	38
1	4207	105047.401777915446	39
1	4212	105226.627890508781	38
1	4232	105774.155242078121	37
1	4246	106123.261553881849	36
1	4259	106320.468041729083	37
1	4264	106513.149146897368	36
1	4274	106611.737571886947	37
1	4277	106733.237568395787	38
1	4288	106887.855419967483	37
1	4293	106967.35429168504	36
1	4299	107051.727073361527	37
1	4302	107071.605988270603	38
1	4309	107241.893665757062	39
1	4318	107322.782649749589	40
1	4327	107587.84659381413	39
1	4333	107677.678930656921	40
1	4340	107711.620627635186	41
1	4346	108181.277621820219	40
1	4352	108221.02063262212	41
1	4355	108267.686930296507	42
1	4357	108344.023590607683	41
1	4366	108643.814997956316	40
1	4379	108751.643845659327	41
1	4382	108780.960391080954	42
1	4387	109258.507093753316	41
1	4396	109511.35234853078	40
1	4402	109675.303829972578	41
1	4408	110149.226538878094	40
1	4417	110317.249124975525	39
1	4423	110461.530961928501	40
1	4433	110900.893361823793	39
1	4441	111105.248244049143	38
1	4446	111355.301788685493	37
1	4452	111421.252980370212	38
1	4465	111863.150397626843	37
1	4479	112081.479955863323	36
1	4485	112132.534392452926	37
1	4490	112266.819128872476	36
1	4504	112375.264631954574	37
1	4514	112462.144740828676	38
1	4520	112597.125930688588	39
1	4522	112660.117255238976	38
1	4527	112959.978135743759	37
1	4540	113096.622958070979	38
1	4542	113228.009037578594	37
1	4548	113320.125457171666	38
1	4554	113371.178146502163	37
1	4569	113759.360444446675	36
1	4579	113828.436335639352	37
1	4586	114033.789661565177	38
1	4588	114077.058486756097	37
1	4597	114216.597143043937	38
1	4603	114275.525225132231	39
1	4616	114524.223607502527	38
1	4621	114624.983490647864	37
1	4627	114782.17436542947	38
1	4640	115266.070301494504	39
1	4642	115414.476806664999	38
1	4650	115542.751488441717	37
1	4659	115663.075304789118	36
1	4665	115724.016119753405	37
1	4668	115729.212819275022	38
1	4671	116113.725982181179	39
1	4685	116239.765798248208	40
1	4691	116312.063484884958	39
1	4703	116733.749815129583	40
1	4705	116825.579210266587	39
1	4710	117178.449475117187	38
1	4719	117314.333479445077	37
1	4728	117545.235834175837	36
1	4745	117677.296590701486	37
1	4748	117926.774739580502	38
1	4751	118104.952915500113	39
1	4753	118288.879684791128	38
1	4758	118400.736754465498	37
1	4774	118723.40340878882	38
1	4776	118745.515724977595	37
1	4799	119142.19034729309	38
1	4805	119296.630050953127	37
1	4820	119615.291245225162	38
1	4823	119682.305634404693	39
1	4825	119708.952292202157	38
1	4835	119829.635024158343	39
1	4837	119839.538551703255	38
1	4851	120450.30510820832	39
1	4853	120464.682685084801	38
1	4859	120760.227153079703	39
1	4865	120869.36935719446	40
1	4867	120877.89069439622	39
1	4883	121308.789356712368	38
1	4889	121343.429871177768	39
1	4892	121513.555175492285	40
1	4894	122034.566060476165	39
1	4909	122414.51341384428	38
1	4915	122644.890099168979	39
1	4917	122654.185842158433	38
1	4926	122739.546357130748	37
1	4943	123594.519175167892	38
1	4949	123793.389774573617	37
1	4954	123900.168236777347	36
1	4963	124212.515491291997	35
1	4972	124469.414795926338	36
1	4988	124949.083282023785	35
1	4993	124982.037012971588	34
1	4999	125083.304506354489	35
1	5002	125316.852069446994	36
1	5008	125365.840888437044	35
1	5019	125655.919929955271	34
1	5031	125853.740350896143	33
1	5044	126166.78923550923	34
1	5046	126187.137922369104	33
1	5076	126707.621127793477	34
1	5078	126834.65117803232	33
1	5084	126901.048013974154	34
1	5086	126982.861679753405	33
1	5092	127036.243969035731	34
1	5098	127161.37922446666	35
1	5100	127183.401052703731	34
1	5106	127254.329656823926	35
1	5109	127304.914887009243	36
1	5132	127820.122538231473	35
1	5138	127941.621795714524	36
1	5141	127963.406770609736	37
1	5146	128095.609096496947	36
1	5152	128101.215520493483	37
1	5154	128141.051042972249	36
1	5164	128321.79015297778	37
1	5167	128325.41474200709	38
1	5173	128902.447099772863	37
1	5179	129007.552593326135	38
1	5192	129089.389845955597	39
1	5194	129133.926716258866	38
1	5199	129245.128663335155	37
1	5205	129296.081703730142	38
1	5228	130334.15580218064	37
1	5234	130371.69783084865	38
1	5236	130508.497383887108	37
1	5242	130740.430989484974	38
1	5244	130802.993703995017	37
1	5256	131155.186865003097	38
1	5259	131163.117301182142	39
1	5269	131518.976988860987	38
1	5283	131950.447408774013	39
1	5285	132133.533741658713	38
1	5291	132160.585404198421	39
1	5293	132320.446817421935	38
1	5298	132440.008807646228	37
1	5318	133045.36234398761	36
1	5326	133181.828448105253	35
1	5341	133604.413256848348	34
1	5347	133691.858865039747	35
1	5350	134053.085760659903	36
1	5366	134697.72881629334	35
1	5372	134712.849543730063	36
1	5375	134716.927804439477	37
1	5377	134846.294586475588	36
1	5383	134854.830983102171	37
1	5397	135053.043735304965	36
1	5415	135571.348404436637	37
1	5418	135692.963610926509	38
1	5420	135701.522040621958	37
1	5425	135849.9837023468	36
1	5433	136091.84203613938	35
1	5439	136120.308708958022	36
1	5445	136398.051417229818	37
1	5448	136398.517548978867	38
1	5454	136422.052739043162	39
1	5457	136562.054961951007	40
1	5480	137012.62904924166	39
1	5488	137318.251929416902	38
1	5498	137482.216525724592	39
1	5506	137540.458836335849	38
1	5515	137675.664933187437	39
1	5528	137979.816567639994	40
1	5531	138020.782573323273	41
1	5534	138043.124590116623	42
1	5537	138108.119650509994	43
1	5539	138154.416284015562	42
1	5545	138236.118534327893	43
1	5557	138529.755894502742	42
1	5565	138738.573456614859	41
1	5571	138774.108100856002	42
1	5574	138828.718378171323	43
1	5576	139069.153730202626	42
1	5586	139131.067485475514	43
1	5589	139137.781205319314	44
1	5600	139563.568241686586	45
1	5602	139590.279847763596	44
1	5607	139754.3381793929	43
1	5612	139817.279287468291	42
1	5628	140054.17963996561	43
1	5631	140108.056584563257	44
1	5645	140439.09929082135	43
1	5653	140782.264189364506	42
1	5658	140804.953877957698	41
1	5671	141164.132014580051	42
1	5693	141623.658942621691	43
1	5700	141818.995872958223	44
1	5702	141970.031643829889	43
1	5707	142013.394326739174	42
1	5713	142081.346814866936	43
1	5715	142239.410361422343	42
1	5724	142311.682379413568	43
1	5727	142355.484717403429	44
1	5736	142466.092562278383	45
1	5763	142864.490757661224	46
1	5765	142930.841002850023	45
1	5770	142949.37310492026	44
1	5782	143271.852679323687	45
1	5792	143504.629959728242	46
1	5796	143597.359625719137	45
1	5807	143699.337395084382	46
1	5810	143763.801584881	47
1	5812	143797.883990312112	46
1	5818	143802.263863631393	47
1	5821	143810.537002075342	48
1	5827	144099.596569298756	49
1	5830	144200.610238428832	50
1	5833	144251.540632610501	51
1	5835	144303.889964087096	50
1	5845	144340.750000627376	51
1	5848	144456.804784123137	52
1	5854	144829.983776056788	51
1	5866	145319.398358294857	50
1	5872	145489.902235370314	51
1	5878	145576.322942957443	50
1	5891	146222.516464433952	51
1	5894	146381.22593558783	52
1	5896	146382.220929519854	51
1	5908	146683.027808413026	50
1	5925	147066.884354376957	51
1	5927	147167.624415312123	50
1	5932	147289.375805061427	49
1	5951	147644.940576527344	50
1	5953	147782.525893844314	49
1	5966	148534.269644000933	50
1	5971	148580.810633696776	49
1	5977	148673.846017388683	50
1	5991	148902.240027312587	51
1	5993	148950.495318805915	50
1	5998	148993.351684244	49
1	6004	149039.393210930366	50
1	6007	149259.885104086458	51
1	6022	149507.332788895976	50
1	6045	149922.0760480229	51
1	6047	150152.243430748232	50
1	6053	150164.937797422305	51
1	6056	150172.970706805915	52
1	6059	150199.233731749553	53
1	6065	150323.607560251531	54
1	6067	150389.808790868264	53
1	6075	150578.337029054921	52
1	6081	150647.858131073801	53
1	6083	150762.517760455259	52
1	6092	150804.285481541437	53
1	6119	151315.381289994504	52
1	6125	151330.728813402414	53
1	6127	151437.680293142911	52
1	6133	151440.22667275775	53
1	6139	151592.198568899446	54
1	6149	151892.414088737434	55
1	6152	151919.498992217526	56
1	6154	152240.493079114821	55
1	6160	152245.716907335645	56
1	6166	152287.501080402755	55
1	6172	152293.873943358764	56
1	6185	152919.703200929027	55
1	6191	152960.734541973157	56
1	6204	153220.136172361943	57
1	6206	153223.708841007319	56
1	6211	153581.469164187249	55
1	6222	153860.120417367318	54
1	6231	154044.75749718782	53
1	6248	154374.677751102738	54
1	6251	154418.816298426993	55
1	6258	154541.87507788809	56
1	6261	154631.362808727788	57
1	6270	155039.325423721584	58
1	6275	155240.498638725069	57
1	6280	155309.887636540109	56
1	6288	155652.778069663909	55
1	6294	155724.185467687133	56
1	6301	155769.968537016682	57
1	6307	155967.966929851477	58
1	6309	155971.217917375427	57
1	6319	156226.300729602529	58
1	6331	156552.497707044822	57
1	6337	156712.551349058071	58
1	6346	156911.781678678119	57
1	6352	156937.022413608723	58
1	6354	156998.017143080172	57
1	6363	157235.791752774403	58
1	6366	157250.834238700318	59
1	6386	157895.694058125955	58
1	6391	158126.995585992584	57
1	6397	158188.896724510312	58
1	6403	158414.781344164528	59
1	6409	158585.283983262699	60
1	6411	158620.53613520616	59
1	6423	158882.045794509468	58
1	6429	158966.760326096477	59
1	6438	159076.045716212714	58
1	6454	159466.124167840773	59
1	6456	159531.644464077545	58
1	6474	159679.643045509395	57
1	6480	159743.243678661403	58
1	6483	159784.669224837703	59
1	6486	159811.203039856327	60
1	6500	159912.362958358881	61
1	6505	160147.264387918288	60
1	6513	160190.755965521676	59
1	6519	160514.052349293861	60
1	6525	160536.444706315336	59
1	6535	160601.271798459865	60
1	6538	160604.905147465815	61
1	6541	160668.215159855031	62
1	6548	160844.69231803476	63
1	6555	161024.483157667429	64
1	6560	161285.580392310513	63
1	6565	161448.264084200958	62
1	6580	161785.863986084399	61
1	6586	161837.780003465105	62
1	6589	161957.103515939808	63
1	6595	162370.510922603426	62
1	6607	162563.094191806043	61
1	6616	162656.534735103535	62
1	6618	162815.873582627786	61
1	6638	163384.086426294992	60
1	6649	163596.645676687477	59
1	6658	163764.972397730795	60
1	6661	163917.548308768451	61
1	6668	163965.974068710902	62
1	6670	164076.090947122896	61
1	6679	164324.877148976667	60
1	6684	164357.855039606033	59
1	6690	164476.298297968726	60
1	6693	164556.286250126797	61
1	6710	164948.961794758376	62
1	6716	165160.580938400818	61
1	6721	165223.594265155146	60
1	6727	165246.645583096081	61
1	6730	165260.262474423868	62
1	6732	165347.703225793479	61
1	6750	166028.309196563089	60
1	6766	166086.479712388332	61
1	6769	166103.987325099829	62
1	6776	166384.302652380436	63
1	6778	166441.400682985945	62
1	6783	166515.508532680689	61
1	6800	166903.406324939248	62
1	6803	166938.650864099156	63
1	6812	167323.440842231898	62
1	6820	167439.972059199238	61
1	6830	167715.735287909129	62
1	6832	167893.039447328194	61
1	6841	168329.777391957479	62
1	6847	168393.913808934042	61
1	6853	168395.586902056141	62
1	6855	168430.903600439592	61
1	6869	168951.597719909467	62
1	6878	169249.207668805613	61
1	6884	169519.119243652154	62
1	6893	169896.946987177828	61
1	6898	169903.867842251598	60
1	6904	170039.752064101711	61
1	6917	170760.47823422414	60
1	6926	170910.12508700876	61
1	6928	171005.663067897433	60
1	6937	171359.194418717339	59
1	6943	171416.958100962387	60
1	6959	172101.166573430994	59
1	6970	172347.666592698663	58
1	6979	172628.994690014465	59
1	6982	172661.922429238249	60
1	6985	172746.517437118415	61
1	6995	172948.522145491257	60
1	7004	173028.181125234515	61
1	7006	173081.23224528844	60
1	7028	173619.087022243186	59
1	7033	173743.916272617527	58
1	7049	174063.674955541737	59
1	7052	174083.232657586465	60
1	7054	174114.928414704442	59
1	7060	174170.214651913889	60
1	7072	174406.084664935303	61
1	7075	174458.909830899045	62
1	7091	174626.310587450871	63
1	7094	174629.609290703859	64
1	7100	174835.826172748745	63
1	7106	174874.805942398507	64
1	7109	174919.150654000626	65
1	7112	174920.993590717295	66
1	7114	174932.226287437253	65
1	7119	175108.694240067273	64
1	7125	175138.346733494429	65
1	7143	175715.63260006274	66
1	7145	176004.36758967454	65
1	7154	176080.598169413189	66
1	7159	176367.3766585944	65
1	7164	176645.015165235966	64
1	7170	176667.834453760837	65
1	7173	176830.413630193252	66
1	7180	176842.706349306955	67
1	7186	176989.887166148216	66
1	7191	177260.247685335227	65
1	7203	177364.399787502482	64
1	7213	177649.54116970283	65
1	7223	178295.353638645426	64
1	7228	178409.815277902528	63
1	7233	178730.958572089323	62
1	7249	179364.774423547208	61
1	7261	179695.072199491949	60
1	7266	179820.263097718009	59
1	7271	180063.856426606074	58
1	7288	180376.746016446666	57
1	7294	180426.999223016734	58
1	7299	180791.846256170541	57
1	7305	180859.479801269541	58
1	7310	180997.46048044751	57
1	7330	181351.350593654604	56
1	7336	181592.148471858612	57
1	7339	181600.002158834049	58
1	7345	181806.275280665725	57
1	7350	181843.589993346134	56
1	7359	182018.018389608876	55
1	7376	182741.092320659972	56
1	7383	182911.151148003877	57
1	7388	183001.854174606154	56
1	7393	183359.680941168338	55
1	7398	183406.789536237882	54
1	7404	183494.75920209564	55
1	7410	183626.013253483573	54
1	7415	184158.682285839857	53
1	7435	184668.255490878249	52
1	7444	184897.39008677949	51
1	7453	185285.138323394747	50
1	7472	185516.473054031888	51
1	7475	185662.882380579478	52
1	7484	185887.046350476916	51
1	7492	186040.116071099581	50
1	7504	186166.963402510918	51
1	7513	186528.742507154241	50
1	7522	186682.110488842029	51
1	7529	186784.457032561312	52
1	7535	186864.637522614646	53
1	7537	186884.667205227192	52
1	7543	186893.88244516454	53
1	7548	187135.394053001076	52
1	7554	187180.325402071478	53
1	7568	187673.900157605657	54
1	7571	187689.937553963766	55
1	7573	187705.721056642177	54
1	7586	187964.907479292928	55
1	7589	188026.006210283609	56
1	7595	188362.689070103809	55
1	7601	188475.172533366047	56
1	7603	188514.633860638018	55
1	7613	189042.194974672717	56
1	7618	189140.356249412688	55
1	7627	189299.221200931936	54
1	7650	189803.939626258654	55
1	7653	190054.678691843967	56
1	7655	190096.473367115136	55
1	7661	190176.353730513163	56
1	7663	190425.146480200931	55
1	7668	190439.442204315382	54
1	7686	190926.391059181677	55
1	7688	190930.343626452263	54
1	7697	191635.992610965043	53
1	7708	192116.192246837708	52
1	7714	192449.735171279408	53
1	7716	192531.784422708328	52
1	7725	192731.067410063117	51
1	7737	193049.173220353368	50
1	7742	193165.948822995301	49
1	7759	193423.597852722877	50
1	7764	193550.486993657544	49
1	7774	193631.895961892986	50
1	7781	193860.32575837222	51
1	7790	194382.280284729022	50
1	7796	194430.455599295513	51
1	7804	194682.757694221686	50
1	7810	194895.328574965151	51
1	7813	194950.326881732665	52
1	7822	195199.247424367934	51
1	7831	195632.284766262564	50
1	7841	195724.2829259055	51
1	7846	196322.930003389369	50
1	7855	196553.627539973825	49
1	7866	196690.043084001336	48
1	7875	196821.151901065419	49
1	7884	196948.815818525504	48
1	7897	197184.175052565403	49
1	7908	197507.460469398776	50
1	7913	197595.563091499898	49
1	7919	197606.848788362441	50
1	7925	197636.447151489205	51
1	7927	197736.612194672346	50
1	7939	198187.447785493104	51
1	7945	198321.306822117071	50
1	7954	198355.948789829585	51
1	7960	198568.207107016936	50
1	7965	198575.907297101039	49
1	7971	198581.80319431514	50
1	7978	198733.43201505816	51
1	7981	198763.378204218353	52
1	7993	199061.753762167092	53
1	8010	199366.698955587031	54
1	8012	199368.488465868104	53
1	8017	199548.645962647747	52
1	8026	199893.475936687686	53
1	8029	199947.691288339238	54
1	8031	200028.116659781084	53
1	8037	200116.494092654961	54
1	8040	200129.315420991786	55
1	8045	200182.098229651924	54
1	8059	200339.00611703746	55
1	8061	200474.581424625758	54
1	8067	200562.367153449687	55
1	8077	200697.790602720003	56
1	8083	200841.534099055574	55
1	8088	201165.366391179737	54
1	8097	201284.421881441195	53
1	8110	201682.529507836447	52
1	8119	202230.752715658565	51
1	8125	202233.519306550166	52
1	8127	202269.059963183131	51
1	8145	202648.57614916575	50
1	8160	203088.890699180012	49
1	8166	203112.449099329542	50
1	8176	203187.097881142282	51
1	8178	203262.590691003602	50
1	8188	203363.984582622177	51
1	8195	203528.739059954061	52
1	8200	203914.25483964773	51
1	8210	204077.811470095454	52
1	8218	204243.774761416138	51
1	8224	204303.297392861581	52
1	8230	204796.965824018798	53
1	8239	204916.467832544472	52
1	8249	205097.724292769417	53
1	8257	205190.710852923041	52
1	8263	205192.71913931264	53
1	8270	205238.838814434841	54
1	8272	205499.372901253522	53
1	8278	205505.470574823158	54
1	8294	206073.869073906567	53
1	8306	206437.502619270176	54
1	8308	206441.376095054841	53
1	8314	206586.220380484831	54
1	8321	206785.957562628746	55
1	8329	206974.464197510973	54
1	8335	207105.0836514914	55
1	8338	207112.848278772775	56
1	8345	207597.225884046753	57
1	8354	207677.213747886595	56
1	8360	207771.31599728293	57
1	8362	207798.503783768213	56
1	8371	207960.140622716642	57
1	8373	207999.275168309108	56
1	8390	208464.962501647275	57
1	8399	208985.297181325153	56
1	8405	209044.651849321519	57
1	8411	209139.222044592469	58
1	8413	209268.283553070974	57
1	8419	209329.446952662942	58
1	8421	209382.28661479818	57
1	8427	209856.973091006059	58
1	8429	209873.734100785226	57
1	8450	210446.254740696054	56
1	8458	210767.616290448353	55
1	8463	210827.509195575661	54
1	8477	211343.05381823598	55
1	8479	211475.950976939526	54
1	8491	211810.270176440648	53
1	8507	212387.150805702553	52
1	8512	212418.901518689123	51
1	8531	212811.473273924197	52
1	8533	212947.288501806728	51
1	8539	212958.212878377384	52
1	8542	213002.250830230819	53
1	8544	213047.912958523379	52
1	8557	213173.566357986567	53
1	8563	213630.431591881094	52
1	8568	213650.012625776402	51
1	8574	213657.347489669296	52
1	8584	213943.259243607718	53
1	8597	214540.062873780848	52
1	8603	214649.622197136629	53
1	8608	214739.38605895604	52
1	8614	215090.726502620887	53
1	8616	215142.528186801942	52
1	8621	215231.819163713775	51
1	8634	215496.519040142773	50
1	8646	216013.748187482528	49
1	8652	216022.934228623648	50
1	8659	216125.058091045087	51
1	8668	216424.522123740642	50
1	8676	216523.179193155961	49
1	8695	217245.293833877547	48
1	8713	217405.895508215002	47
1	8719	217456.845169966129	48
1	8725	217610.215285618935	49
1	8728	217613.316759847085	50
1	8738	217764.8900297622	51
1	8741	217830.968180613536	52
1	8750	218023.235111095132	51
1	8755	218044.906078971578	50
1	8767	218209.131065587272	51
1	8774	218447.369651547568	52
1	8776	218567.923294840551	51
1	8789	218644.593842281074	52
1	8798	218922.164023043254	53
1	8801	218937.609858363552	54
1	8804	219037.025450625716	55
1	8807	219077.203342691196	56
1	8810	219172.660053541195	57
1	8812	219209.586780195711	56
1	8822	219351.120107831323	57
1	8824	219379.058260263996	56
1	8829	219582.878635632045	55
1	8837	219915.619168256996	54
1	8852	220052.457118833558	53
1	8858	220081.434131953466	54
1	8868	220257.93763771522	55
1	8881	220622.809616824267	54
1	8887	220730.363262302293	55
1	8889	220741.951417409004	54
1	8899	220838.06609795047	55
1	8909	221261.3143089732	54
1	8915	221297.948967299492	55
1	8918	221353.607889632384	56
1	8923	221538.987389890132	55
1	8934	221868.455978639544	54
1	8951	222292.188950758256	55
1	8957	222520.956466052852	54
1	8963	222690.781632237711	55
1	8968	222803.55967826967	54
1	8973	222835.543172940267	53
1	8983	223197.942909751684	54
1	8986	223222.477789065368	55
1	8988	223378.234405707739	54
1	8997	223521.07498961316	55
1	9002	223585.453665138809	54
1	9015	223783.48692802538	53
1	9027	224013.996106976814	52
1	9036	224245.697044970047	53
1	9039	224385.861782454049	54
1	9056	224857.190438018767	53
1	9064	225121.578933175773	52
1	9069	225308.399315200917	51
1	9075	225397.818388475708	52
1	9089	225669.924276056314	53
1	9102	226020.760884673177	54
1	9105	226079.25537956521	55
1	9107	226193.022555381179	54
1	9115	226448.527183517469	53
1	9127	226783.800520006738	52
1	9133	226932.005771493441	53
1	9136	226937.002538680172	54
1	9139	226979.857296449392	55
1	9142	227054.650440498492	56
1	9155	227475.781606727261	57
1	9167	227740.626048602283	56
1	9172	227978.92490906979	55
1	9183	228177.400546347893	54
1	9189	228298.976792989518	55
1	9199	228350.731411693006	56
1	9206	228380.451622960655	57
1	9209	228388.194725409669	58
1	9212	228389.975612062643	59
1	9218	228706.925954541096	60
1	9220	228719.181357750788	59
1	9230	229114.002610281349	60
1	9237	229214.124032581949	61
1	9239	229390.809016482561	60
1	9247	229829.919322947211	59
1	9259	230266.45862260659	58
1	9265	230498.994704521687	59
1	9271	230664.366277255289	58
1	9280	230724.757930585614	59
1	9305	231009.670512605115	58
1	9320	231246.918606880701	59
1	9323	231341.442007350093	60
1	9326	231355.620346343385	61
1	9332	231539.332126395896	60
1	9341	231654.136683526642	61
1	9343	231668.647984530948	60
1	9349	231735.591765032661	61
1	9354	231796.247661936685	60
1	9363	232015.311375054454	61
1	9373	232358.860746313747	62
1	9380	232478.695202398472	63
1	9387	232681.440335230254	64
1	9389	232683.836298560895	63
1	9398	232710.558373603619	64
1	9400	232729.973248442292	63
1	9405	233185.974428130433	62
1	9411	233270.730510071042	63
1	9414	233276.474588270312	64
1	9417	233357.451820321087	65
1	9434	233637.102342132275	66
1	9436	233713.031522001728	65
1	9442	233777.521282577616	66
1	9447	233817.697452608667	65
1	9459	234036.493320006996	64
1	9488	234709.770407712206	63
1	9494	234753.769894668627	64
1	9497	234799.133582946202	65
1	9499	234835.179942104622	64
1	9505	234891.468778569068	65
1	9512	235103.727648716577	66
1	9514	235109.172474643387	65
1	9524	235268.183871700571	66
1	9534	235616.460919824851	67
1	9537	235737.581225183578	68
1	9539	235756.660726539447	67
1	9544	235856.795147326015	66
1	9553	235914.192577893523	67
1	9555	235934.304739477232	66
1	9585	236707.427269900915	67
1	9600	237025.538549935553	68
1	9602	237139.325271433339	67
1	9607	237181.926521075546	66
1	9613	237198.560084542468	67
1	9615	237210.563705697827	66
1	9621	237237.241043547413	67
1	9624	237501.173214588009	68
1	9627	237506.473140839294	69
1	9630	237526.469251838461	70
1	9644	237951.662124992388	71
1	9651	238102.798199529665	72
1	9653	238289.136656312443	71
1	9661	238369.343251286194	70
1	9667	238409.367354549804	71
1	9669	238583.232898948371	70
1	9682	239002.353997494083	71
1	9692	239256.39563264151	70
1	9700	239437.885156184606	69
1	9712	239781.208935382305	70
1	9718	240008.230435534969	69
1	9730	240152.721826097117	68
1	9739	240347.340377550069	69
1	9746	240628.252654965883	70
1	9752	240768.384238431252	71
1	9755	240852.919547704947	72
1	9760	240877.497512715058	71
1	9772	240969.036068277091	70
1	9777	241013.761539202355	69
1	9790	241355.582051498639	70
1	9804	241470.777367458368	71
1	9807	241667.786138635692	72
1	9821	241889.142931759529	71
1	9829	242028.282674996303	70
1	9835	242175.6998080544	71
1	9841	242237.132799780635	72
1	9843	242277.051812301979	71
1	9849	242284.681799502685	72
1	9852	242289.780336460056	73
1	9855	242410.636929967094	74
1	9870	242664.127595689319	73
1	9879	242787.000895774113	72
1	9885	242806.067998462941	73
1	9892	243069.407714315514	74
1	9901	243174.415700792924	73
1	9907	243345.971193217459	74
1	9910	243413.601689901979	75
1	9920	243677.596048376289	76
1	9923	243815.636301123318	77
1	9932	244149.780240817167	76
1	9937	244165.576654955403	75
1	9943	244236.83338053676	76
1	9948	244314.179032070683	75
1	9954	244353.455125173102	76
1	9957	244551.911416924712	77
1	9971	244774.191781484098	78
1	9977	245013.649776388921	79
1	9986	245237.689377333627	78
1	9991	245293.284058565446	77
1	10003	245839.933258870737	76
1	10016	246391.27658495805	77
1	10022	246464.271019923209	78
1	10024	246496.261513562531	77
1	10029	246516.012053869785	76
1	10034	246558.42779790441	75
1	10040	246569.360939916184	76
1	10056	246825.662059016917	77
1	10061	247251.051677291871	76
1	10067	247253.566048941439	77
1	10070	247288.978190254536	78
1	10077	247307.882805768581	79
1	10097	247618.184479175256	78
1	10103	247659.89822218948	79
1	10106	247725.416949242138	80
1	10109	247856.890991174251	81
1	10114	248173.402884308421	80
1	10127	248352.295304969068	81
1	10129	248411.482723111407	80
1	10135	248474.191765694746	81
1	10141	248576.596271622584	80
1	10147	248612.262507202344	81
1	10154	248864.735159785457	82
1	10172	249336.900173373693	81
1	10180	249507.199088152156	80
1	10192	249578.082528670623	81
1	10200	249610.809000598387	80
1	10206	249729.438525926604	81
1	10209	249892.788097082462	82
1	10211	250129.715675510639	81
1	10220	250247.855640401722	80
1	10225	250276.065135028334	79
1	10239	250411.050920015619	80
1	10246	250494.8713802558	81
1	10249	250527.691425358721	82
1	10252	250643.506415382624	83
1	10258	250723.525384003432	84
1	10264	250898.015190627599	83
1	10277	251029.985107524581	84
1	10289	251635.597830883817	83
1	10297	251932.531942164646	82
1	10302	252150.107887046585	81
1	10311	252327.927524288758	82
1	10318	252477.508122931402	83
1	10321	252495.761286370686	84
1	10338	252785.103417549667	85
1	10343	252996.581598188902	84
1	10348	253079.007016498254	83
1	10354	253140.275395034477	84
1	10357	253190.224061760386	85
1	10364	253386.213811548193	86
1	10370	253463.251932364078	85
1	10379	253517.243014576335	86
1	10385	254032.850286193701	87
1	10391	254062.453965780915	86
1	10396	254320.045882690872	85
1	10402	254457.268696870911	86
1	10418	255077.779491473326	87
1	10420	255085.036806564899	86
1	10426	255139.786856684593	87
1	10432	255455.158699502827	86
1	10445	255631.642308565682	87
1	10450	255853.197183380078	86
1	10456	256067.351835957892	87
1	10459	256160.172594437879	88
1	10461	256296.591048304113	87
1	10476	256653.130068828942	86
1	10490	256816.334066264395	87
1	10492	256885.533663802024	86
1	10501	256993.905445285584	87
1	10507	257029.012015179681	88
1	10523	257535.096324959891	87
1	10529	257758.306358810477	88
1	10532	257868.347719256119	89
1	10541	258144.913911338555	88
1	10547	258158.608891778328	89
1	10549	258336.689525915431	88
1	10554	258479.663774002519	87
1	10567	258647.430234711103	88
1	10580	259218.789485380229	87
1	10591	259343.392471637236	86
1	10597	259379.182786683546	87
1	10600	259503.877356645071	88
1	10603	259520.572911398251	89
1	10605	259537.189222404855	88
1	10614	259623.124535410447	89
1	10628	260297.107984850305	88
1	10634	260397.45903228837	89
1	10640	260624.231896896248	90
1	10649	260845.962053773584	89
1	10654	260873.651163926524	88
1	10667	261276.531366458626	89
1	10672	261567.627312684091	88
1	10687	261876.254914904135	87
1	10693	261991.221739863709	88
1	10696	262013.099811983227	89
1	10699	262050.724268114529	90
1	10702	262101.669869550457	91
1	10710	262334.637079289359	90
1	10715	262345.836926180529	89
1	10736	263099.633863804522	88
1	10741	263099.677940335247	87
1	10747	263330.571898937524	88
1	10750	263501.477857327175	89
1	10757	263803.684573708182	90
1	10759	263962.190432813195	89
1	10778	264555.561508851248	88
1	10789	264738.900112960148	87
1	10794	264961.179830482406	86
1	10800	265019.128604180433	87
1	10806	265160.114417921874	86
1	10812	265229.055832268084	87
1	10815	265303.640264245644	88
1	10825	265650.151047757072	87
1	10830	265759.796915188092	86
1	10839	265829.80440471193	87
1	10865	266449.510720593977	86
1	10871	266489.951124720903	87
1	10877	266951.607615681542	86
1	10883	267035.321607282872	87
1	10886	267088.212807416701	88
1	10891	267192.946741845119	87
1	10900	267396.949868853109	88
1	10903	267407.491589821245	89
1	10917	267528.309228365205	90
1	10919	267614.026750613126	89
1	10928	267717.087857090408	90
1	10930	267717.530046528382	89
1	10939	268277.246975840663	90
1	10946	268506.064491863672	91
1	10948	268654.425515508456	90
1	10958	268765.224280182536	91
1	10960	268825.778924109075	90
1	10974	269025.288608584675	89
1	10993	269729.467218429027	88
1	11006	269879.163696463406	89
1	11012	269984.111674251842	90
1	11017	270106.375392194498	89
1	11023	270131.699793065208	90
1	11026	270214.07320677394	91
1	11032	270411.53199433175	90
1	11038	270415.172536048873	91
1	11041	270425.799472070717	92
1	11043	270710.373073317287	91
1	11056	271106.618046733009	92
1	11059	271108.750589205902	93
1	11061	271124.7835443524	92
1	11083	271593.060002843095	91
1	11098	271753.323801954869	90
1	11104	271854.732371535189	91
1	11107	272125.176658441164	92
1	11110	272160.890609915485	93
1	11113	272270.579673663595	94
1	11119	272356.993290952999	93
1	11128	272632.293288538354	92
1	11133	272736.123035162864	91
1	11142	272863.382229058202	92
1	11159	273268.569640947498	93
1	11164	273372.225852566017	92
1	11174	273507.849621430632	93
1	11176	273799.822703942778	92
1	11185	273878.032388681207	91
1	11191	274202.042809541261	92
1	11208	274544.575956613663	93
1	11210	274756.96316671948	92
1	11216	274775.793751098969	93
1	11219	274797.084393982724	94
1	11233	274969.718435037542	93
1	11242	275110.271540002907	94
1	11251	275343.9504855295	93
1	11260	275762.027939114381	92
1	11279	276177.171908130201	93
1	11285	276255.392378506252	94
1	11288	276285.655001249448	95
1	11294	276379.226969519153	96
1	11296	276381.156866870998	95
1	11309	276521.942901109536	96
1	11312	276554.185149387085	97
1	11315	276600.368011084387	98
1	11318	276651.86518885833	99
1	11320	276900.345721950877	98
1	11326	276967.440582346692	99
1	11328	277052.04757569748	98
1	11334	277146.33247334257	99
2	0	0	0
2	10227	250276.065135028334	1
2	10229	250400.580978708462	0
3	25	2817.082113896245	2776.4469078183
3	52	4084.275815381698	1884.9399187323
3	95	5146.530212989095	2671.5648216382
3	112	5372.455870642897	2057.4233128689
3	122	5678.212629821306	2827.0126775186
3	126	5709.946797805013	1465.9587408788
3	161	6474.059160579151	3183.8932066495
3	215	7768.698514558481	3422.3574167466
3	247	8211.744111677271	3679.012069582
3	257	8470.398370245627	3622.1259180426
3	264	8621.929681923347	3225.1111750356
3	305	9545.733730274823	3656.5246635509
3	309	9563.977499440468	3241.860563962
3	356	11010.326553689472	3841.7213716067
3	360	11101.716240945843	4797.6491992874
3	389	11859.252947213236	4051.1020919005
3	404	12094.113071359334	4014.493204465
3	416	12313.564558880044	5094.870048509
3	454	13012.528607849188	5929.0059828552
3	461	13050.310378482673	5006.0447095514
3	497	13976.613925698784	5961.9755629583
3	530	14923.675336235773	6419.6543019804
3	542	15208.943358477361	6564.8265426721
3	568	15925.201001795165	5097.3141071015
3	575	16099.331141727153	6247.0287520811
3	593	16340.561577466887	5679.8945826637
3	616	16946.305838957069	5573.6484451963
3	629	17293.702122464885	5343.4102723115
3	641	17355.673292013042	6245.6247564874
3	648	17796.033668521431	5806.7852041938
3	676	18314.849350940075	5973.3753159678
3	695	18860.88124058034	6135.9515248997
3	707	19189.118480025016	5574.2051745042
3	730	19724.62474338535	6756.583680045
3	739	20071.527552598727	7462.2085340969
3	748	20323.841657124569	6436.3805132233
3	752	20557.738167023443	7803.361033778
3	767	20973.017026738835	6176.9342394484
3	790	21364.292314055946	5460.0515425024
3	794	21701.509413583361	6727.6362690386
3	832	22856.483115147438	7355.5255959004
3	839	23090.198135510244	6916.2816770815
3	849	23288.422169180697	7343.8993515671
3	893	24145.659520760336	7885.9183113898
3	903	24513.702075088506	7605.7193163285
3	943	25572.274120979121	7323.1724630176
3	947	25637.826199991786	7079.1568966982
3	972	26277.885315338307	7038.9724962546
3	1009	26944.841245075798	7353.2325521855
3	1016	27070.290261967265	5899.6526569331
3	1023	27541.177333633986	6831.3389509713
3	1050	28267.062701292447	5937.8484033409
3	1087	29174.454379588523	6558.1383911495
3	1107	29517.831863307965	5890.3972874011
3	1151	30348.382900262362	6791.2086607323
3	1160	30506.223626420059	6942.4748648696
3	1173	30669.100894502934	6664.0586657598
3	1242	32316.109244048706	7273.9046498572
3	1261	32782.20540250988	7777.6156930848
3	1273	33000.986210446963	6770.63343771
3	1300	33681.881980676362	7247.5643797061
3	1304	33703.980049764377	8171.7004456953
3	1316	33964.975048581249	7742.9443361268
3	1343	34405.691238505405	7349.9196939926
3	1438	36144.315381146607	8239.8802216142
3	1451	36279.259269850439	7015.2554724556
3	1458	36498.66035727241	8385.6733050628
3	1482	37355.516567750013	8798.7333644466
3	1510	38370.67248550632	8458.3724261025
3	1532	38691.337452488178	9076.002236513
3	1539	39016.33992815215	10037.324538961
3	1572	39856.426796115576	10142.504439293
3	1610	40710.542781114736	9364.4798761363
3	1622	40832.952636120482	10125.660791413
3	1676	42034.861772976974	11467.384857599
3	1680	42068.524556293725	11416.199319211
3	1700	42764.982936786645	10872.663076766
3	1707	42803.505561308577	11194.289753972
3	1733	43315.98890032444	11112.493194503
3	1746	43771.016100182772	11026.28663227
3	1766	44429.123320285388	11516.562773388
3	1775	44590.609139090514	11161.929324972
3	1803	45227.968745710485	10912.693401676
3	1807	45284.02386951597	11318.116218878
3	1814	45563.867296155652	11374.992309621
3	1826	45956.043886573627	11827.006296318
3	1862	46969.102289940804	11741.595019404
3	1886	47612.236676937126	12223.839137165
3	1890	47616.130758955716	12785.298771664
3	1918	48308.870420040719	13422.64804628
3	1939	48847.834540282949	13763.405077887
3	1949	48950.466288540623	13737.838148459
3	1958	49107.401183623978	13231.099254403
3	2002	49943.905456306523	12847.041281843
3	2012	50111.731034701801	12243.044031754
3	2016	50175.070667429053	12263.108609794
3	2050	51278.295319428309	12331.400566384
3	2060	51582.105834044627	12237.998092939
3	2064	51655.053840441787	12005.402960371
3	2095	52634.020855467408	12817.630302966
3	2102	52865.168040197454	12666.239409923
3	2114	52963.842202484765	13529.775428046
3	2131	53710.399945772827	13568.566362629
3	2164	54660.284134324752	12635.737490164
3	2175	55349.766169910893	14388.605466007
3	2201	55882.552845919148	13309.743490264
3	2226	56661.332786981174	13723.649203468
3	2251	57058.742647156276	13100.185280233
3	2258	57275.346194294856	14485.247211518
3	2276	57772.873036226369	15772.328877319
3	2299	58449.78335533116	12351.409554889
3	2327	59073.010844294139	14169.368842324
3	2354	59510.806731091455	14217.393660452
3	2363	60094.462394653045	13895.682201866
3	2397	60632.694846622757	12790.662963788
3	2401	60848.380958338843	12248.702063377
3	2410	60943.0984394198	13385.479427842
3	2417	61367.946404594571	12709.615697291
3	2421	61476.106596401073	13049.120837597
3	2477	62758.291773766391	13856.477551148
3	2521	63622.034730868058	13577.864535862
3	2560	64765.134022462757	13274.899687982
3	2572	64931.233982227855	13846.314451677
3	2581	65041.160774848999	12793.999578072
3	2585	65056.862993812346	13060.71904839
3	2600	65477.882439063974	10917.088705239
3	2604	65483.353347111651	13322.168576697
3	2624	66481.615028710681	11942.586522163
3	2639	66763.514391973727	10911.382634063
3	2659	67401.250668087619	11291.592008211
3	2663	67407.113975169295	11517.459042221
3	2712	68157.588613623912	11245.502560013
3	2738	68713.014561150335	12274.288685222
3	2742	68756.510872210952	12343.720704036
3	2777	69332.842585684844	11864.320343692
3	2828	70158.955768006081	11593.623724018
3	2854	70637.074919514003	11575.898008222
3	2865	70959.153738062987	12284.472752022
3	2900	71939.00419759389	11557.881734538
3	2904	72088.02335000934	11683.019021425
3	2947	72892.997646069266	11037.58798302
3	2954	73023.252134392196	12591.153633376
3	2972	73429.710480918753	11708.875890512
3	2990	73886.803847685615	11564.886046431
3	2994	73903.257802443691	11971.698365129
3	3041	75254.196258064471	12179.268885818
3	3058	75809.623876236025	12634.070048314
3	3069	76041.687007634128	12708.091858371
3	3122	77158.137293704014	10588.382980754
3	3140	77561.072345690914	12419.978793528
3	3153	78129.131832037233	11756.274480759
3	3181	78943.751050386224	12479.504680034
3	3203	79638.846693428345	11816.417996595
3	3223	79931.785105135451	12374.026588636
3	3238	80459.706426490257	12842.905445239
3	3247	80550.084680959694	13131.480173794
3	3266	81062.089855813999	12951.012503717
3	3287	81387.407278021957	13609.771699698
3	3291	81444.747377520539	13569.182268918
3	3316	82164.655662205182	13319.264481571
3	3329	82553.499989625225	13229.889928354
3	3341	82985.646525345389	15074.377937529
3	3362	83278.966723809131	14901.140052248
3	3366	83382.229037242169	14837.418781037
3	3381	83974.789503965174	15322.145471663
3	3401	84509.287628157177	14913.212763584
3	3416	84861.471944790492	15568.452471988
3	3420	84866.429156757539	14776.349694146
3	3460	85912.345601742735	15469.197517186
3	3472	86098.497530853489	15872.106900675
3	3479	86435.395098025138	15832.993058401
3	3494	86840.838298037296	15313.01559184
3	3523	87447.385578699568	15243.090233535
3	3527	87520.466909537205	15365.402910406
3	3580	88898.963646579648	16403.844860963
3	3596	89199.513928176484	16085.388359819
3	3600	89253.514712764109	17371.55712931
3	3621	89793.064228523681	16867.020934088
3	3647	90449.418943299094	17609.973265993
3	3680	91482.0306779613	15705.844850696
3	3731	93085.078883389169	16915.179307024
3	3748	93435.56648976926	17432.962180247
3	3757	94025.324631923968	17522.885791281
3	3761	94092.779333222307	17587.781317155
3	3778	94270.998005390281	17839.107360588
3	3793	94844.223881051103	17396.446331029
3	3800	94962.343451710067	18452.459203389
3	3827	95791.728364977635	17442.580891281
3	3836	95836.750611433918	17028.253733275
3	3851	96310.348068650926	17268.601932501
3	3860	96601.15670062939	16674.581872244
3	3887	97187.728547578837	16965.748579191
3	3891	97508.131446264333	16410.904630442
3	3916	98365.232415268357	16154.440301009
3	3920	98430.272466590277	16664.805795983
3	3927	98458.097361976395	17349.908701195
3	4001	100227.150209549974	17147.975858549
3	4033	100769.641185918982	15729.081947183
3	4037	100786.386665323398	16881.468264888
3	4050	101108.539304433505	17154.313957933
3	4081	101794.671961323939	17257.124369349
3	4085	102026.484562464173	17743.307152491
3	4092	102246.27045588025	16875.340053706
3	4131	103242.549565335385	16619.67188988
3	4135	103330.020484881635	17372.644295072
3	4139	103336.060322921837	17042.350479719
3	4143	103381.706838322453	16067.141456446
3	4174	103928.980909450139	16307.505294879
3	4196	104655.621168779324	17844.460807887
3	4219	105240.470685593898	17421.578779708
3	4230	105540.852559659789	17936.294153336
3	4256	106304.189719006534	17265.970527157
3	4271	106582.781536499197	17600.948243083
3	4306	107214.999587380908	19145.479033098
3	4322	107337.316310897584	18873.590010431
3	4337	107697.323849782507	17785.739672005
3	4364	108593.853899597772	18738.86761836
3	4394	109459.188258782188	18150.236838191
3	4406	110098.804013690095	18158.778225444
3	4415	110191.813621561625	18657.758894134
3	4427	110609.138293828975	18425.071339669
3	4431	110825.308282052748	17906.335509372
3	4456	111436.717109045129	16544.299740982
3	4463	111831.344486525442	17393.22835834
3	4497	112311.478624617331	17903.723496302
3	4501	112346.55587027606	16275.047508307
3	4511	112411.504489699539	16861.071142385
3	4552	113328.594183077685	14586.599459445
3	4561	113513.0807031078	16460.002245532
3	4576	113784.790287701573	15350.679083666
3	4583	113921.639993710559	15388.373519527
3	4610	114465.246468935322	15356.389056929
3	4634	115016.199652593232	15573.065059836
3	4657	115580.354865918052	15479.744525362
3	4675	116124.632963514115	16179.213199641
3	4682	116229.981298179946	16353.586719784
3	4689	116247.830663843196	15920.659487981
3	4717	117221.306618269692	16622.977642559
3	4726	117419.379862345914	16437.895060197
3	4735	117632.59076904843	17599.706176958
3	4739	117653.158739626524	16381.969063108
3	4768	118452.280509358388	15999.901988294
3	4783	118819.851219974108	16517.418334606
3	4796	119118.581938108546	16292.654107201
3	4803	119213.539021354328	15996.911947199
3	4832	119710.735105223603	15464.974971266
3	4844	120099.740716422093	15587.115758786
3	4848	120354.077074829649	17546.863719056
3	4881	121148.051700753741	15196.695502134
3	4924	122731.624061105423	16749.6048557
3	4936	122845.179477710437	17389.396551347
3	4940	123154.851154307064	16337.303963244
3	4976	124506.317711535958	17687.483113385
3	4980	124554.939895872187	17809.708669978
3	5006	125319.689693737892	17997.316392769
3	5029	125804.319813553404	18300.65325991
3	5038	125907.323952246108	18597.568983814
3	5056	126250.480317033944	17545.475725438
3	5063	126445.869421050113	15524.680116247
3	5070	126589.680561547749	17351.611182727
3	5123	127651.436911465717	16077.78789759
3	5127	127694.574362909071	15821.495980673
3	5161	128272.791852750044	16384.926079445
3	5171	128549.134234510012	16010.90177049
3	5189	129078.181281013531	17129.923961534
3	5213	129927.948342243326	16275.785963957
3	5217	130114.541435413222	17111.584081619
3	5263	131237.258778432034	17554.603397178
3	5267	131393.151145348485	17044.000136736
3	5276	131714.004011459766	17567.909656862
3	5280	131863.043124260031	17645.403830711
3	5305	132806.828763236872	17838.371544322
3	5309	132927.933040945019	17775.829717518
3	5316	133004.37885422085	17467.017449378
3	5336	133506.671695629295	17075.264155844
3	5361	134353.674914891017	17840.883521572
3	5404	135283.500914186399	17609.487534669
3	5412	135465.170432942106	16959.113874101
3	5461	136597.604392276726	17665.419382623
3	5468	136618.389354854982	17508.898885776
3	5495	137344.512796316413	17810.585847372
3	5522	137880.666813760645	18321.951334644
3	5552	138455.312264844935	19075.106466394
3	5583	139071.481172399755	16850.721458525
3	5597	139416.007617175229	18362.46154104
3	5635	140127.467790118999	15907.040103062
3	5639	140311.969587028144	17486.480640897
3	5643	140350.392525041636	15567.317954868
3	5668	141063.187953162587	15615.096585422
3	5690	141607.602034131225	16215.643871591
3	5697	141731.889184115572	16799.16875977
3	5743	142584.386178067071	16387.499795522
3	5753	142692.713147982604	17013.829446363
3	5757	142781.373010430646	16489.372357604
3	5788	143479.012913567595	17565.078374475
3	5803	143627.177869504479	16537.747472604
3	5842	144334.004196192719	16562.822458372
3	5852	144642.10644807492	17946.419921135
3	5861	145177.716201128599	18623.32177181
3	5888	145997.167389297975	17976.360429082
3	5906	146511.204965807658	19098.436215092
3	5918	146987.408659335342	17910.26808377
3	5922	147027.581516647361	17978.485563935
3	5948	147608.082148008209	17330.22295202
3	5981	148680.035505074658	18547.373493718
3	5988	148881.164465960276	17831.115726541
3	6020	149458.335172732942	16248.749976154
3	6032	149717.176283056033	18723.665534189
3	6036	149814.170671351414	16826.498968103
3	6096	150937.096670366474	17804.66779203
3	6100	150977.714936457734	16853.155676514
3	6107	151007.677943257731	17432.490820508
3	6146	151887.657000957217	16938.566134809
3	6176	152722.010546688106	17824.135434165
3	6201	153184.846146594893	18153.489965226
3	6229	153993.677556652692	17989.05707288
3	6241	154229.346727201876	16980.887134132
3	6245	154249.476143329987	17598.177014263
3	6255	154539.622218355653	17038.545602341
3	6298	155737.740456903514	19334.741752191
3	6316	155995.917957139784	19373.579084019
3	6344	156836.56234382109	18921.751939519
3	6377	157363.368535542977	19610.845217126
3	6384	157591.549424523649	20013.303576701
3	6421	158789.283514598501	20125.663829023
3	6433	159034.910492490629	20726.708616937
3	6448	159431.401032501993	20952.303675556
3	6490	159828.180785378093	19820.171040689
3	6494	159843.810096083326	18328.270491957
3	6523	160519.694092733437	19782.214288154
3	6532	160584.027365310279	19644.854915077
3	6545	160795.549848614422	19227.591600479
3	6552	160866.240261381609	19308.541462699
3	6578	161720.492593830569	20352.751465548
3	6593	162308.713700803158	19681.155356092
3	6602	162373.567771859119	21101.040892685
3	6625	162889.820377070574	20615.851384387
3	6629	163039.003857368255	20526.776599031
3	6636	163245.073482100082	20127.006040961
3	6665	163929.806325238315	21516.45950951
3	6677	164221.772820971558	21825.585748028
3	6700	164657.606072364027	21254.339104641
3	6704	164789.843455771146	22144.62805559
3	6714	165108.211448600633	21571.324794045
3	6748	165983.108678053716	23197.387093158
3	6760	166069.606035517646	22836.290419618
3	6790	166736.774916932149	20310.349095201
3	6807	167065.325266018628	21464.534262099
3	6827	167609.871915238141	20308.179455005
3	6862	168535.915693173303	20567.799811747
3	6866	168948.15462997572	21501.185528908
3	6873	169012.424979902455	20443.919535937
3	6891	169740.44842568983	22142.080862341
3	6911	170615.732745848248	21268.321683363
3	6915	170646.858865594655	21016.854224692
3	6935	171352.192862903351	22081.791443641
3	6950	171695.52498108533	21798.424348611
3	6957	171930.969081301405	23245.545286722
3	6993	172892.589102167287	23602.757916261
3	7013	173275.444005880668	22278.200229231
3	7026	173399.785534761497	23131.571728665
3	7098	174689.0560990792	23010.573217155
3	7129	175275.098780444056	23694.050831176
3	7140	175663.667799018442	24900.015265101
3	7177	176839.197735557497	24075.249877939
3	7184	176871.930046904482	23848.112508284
3	7198	177281.262782950073	23231.995336594
3	7217	177845.914886685207	24105.240717029
3	7221	177875.849666691967	24755.82223057
3	7243	178988.041700910941	23856.497389614
3	7247	179201.41151135613	24425.896024357
3	7256	179389.39413104544	24710.130775911
3	7278	180066.006319433102	23528.749386395
3	7282	180251.911628421515	23899.232204106
3	7286	180366.568197565318	25008.28473782
3	7317	181015.343407837793	25199.88086042
3	7324	181244.329871133089	23907.82315601
3	7328	181322.142537016587	24546.383017693
3	7343	181722.478853672394	24500.697376896
3	7357	181900.590801587493	24479.875752318
3	7366	182334.636191267639	23626.42253987
3	7370	182477.96772363002	23979.885048751
3	7380	182833.834177874194	23766.187715066
3	7408	183606.974685456256	24481.071160803
3	7422	184210.437252804802	24657.123346297
3	7430	184436.909413937131	24250.068760851
3	7442	184876.691695707084	25420.959896527
3	7451	185004.769772918547	24915.819616566
3	7469	185491.518409380808	25601.050999519
3	7482	185886.314063681455	26281.373992421
3	7508	186233.370468163516	26595.102942421
3	7526	186769.51251670176	25250.078399994
3	7558	187316.766390910491	25861.933544769
3	7565	187519.464385224159	26354.929545656
3	7593	188336.603350913318	25879.731161897
3	7610	188935.733886187549	25417.193103935
3	7625	189143.1720382144	25740.596700487
3	7634	189547.303235147267	25943.238787072
3	7644	189664.363336147907	26484.800542851
3	7679	190680.021103643048	26056.190279329
3	7695	191596.309312706466	25796.571034946
3	7723	192544.359405141443	26496.199479115
3	7752	193246.719499019559	27670.544268542
3	7756	193332.089031625658	25978.115121431
3	7778	193707.584364669565	26521.391057074
3	7785	194021.463288271919	25785.237303272
3	7817	194956.795010570604	25790.879408244
3	7829	195553.279410697173	25975.316915072
3	7853	196406.109127359632	25643.749004579
3	7891	196969.22446873796	25383.335362721
3	7901	197252.879802206699	25044.393437146
3	7943	198290.772496456447	25770.406553467
3	7975	198585.257293361823	25230.838476593
3	8004	199319.360004214689	26024.784704705
3	8052	200199.216983881015	25991.294686279
3	8056	200277.585931982498	26445.332514312
3	8081	200758.096897563086	26463.441828629
3	8095	201183.713808780704	26582.508336507
3	8104	201533.006824420885	27682.051784258
3	8108	201566.820958846834	27196.072664567
3	8117	202124.801906313915	27653.936626918
3	8140	202561.946912499265	26456.279714505
3	8158	202861.95183537307	26851.821497712
3	8170	203155.235149305482	27613.879270296
3	8185	203363.636370537972	24438.998634411
3	8192	203509.69848709938	26152.253215004
3	8207	204044.89217872138	24383.753291142
3	8267	205196.989115470674	24107.062715642
3	8282	205763.655084472269	22790.050756493
3	8289	206003.943220110779	23487.853153531
3	8342	207295.01477294991	21894.79334704
3	8349	207601.547033915416	22206.812922531
3	8383	208127.384376911617	22704.713622427
3	8387	208231.898352292952	22470.84727
3	8394	208468.018741009877	22424.021073065
3	8436	209901.889840996013	22790.478463934
3	8440	209902.506542190563	23931.549650162
3	8448	210370.02392989409	24238.77623462
3	8474	211342.472195455924	24514.822691127
3	8486	211661.485435696489	25076.667034858
3	8501	212090.814535249195	22444.880877295
3	8505	212091.170783912417	24176.873035752
3	8528	212798.458011274812	23119.236984163
3	8551	213127.668337633953	24041.508996555
3	8561	213413.165344599805	23794.258858767
3	8581	213869.293354338155	22179.047851741
3	8588	214157.08817188966	21367.31950133
3	8592	214271.536101199857	22252.521818991
3	8628	215394.346187252672	21913.678894527
3	8632	215489.586324527515	22281.399882701
3	8641	215754.289229426654	21274.529587329
3	8656	216090.394083861432	21516.357852781
3	8683	216735.200465753846	20759.915232311
3	8687	216749.938345545559	19815.081880105
3	8705	217254.45179434319	22061.214612524
3	8732	217624.37323306094	21008.834315542
3	8745	217844.248764127664	21200.039461884
3	8819	219287.135243950582	21712.025467661
3	8844	219955.116901153819	22104.358465513
3	8862	220158.25521489012	22978.233031085
3	8872	220410.024578193373	22319.469263298
3	8896	220773.725961500899	22426.338734458
3	8903	221057.203453121362	21248.943472021
3	8907	221168.089897994072	22302.471810822
3	8941	221874.847082583405	22520.453622121
3	8945	221899.974967905907	22711.46711083
3	8955	222468.626877933861	23532.958166213
3	8980	222837.676823068581	22682.840810259
3	9009	223632.898664156095	20869.969575626
3	9013	223754.921223524613	23089.062415668
3	9046	224514.173752994863	21888.321838471
3	9050	224614.804875550911	21861.509885588
3	9054	224725.156712209977	22240.323565328
3	9082	225481.536484634159	21900.625932466
3	9086	225553.743624787897	22383.604120836
3	9096	225946.96499349939	21129.019821451
3	9122	226532.031659938514	22410.064791511
3	9146	227211.442681535734	22628.626114073
3	9165	227678.970337718896	23489.547655652
3	9196	228349.7548629978	22359.017816715
3	9203	228379.862330075009	23246.856071461
3	9234	229151.485764457032	23083.497037453
3	9254	230126.738548589527	23901.201773182
3	9269	230591.094724254802	24182.312051556
3	9284	230777.64724440331	23918.534097446
3	9303	231002.722684353761	23192.387178702
3	9330	231514.106505367561	24718.164123959
3	9370	232338.962553179011	24663.780296391
3	9377	232381.494152642443	23537.33793281
3	9384	232523.821226120166	24486.234889517
3	9421	233449.076903829522	22773.265014842
3	9457	234026.751969957844	24938.283839377
3	9469	234293.055305670604	21819.271319216
3	9473	234390.638109080612	22685.048891863
3	9521	235218.100784107699	22079.904085011
3	9528	235452.438709935345	22939.543613901
3	9562	236149.45030931773	20364.678932409
3	9572	236552.082139698908	21838.157814321
3	9582	236615.227585643186	22198.054329333
3	9634	237540.065666422419	20293.571459885
3	9641	237647.357113355427	21146.479021859
3	9648	238023.164044691369	21720.291609122
3	9679	238920.696731594979	21829.148707386
3	9686	239136.440609296955	21746.64401352
3	9690	239181.607761120543	22092.043804714
3	9716	239841.63447955449	21962.683515053
3	9725	240064.671139441602	22513.265318432
3	9743	240404.940627923356	22340.586075781
3	9770	240922.388839147642	23254.768437086
3	9787	241274.876420986079	23877.875192086
3	9794	241369.90571817209	22744.536698197
3	9798	241371.047329431057	23211.507647274
3	9859	242511.995918059842	23674.17743887
3	9889	243042.509838843839	22864.202364657
3	9899	243153.464184146032	24248.263958119
3	9917	243447.883111931555	23490.093088799
3	9927	243886.771809331731	23319.876308419
3	9961	244592.679034288631	23110.640341061
3	9965	244724.010526439347	24689.375512022
3	9984	245159.994802119331	23213.09094481
3	10001	245757.755380584099	23024.776862496
3	10044	246604.446328019844	24742.789743142
3	10081	247380.036263795741	23842.540976675
3	10092	247588.837028009475	23365.206077191
3	10167	249179.157819453285	23739.397385401
3	10218	250180.077706709677	23796.466622534
3	10232	250400.580978708462	23819.714360009
3	10243	250489.761562127793	23210.984237758
3	10287	251627.090765744621	24105.515357941
3	10315	252337.60397293012	24251.187303655
3	10328	252562.960408045152	23912.341404734
3	10335	252779.685837624715	25244.480007082
3	10361	253322.361841689969	23064.744527134
3	10368	253430.203673470424	25121.533324399
3	10389	254041.991895128162	24362.600109641
3	10409	254679.832241063596	24012.382609147
3	10430	255198.891972642566	24361.167887927
3	10471	256350.597257123919	25467.103866486
3	10483	256686.969610870006	25881.350676147
3	10487	256717.389121106069	25613.012164299
3	10511	257161.231190742584	26366.97655179
3	10515	257344.521949779417	25751.707059891
3	10539	258089.268938748287	26962.364819144
3	10564	258585.060512650417	27398.592048006
3	10574	258944.194194305864	27163.724097822
3	10618	259715.945033024656	27528.479685206
3	10622	259931.435961820361	26395.801080196
3	10626	260094.567828828591	28120.105205013
3	10661	261141.559184485706	27340.892068615
3	10679	261806.830386718911	28318.651529808
3	10726	262593.250763121652	27890.162438049
3	10730	262619.541461857158	28129.403964734
3	10734	262702.889148848307	28296.206019257
3	10754	263799.351752277586	28199.435907559
3	10766	264027.157450573179	27446.449707415
3	10804	265120.147996282327	28282.526583161
3	10819	265322.848782635886	28973.721039587
3	10823	265458.943889340562	28877.055710519
3	10843	265917.037685936493	28999.369073634
3	10847	265978.801606994245	29185.840826385
3	10857	266329.810685593295	30174.958993583
3	10875	266852.254197986919	29210.775634526
3	10907	267429.877663901253	30509.75506795
3	10914	267456.105851962823	29087.271327321
3	10943	268417.108996499452	29748.508995311
3	10955	268658.685486367149	28923.037342387
3	10984	269291.399909271104	29732.997595944
3	11000	269732.471025095913	29660.527533216
3	11030	270330.211371503947	30053.30729595
3	11068	271170.468019120572	29721.193348102
3	11096	271752.127526661503	30876.950122994
3	11126	272470.822999863131	31556.48881609
3	11156	273186.540452152667	31475.513211867
3	11171	273492.066230418282	31818.974432827
3	11183	273852.153065739377	31636.317733056
3	11195	274254.973011327569	32478.907538314
3	11205	274527.753733366849	31900.828376527
3	11249	275342.653870027173	32258.931039235
3	11267	275846.594578771043	33208.96998353
3	11306	276505.009123276581	32591.662296566
4	181	7000.763808687788	3779.1255026193
4	206	7608.134391786686	3796.476475681
4	301	9521.316214006501	2989.4046944182
4	338	10387.206993352729	4109.0607238699
4	470	13374.974734582163	4304.9925506134
4	520	14484.216839706633	5374.8476576859
4	683	18513.57328293302	6045.5236951299
4	801	22053.815261794364	7248.6080505461
4	883	23882.000985819486	6738.7664185394
4	959	25924.720191046235	8592.6607031055
4	1099	29295.858397496504	6976.2379169439
4	1103	29517.125655569247	7297.842033942
4	1246	32345.321966925794	8882.560376345
4	1282	33078.808885680622	8258.4792039176
4	1355	34829.438845491195	7929.8242459036
4	1382	35169.72890701901	8712.9836476584
4	1426	35997.292269900599	7955.8808697172
4	1478	37311.906343105821	8856.2027363138
4	1522	38464.411610135449	9392.5870819613
4	1559	39399.538306703901	9283.9292386705
4	1659	41750.534420253819	10257.657341042
4	1666	41976.195217955968	10652.697735065
4	1842	46398.93631696158	11775.612102631
4	1869	47213.391129400691	11881.355487645
4	1987	49787.914822673067	11601.120601486
4	2135	53844.083736229799	13305.820817603
4	2139	53856.864286087611	13037.279663138
4	2171	55100.834190784179	13834.496681716
4	2189	55632.307723386325	13268.796436411
4	2309	58574.799379402415	13363.457883158
4	2344	59368.042953506224	12982.42343793
4	2464	62319.636208595866	14101.135765742
4	2497	63110.564698021502	13703.267208428
4	2528	63700.920555627085	14493.050536744
4	2532	63895.491602489883	14056.260190195
4	2781	69354.42118816466	12333.125836521
4	2824	70138.343503115344	12494.547589027
4	2858	70793.550401738025	12650.093606264
4	3028	74952.435365369189	12799.612578725
4	3037	75047.217282610173	13021.506361629
4	3062	75854.07042457547	12370.899744502
4	3118	77155.952883580346	12773.664057959
4	3188	79035.84640748256	11215.554775926
4	3256	80640.711358211581	13006.395529646
4	3552	88171.523600419632	16776.478193193
4	3651	90589.207454718298	16873.449151958
4	3695	91968.526608081692	18051.478096687
4	3715	92734.944351020849	17992.156685255
4	3804	95114.100150799493	18975.532396428
4	3883	97139.178117781992	17296.510903123
4	3959	99289.737307730712	17486.167698834
4	3983	99971.504262115921	17479.808579626
4	4184	104306.113896363996	17016.010530626
4	4223	105270.728125007473	17260.367956973
4	4344	108140.53782624581	17980.95497292
4	4373	108683.894661756347	17510.669587585
4	4537	113036.922221848391	15014.906497469
4	4614	114471.144527991883	15430.389233021
4	4874	120927.254344470959	15808.058104468
4	4901	122195.736005388316	16004.131938108
4	4947	123604.107509141904	17101.426852452
4	4961	124136.155817949795	18127.609893329
4	5119	127549.279153481286	15328.671526625
4	5209	129585.701083590858	17206.441557829
4	5357	134129.256751559324	17971.909925244
4	5408	135415.690473489113	16993.84306757
4	5478	136761.397768266617	17898.6345398
4	5593	139240.076961273445	18462.092094797
4	5622	139879.23279960097	17611.418445237
4	5876	145551.248663136385	18010.671471836
4	5963	148032.386771801976	17730.470746132
4	6114	151145.169610254117	16656.670727231
4	6164	152265.042434156057	17218.75828941
4	6180	152736.229850010597	16614.025148425
4	6326	156526.996189847705	19911.207029539
4	6370	157334.59898553195	19822.799920521
4	6469	159632.41683297616	19787.188130025
4	6773	166169.356853714375	22078.51756374
4	6794	166784.788596251631	21542.44373124
4	6845	168367.531116505736	21549.74174671
4	6989	172772.004227254658	22874.892667714
4	7046	173900.920824201896	22740.180797053
4	7082	174488.349125342608	23991.953581562
4	7133	175297.207580295973	24176.332970453
4	7210	177441.067633046002	23593.119400446
4	7426	184260.769387845069	25941.626266981
4	7580	187724.810538523018	25103.141775525
4	7675	190458.51677709597	25543.488536867
4	7683	190777.615625409528	25396.102029122
4	7735	192949.758531427177	26866.71091402
4	7771	193605.73968627828	26799.469322161
4	7838	195676.147979244709	25286.826535105
4	7879	196857.780223492186	24535.838984569
4	7905	197366.398564822625	25598.92773905
4	7958	198531.567045327395	25233.277782613
4	7997	199063.598252445627	26087.059689833
4	8071	200644.501115729686	26151.978082568
4	8237	204853.73657452332	24066.260577025
4	8246	205075.611721415193	24079.367623009
4	8318	206620.354267445978	22080.607462125
4	8444	210265.655261021278	23955.435688859
4	8470	210905.482696130525	23386.93174088
4	8663	216280.527139840303	22048.139494601
4	8771	218332.374748986335	20701.793901667
4	8786	218633.385394293471	21818.869802581
4	8876	220501.167282251296	21585.636626391
4	9025	223936.506667178295	21602.978694774
4	9227	228941.607378808952	23829.572720798
4	9431	233552.184317180544	21728.969559598
4	9477	234396.134133808486	21820.747993975
4	9509	235070.548517273858	21301.792865837
4	9877	242720.097016509794	22954.879547288
4	10013	245972.504474896596	24307.292830323
4	10074	247297.722006192089	23838.140831959
4	10085	247387.447361748786	23510.755707068
4	10124	248334.471071826415	23239.202895277
4	10139	248557.451158337467	24063.32790301
4	10151	248656.827053407327	22786.867901797
4	10236	250404.616615794257	24419.623187176
4	10262	250829.343521607698	23485.178209514
4	10271	250901.278855724381	22777.212935813
4	10439	255458.025297660502	24610.603656856
4	10578	258973.627799039828	26285.011482219
4	10647	260751.98551678856	26780.910475141
4	10722	262511.208603711458	28237.994684825
4	10773	264322.050752476034	28417.664882777
4	10991	269636.805281013372	30304.671941904
4	11053	270830.950815532017	30196.011001441
4	11075	271252.956041738513	30055.148547727
4	11117	272333.106570033017	30348.49384316
4	11152	273175.373493995178	31484.37372982
4	11258	275471.519234826966	32837.104836447

