version 2
run Iteration-47-20200521-09:53:46-38608
attr configname Iteration
attr datetime 20200521-09:53:46
attr experiment Iteration
attr inifile omnetpp.ini
attr iterationvars "$i=5, $j=2, $0=15-(5+2)"
attr iterationvarsf i=5,j=2,15-(5+2)-
attr measurement "$i=5, $j=2, $0=15-(5+2)"
attr network Network
attr processid 38608
attr repetition 0
attr replication #0
attr resultdir results
attr runnumber 47
attr seedset 47
itervar i 5
itervar j 2
param **.resourcePool.amount 5
param **.resourcePool1.amount 2
param **.resourcePool2.amount 15-(5+2)
param **.source.interArrivalTime exponential(6min)
param **.delay.delay uniform(4min,28min)
param **.delay1.delay uniform(10min,28min)
param **.delay2.delay uniform(4min,16min)
param **.allocate.resourceModuleName "\"Network.resourcePool\""
param **.allocate1.resourceModuleName "\"Network.resourcePool1\""
param **.allocate2.resourceModuleName "\"Network.resourcePool2\""
param **.deallocate.resourceModuleName "\"Network.resourcePool\""
param **.deallocate1.resourceModuleName "\"Network.resourcePool1\""
param **.deallocate2.resourceModuleName "\"Network.resourcePool2\""
param **.router.randomGateIndex "uniform(0, 1) > 0.2 ? 0 : 1"

vector 0 Network.allocate queueLength:vector ETV
attr interpolationmode sample-hold
attr title "queue length, vector"
vector 1 Network.allocate1 queueLength:vector ETV
attr interpolationmode sample-hold
attr title "queue length, vector"
vector 2 Network.allocate2 queueLength:vector ETV
attr interpolationmode sample-hold
attr title "queue length, vector"
vector 3 Network.sinkStat lifeTime:vector ETV
attr interpolationmode none
attr title "lifetime of arrived jobs, vector"
attr unit s
vector 4 Network.sink lifeTime:vector ETV
attr interpolationmode none
attr title "lifetime of arrived jobs, vector"
attr unit s
0	0	0	0
0	61	4280.036995846281	1
0	67	4321.000609075114	0
0	226	9347.939676410692	1
0	228	9455.691223137365	2
0	230	9529.824432697104	3
0	232	9598.919661827878	4
0	234	9603.179767382322	3
0	238	9716.485422046297	2
0	242	9850.285474495056	1
0	256	10084.891431805132	0
0	260	10104.577216439728	1
0	262	10284.995826536232	0
0	918	33903.44929377322	1
0	920	33949.630934550217	2
0	922	34105.748439227054	3
0	928	34240.612509048526	2
0	932	34276.639250960041	1
0	941	34322.845317580518	0
0	1038	37187.588048068256	1
0	1040	37231.327409017619	0
0	1049	37383.151146961361	1
0	1051	37414.102653681299	0
0	1113	38861.815067322035	1
0	1120	39128.076551432208	0
0	1134	39513.155827336081	1
0	1136	39600.278459620323	2
0	1148	39717.348931247981	1
0	1152	39740.856989428024	0
0	1311	44836.961009014089	1
0	1313	44940.422551597121	2
0	1315	45019.009337644342	1
0	1319	45064.594969446546	2
0	1325	45128.6661412764	1
0	1329	45412.523354450012	2
0	1341	45573.833983941021	1
0	1345	45613.63616383067	0
0	1686	58401.58344363519	1
0	1688	58414.92575857714	2
0	1694	58680.208383249918	1
0	1708	59014.245514689934	0
0	2865	96955.805593151541	1
0	2872	97404.822830961939	0
0	3306	109394.207335137366	1
0	3308	109520.696700763749	2
0	3310	109527.338767412465	1
0	3314	109546.886644366449	2
0	3316	109569.684069142139	1
0	3320	109607.440647341475	0
0	3335	109749.84216181237	1
0	3337	109896.568437299884	2
0	3339	109946.879766012888	1
0	3343	110000.5987461956	2
0	3345	110035.631701633728	1
0	3358	110208.062307953999	0
0	3673	120533.128650261253	1
0	3675	120608.918673354618	0
0	3747	122528.915610391914	1
0	3749	122602.097638949929	2
0	3751	122778.6323324696	3
0	3753	122845.824332566181	4
0	3755	122870.958409650571	5
0	3757	122941.438445950392	6
0	3763	123020.690534180898	5
0	3767	123098.336695196919	4
0	3771	123151.826904287895	3
0	3775	123188.048951260937	2
0	3784	123225.791732553686	3
0	3790	123609.947271922758	2
0	3799	123770.332510937325	3
0	3801	124007.669383856222	4
0	3808	124261.121712761812	3
0	3812	124274.781235000987	2
0	3816	124435.722565919352	1
0	3824	124698.667513856819	0
0	4274	141099.466121323604	1
0	4280	141201.423392131072	2
0	4282	141256.078209663742	1
0	4286	141304.002880034029	0
0	4554	149413.204618359583	1
0	4560	149870.211614004755	0
0	4744	155612.933864662325	1
0	4751	155822.94047833916	0
0	5014	164313.872165091248	1
0	5016	164472.220109194256	0
0	5100	166853.498396516287	1
0	5116	167174.084898210196	0
0	5520	182125.631364839047	1
0	5522	182204.95690221458	0
0	5552	182824.460334730348	1
0	5554	182964.249541945477	2
0	5556	182971.804353080014	3
0	5566	183252.138787835722	2
0	5570	183298.720060833874	1
0	5574	183332.874131557482	0
0	5754	189019.834136610914	1
0	5761	189108.971094636287	2
0	5763	189120.631581621405	3
0	5774	189298.771678183699	2
0	5778	189371.342143930922	3
0	5780	189381.020032456932	2
0	5784	189517.016908438152	1
0	5788	189538.700047098106	2
0	5790	189711.368943679832	1
0	5799	189777.838918371711	2
0	5801	189814.450275417297	3
0	5803	189825.942004989775	2
0	5811	189863.7063461678	3
0	5813	189890.38518569749	4
0	5815	189957.069073385415	3
0	5832	190365.217785921419	2
0	5836	190613.356380987667	1
0	5845	190836.305065889859	2
0	5847	190837.8665137431	3
0	5857	191052.757347992878	4
0	5859	191161.565986932463	3
0	5868	191294.653267707618	2
0	5872	191326.854482938075	1
0	5881	191496.637976620101	0
0	6121	200213.639530484941	1
0	6123	200244.440047320645	2
0	6125	200282.179135930273	1
0	6129	200291.004428760204	0
0	6338	207453.116075138161	1
0	6340	207592.896587090511	2
0	6342	207695.151439083271	1
0	6346	207849.411600522536	2
0	6348	207861.162663390105	1
0	6352	207864.445486800986	2
0	6354	207865.301867665029	3
0	6369	208083.546581589961	4
0	6371	208098.371573517266	5
0	6373	208151.307718429551	4
0	6377	208201.2371684215	3
0	6381	208207.578019266193	2
0	6390	208256.802333489008	1
0	6394	208467.004065223118	0
0	6564	214307.720005579455	1
0	6575	214381.225279418504	0
0	6598	215051.779575716812	1
0	6600	215110.092306067465	0
0	6654	216480.531183471547	1
0	6660	216667.486807856753	0
0	7040	228965.682220631004	1
0	7042	229032.492853887254	0
0	7268	235554.505550181875	1
0	7270	235558.651670657244	0
0	7294	236151.498382285572	1
0	7301	236161.369739888466	0
0	7305	236399.862819931293	1
0	7312	236678.095839016285	0
0	7316	236740.317124337277	1
0	7318	236747.518997973004	0
0	7322	236862.025353697335	1
0	7328	236964.122550374176	2
0	7330	236982.366038754067	1
0	7334	237136.955392410254	2
0	7336	237292.200232444504	1
0	7340	237333.80036075562	0
0	7883	256869.858188936276	1
0	7885	256915.30539355325	2
0	7887	257069.509035623599	3
0	7889	257074.477874611914	4
0	7895	257269.487714095547	3
0	7903	257394.939846717169	2
0	7907	257488.811954112054	1
0	7911	257606.920568855693	2
0	7913	257699.438639029416	1
0	7917	257734.035730430169	2
0	7919	257736.872253129531	1
0	7923	258033.525551750812	0
0	7927	258132.710522289923	1
0	7929	258137.45937701179	0
0	7955	258505.505122530849	1
0	7957	258611.87423714362	2
0	7963	258863.712694319237	1
0	7976	259010.708530962978	2
0	7978	259094.926073833906	3
0	7980	259116.354944861981	2
0	7984	259119.888074553973	3
0	7986	259186.066937991001	4
0	7988	259198.334579169748	3
0	7996	259373.410088360924	4
0	8008	259797.739851100876	3
0	8012	259924.997330101443	4
0	8014	259953.36438032308	5
0	8016	259953.489869022278	4
0	8020	260120.055148035181	5
0	8026	260300.022226730634	4
0	8034	260531.076974011956	3
0	8043	260589.250604061916	2
0	8047	260660.350744917545	1
0	8051	260673.07908361221	2
0	8053	260930.216045118867	1
0	8057	260975.510106838937	2
0	8059	261038.663104521383	1
0	8063	261081.970609435348	0
0	8067	261095.998608602569	1
0	8069	261225.949599116597	0
0	8127	262339.674500503553	1
0	8129	262397.2344507277	0
0	8150	263021.070883278528	1
0	8161	263341.801587430205	0
0	8433	272005.882307956661	1
0	8435	272156.833694295519	0
0	8439	272171.320708054168	1
0	8446	272463.734619993439	0
0	8460	272713.999923753738	1
0	8462	272740.52709077336	2
0	8464	272967.705070731426	1
0	8477	273094.84935265896	0
1	0	0	0
1	23	2342.231183590624	1
1	25	2688.450136488492	0
1	81	4795.117240278882	1
1	87	4812.554167301001	2
1	90	4855.350288726215	3
1	93	4883.952683156981	4
1	103	5268.985189351648	3
1	111	5435.660403252974	2
1	128	6358.495532363667	3
1	133	6621.63326169683	2
1	145	6899.036512330451	3
1	147	6906.051845199823	2
1	153	6940.962105894351	3
1	170	7597.62796057866	4
1	173	7802.705129274239	5
1	176	7980.909120047535	6
1	178	8041.670822672009	5
1	191	8351.42024195091	6
1	194	8402.770802826854	7
1	199	8454.258436638325	6
1	204	8672.5105402278	5
1	236	9603.179767382322	6
1	240	9716.485422046297	7
1	244	9850.285474495056	8
1	246	10071.894886850774	7
1	251	10077.051464024394	6
1	258	10084.891431805132	7
1	264	10284.995826536232	8
1	267	10292.147940234306	9
1	270	10362.602537077842	10
1	273	10381.330240154504	11
1	276	10438.29638632798	12
1	286	10793.423351676598	11
1	291	10835.930387930408	10
1	297	11149.404173770362	11
1	311	11823.061074102809	12
1	313	11948.818454503477	11
1	318	12005.794362438306	10
1	327	12717.821480858534	9
1	336	13193.482898868084	8
1	351	13884.982711359322	7
1	367	14378.439241390138	6
1	373	14626.757090736885	7
1	375	14700.295482336938	6
1	381	15067.821292886184	7
1	390	15428.745536835327	6
1	398	15477.801131888687	5
1	408	15551.540238788734	6
1	414	15704.034757683023	7
1	417	15796.53733326454	8
1	430	16485.124576840013	7
1	439	16823.525922219085	8
1	442	17003.400777802142	9
1	447	17030.00330400972	8
1	460	17261.68488006823	9
1	467	17897.007720018658	10
1	469	18116.913888578698	9
1	475	18185.063284907867	10
1	480	18509.393274396121	9
1	493	19066.642659337479	10
1	502	19471.089968377188	9
1	508	19475.188475894987	10
1	510	19494.66545014961	9
1	531	20109.331052055045	8
1	537	20367.379504028647	9
1	544	20513.326926011813	10
1	546	20578.605794844613	9
1	552	20660.330858169333	10
1	555	20765.633052273544	11
1	565	20894.650979913728	12
1	574	21317.991102843939	11
1	579	21394.842973904148	10
1	588	21769.11741235933	11
1	595	22133.622312514722	12
1	601	22577.166721013768	11
1	607	22683.834077985607	12
1	612	22994.189180334494	11
1	622	23226.502373431656	12
1	624	23369.843972542717	11
1	646	24426.102420960948	10
1	652	24546.498218232686	11
1	654	24829.583190785184	10
1	664	25150.409522382565	11
1	667	25209.735044648179	12
1	673	25403.758721457258	11
1	681	25493.764014210015	10
1	697	26610.862679214611	9
1	702	26664.323142192722	8
1	712	26940.233406630194	9
1	715	27004.494214635105	10
1	724	27561.065500074461	9
1	742	27899.433955881274	10
1	749	28033.298505088424	11
1	754	28247.15458980149	10
1	763	28259.813747784601	11
1	766	28285.654662136325	12
1	768	28319.223727940977	11
1	774	28511.790982988106	12
1	791	29239.531365851615	13
1	797	29296.945177677491	14
1	799	29328.974772629723	13
1	807	29541.452779232919	12
1	813	29554.715721257768	13
1	816	29930.669336720098	14
1	830	30355.497471498054	15
1	833	30700.21821542478	16
1	838	30969.987216045544	15
1	844	31085.148007497869	16
1	846	31151.608982350141	15
1	863	31666.394792894065	16
1	868	32509.89221074006	15
1	873	32794.256664080009	14
1	879	32808.396931525866	15
1	898	33409.248964799612	16
1	905	33594.524659489248	17
1	910	33717.031738444627	16
1	930	34240.612509048526	17
1	934	34276.639250960041	18
1	936	34287.745191821292	17
1	943	34322.845317580518	18
1	946	34522.753828450088	19
1	956	34645.351021210179	20
1	958	34943.506560086668	19
1	964	34961.516534453486	20
1	970	35171.104312392014	21
1	972	35174.533967183366	20
1	981	35425.996699701835	21
1	984	35475.121893518385	22
1	994	35802.101762009249	21
1	1003	35896.523577838228	22
1	1008	36093.237802287027	21
1	1014	36253.114603326922	22
1	1030	36751.397116932481	21
1	1042	37231.327409017619	22
1	1044	37232.44820792547	21
1	1053	37414.102653681299	22
1	1055	37434.202078677177	21
1	1061	37450.718561026262	22
1	1071	37733.094461012309	23
1	1077	37891.450560647957	24
1	1087	38274.367785609326	25
1	1089	38359.86939413792	24
1	1099	38419.438208881554	25
1	1108	38777.558332196019	26
1	1115	39056.30839425458	25
1	1122	39128.076551432208	26
1	1129	39319.433802436739	27
1	1138	39619.093048659549	26
1	1143	39672.300056157097	25
1	1150	39717.348931247981	26
1	1154	39740.856989428024	27
1	1165	40028.747879177735	28
1	1168	40103.752073190729	29
1	1181	40310.155235270651	30
1	1184	40436.209552421809	31
1	1187	40647.292826202354	32
1	1189	40692.242079287232	31
1	1195	40760.440402316348	32
1	1204	41334.692789961979	31
1	1210	41479.653518322227	32
1	1213	42123.797222096102	33
1	1222	42184.287945370586	32
1	1230	42534.778775156871	31
1	1245	43268.333192573324	30
1	1251	43340.910431124633	31
1	1261	43406.205762717289	32
1	1267	43757.451415085084	33
1	1269	43834.429507947923	32
1	1282	44057.573364489081	33
1	1288	44184.3852481402	34
1	1293	44577.232283245236	33
1	1299	44686.211039102046	34
1	1317	45019.009337644342	35
1	1327	45128.6661412764	36
1	1331	45445.432720150263	35
1	1336	45445.481303002149	34
1	1343	45573.833983941021	35
1	1347	45613.63616383067	36
1	1350	45691.997346338968	37
1	1353	45699.366670647294	38
1	1363	45906.103441263798	39
1	1366	46129.514239638957	40
1	1368	46189.628605445311	39
1	1374	46222.881277082505	40
1	1390	46909.025237833545	39
1	1402	47312.412053615544	40
1	1404	47350.3024339149	39
1	1410	47387.931510133177	40
1	1413	47479.500419378204	41
1	1424	47895.027149998916	42
1	1426	47984.119170376495	41
1	1432	48157.550817741202	42
1	1437	48285.103990019694	41
1	1447	48761.538386404288	42
1	1453	49109.774155675829	41
1	1458	49502.36286308004	40
1	1473	50125.426045445189	39
1	1478	50235.815220096544	38
1	1487	50296.108376060602	39
1	1502	50866.294364654361	40
1	1507	51260.609103910089	39
1	1516	51376.260526384408	40
1	1519	51579.521196610421	41
1	1521	51668.928100916953	40
1	1530	52009.849526317254	39
1	1543	52624.057414137087	40
1	1550	52868.176718799252	41
1	1552	53305.504248490022	40
1	1557	53614.130860123247	39
1	1570	54601.832331859903	38
1	1575	54608.901075286254	37
1	1592	55459.884314799382	38
1	1594	55735.767397026926	37
1	1609	56188.366120609851	36
1	1621	56636.3726656391	37
1	1631	56702.140154895697	38
1	1636	57289.506455439538	37
1	1642	57313.572197704927	38
1	1645	57484.178378325471	39
1	1648	57486.747633111495	40
1	1650	57528.168206758262	39
1	1659	57658.890385074548	40
1	1668	58090.929614820913	39
1	1696	58680.208383249918	40
1	1698	58779.277887990163	39
1	1703	58965.848702754289	38
1	1710	59014.245514689934	39
1	1713	59153.603421897066	40
1	1723	59342.568951605103	41
1	1729	59422.334401761692	42
1	1736	59609.594450206171	43
1	1739	59633.13582394923	44
1	1744	59696.696035790653	43
1	1753	59822.149408059994	44
1	1755	60264.416433501452	43
1	1761	60272.632023067401	44
1	1771	60744.593742025593	45
1	1774	60883.646858076271	46
1	1789	61293.982609206275	45
1	1795	61360.59869633255	46
1	1798	61565.242747956485	47
1	1800	61940.723331927717	46
1	1813	62310.945675581794	47
1	1815	62348.828276026458	46
1	1821	62522.578786151618	47
1	1826	62706.439422865793	46
1	1846	63381.060022556618	45
1	1852	63466.846547576368	46
1	1854	63633.390967960864	45
1	1860	63669.86442623071	46
1	1880	64328.199693633687	47
1	1886	64501.739288330201	48
1	1892	64531.198872601549	49
1	1894	64702.607011584029	48
1	1899	64748.208280171662	47
1	1905	64882.259779109876	48
1	1911	65151.903884418742	49
1	1921	65567.787308550119	50
1	1934	65773.132982578295	51
1	1937	65864.59283877397	52
1	1940	65883.517988788113	53
1	1942	66196.998781760619	52
1	1951	66340.377524524032	53
1	1953	66375.366544307604	52
1	1976	67038.792534873379	53
1	1982	67402.159743406726	54
1	1984	67418.347594443173	53
1	1989	67632.171023407414	52
1	2001	67875.845043389691	53
1	2004	67950.19706175556	54
1	2009	68087.864932877407	53
1	2022	68278.633259960598	54
1	2032	68586.275570544202	55
1	2035	68591.69765408427	56
1	2037	68663.434454177901	55
1	2047	68713.833687413513	56
1	2050	68776.337308203552	57
1	2052	68893.376064452738	56
1	2071	69458.951211699734	57
1	2077	69634.871094854013	56
1	2083	69649.967840862737	57
1	2089	69976.692876737957	58
1	2092	70064.496568883353	59
1	2097	70306.381519970879	58
1	2103	70407.006704308873	59
1	2118	70900.23110917157	58
1	2123	71099.857096479669	57
1	2133	71235.692229262114	58
1	2139	71372.029823496255	59
1	2145	71535.141881162102	60
1	2155	71895.50078633109	61
1	2161	71933.406169586551	62
1	2167	71969.927292404161	61
1	2172	72009.261202051699	60
1	2178	72116.080858833404	61
1	2193	72685.826265032798	60
1	2198	72867.422368073301	59
1	2208	72920.278933103044	60
1	2211	72989.887223519086	61
1	2214	73102.032947861131	62
1	2221	73539.216371564517	63
1	2230	73702.474690501975	62
1	2239	73924.649427215817	63
1	2252	74285.149581658856	64
1	2254	74329.955378326982	63
1	2260	74348.937585275669	64
1	2263	74396.496730949585	65
1	2265	74399.671760111513	64
1	2280	75055.775692121523	63
1	2288	75262.907897209212	62
1	2301	75438.486646684429	63
1	2315	75959.296267284704	64
1	2317	76072.656881728604	63
1	2322	76164.259102357017	62
1	2328	76175.738106220375	63
1	2331	76399.771093373011	64
1	2342	76749.302142128419	65
1	2347	77184.469005049601	64
1	2353	77421.71280231461	65
1	2356	77457.383273387971	66
1	2358	77497.243760939153	65
1	2374	78538.993044861989	64
1	2379	78667.09595823048	63
1	2392	79197.452722666331	64
1	2394	79341.240923417198	63
1	2400	79371.388309867511	64
1	2406	79699.393178153246	63
1	2422	80472.968555291581	62
1	2430	81228.295228605553	61
1	2435	81392.796024413246	60
1	2445	81433.600584776816	61
1	2462	82413.059334208887	62
1	2464	82517.893011275142	61
1	2470	82575.236495992103	62
1	2475	82801.775426197264	61
1	2485	83049.972020730736	62
1	2491	83647.115868212118	61
1	2496	83864.428723168958	60
1	2502	84032.554277111898	61
1	2518	84824.336200676321	60
1	2526	85295.694980279941	59
1	2536	85365.067641262917	60
1	2542	85671.864938841878	61
1	2545	85774.075120640069	62
1	2551	85978.665544598757	61
1	2560	86096.062070348143	62
1	2562	86448.342971171651	61
1	2579	86940.866632786722	62
1	2581	87182.194555777519	61
1	2589	87485.802134027172	60
1	2609	88121.10031272313	61
1	2611	88217.835717558328	60
1	2619	88377.27673362328	59
1	2632	88634.470558412921	60
1	2635	88645.739643279051	61
1	2641	88697.898494111918	62
1	2646	88950.89379437587	61
1	2662	89453.998023591398	60
1	2668	89731.585952464188	61
1	2671	90021.74341021015	62
1	2674	90044.499209392641	63
1	2681	90145.971082076969	64
1	2684	90436.835873699574	65
1	2686	90536.227225776229	64
1	2691	90563.947895144506	63
1	2706	91408.693548146103	62
1	2719	91723.880584321655	63
1	2728	91851.894572557344	62
1	2734	92442.802035326102	63
1	2741	92920.271225682491	64
1	2744	92932.60738340688	65
1	2746	92997.14342311344	64
1	2754	93278.957514859199	63
1	2760	93291.113162620982	64
1	2776	93918.315356879895	63
1	2782	94113.510996333489	64
1	2788	94486.883535481453	63
1	2793	94615.583019297039	62
1	2802	94877.685062477691	63
1	2805	94952.729697265932	64
1	2815	95381.006324155054	65
1	2824	95924.133209142298	64
1	2829	95934.944205203494	63
1	2835	96096.690983868523	64
1	2860	96952.27793499215	63
1	2867	97295.611250096401	62
1	2874	97404.822830961939	63
1	2877	97494.453212525148	64
1	2880	97585.1412258016	65
1	2882	97603.472288421751	64
1	2896	97930.867458987123	65
1	2899	97936.682732366262	66
1	2908	98351.870629073521	65
1	2920	98602.469398877046	66
1	2923	98675.718619333502	67
1	2936	99204.697903860713	68
1	2941	99276.075344033004	67
1	2947	99426.018426597583	68
1	2952	99578.118439776292	67
1	2962	99817.334510558023	68
1	2965	99819.878502085804	69
1	2971	99841.158838680214	70
1	2980	100181.480771197789	71
1	2990	100378.427108860815	72
1	2995	100603.611375208409	71
1	3001	100642.569269585892	72
1	3004	100662.986973896148	73
1	3010	100949.660280792718	74
1	3012	101013.099826856917	73
1	3021	101326.040619816011	74
1	3028	101551.895677688729	75
1	3030	101619.901826943667	74
1	3040	102074.854064381663	75
1	3052	102515.921491462207	74
1	3060	102632.243646908016	73
1	3066	102909.886163026076	74
1	3075	103143.758103953144	73
1	3084	103253.016431349486	74
1	3091	103419.088311177457	75
1	3106	104094.089036168	74
1	3112	104095.259979720636	75
1	3114	104224.501179757924	74
1	3123	104419.66883624485	75
1	3130	104691.974279667687	76
1	3136	104809.071656716726	77
1	3138	104890.868262530705	76
1	3144	104928.159619228557	77
1	3153	105218.388996015699	76
1	3158	105562.135806720173	75
1	3167	105699.325739122742	76
1	3174	105768.953913322128	77
1	3187	106024.10052120499	78
1	3190	106049.107294303971	79
1	3192	106093.738831210346	78
1	3204	106205.550576516828	77
1	3214	106455.899220617124	78
1	3226	106989.056617592857	77
1	3234	107372.761874304554	76
1	3240	107522.688154316425	77
1	3243	107604.560855337352	78
1	3252	107822.381021160097	77
1	3262	108071.755258529111	78
1	3272	108558.867579137741	79
1	3275	108574.276033955134	80
1	3281	108685.235692633692	81
1	3283	108781.063132764241	80
1	3298	109191.392595827044	79
1	3312	109527.338767412465	80
1	3318	109569.684069142139	81
1	3322	109607.440647341475	82
1	3324	109612.715220668754	81
1	3330	109632.972290821238	82
1	3341	109946.879766012888	83
1	3347	110035.631701633728	84
1	3353	110133.178339026333	83
1	3360	110208.062307953999	84
1	3362	110322.126551124668	83
1	3368	110349.010369653575	84
1	3382	110723.441649254913	85
1	3392	111219.034725099967	86
1	3395	111442.095964427452	87
1	3397	111456.791441760427	86
1	3403	111660.076085314549	87
1	3405	111762.367345516966	86
1	3418	112114.450806791822	87
1	3421	112130.135651743793	88
1	3430	112732.184921934666	87
1	3439	112810.61146199993	88
1	3441	113025.026387901447	87
1	3457	113639.030903672911	88
1	3464	114118.206662749172	89
1	3469	114181.948554211698	88
1	3477	114249.840686575906	87
1	3483	114255.911031279359	88
1	3486	114543.805720430917	89
1	3489	114791.639339541187	90
1	3492	114794.974102999739	91
1	3497	115088.034626695724	90
1	3514	115305.488834242934	91
1	3520	115613.500682332955	90
1	3531	115971.101461121278	89
1	3546	116720.209268912144	88
1	3556	116902.269306873693	89
1	3565	117057.827363389941	88
1	3571	117394.41095374245	89
1	3574	117447.533330004511	90
1	3581	117651.014021071399	91
1	3587	117732.793559015643	92
1	3589	117766.543626537018	91
1	3604	118158.386380307594	92
1	3610	118264.796736113193	91
1	3616	118302.746394498677	92
1	3619	118351.276751336412	93
1	3621	118686.470812478506	92
1	3627	118921.557125181083	93
1	3644	119490.543429672567	94
1	3646	119507.397038585904	93
1	3658	120004.793775038266	92
1	3677	120608.918673354618	93
1	3679	120710.852320169502	92
1	3685	120728.132811185718	93
1	3687	120847.260763657677	92
1	3693	121119.005523521237	93
1	3696	121131.094746893619	94
1	3707	121492.951832334928	95
1	3719	121787.082634528204	96
1	3724	122030.859484265962	95
1	3729	122052.229649092469	94
1	3742	122342.677903686016	95
1	3765	123020.690534180898	96
1	3769	123098.336695196919	97
1	3773	123151.826904287895	98
1	3777	123188.048951260937	99
1	3779	123192.415774113897	98
1	3792	123609.947271922758	99
1	3794	123700.409635997781	98
1	3803	124235.573461682934	97
1	3810	124261.121712761812	98
1	3814	124274.781235000987	99
1	3818	124435.722565919352	100
1	3826	124698.667513856819	101
1	3829	124768.336166723033	102
1	3831	124801.758744505638	101
1	3837	125000.288073523839	102
1	3850	125362.268718419064	101
1	3856	125438.960386353426	102
1	3858	125699.885163058931	101
1	3867	125912.611065514577	102
1	3878	126080.030594820312	103
1	3881	126783.78406446729	104
1	3883	126961.697889597554	103
1	3889	127175.924679409999	104
1	3891	127371.834099556724	103
1	3903	127878.300110170085	102
1	3913	128134.308329094979	103
1	3926	128743.614834860093	104
1	3931	128916.769511293093	103
1	3936	129111.226570274148	102
1	3942	129383.435738560232	103
1	3961	129924.137252591018	102
1	3967	129959.137517287992	103
1	3970	129959.807259340939	104
1	3972	130234.035866729388	103
1	3985	130556.649471301666	104
1	3988	130638.433086080354	105
1	3997	131344.884743581925	104
1	4006	131906.370962870712	103
1	4012	131943.455003040998	104
1	4014	132254.37756950355	103
1	4024	132531.527464151822	104
1	4036	132807.368538150037	103
1	4041	132982.064714881991	102
1	4058	133307.994849255669	103
1	4063	133790.690047306413	102
1	4069	134064.109549103823	103
1	4072	134138.592947291552	104
1	4075	134180.502719053681	105
1	4081	134477.680892016207	104
1	4089	135054.196330731208	103
1	4102	135580.175915903812	102
1	4111	136052.154671490145	103
1	4126	136474.348728892798	102
1	4131	136611.984791563293	101
1	4137	136727.757772061399	102
1	4140	136744.089852142531	103
1	4157	137390.781210465946	104
1	4160	137664.126714485231	105
1	4162	137716.785825373074	104
1	4170	137814.97444113105	103
1	4187	138410.133045856027	104
1	4190	138476.177083366918	105
1	4192	138601.716517371526	104
1	4208	139111.178442694952	105
1	4211	139213.938139081496	106
1	4213	139320.944022679175	105
1	4219	139407.500915593465	106
1	4228	139718.401915657735	105
1	4234	139917.715669499517	106
1	4243	140307.644348982965	107
1	4258	140842.20642892032	106
1	4263	140945.321406958098	105
1	4269	140991.456169834035	106
1	4284	141256.078209663742	107
1	4288	141304.002880034029	108
1	4291	141317.124063925085	109
1	4301	141646.463867936228	110
1	4303	141802.128256609133	109
1	4309	141817.781602245748	110
1	4312	141987.977112419641	111
1	4315	142280.188255208545	112
1	4317	142293.591811939547	111
1	4326	142354.768422867873	112
1	4343	143071.953397319803	113
1	4345	143157.675552539001	112
1	4353	143226.149476574204	111
1	4362	143633.618391871032	112
1	4365	143802.377854069864	113
1	4371	144095.214879674311	112
1	4380	144168.260014581896	111
1	4386	144267.082365268701	112
1	4396	144666.786672620395	113
1	4411	145240.55841514229	112
1	4416	145390.94042356446	111
1	4425	145980.208973331044	112
1	4427	146022.41896664112	111
1	4441	146103.538877685722	112
1	4447	146241.022103867589	113
1	4450	146521.016699541286	114
1	4456	146613.55577586484	115
1	4463	146678.14368118844	116
1	4465	146843.113289515894	115
1	4480	147658.80624780751	114
1	4486	147661.008497781143	115
1	4498	148273.309145685707	116
1	4500	148301.558550534245	115
1	4509	148519.745446069813	116
1	4512	148537.571159947344	117
1	4523	148739.926932737214	118
1	4528	148818.252646302275	117
1	4540	149158.227793823469	118
1	4545	149246.299281980318	117
1	4562	149870.211614004755	118
1	4565	149905.176627504674	119
1	4570	150239.957959999732	118
1	4576	150405.79510396261	119
1	4579	150421.403933098865	120
1	4582	150863.895651144936	121
1	4584	150888.158700031635	120
1	4593	150981.054382964456	121
1	4600	151130.385347275983	122
1	4612	151598.122631621949	121
1	4624	152042.999998260713	122
1	4626	152056.155153236759	121
1	4632	152070.892555419656	122
1	4642	152383.57121576438	123
1	4655	153077.32160952915	124
1	4657	153083.429410814715	123
1	4663	153187.050157162969	124
1	4665	153241.562883987494	123
1	4671	153526.212639146344	124
1	4674	153578.443505651567	125
1	4687	154024.737749391643	124
1	4692	154065.157859840833	123
1	4698	154222.491653884859	124
1	4701	154267.582266683575	125
1	4717	154800.156805956213	124
1	4722	154849.244965346002	123
1	4746	155637.283685154685	122
1	4753	155822.94047833916	123
1	4756	155905.622117923045	124
1	4759	156002.362082549487	125
1	4761	156113.267340542225	124
1	4770	156568.376208593541	123
1	4776	156574.318228615948	124
1	4783	156779.412941918805	125
1	4786	156898.544708802665	126
1	4795	157205.29888039775	125
1	4803	157385.681453927824	124
1	4823	158104.935065159786	125
1	4825	158123.645212243715	124
1	4831	158199.382768509334	125
1	4833	158260.21385709144	124
1	4839	158330.192409017088	125
1	4845	158408.415308245498	126
1	4858	159114.444379744524	125
1	4864	159231.197489347442	126
1	4866	159266.072297919018	125
1	4882	159714.65222739003	124
1	4888	159753.182759763517	125
1	4891	160003.637541224953	126
1	4893	160196.312142921088	125
1	4902	160847.343020405093	124
1	4915	161300.559505423007	123
1	4920	161775.13973618246	122
1	4938	162277.421072752622	121
1	4944	162278.320799805648	122
1	4956	162721.640263203004	121
1	4973	163012.66749962528	122
1	4976	163166.946874956985	123
1	4978	163351.587720209205	122
1	4983	163605.757761172426	121
1	4992	163704.374591575366	122
1	4998	163985.34541980315	123
1	5018	164472.220109194256	124
1	5021	164582.103542504602	125
1	5024	164703.716548873973	126
1	5026	164704.600936922649	125
1	5032	164724.59064157281	126
1	5038	164847.063022942871	127
1	5044	165129.392306500522	126
1	5053	165592.297810783166	127
1	5056	165764.966303561798	128
1	5065	165958.523863920418	127
1	5071	165967.220161495884	128
1	5076	166231.02073218062	127
1	5089	166567.330344965836	128
1	5102	167033.839214410106	127
1	5111	167168.798605709744	126
1	5118	167174.084898210196	127
1	5121	167456.07137267017	128
1	5124	167604.806604867129	129
1	5127	167838.449997001445	130
1	5134	167971.18871495322	131
1	5143	168242.876139146683	130
1	5149	168250.312693989901	131
1	5152	168268.511108281228	132
1	5154	168580.458933295155	131
1	5159	168909.330517680791	130
1	5182	169624.082784617642	131
1	5185	169669.096186445297	132
1	5192	169790.81156808767	133
1	5194	170228.567764743636	132
1	5199	170539.719462593493	131
1	5218	171044.168085212182	132
1	5224	171512.065762303243	131
1	5229	172040.858419820142	130
1	5238	172250.065149808434	131
1	5241	172371.429790733292	132
1	5248	172435.736388200926	133
1	5260	173035.14778824843	132
1	5265	173182.786294094694	131
1	5284	173862.562321939911	130
1	5289	173890.82543148048	129
1	5295	173904.740023405085	130
1	5298	173951.662113365579	131
1	5309	174247.405231556982	132
1	5315	174586.116279775049	133
1	5323	175113.529778200609	132
1	5328	175372.058602826144	131
1	5337	175462.315826557207	132
1	5344	175876.726166155966	133
1	5351	175988.779464694697	134
1	5353	176236.655401646565	133
1	5362	176784.747055269254	132
1	5371	176944.567082843214	133
1	5382	177588.445233324017	132
1	5396	178022.303848485151	133
1	5398	178219.4161713621	132
1	5407	178570.050507725296	133
1	5409	178583.967671323042	132
1	5418	178653.827562561359	133
1	5421	178696.727208147699	134
1	5427	178894.737358068524	133
1	5433	179066.114417902244	134
1	5446	179815.925145450456	133
1	5452	179826.762655187629	134
1	5454	179873.620688806694	133
1	5464	180283.005404128104	134
1	5476	181101.232442439942	133
1	5481	181229.127708127197	132
1	5494	181780.118698882245	133
1	5504	181925.510286366388	134
1	5506	182009.882891954329	133
1	5524	182204.95690221458	134
1	5526	182285.262213175593	133
1	5536	182532.85990483279	134
1	5539	182578.073894101106	135
1	5544	182704.898754575696	134
1	5568	183252.138787835722	135
1	5572	183298.720060833874	136
1	5576	183332.874131557482	137
1	5579	183353.882523351603	138
1	5581	183361.339745208096	137
1	5591	183706.538645841067	138
1	5594	183760.967035235544	139
1	5596	183830.866461557744	138
1	5602	183949.974881355601	139
1	5604	184044.415471426618	138
1	5624	184827.458752268138	139
1	5633	185098.316394481382	140
1	5638	185146.6704332488	139
1	5643	185193.308739982022	138
1	5649	185308.697725762623	139
1	5663	185874.171198593183	140
1	5665	185995.266526512277	139
1	5671	186063.225091938843	140
1	5677	186119.688098799041	141
1	5682	186424.233816353081	140
1	5692	186789.557984848308	141
1	5701	187236.117335859162	140
1	5710	187262.470810337151	141
1	5713	187467.707388447428	142
1	5716	187519.839786754041	143
1	5725	187915.824478206633	142
1	5740	188303.431275424955	141
1	5746	188618.098142767493	142
1	5756	189022.257593789545	141
1	5765	189177.91021788813	140
1	5776	189298.771678183699	141
1	5782	189381.020032456932	142
1	5786	189517.016908438152	143
1	5792	189711.368943679832	144
1	5794	189768.790633476746	143
1	5805	189825.942004989775	144
1	5817	189957.069073385415	145
1	5819	190001.936436373217	144
1	5834	190365.217785921419	145
1	5838	190613.356380987667	146
1	5840	190645.392197699694	145
1	5861	191161.565986932463	146
1	5863	191277.886287386936	145
1	5870	191294.653267707618	146
1	5874	191326.854482938075	147
1	5876	191369.524086260645	146
1	5883	191496.637976620101	147
1	5886	191517.1315257166	148
1	5889	191647.950798418315	149
1	5892	191823.408380323297	150
1	5908	192759.693095147085	149
1	5913	192834.980105118303	148
1	5919	192848.214344274007	149
1	5925	192952.203077499294	150
1	5939	193728.851173297003	151
1	5942	193860.295896665568	152
1	5947	194106.694270999579	151
1	5952	194172.131601836008	150
1	5962	194409.762613491567	151
1	5965	194544.645552669673	152
1	5968	194608.631056573024	153
1	5977	194907.170831908879	152
1	5982	195405.805404049753	151
1	5996	195950.442360489388	152
1	5998	196195.688086593	151
1	6009	196643.613386157378	150
1	6015	196660.31003396389	151
1	6028	197181.413490626437	150
1	6040	197479.035460034895	151
1	6052	198194.553271209299	150
1	6058	198255.904942687926	151
1	6061	198390.127963009685	152
1	6067	198499.553802189144	153
1	6070	198613.277092034283	154
1	6076	198791.649976198969	153
1	6082	198948.450055112664	154
1	6091	199319.695537293148	155
1	6099	199505.422125890329	154
1	6112	200052.951004903724	155
1	6127	200282.179135930273	156
1	6131	200291.004428760204	157
1	6134	200446.22413841365	158
1	6136	200448.328525045363	157
1	6142	200857.051761538621	158
1	6149	200895.561290826651	159
1	6154	201120.029739181921	158
1	6163	201389.749838550124	159
1	6169	201631.01313603023	160
1	6172	201689.504111218678	161
1	6178	201869.699168264345	160
1	6183	201882.773267480953	159
1	6192	202139.718478956847	160
1	6195	202313.648282465176	161
1	6202	202554.984969135037	162
1	6208	202670.270447082297	161
1	6226	203057.58293336636	162
1	6232	203186.074823815815	163
1	6241	203512.498982235266	162
1	6247	203531.217513339235	163
1	6250	203706.703686602442	164
1	6253	203985.607818155146	165
1	6255	204232.145957037286	164
1	6261	204251.295046651525	165
1	6267	204738.310128891317	164
1	6276	205119.591120158733	163
1	6288	205619.021662020532	162
1	6302	206235.759509986245	163
1	6304	206609.514204304145	162
1	6319	207062.921727591602	161
1	6327	207248.25886917621	160
1	6344	207695.151439083271	161
1	6350	207861.162663390105	162
1	6356	207866.783834466187	161
1	6375	208151.307718429551	162
1	6379	208201.2371684215	163
1	6383	208207.578019266193	164
1	6385	208241.022383797393	163
1	6392	208256.802333489008	164
1	6396	208467.004065223118	165
1	6399	208517.566307719633	166
1	6402	208535.351421569937	167
1	6416	208990.51123711205	168
1	6419	209167.798163391467	169
1	6421	209273.41537833534	168
1	6431	209823.047617234237	169
1	6433	209893.808792218045	168
1	6442	209919.058681212446	169
1	6455	210497.148998021752	170
1	6457	210541.128694865329	169
1	6469	211043.093264107948	170
1	6475	211367.732507552431	169
1	6483	211557.613618991746	168
1	6493	211942.837804519479	169
1	6496	212038.338576703178	170
1	6506	212294.377658374448	171
1	6508	212582.58897162363	170
1	6514	212679.273855089194	171
1	6519	212957.859663146956	170
1	6542	213649.44106694831	171
1	6544	213662.735531435759	170
1	6550	213741.989984749587	171
1	6556	214098.008851320369	172
1	6570	214318.982875462101	171
1	6577	214381.225279418504	172
1	6579	214474.789904163627	171
1	6585	214511.837509107737	172
1	6602	215110.092306067465	173
1	6605	215300.767570344859	174
1	6607	215411.103340241535	173
1	6616	215538.747858996667	174
1	6619	215559.82212670636	175
1	6629	215761.328771494221	176
1	6634	215871.493145780118	175
1	6640	215894.598848458714	176
1	6646	216041.511461248374	177
1	6662	216667.486807856753	178
1	6665	216693.057315928586	179
1	6667	217031.107410381957	178
1	6673	217195.353309531327	179
1	6676	217426.277492894264	180
1	6678	217452.473196297364	179
1	6688	217530.393146333726	180
1	6690	217718.886060196384	179
1	6696	217874.680327255323	180
1	6709	218589.258373410852	179
1	6721	219263.796915135755	178
1	6730	219452.167173668231	179
1	6736	219634.22286080618	180
1	6742	219941.82954489574	179
1	6747	220028.762636225148	178
1	6753	220101.978561498086	179
1	6769	220631.532271172329	178
1	6775	220937.221301858841	179
1	6787	221109.383429621646	180
1	6792	221250.510648669155	179
1	6798	221379.186152070783	180
1	6808	221632.049787223925	181
1	6811	221685.701073690352	182
1	6818	221859.393612952134	183
1	6823	222118.47164212115	182
1	6832	222273.29606839396	183
1	6841	222852.571124726387	182
1	6846	223009.56246365182	181
1	6852	223137.205438223622	182
1	6859	223263.602279274244	183
1	6875	223720.45072211977	184
1	6878	223797.594632981073	185
1	6880	223994.656797380599	184
1	6889	224091.226217271057	185
1	6892	224116.449316655449	186
1	6894	224200.610840705632	185
1	6906	224757.938239233049	184
1	6915	224944.913026205441	185
1	6918	225010.351915317374	186
1	6932	225252.125538766301	187
1	6937	225754.000092878415	186
1	6943	226008.397361658345	187
1	6946	226202.972237465381	188
1	6949	226269.874920295745	189
1	6954	226357.112836254241	188
1	6966	226585.351343297808	187
1	6985	227347.12074547395	186
1	6990	227422.526874890031	185
1	6996	227441.491758788519	186
1	7002	227618.531717244362	187
1	7012	227801.155990677012	188
1	7015	227861.969055865514	189
1	7024	228484.441308689713	188
1	7035	228859.100880067276	187
1	7044	229032.492853887254	188
1	7047	229065.70687983478	189
1	7050	229124.20496566351	190
1	7057	229197.636116524084	191
1	7059	229336.96121817775	190
1	7071	229499.596121549739	191
1	7078	229766.385351344818	192
1	7084	230243.611373941823	191
1	7093	230324.44253794311	192
1	7095	230424.630562517273	191
1	7105	230742.860928372061	192
1	7112	231118.2227724815	193
1	7120	231611.523834926485	192
1	7126	231622.356114686353	193
1	7128	231916.214313575479	192
1	7144	232231.217734408002	193
1	7146	232523.712066918089	192
1	7155	232701.746119634484	193
1	7168	232996.67045453884	192
1	7173	233225.123666323199	191
1	7182	233311.562378997578	192
1	7188	233674.528771638249	193
1	7197	233862.023520631197	192
1	7203	233938.000651501726	193
1	7217	234355.566737705642	194
1	7220	234361.908059609403	195
1	7223	234405.848792832793	196
1	7225	234477.129798637181	195
1	7243	234907.06396593781	196
1	7249	235085.793444452289	195
1	7258	235261.122809295408	196
1	7263	235491.265624410882	195
1	7272	235558.651670657244	196
1	7279	235762.072929949585	197
1	7286	236052.409989622021	198
1	7296	236159.073615487147	197
1	7303	236161.369739888466	198
1	7307	236520.303070725351	197
1	7314	236678.095839016285	198
1	7320	236747.518997973004	199
1	7332	236982.366038754067	200
1	7338	237292.200232444504	201
1	7342	237333.80036075562	202
1	7344	237364.565108086392	201
1	7350	237377.054918699112	202
1	7357	237526.127071386433	203
1	7359	237668.256369860325	202
1	7372	238134.611937002835	203
1	7375	238157.621124803505	204
1	7382	238218.68021812121	205
1	7385	238318.393235508427	206
1	7391	238809.387216016436	207
1	7393	238896.447003319338	206
1	7398	239292.946458136145	205
1	7421	239940.406561503661	206
1	7423	240194.975089480583	205
1	7431	240355.924544244483	204
1	7437	240743.835132542145	205
1	7439	240827.741871116166	204
1	7445	240835.332200079983	205
1	7456	241263.647238700763	206
1	7458	241499.450903612599	205
1	7467	242050.676411468019	204
1	7487	242463.586890712038	205
1	7489	242823.081326012914	204
1	7494	242876.770247540847	203
1	7510	243617.400785799549	202
1	7516	243933.101014390279	203
1	7523	244055.228223064528	204
1	7525	244337.129922139869	203
1	7530	244391.23366397195	202
1	7556	245401.662445233547	203
1	7558	245468.047471655012	202
1	7564	245492.153748076375	203
1	7567	245526.58360491421	204
1	7569	245978.217369311903	203
1	7582	246187.100477731141	204
1	7588	246240.377675027997	203
1	7601	246846.585577006936	204
1	7603	246898.026631598771	203
1	7612	247004.435076890328	204
1	7624	247406.418011135836	203
1	7630	247617.62254038871	204
1	7633	247858.674884288047	205
1	7635	248012.909325755616	204
1	7641	248228.968269588357	205
1	7647	248373.652967953533	204
1	7659	248637.158567089071	203
1	7672	248924.888170983241	204
1	7687	249535.984855614086	203
1	7692	249727.502668512464	202
1	7698	249789.656565295717	203
1	7701	249910.486091376719	204
1	7707	249973.243975462765	205
1	7713	250381.817516622548	204
1	7723	250524.083978334185	205
1	7726	250791.081058538584	206
1	7732	251404.029231810421	205
1	7740	251558.843606527378	204
1	7750	251815.155140412077	205
1	7765	252523.835625791401	204
1	7774	252840.181057382115	205
1	7779	253158.983057498415	204
1	7789	253469.71020698533	205
1	7796	253573.188453304518	206
1	7799	253637.019160230637	207
1	7807	254145.141876054407	206
1	7813	254146.777995439215	207
1	7819	254631.529757569959	206
1	7824	254987.786490585134	205
1	7837	255600.743971309879	206
1	7840	255643.99906950805	207
1	7842	255680.628472811957	206
1	7855	256125.936160227296	207
1	7867	256608.680618008078	206
1	7872	256641.500530208876	205
1	7897	257269.487714095547	206
1	7905	257394.939846717169	207
1	7909	257488.811954112054	208
1	7915	257699.438639029416	209
1	7921	257736.872253129531	210
1	7925	258033.525551750812	211
1	7931	258137.45937701179	212
1	7933	258141.628468477582	211
1	7939	258163.822627798071	212
1	7941	258217.761039141045	211
1	7947	258298.740731627942	212
1	7965	258863.712694319237	213
1	7967	258907.213272660454	212
1	7982	259116.354944861981	213
1	7990	259198.334579169748	214
1	7998	259627.685601006673	213
1	8003	259678.294986275439	212
1	8010	259797.739851100876	213
1	8018	259953.489869022278	214
1	8028	260300.022226730634	215
1	8036	260531.076974011956	216
1	8038	260588.62134167314	215
1	8045	260589.250604061916	216
1	8049	260660.350744917545	217
1	8055	260930.216045118867	218
1	8061	261038.663104521383	219
1	8065	261081.970609435348	220
1	8071	261225.949599116597	221
1	8074	261266.221842503681	222
1	8076	261273.41234594904	221
1	8089	261438.249369273235	222
1	8095	261585.476712479744	223
1	8102	261666.718362988441	224
1	8105	261849.268227765782	225
1	8111	262023.612868685461	226
1	8116	262172.59304740787	225
1	8131	262397.2344507277	226
1	8134	262409.37066455176	227
1	8140	262755.327866040169	228
1	8145	262934.550986274557	227
1	8156	263278.698692175974	226
1	8163	263341.801587430205	227
1	8166	263395.099018891698	228
1	8169	263460.215865289517	229
1	8186	263811.444191980464	230
1	8189	264202.280813617077	231
1	8191	264209.901944690796	230
1	8197	264324.627185725595	231
1	8199	264445.777609873046	230
1	8205	264688.197766232354	231
1	8215	265148.617472678624	232
1	8224	265642.653018230053	231
1	8233	265721.288937352125	232
1	8235	265875.764405507077	231
1	8248	266413.743774676742	232
1	8260	266506.62064203382	231
1	8265	266569.092946204769	230
1	8274	266916.817163325211	231
1	8277	266918.748302914074	232
1	8280	266958.89051511103	233
1	8290	267125.389510758357	234
1	8293	267150.513048731566	235
1	8295	267342.704831225281	234
1	8310	267664.98621601932	233
1	8320	267907.437222403195	234
1	8323	268218.660069845664	235
1	8329	268408.260212636968	234
1	8347	268907.810380232374	235
1	8350	269097.578566957742	236
1	8353	269097.973050159974	237
1	8355	269196.174164603877	236
1	8364	269324.070103218263	235
1	8381	270040.752458382584	236
1	8384	270114.263601471421	237
1	8387	270172.516590691263	238
1	8389	270435.733065096143	237
1	8404	270950.048961912697	236
1	8416	271537.51946000703	235
1	8422	271645.809105317051	236
1	8437	272156.833694295519	237
1	8441	272274.449140050864	236
1	8448	272463.734619993439	237
1	8455	272517.905383536153	238
1	8466	272967.705070731426	239
1	8472	273082.391427861008	238
1	8479	273094.84935265896	239
1	8482	273128.614826305065	240
1	8484	273231.550079801535	239
1	8490	273317.187037628254	240
1	8493	273526.994681005562	241
1	8509	273886.665666739872	240
1	8518	273919.070803042224	241
1	8521	273977.226725005779	242
1	8524	274098.493574735305	243
1	8527	274193.314235410794	244
1	8529	274242.79312946223	243
1	8535	274363.766094015648	244
1	8554	275496.15514469654	243
1	8562	275817.575784002843	242
1	8568	275873.361937156799	243
1	8571	275953.453795320615	244
1	8574	276047.444659759923	245
1	8577	276102.639880098856	246
1	8587	276881.838075074783	245
2	0	0	0
3	36	3393.254671791757	3349.8886598926
3	97	4997.67628512923	3401.5587433967
3	101	5228.926107215541	3008.5525309481
3	121	5705.93966923973	1767.1044343617
3	163	7362.721729142055	3240.232950619
3	167	7515.14078805542	3682.7590195526
3	188	8289.304299003839	4690.6386727538
3	220	9165.207185413151	4367.4703612434
3	224	9301.326507780164	5570.9055694386
3	284	10656.81106854549	5330.203223364
3	301	11298.843365286872	4532.4952479194
3	308	11649.224678271845	4547.3580854091
3	325	12463.837880355701	5125.5043711798
3	334	12784.587160929501	6277.4565171128
3	343	13235.962075910925	4318.7992978789
3	358	13973.030671052098	7156.9994155152
3	388	15252.187731921136	7048.375350168
3	405	15504.601358849018	6425.7258281251
3	428	16090.36902441962	6634.6778012823
3	457	17071.791842881053	8266.5518820226
3	464	17650.258953211292	8302.3192768006
3	500	19350.806364643782	9246.2291482041
3	529	19890.82158715783	6437.2877182818
3	541	20371.37020076944	9018.2407675897
3	562	20838.610741769358	6847.4780744752
3	572	21044.389391144202	7169.7529837897
3	592	22110.701335289911	6644.9397743213
3	599	22179.449848796635	7078.9825679077
3	619	23043.805304964466	6994.4270970473
3	631	23816.190836609737	8138.6276329245
3	635	23969.597973910554	7384.0901452822
3	671	25348.361731314495	8279.0267058658
3	695	26117.416977513045	7749.1659293251
3	709	26851.549800814524	7542.264467356
3	719	27088.598502058	7538.1135933916
3	746	27930.110906375036	8294.8279549547
3	778	28596.120813454896	8865.8377849194
3	788	29208.552732601226	9364.9476198112
3	820	30028.309921653405	9226.234367403
3	827	30135.541487283468	9185.0137905093
3	853	31418.065307897911	9766.9503999537
3	857	31513.988309338153	8583.290358963
3	892	33237.281566516891	9033.3040730687
3	902	33423.742408923269	9438.5644340194
3	926	34168.317414488108	9781.8504544032
3	950	34543.573300832346	8900.5153921736
3	988	35669.094746628239	8055.2630509417
3	992	35724.394059631438	10233.869267985
3	1028	36529.719955169992	8843.881616223
3	1068	37671.772985983103	9971.7752476996
3	1096	38367.470617521017	10109.377088518
3	1126	39224.650037012459	11093.305955973
3	1158	39864.513818056718	11228.282488289
3	1162	39870.308319473103	11176.429734015
3	1175	40231.399097324744	10826.131284535
3	1217	42138.970382412359	11434.370353942
3	1240	42993.082005310269	12861.034952753
3	1255	43348.059991070465	11825.430384298
3	1276	43859.934932117745	11750.441312716
3	1306	44748.042590304674	11783.158657634
3	1323	45082.369835100532	11431.327208281
3	1360	45888.160911932052	13045.31661405
3	1378	46343.528822700888	13388.846962782
3	1385	46606.785019983933	12703.335726211
3	1444	48364.624246632144	14414.993312082
3	1468	49584.738693594397	14503.72936254
3	1495	50478.785364193306	15253.772498701
3	1499	50501.374759425805	14503.993904138
3	1540	52325.336088392348	15364.266384483
3	1547	52863.234756918088	16570.34431467
3	1564	54129.854604390846	17700.558403784
3	1568	54552.113983466685	17168.962836505
3	1585	55072.957236611679	17277.920555207
3	1607	56125.560431520849	17293.424685232
3	1625	56644.613294753642	19029.33032544
3	1663	57731.505094918818	19081.150024758
3	1678	58279.489811047377	20015.396139167
3	1720	59335.557129833311	19822.401302497
3	1733	59437.497386628227	19837.218927008
3	1768	60592.37093039176	21103.275460135
3	1787	61159.047571107209	21025.817330326
3	1807	62051.161317446665	23189.346250125
3	1836	62848.86020798555	22607.653109685
3	1844	63167.636786944628	22162.795587931
3	1870	63887.721862228051	21459.646387076
3	1874	64035.730934667796	20634.780478234
3	1918	65346.257962038205	22589.050387343
3	1928	65576.323176942229	22421.802312142
3	1966	66639.378432103827	22548.053154608
3	1970	66738.073296205536	23036.915595363
3	2026	68320.835818418696	23537.501800659
3	2044	68685.437306904629	24739.811582611
3	2059	68958.448367708757	24018.025816112
3	2113	70511.864183222339	25099.340828772
3	2130	71183.998377000377	26347.037367986
3	2149	71547.056834868551	26482.461865422
3	2165	71945.457849254295	25525.265104812
3	2205	72897.12116184032	27064.057184822
3	2218	73290.749358090967	26353.828124468
3	2225	73582.042636027025	26732.989480909
3	2246	74050.022151482688	24497.481914424
3	2275	74606.086035634786	26331.188025716
3	2295	75303.752432058963	25318.581273685
3	2305	75569.367363111513	24571.827858815
3	2309	75656.697861341223	25416.346634621
3	2335	76441.775533345925	24174.457595644
3	2339	76651.690645621553	25284.20336518
3	2365	78031.373468985244	23332.977497402
3	2404	79432.694379792945	22976.725681903
3	2413	79855.617827189552	22758.016621032
3	2417	80360.848475474327	24489.139026141
3	2442	81408.462082402247	24723.74347354
3	2452	81803.90586727618	24214.458743116
3	2456	81823.298943595424	23446.94920948
3	2482	82984.016770518779	24872.806195824
3	2489	83606.500643960599	25273.152859026
3	2512	84338.569099617585	26548.318020187
3	2516	84734.181484015126	25537.544566476
3	2533	85306.459998864143	26891.534240287
3	2549	85855.746990361649	27454.163546726
3	2572	86703.753245159451	27323.042538764
3	2576	86913.183488252966	27262.588945734
3	2599	87858.26821160822	27489.444929325
3	2606	88115.781295805632	28362.238266972
3	2626	88515.895338098917	27366.198388542
3	2656	89302.321836718752	28325.059264265
3	2660	89395.439309834901	28445.995640305
3	2698	90809.666743821863	28756.371587077
3	2713	91493.722038337423	28704.148490387
3	2726	91825.977506417249	28045.514340605
3	2738	92732.778244831993	28851.098738852
3	2764	93453.897851094072	29295.160625018
3	2771	93711.768726132273	29202.97526469
3	2812	95148.854213900328	30704.32037096
3	2845	96582.697701299032	30952.461086775
3	2849	96665.01689127034	31386.665770454
3	2889	97638.160796289728	31435.470366758
3	2906	98135.129869769723	31328.334405546
3	2930	98744.272609048923	32315.008073733
3	2959	99623.424069754244	32498.101123503
3	2984	100220.338583098194	32202.561327993
3	3025	101408.848268262507	33735.224721758
3	3037	101812.419009603029	33702.84750453
3	3047	102169.60943242854	33699.1430306
3	3070	102969.89057502097	33966.505924458
3	3088	103414.067453931487	35573.9314705
3	3095	103437.212110267422	34221.615591344
3	3127	104427.230213557771	34530.432134484
3	3171	105730.01534993148	35275.907758959
3	3178	105769.269768459192	35608.537283114
3	3247	107656.989739195839	37163.242287764
3	3259	107859.140039881161	35935.72373792
3	3266	108217.288626416982	36050.445468694
3	3293	109035.033466865709	36590.068197464
3	3351	110104.967610094161	38234.822778394
3	3375	110567.926045752531	36525.942776787
3	3379	110570.898764853767	37937.537752608
3	3386	110997.884785629274	37394.162436817
3	3415	112085.074769401388	37955.20845828
3	3428	112268.338387425459	38500.843442188
3	3451	113511.645560379537	38514.326332811
3	3461	113688.211999715708	39131.677366945
3	3504	115134.727987361542	39697.463221622
3	3508	115144.443427299546	40013.643418059
3	3518	115502.799380666973	38599.733964194
3	3538	116073.054248721741	40311.551401868
3	3553	116888.501958226251	38584.174332417
3	3563	117022.354808583327	37920.532766296
3	3608	118259.072236859642	37487.677808497
3	3631	119111.737856123062	37516.796931667
3	3656	119913.071560397211	37248.613413813
3	3671	120465.301692516947	36389.043680299
3	3700	121323.581959543216	35932.573910672
3	3704	121426.472740278983	37101.097946842
3	3761	122967.260807141129	36985.557115594
3	3788	123497.346008330051	35498.701223879
3	3822	124591.318549610147	38000.616231331
3	3841	125021.783434537638	37741.584275486
3	3848	125313.749369898284	37574.60648436
3	3871	125939.56442059337	37660.74920878
3	3875	126075.251450886423	37374.396939496
3	3898	127520.54816359042	38915.997493559
3	3910	127988.796257603387	39321.980969536
3	3923	128510.371952237029	39279.782392921
3	3952	129595.429690148155	38745.765433456
3	3959	129727.017913575683	38087.890713961
3	3992	131014.449880275348	39204.151450064
3	4004	131784.118081390325	38739.874128141
3	4028	132589.31551261193	38835.556963255
3	4051	133115.369151843185	38433.591955166
3	4100	135578.618076754207	39239.085839758
3	4115	136338.270162999099	39549.72354309
3	4147	137050.46256427973	40741.49568295
3	4154	137109.053407603344	40249.575739571
3	4177	138019.412871518573	41063.607278367
3	4205	139060.825528738489	40680.250070126
3	4223	139611.784554099138	40887.324117851
3	4250	140576.721714309818	42125.387964098
3	4278	141184.194795632205	42220.88874511
3	4295	141319.409262941624	41778.920284347
3	4330	142639.214090773305	42780.151913973
3	4369	143963.563741094838	43725.282081313
3	4378	144151.939892632357	44323.027221488
3	4390	144449.286919220753	44577.107715424
3	4400	144963.463895743187	44580.683781854
3	4434	146027.551236798458	45229.191704309
3	4438	146102.686816708591	44944.832660495
3	4460	146627.91980634763	44476.724526355
3	4475	147329.693968243372	44738.033227366
3	4516	148587.625988613285	46121.843176431
3	4520	148682.27216183528	45471.174190393
3	4552	149254.666816809617	46193.417509988
3	4558	149537.980272028071	45528.523797646
3	4597	151020.122934797249	47160.025223087
3	4636	152235.389746924333	47124.67958085
3	4649	152772.74626043014	48470.237016809
3	4678	153597.412385869242	48010.13332442
3	4685	153690.212270322663	48925.553987665
3	4705	154307.131565020822	48138.354162867
3	4709	154439.096433681844	48557.148109738
3	4732	155233.738114473818	49271.665538777
3	4739	155550.815951333785	48642.227485942
3	4768	156299.375847190091	48539.371478078
3	4780	156703.359695294348	49758.893122408
3	4793	157118.370753781342	49964.649067777
3	4816	157645.267829451187	48986.225069404
3	4820	157762.478849294999	49531.599117572
3	4849	158443.035285550574	49098.431565273
3	4856	159022.448140404595	49944.685303583
3	4873	159392.897989985937	49998.690654849
3	4900	160270.919501244494	50724.032856878
3	4909	160894.953033154307	51951.835960435
3	4966	162949.522468199429	53052.9540309
3	4970	162986.064524709651	51966.574905348
3	5012	164307.565731027567	52318.156295261
3	5042	165014.08357369102	52788.260147088
3	5063	165955.087078431097	52516.753696989
3	5086	166520.896977887896	52281.236892227
3	5109	167141.152107746745	54383.328024415
3	5131	167867.908332723597	54231.616464272
3	5141	168100.852898474259	53978.627736507
3	5166	168914.426686478255	53643.558597073
3	5173	169073.806132183815	54154.046727439
3	5189	169738.057164804485	53771.829378713
3	5215	170802.867806156573	54436.955366785
3	5222	171054.523102886448	55204.708403315
3	5245	172413.547259218464	55921.843220955
3	5272	173364.658182508717	56393.675150075
3	5282	173615.174589067173	55957.520812112
3	5302	174122.274721724387	56231.828201582
3	5306	174245.954872391594	56144.117833279
3	5341	175832.127706886675	55546.052970288
3	5348	175908.285969033313	56658.635973545
3	5389	177651.181105993164	58181.237411249
3	5393	177878.393454992618	57345.264804731
3	5437	179093.915492299419	57307.096069842
3	5444	179745.184794807283	58121.004646944
3	5461	180168.608032039773	58325.360967067
3	5471	180634.177253733797	58914.241812547
3	5501	181894.493736935254	59823.358657765
3	5533	182422.104972967353	59893.189362575
3	5564	183153.398878270235	60307.574545704
3	5588	183623.369963339936	60844.73763087
3	5611	184235.662251630275	61364.70384198
3	5621	184774.69872892223	61548.906996369
3	5656	185452.9949519629	61682.662441026
3	5660	185707.902830432577	62766.464384482
3	5689	186775.087403062206	62767.418019206
3	5696	186900.475181148796	61760.556124924
3	5723	187888.356897107733	62167.975481029
3	5772	189185.518477348087	60836.057191787
3	5809	189846.537738846091	60165.073989251
3	5851	190913.80311095476	60518.19191734
3	5929	193199.194843958539	60407.238297631
3	5936	193631.990565893649	60259.346822224
3	6019	196896.27407658234	60527.612937329
3	6023	197025.422902631983	60631.622265403
3	6074	198635.948041336089	61739.421096829
3	6109	199710.196049468068	62623.661874749
3	6146	200865.00091401249	63100.730729152
3	6176	201817.165731287971	63419.237493903
3	6199	202476.49117254041	63698.786744179
3	6239	203447.495526674614	63244.579621991
3	6274	204923.618157360182	64153.018899126
3	6286	205603.008851235209	65674.23424324
3	6295	205673.154471510501	64609.153087889
3	6314	206990.184263906853	66574.774472289
3	6367	207984.767570731638	66885.301449408
3	6406	208573.288891961274	66251.040363584
3	6410	208717.001313887016	65650.501459516
3	6449	210133.937416377888	67382.896686421
3	6473	211172.130053735746	67982.804923602
3	6490	211781.825696065501	66761.182560602
3	6503	212091.443745050056	67623.394445947
3	6535	213412.662067891509	68221.315238701
3	6539	213513.110950257106	67652.98638942
3	6568	214318.481487029643	69190.922639529
3	6592	214763.27091545187	68214.000331644
3	6626	215710.192423112167	67809.080450707
3	6658	216649.694515423329	69659.882745695
3	6685	217483.995986602678	69946.951625209
3	6700	218305.654094371425	70482.35895859
3	6704	218354.170280400141	70266.733843997
3	6716	219086.705893551411	70580.62718608
3	6740	219779.23796354182	71006.763681997
3	6767	220592.939983991386	71763.681436995
3	6802	221526.929378605857	72113.724760246
3	6815	221820.633307875545	72626.24012063
3	6836	222530.170675780102	72444.834633839
3	6856	223243.605138038697	72299.552510575
3	6872	223605.189053959622	72195.526144969
3	6922	225052.771032856255	73290.613033011
3	6929	225228.42291209236	73703.31296554
3	6961	226448.169297616406	73657.377047794
3	6980	227103.283986852913	73446.834241158
3	7009	227726.581656032653	75117.023064172
3	7019	228034.019500811993	73405.391544549
3	7054	229191.078472690135	74619.886024371
3	7082	229873.684827837571	74601.613762502
3	7102	230529.336439243927	74916.402574582
3	7109	231008.655021361488	75405.571111588
3	7159	232799.863663197907	75214.209718835
3	7163	232840.52480105631	75394.770468021
3	7195	233817.534942872304	76705.800090356
3	7207	233939.960633295997	74958.193683221
3	7214	234145.895363570604	75789.637934565
3	7276	235745.147733281776	73874.559098864
3	7283	236020.981258576218	74106.745086473
3	7326	236957.616328060109	74592.554125186
3	7354	237432.350713306516	75358.121387117
3	7405	239312.028966027722	76408.297080582
3	7415	239612.670093805943	75401.217786843
3	7449	241041.818743882183	77358.707958083
3	7453	241117.264932788387	76803.392767697
3	7465	241536.36998455361	77551.734371606
3	7477	242267.861252467558	76991.805141418
3	7484	242458.240627482017	77633.516734884
3	7504	243314.92412463151	77418.665556711
3	7508	243488.080029481505	76809.777115787
3	7520	244022.073775290922	77840.173245395
3	7546	245151.628168098108	78684.354373431
3	7553	245300.04222082295	78658.863065521
3	7579	246180.364951187224	79593.678459294
3	7586	246237.587759116147	79384.0893626
3	7616	247147.359462020398	78100.217367921
3	7654	248495.250458813687	77932.919981596
3	7669	248906.880141946902	78197.570878835
3	7679	249187.627384190858	80048.621839001
3	7711	249997.743642892172	77861.935451397
3	7720	250521.781322707832	79806.382442511
3	7730	251084.02828322113	78451.622107175
3	7747	251752.632596337647	78289.406956133
3	7754	252109.02711836942	79091.233536139
3	7786	253433.212731325478	79981.844251446
3	7793	253495.532066266467	78854.819311511
3	7817	254401.088943885119	79530.604008172
3	7834	255400.249878096809	81013.520560943
3	7849	255752.223933342323	80340.183477533
3	7859	256258.52812765487	79357.147402827
3	7893	257266.319042549879	79715.509649493
3	7901	257328.362965754648	79895.990776771
3	7974	258916.13994410582	81417.239538912
3	7994	259371.795975923022	80782.137144271
3	8032	260479.903750329689	81286.376693056
3	8086	261350.175858674054	80799.715383601
3	8099	261624.885868247078	80975.548309711
3	8176	263623.674783579488	80830.749476134
3	8183	263797.52059994586	81938.262031008
3	8209	264765.117064224037	82736.51862108
3	8219	265397.792481354852	83331.449566523
3	8242	266185.375378796311	84059.744013957
3	8255	266482.237581688393	83657.777246958
3	8317	267839.557522063558	84875.307980118
3	8327	268302.228665559965	83630.29496495
3	8362	269287.40104869329	84963.22433356
3	8374	269800.690073551094	84896.909353111
3	8470	273062.141694718456	85950.535882324
3	8497	273607.617879503819	87445.824296229
3	8504	273731.767417614763	86473.071190479
3	8539	274704.845424279055	86576.819766529
3	8581	276126.697396946552	88066.437893482
3	8585	276450.193264105773	87551.175912701
4	53	3908.973625327415	3178.4015185665
4	125	5767.182890971586	1487.1458951253
4	280	10592.03152200526	5009.056391596
4	365	14261.237531382054	5840.5884772338
4	421	15811.016534551441	6281.1921018543
4	490	19061.050956112728	9462.1312942848
4	661	24938.162098148301	7918.9705095426
4	691	25908.133302194461	7204.431857262
4	1021	36375.717124448553	8756.2962300581
4	1081	38092.341593563022	10984.380570936
4	1202	41042.978487967909	11769.936227459
4	1417	47715.206098950863	13971.988303953
4	1421	47844.450166945741	14513.245902824
4	1451	49057.355678429291	14486.893603552
4	1491	50328.800907147512	16223.05246792
4	1528	51928.020109723717	16114.753802751
4	1589	55076.622441032366	17889.034392964
4	1692	58586.759322205023	19939.544523739
4	1840	63097.418380485311	20948.463331067
4	2019	68241.200587380142	24035.684433079
4	2075	69624.846437818766	24906.22036211
4	2185	72325.720903587924	25381.838431857
4	2369	78213.118733077707	22135.054811981
4	2386	79073.39794478698	22617.524705205
4	2678	90113.639185375928	27500.095810239
4	2786	94184.543359022056	29033.295017478
4	2819	95390.952795970654	29820.151670725
4	2893	97735.234301475277	31305.826709111
4	3148	104936.2004277142	35787.754093864
4	3199	106116.254039223706	35246.378643388
4	3211	106368.27359997055	34842.450293391
4	3218	106725.022382413438	35391.476221298
4	3578	117454.107765130164	37083.592716565
4	3638	119469.584525891983	37555.819733203
4	3739	122273.917362804928	37402.507014955
4	3979	130328.376200984631	38991.540660475
4	4021	132364.879105438883	38841.124410225
4	4055	133249.271048739021	38156.499373773
4	4079	134265.445174270714	38459.910773384
4	4096	135395.262352398996	38623.291445439
4	4181	138087.950596505249	39977.789920623
4	4337	142830.091429486344	43588.117259465
4	4607	151483.464820509252	48023.039559889
4	4880	159687.790730729176	50167.094029965
4	4913	161147.877481173197	51497.732112384
4	4933	162062.32459142193	52061.725845226
4	4954	162611.927089936504	52862.084928124
4	5002	164108.86220144428	53654.881768369
4	5255	172716.658065843803	54881.356515843
4	5360	176649.493542316775	56839.426812713
4	5425	178724.180778650043	58259.233324319
4	5491	181661.477273342608	59202.256278848
4	5560	183140.547325008957	60538.449686059
4	5738	188212.352993929236	60384.798352246
4	5826	190109.373458571209	61315.555374729
4	5830	190209.969418387335	61788.377700439
4	5855	190933.144404854102	61498.017678446
4	5896	191958.314920909178	62371.314040901
4	5900	192264.176823360322	61059.392748167
4	5959	194362.115882014333	61685.27565835
4	5972	194644.133534620923	61574.738559374
4	5989	195672.748946578649	59970.100592701
4	5993	195728.960964375584	61238.843647332
4	6050	197924.47005743481	61578.063458917
4	6119	200150.227403550818	61487.773559293
4	6206	202627.009957026169	62912.917118914
4	6265	204290.064740761591	63508.491221715
4	6299	206043.10729767516	64841.683905544
4	6363	207895.407075186671	66448.314940953
4	6428	209606.253891907109	66057.139555381
4	6596	215050.744439133851	68901.432493124
4	6763	220356.428522787466	71507.954574988
4	6901	224497.765017220232	72532.309891605
4	6973	226733.74921107054	74358.280646814
4	7075	229667.142645757126	74518.85084709
4	7141	232071.93157877162	74851.13408026
4	7247	235036.701344618052	75416.144207161
4	7369	238063.79398396559	73849.178059108
4	7379	238198.653391425911	75767.997352783
4	7598	246674.559425873161	78697.860377807
4	7645	248243.543816081663	78973.864028585
4	7961	258841.837789652353	80285.072525015
4	8024	260153.198140331958	78899.870735071
4	8154	263093.249719770108	81076.117613615
4	8287	267100.142414777952	84495.041145092
4	8302	267449.656141245221	84477.851788165
4	8378	269999.053779322135	84684.432048442
4	8402	270901.536604457948	86002.21946012
4	8411	271316.827809730029	86190.778039795
4	8452	272484.595867026079	86381.952449647
4	8546	275103.993096894997	87347.979354496

