version 2
run Iteration-69-20200521-09:55:25-71616
attr configname Iteration
attr datetime 20200521-09:55:25
attr experiment Iteration
attr inifile omnetpp.ini
attr iterationvars "$i=7, $j=7, $0=15-(7+7)"
attr iterationvarsf i=7,j=7,15-(7+7)-
attr measurement "$i=7, $j=7, $0=15-(7+7)"
attr network Network
attr processid 71616
attr repetition 0
attr replication #0
attr resultdir results
attr runnumber 69
attr seedset 69
itervar i 7
itervar j 7
param **.resourcePool.amount 7
param **.resourcePool1.amount 7
param **.resourcePool2.amount 15-(7+7)
param **.source.interArrivalTime exponential(6min)
param **.delay.delay uniform(4min,28min)
param **.delay1.delay uniform(10min,28min)
param **.delay2.delay uniform(4min,16min)
param **.allocate.resourceModuleName "\"Network.resourcePool\""
param **.allocate1.resourceModuleName "\"Network.resourcePool1\""
param **.allocate2.resourceModuleName "\"Network.resourcePool2\""
param **.deallocate.resourceModuleName "\"Network.resourcePool\""
param **.deallocate1.resourceModuleName "\"Network.resourcePool1\""
param **.deallocate2.resourceModuleName "\"Network.resourcePool2\""
param **.router.randomGateIndex "uniform(0, 1) > 0.2 ? 0 : 1"

vector 0 Network.allocate queueLength:vector ETV
attr interpolationmode sample-hold
attr title "queue length, vector"
vector 1 Network.allocate1 queueLength:vector ETV
attr interpolationmode sample-hold
attr title "queue length, vector"
vector 2 Network.allocate2 queueLength:vector ETV
attr interpolationmode sample-hold
attr title "queue length, vector"
vector 3 Network.sinkStat lifeTime:vector ETV
attr interpolationmode none
attr title "lifetime of arrived jobs, vector"
attr unit s
vector 4 Network.sink lifeTime:vector ETV
attr interpolationmode none
attr title "lifetime of arrived jobs, vector"
attr unit s
0	0	0	0
0	1085	28497.561511911954	1
0	1087	28603.722155019984	0
0	1131	29449.477949479317	1
0	1133	29569.123859035314	2
0	1135	29620.538088447522	1
0	1143	29746.819757924944	0
0	1899	49910.045533170692	1
0	1904	50015.025646313204	0
0	5983	160316.56504342577	1
0	5985	160373.532659395088	0
0	7517	202546.112315587196	1
0	7527	202713.601948305534	0
0	7814	211242.589777463707	1
0	7816	211299.247820607032	2
0	7829	211458.554514477269	3
0	7831	211616.378491229651	4
0	7833	211619.855242781759	3
0	7838	211715.106538023523	2
0	7843	211771.797477056353	3
0	7845	211782.892059243649	2
0	7850	211887.994508623675	1
0	7860	211902.20504039784	0
0	7868	212137.867325377141	1
0	7873	212236.597478247613	0
0	7881	212258.197151978181	1
0	7883	212371.008634684067	0
0	8055	215656.259205898978	1
0	8063	215857.437156524997	0
0	10257	275760.232015658802	1
0	10259	275763.371370782126	0
1	0	0	0
1	1178	30195.334383341905	1
1	1180	30218.966587165321	0
1	1192	30378.350721350592	1
1	1216	30776.666337317895	0
1	1221	30847.850602186393	1
1	1223	30930.216021988139	0
1	1948	50712.625236306766	1
1	1951	50879.110350084204	2
1	1953	51032.493207313813	1
1	1957	51236.663705580029	0
1	2722	69898.954145354982	1
1	2724	69944.278962119775	0
1	2737	70102.495145616952	1
1	2739	70144.043943790864	0
1	2749	70420.706130330199	1
1	2755	70565.190201755437	2
1	2757	70573.709519394247	1
1	2761	70641.130320265439	0
1	3222	83183.337854933429	1
1	3229	83326.530218743856	0
1	3412	87594.017408298701	1
1	3414	87722.579204118692	0
1	3419	88030.134683090463	1
1	3430	88134.590695970508	2
1	3435	88323.370642059548	1
1	3439	88355.349591331165	0
1	4451	118501.476206064073	1
1	4453	118508.701471961875	0
1	4487	119104.412973193931	1
1	4495	119394.291947068487	0
1	4500	119396.282752371308	1
1	4503	119482.027720788446	2
1	4508	119658.495934488256	1
1	4513	119673.46834865097	2
1	4515	119712.903778372173	1
1	4524	119737.651737180388	0
1	4529	119925.857281689169	1
1	4539	120209.283591376551	0
1	4734	124547.28405955613	1
1	4736	124694.826673863588	0
1	5252	137744.062569582675	1
1	5260	137782.73633772487	2
1	5263	137839.653660440361	3
1	5265	137859.010169813176	2
1	5269	137923.206383656053	1
1	5278	138163.810793576895	0
1	6037	161462.870744344135	1
1	6048	161714.532034814101	2
1	6050	161799.481113952134	1
1	6054	161801.866253123109	0
1	7403	200328.778219443751	1
1	7406	200394.978932258647	2
1	7408	200441.728338230708	1
1	7412	200442.831791723435	0
1	7442	200917.92853434267	1
1	7445	200972.207971337997	2
1	7447	200982.384585910991	1
1	7451	201100.849519679611	0
1	7862	211902.20504039784	1
1	7864	211934.016463705952	0
1	7894	212422.630194554193	1
1	7896	212512.944417602747	0
1	7904	212657.830976103823	1
1	7906	212671.894028506118	0
1	7923	212918.838353828014	1
1	7925	213164.041138683975	0
1	7937	213195.766077655154	1
1	7940	213278.24130823063	2
1	7947	213342.531728656422	1
1	7952	213400.593675453153	2
1	7954	213419.187499533772	1
1	7967	213772.478596407354	0
1	8101	216648.314864075896	1
1	8106	216786.950283605506	0
1	8660	232341.481906089435	1
1	8662	232355.054036001051	0
1	8682	232915.355116806464	1
1	8685	232945.239106661238	2
1	8687	233011.186869778377	1
1	8691	233084.363210745249	0
1	8696	233124.89446361599	1
1	8706	233306.505174441063	0
1	10320	276817.566714506005	1
1	10322	277012.153436421563	0
2	0	0	0
2	63	2194.674226827927	1
2	66	2450.602517800819	2
2	75	2577.789942170691	1
2	81	2702.437758624343	2
2	102	2948.171657691907	1
2	114	3251.757310687015	2
2	124	3399.153651180874	1
2	130	3455.011519926849	2
2	140	3660.844351563485	3
2	153	4008.098775488106	4
2	160	4071.371209207432	5
2	162	4126.777522242825	4
2	172	4200.330632701563	5
2	178	4237.883743785363	6
2	181	4394.907123312597	7
2	191	4608.087002947192	6
2	197	4614.948665397138	7
2	210	4932.007464911054	6
2	219	5110.850104183684	7
2	238	5454.014660666439	8
2	241	5494.622672813604	9
2	243	5500.351250576983	8
2	249	5509.248784492931	9
2	256	5690.531186455739	10
2	259	5726.926332274707	11
2	266	5826.181258663093	12
2	269	5853.530710863394	13
2	278	6150.549786049138	12
2	295	6436.528264757215	13
2	297	6500.317780650418	12
2	314	6782.565526077931	13
2	324	7078.457380204833	14
2	327	7201.665362205762	15
2	329	7407.894180636119	14
2	339	7479.257916574572	15
2	342	7642.165459731623	16
2	348	7959.79657633076	17
2	353	8208.685568398993	16
2	359	8269.250558405573	17
2	362	8736.681958467831	18
2	364	8767.682593423139	17
2	393	9391.300110495846	16
2	399	10029.588537615319	17
2	401	10095.171437892328	16
2	407	10201.443033600275	17
2	418	10374.465106083213	18
2	420	10604.014734248827	17
2	433	10932.240891854415	18
2	441	11371.522470652322	17
2	460	12000.815314579935	18
2	465	12029.8557829626	17
2	479	12162.953820971303	18
2	500	12838.366207680861	17
2	506	13003.416302196909	18
2	509	13034.878531862297	19
2	515	13239.967111794949	20
2	518	13257.397601765938	21
2	521	13259.760825321331	22
2	533	13440.609087455283	21
2	539	13454.48309501471	22
2	542	13490.816796698852	23
2	552	13821.06137515531	22
2	565	14233.319035116111	23
2	568	14334.929108274249	24
2	570	14368.660878180723	23
2	575	14613.991442374151	22
2	587	14984.924131779592	23
2	589	15026.850483319919	22
2	598	15319.523794120639	23
2	604	15363.708332362782	22
2	620	16039.872622690361	21
2	635	16700.576138901722	20
2	645	16824.475817186739	21
2	648	16845.730341910533	22
2	655	17019.379103123768	23
2	663	17121.395643274498	22
2	669	17256.475189896302	23
2	694	18030.48776343019	22
2	704	18100.701764363408	23
2	711	18317.82679094139	24
2	718	18487.83618360699	25
2	723	18669.529103501898	24
2	740	19148.361874367954	25
2	746	19231.273034266394	24
2	758	19494.696018262964	23
2	764	19541.04452851769	24
2	767	19709.845696979892	25
2	769	19765.192585061502	24
2	775	19772.346678881924	25
2	781	19891.282485463197	26
2	787	20064.179846198924	27
2	790	20096.392010102303	28
2	792	20243.80238685311	27
2	802	20440.757329432096	28
2	804	20793.969330354791	27
2	827	21508.37750799508	26
2	837	21791.489029894277	27
2	840	22014.583835265635	28
2	845	22161.444734237354	27
2	858	22349.570795676005	28
2	868	22517.825677595386	29
2	870	22619.416877734672	28
2	882	22987.235808855571	29
2	899	23404.643476656835	28
2	905	23538.166934987905	29
2	908	23717.38922600498	30
2	911	23758.058085887498	31
2	921	24014.779664555999	32
2	923	24073.183624907594	31
2	939	24359.529892226027	32
2	941	24720.632271184783	31
2	951	24824.624973203013	32
2	957	24895.904360211794	33
2	966	25348.924618563812	32
2	982	25705.130086629849	31
2	991	25953.655800127988	32
2	996	26291.074716276687	31
2	1002	26310.607901658266	32
2	1013	26578.268083939573	33
2	1016	26652.188237034993	34
2	1022	26766.868893294793	33
2	1031	27051.576592148587	34
2	1037	27272.822183067721	35
2	1040	27478.02559026723	36
2	1042	27530.523584312957	35
2	1060	27979.4974489838	34
2	1096	28902.993874098372	33
2	1110	29185.221024937048	34
2	1119	29235.607525932215	35
2	1141	29638.804128244862	36
2	1149	29793.133098849769	37
2	1151	29815.013484074932	36
2	1157	29818.35240165854	37
2	1171	30160.223052096761	38
2	1182	30218.966587165321	39
2	1185	30333.125916243275	40
2	1194	30445.75233615489	39
2	1211	30761.393173444283	38
2	1218	30776.666337317895	39
2	1225	30930.216021988139	40
2	1228	30977.798537259249	41
2	1231	30980.602773155968	42
2	1237	31069.529250930262	41
2	1247	31099.989288121908	42
2	1254	31182.718734145508	43
2	1260	31420.731105636048	44
2	1273	31546.582453000467	45
2	1275	31603.484143796575	44
2	1291	32018.105746889922	45
2	1294	32134.696593502134	46
2	1301	32197.49533363019	47
2	1314	32437.95287018196	46
2	1320	32616.960006281578	47
2	1323	32660.371925302067	48
2	1325	32758.690730049473	47
2	1338	33019.432552151318	48
2	1345	33103.630570061175	49
2	1355	33468.266347064835	48
2	1361	33670.80841534252	49
2	1367	33837.688696151562	50
2	1370	33898.196752188285	51
2	1373	33917.333265979436	52
2	1379	34086.303000693584	53
2	1381	34088.939656778437	52
2	1398	34831.833927946493	53
2	1404	35018.321323725593	52
2	1418	35872.778076208395	51
2	1424	35931.932827407681	52
2	1445	36307.563597769719	53
2	1448	36422.182402448888	54
2	1453	36749.224116984022	53
2	1476	37093.406790047237	54
2	1479	37102.369994834457	55
2	1482	37192.448390369333	56
2	1488	37536.656702733797	55
2	1494	37573.51481219932	56
2	1503	37917.463985579258	57
2	1513	38178.569638404938	58
2	1519	38341.136279436958	57
2	1537	38982.304565623927	58
2	1540	38998.063201465393	59
2	1546	39018.695462621016	58
2	1555	39349.880036393574	59
2	1561	39689.758169944597	58
2	1567	40087.50384749848	59
2	1569	40136.192172947539	58
2	1578	40347.094982242183	59
2	1584	40628.104687497424	60
2	1586	41062.626760727925	59
2	1598	41129.380655366906	60
2	1607	41445.16194097252	59
2	1616	41898.136349558098	58
2	1622	42048.000041158167	59
2	1627	42541.106856609894	58
2	1650	42915.681040673716	57
2	1662	43182.560470303315	58
2	1668	43640.658312062932	57
2	1674	43763.025483798507	58
2	1685	43809.442989368929	59
2	1690	43915.299483719481	58
2	1696	44134.922235038988	59
2	1707	44424.670375025537	60
2	1714	44539.406370122198	61
2	1717	44560.852141045293	62
2	1719	44585.923751960708	61
2	1727	44867.66653382705	60
2	1732	45356.176426089568	59
2	1738	45501.946590282574	60
2	1745	45667.104982054223	61
2	1748	45900.685885358083	62
2	1750	46053.200625903172	61
2	1759	46154.795513198841	62
2	1765	46744.402827522916	61
2	1776	47100.754456534249	60
2	1782	47684.309127079357	61
2	1787	47764.977555345011	60
2	1823	48717.942998348934	59
2	1829	48764.38710380288	60
2	1846	49071.70543827796	61
2	1858	49385.598278302313	62
2	1872	49489.160633228561	63
2	1874	49517.228521718842	62
2	1887	49712.149212033564	63
2	1902	49960.634295177829	64
2	1913	50224.717534682912	63
2	1928	50617.874504025293	62
2	1934	50628.042940545312	63
2	1937	50642.386834235325	64
2	1955	51032.493207313813	65
2	1959	51236.663705580029	66
2	1962	51280.883859662164	67
2	1968	51366.017956155871	68
2	1975	51423.824086297423	69
2	1977	51483.877519401921	68
2	1986	51590.180577551125	69
2	1989	51638.408926081605	70
2	1994	51984.252349655343	69
2	2016	52273.360065452641	70
2	2019	52443.105697589088	71
2	2021	52557.640728089226	70
2	2027	52752.22144790843	71
2	2030	52881.250674958547	72
2	2040	53103.496597895523	73
2	2043	53267.607702484524	74
2	2045	53358.850408191992	73
2	2057	53789.053295161893	74
2	2059	54034.059147476418	73
2	2065	54314.997738615892	74
2	2081	54915.955808791531	73
2	2090	55193.829302317662	72
2	2096	55289.684852287454	73
2	2099	55550.001640701814	74
2	2101	55577.853207807256	73
2	2110	55826.318285274519	72
2	2131	56514.013846456273	71
2	2137	56590.797625768055	72
2	2160	57030.370001043393	71
2	2170	57144.614027990433	72
2	2173	57336.457935690598	73
2	2183	57519.606894157241	74
2	2185	57594.027909054621	73
2	2198	57793.50121592159	74
2	2205	58054.20252675055	75
2	2212	58417.433627432564	76
2	2217	58516.589436470731	75
2	2233	58791.389848157709	76
2	2242	58852.629299914873	77
2	2248	59141.272742706551	76
2	2254	59231.068121617942	77
2	2261	59323.996392471536	78
2	2268	59397.642433432392	79
2	2270	59535.915663219257	78
2	2283	59956.865691472766	79
2	2286	59987.248374687508	80
2	2291	60119.361798572554	79
2	2303	60626.498504406973	78
2	2309	60671.114579391093	79
2	2319	60889.587358284162	80
2	2329	61315.15672783853	79
2	2341	61600.472997516195	80
2	2351	61916.11959673583	81
2	2357	62238.139165765806	80
2	2368	62496.752530741705	79
2	2377	62622.769216295239	80
2	2388	62709.053249289435	81
2	2394	62924.994934401675	80
2	2410	63150.671202624943	81
2	2416	63466.872075162914	82
2	2418	63474.086273363992	81
2	2424	63478.85900994314	82
2	2427	63550.147514327009	83
2	2444	63955.703697419593	84
2	2446	64030.202319412693	83
2	2462	64216.576407586662	84
2	2476	64786.640911987427	85
2	2482	64908.692916087076	84
2	2499	65205.561936925584	85
2	2502	65271.215689319567	86
2	2508	65570.436805230967	87
2	2515	65759.91781955959	88
2	2517	65764.941383353636	87
2	2530	66019.202145305636	88
2	2533	66030.327799736937	89
2	2546	66364.717913176462	90
2	2551	66533.253087098912	89
2	2565	66610.780165079566	90
2	2584	67120.378510308325	91
2	2586	67381.472911364601	90
2	2603	67689.08687019558	91
2	2612	67884.80036809595	90
2	2622	67928.616630877501	91
2	2625	68098.073870259991	92
2	2628	68122.347034361915	93
2	2648	68289.570203004887	94
2	2650	68470.207538376764	93
2	2660	68550.195595264409	94
2	2663	68558.772832905798	95
2	2666	68658.04495273773	96
2	2678	69255.276446710542	95
2	2690	69458.117800060663	96
2	2697	69563.632183688904	97
2	2726	69944.278962119775	98
2	2728	69974.448330323413	97
2	2741	70144.043943790864	98
2	2743	70288.17291233243	97
2	2759	70573.709519394247	98
2	2763	70641.130320265439	99
2	2766	70654.587580506982	100
2	2772	70700.315687119393	101
2	2775	70773.040441119333	102
2	2778	71061.859149636846	103
2	2780	71128.558200537428	102
2	2786	71293.196353235763	103
2	2789	71398.991134730658	104
2	2808	71797.389719668045	103
2	2814	71897.141850488765	104
2	2816	72564.122250224664	103
2	2829	72874.583712124753	104
2	2839	72996.3215345614	105
2	2845	73306.705778963133	104
2	2867	73790.520523186042	103
2	2873	73794.495106952977	104
2	2876	73801.213416313749	105
2	2881	74037.026787768318	104
2	2891	74080.963768087949	105
2	2894	74225.400573764856	106
2	2907	74822.569297100617	105
2	2917	75132.542450498521	106
2	2919	75382.898940290524	105
2	2934	75652.09568915443	104
2	2940	75669.173054769143	105
2	2943	75783.186730341937	106
2	2946	75856.354412382934	107
2	2952	76087.367325057898	108
2	2962	76387.811134546264	107
2	2974	76771.570488613982	108
2	2980	76982.842206559344	107
2	2990	77213.68907481514	108
2	2992	77267.095239847167	107
2	3002	77356.825913326517	108
2	3014	77917.616931529495	109
2	3021	78071.517848376837	110
2	3027	78210.788367088153	109
2	3033	78396.294005004384	110
2	3041	79004.196070130183	109
2	3060	79477.577577340617	108
2	3066	79542.442942902635	109
2	3069	79568.079269877146	110
2	3071	79857.163134007915	109
2	3093	80386.979555538725	110
2	3110	80612.363227117076	109
2	3126	80750.5416409187	110
2	3132	81076.551303148561	111
2	3142	81192.567610289171	110
2	3148	81228.077379438391	111
2	3151	81356.777757494184	112
2	3154	81500.852894727268	113
2	3160	81619.817853170613	114
2	3162	81671.526579703405	113
2	3188	82377.825998771205	112
2	3194	82457.628784323555	113
2	3201	82720.769739486685	114
2	3224	83274.210136993989	113
2	3231	83326.530218743856	114
2	3234	83336.578016777707	115
2	3240	83495.089741785394	116
2	3243	83611.725454622297	117
2	3253	84169.767047255501	116
2	3262	84340.797393567526	117
2	3265	84423.796343397129	118
2	3268	84507.601605239936	119
2	3274	84646.924816985384	120
2	3277	84718.403654671411	121
2	3283	85113.230432565525	120
2	3292	85350.413132094335	121
2	3297	85626.830264176443	120
2	3306	85730.260312944798	121
2	3318	85929.574756710991	120
2	3331	86295.062003038093	119
2	3357	86743.873688779041	118
2	3363	86806.968597514867	119
2	3376	87036.705472265615	120
2	3389	87242.788875513304	121
2	3391	87262.940110299006	120
2	3397	87336.018451662554	121
2	3416	87722.579204118692	122
2	3421	88082.000368661448	121
2	3437	88323.370642059548	122
2	3441	88355.349591331165	123
2	3447	88558.113449580385	124
2	3450	88582.050886013185	125
2	3459	88722.29228432776	124
2	3470	89032.117089326694	123
2	3480	89060.45391900894	124
2	3483	89099.735513371704	125
2	3486	89300.398314227232	126
2	3489	89313.471172482772	127
2	3492	89336.4020228233	128
2	3498	89479.381029154375	127
2	3512	89950.955242443304	128
2	3522	90332.782433933651	129
2	3524	90384.011695101127	128
2	3530	90708.46698114893	129
2	3535	90831.446481752411	128
2	3541	90844.595611262417	129
2	3544	90878.530160023897	130
2	3554	91179.173021942759	131
2	3559	91744.880507714317	130
2	3579	92460.54199814351	129
2	3592	92620.25740160788	130
2	3595	92783.907134850932	131
2	3597	92878.864419064687	130
2	3605	93194.6850749992	129
2	3611	93280.271474494604	130
2	3614	93363.976042327063	131
2	3624	93855.358680153617	132
2	3626	93967.957447706925	131
2	3642	94506.12326280142	132
2	3644	94671.805632668751	131
2	3653	95063.970363282701	132
2	3662	95319.364440455305	131
2	3675	95642.831496778148	130
2	3691	96386.867544963228	129
2	3697	96584.271384678055	130
2	3704	96837.808772856398	131
2	3706	96915.779303177463	130
2	3712	97072.163677684809	131
2	3717	97162.175781759637	130
2	3723	97254.872697600785	131
2	3726	97332.93894925067	132
2	3728	97845.034114434587	131
2	3741	98204.218313842999	132
2	3743	98225.648721377569	131
2	3771	99109.788240841794	130
2	3781	99288.08716465315	131
2	3788	99333.509126949101	132
2	3791	99361.701996057157	133
2	3803	99984.413551702368	132
2	3816	100164.430378944285	133
2	3822	100323.130876005667	134
2	3825	100374.273517550289	135
2	3827	100420.886982097494	134
2	3840	101141.518527376669	133
2	3850	101393.481131029505	134
2	3857	101633.886881556471	135
2	3860	101836.226757679581	136
2	3865	101888.155016596633	135
2	3871	102384.868154411983	136
2	3873	102410.612287423777	135
2	3881	102777.456616345065	134
2	3894	103170.334300709965	135
2	3896	103338.192895497399	134
2	3908	103761.46758906098	133
2	3914	103768.816089538085	134
2	3920	104223.078349414486	133
2	3926	104342.79727110055	134
2	3931	104639.323332566041	133
2	3949	105237.482589180786	132
2	3963	105593.173449101969	133
2	3968	105841.136979772914	132
2	3974	105950.762876176164	133
2	3985	106236.809264955114	134
2	3991	106526.683540842701	133
2	3997	106568.09858823008	134
2	4003	106847.312377040788	135
2	4009	106971.54583846144	136
2	4025	107446.987240868826	135
2	4031	107763.07397197603	136
2	4038	107937.780957273147	137
2	4041	107978.042474894588	138
2	4043	108080.930979340543	137
2	4053	108406.473759859626	138
2	4058	108485.424123197068	137
2	4072	109127.16923707651	136
2	4078	109210.909895532578	137
2	4084	109402.50860550927	136
2	4113	110303.806575122494	135
2	4119	110506.267002880619	136
2	4126	110691.93675153091	137
2	4135	110859.216257403809	136
2	4141	110971.230170932789	137
2	4144	111169.110532353135	138
2	4150	111208.281962345559	137
2	4160	111361.584661101306	138
2	4163	111505.075305960657	139
2	4168	111778.536772816647	138
2	4183	112064.912964881995	139
2	4190	112217.553426090594	140
2	4192	112511.895261234809	139
2	4202	112969.132722949261	140
2	4222	113418.270503650625	139
2	4228	113500.877919365169	140
2	4241	114038.948147813995	139
2	4267	114607.052066630923	140
2	4270	114706.273168372868	141
2	4273	114784.797407814079	142
2	4276	114794.845937276769	143
2	4281	114940.185897811521	142
2	4291	115183.968614954053	143
2	4304	115462.973454451627	144
2	4317	115789.713047682513	143
2	4323	115807.662882260735	144
2	4326	115881.703417893726	145
2	4336	116398.244382550007	146
2	4348	116519.489324256052	145
2	4357	116641.788055800102	146
2	4363	116751.454369851674	147
2	4369	117142.602085801978	146
2	4382	117235.458657024288	147
2	4402	117658.470460774168	148
2	4411	117938.979721269776	147
2	4417	117954.768598507022	148
2	4424	117993.83162363471	149
2	4455	118508.701471961875	150
2	4458	118692.123472143449	151
2	4464	118839.382610399877	152
2	4466	118840.586039140095	151
2	4472	118869.577105270724	152
2	4497	119394.291947068487	153
2	4510	119658.495934488256	154
2	4517	119712.903778372173	155
2	4519	119734.721834431608	154
2	4526	119737.651737180388	155
2	4534	120137.678316100706	154
2	4541	120209.283591376551	155
2	4544	120262.550535773699	156
2	4547	120306.3952827296	157
2	4550	120386.737088485835	158
2	4553	120417.491593198691	159
2	4562	120687.764196875711	158
2	4571	120880.374117807335	159
2	4578	120965.421687945728	160
2	4588	121182.2575148362	161
2	4594	121533.179739597459	160
2	4607	121812.391506881209	161
2	4612	122291.820713090916	160
2	4621	122345.782047695398	161
2	4628	122556.041729201623	162
2	4635	122696.114056425086	163
2	4637	122807.365349414964	162
2	4643	122845.385068744179	163
2	4658	123331.014439030756	162
2	4671	123536.031917696893	163
2	4692	124118.347323215772	162
2	4702	124145.067340255411	163
2	4713	124236.856057720545	164
2	4720	124407.949561338295	165
2	4738	124694.826673863588	166
2	4740	124972.390611837824	165
2	4746	125027.502387240311	166
2	4759	125564.624282077418	167
2	4762	125644.461540789737	168
2	4764	125669.823400429656	167
2	4770	125824.378699838568	168
2	4773	125842.512004230219	169
2	4776	125847.719729559629	170
2	4783	126102.860031599899	171
2	4786	126160.636883942257	172
2	4788	126190.096342931708	171
2	4803	126763.319597537836	170
2	4812	127210.74401905011	171
2	4815	127216.055421468698	172
2	4821	127508.80285422804	171
2	4847	128382.609121950097	172
2	4849	128413.673755913248	171
2	4859	128753.244095255757	172
2	4865	129196.171087301543	171
2	4874	129433.988663734779	172
2	4880	129607.284836298993	171
2	4903	130021.805474679567	172
2	4906	130113.806006224595	173
2	4915	130268.871747772416	172
2	4935	130713.055333713342	173
2	4948	130964.996449682137	172
2	4954	131120.743735807635	173
2	4957	131182.878464117697	174
2	4960	131190.085839575232	175
2	4962	131330.033664251884	174
2	4977	131791.82319316568	173
2	4983	131975.864552857747	174
2	4989	131990.092355966509	175
2	4995	132135.826848442778	176
2	4997	132179.217112898102	175
2	5024	132504.590508888258	176
2	5033	132741.600274755826	175
2	5043	133002.039880619377	176
2	5045	133075.053739058992	175
2	5054	133194.977287243185	176
2	5072	133376.878819176221	177
2	5077	133436.972105629018	176
2	5087	133514.046266766612	177
2	5094	133738.271058503077	178
2	5104	134063.495131777354	179
2	5107	134125.474724495121	180
2	5110	134146.311173347272	181
2	5112	134283.759424756488	180
2	5122	134436.974245438257	181
2	5127	134811.22034912484	180
2	5143	135009.654501452287	181
2	5146	135185.046942396857	182
2	5156	135382.481017978609	183
2	5159	135403.73281535894	184
2	5161	135479.878610293588	183
2	5179	136062.977926800103	184
2	5185	136357.752248938403	183
2	5202	136892.604796952035	184
2	5219	137041.524157761804	183
2	5238	137450.886353905191	184
2	5245	137625.541227005527	185
2	5254	137782.510117045812	184
2	5267	137859.010169813176	185
2	5271	137923.206383656053	186
2	5273	138144.146830882154	185
2	5280	138163.810793576895	186
2	5283	138320.66697529164	187
2	5289	138511.650531852487	188
2	5292	138546.989503366094	189
2	5298	138619.743148321052	190
2	5307	138709.161394105079	191
2	5310	138958.03802965781	192
2	5312	139002.367158639453	191
2	5325	139334.259061762406	192
2	5346	139946.919498010747	191
2	5351	140296.493302858643	190
2	5360	140557.34623284795	191
2	5366	140677.715158113519	192
2	5372	140800.71604659336	191
2	5382	141101.490975511252	192
2	5384	141139.213368571571	191
2	5390	141231.555332920554	192
2	5400	141477.068660403121	193
2	5406	141532.552924867976	194
2	5409	141746.660228074956	195
2	5411	141916.987163587681	194
2	5416	142380.824627815953	193
2	5426	142685.930459319974	194
2	5431	143160.189601755908	193
2	5444	143903.344836801686	194
2	5446	144068.079290795347	193
2	5458	144409.984695608935	192
2	5470	144465.614802766925	193
2	5493	145262.960181231818	192
2	5502	145672.046699047107	193
2	5508	145723.906374619419	194
2	5523	145971.468745272282	195
2	5532	146031.631392515472	194
2	5542	146441.972041582574	195
2	5548	146679.484378113619	194
2	5554	146721.425243657152	195
2	5560	146957.179582066043	196
2	5570	147342.253492624193	197
2	5572	147380.68348420339	196
2	5581	147549.749564501519	197
2	5584	147642.669496034261	198
2	5591	147834.481747551607	199
2	5593	147877.350960797838	198
2	5609	148335.377174443773	197
2	5615	148488.183743785684	198
2	5618	148612.448306625974	199
2	5620	148785.964126154057	198
2	5632	149105.289226635567	197
2	5638	149356.258302348736	198
2	5641	149466.592400491258	199
2	5643	149508.610553271345	198
2	5648	149849.526884290598	197
2	5654	149898.590012471188	198
2	5663	150771.894182223104	197
2	5668	151459.076191238336	196
2	5674	151539.779248920775	197
2	5685	152083.273150115482	196
2	5697	152592.47529435458	195
2	5718	153240.376801784359	194
2	5724	153317.109208388836	195
2	5730	153467.145205294295	196
2	5732	153565.587881538294	195
2	5738	153567.36538095313	196
2	5748	153954.013093627683	197
2	5753	154398.246737937651	196
2	5763	154479.946993568415	197
2	5766	154510.528659702007	198
2	5778	155163.533000773958	197
2	5790	155442.787267505399	196
2	5796	155566.189124996091	197
2	5807	155678.066990078805	198
2	5818	156140.388138569168	197
2	5824	156257.865129445788	198
2	5833	156704.42495705115	197
2	5839	156856.911034570432	198
2	5842	156876.621156359941	199
2	5851	157103.058818332128	198
2	5868	157826.47730644296	199
2	5871	157829.36651385982	200
2	5873	157830.885259877167	199
2	5885	158090.17583300846	198
2	5905	158378.130353836292	199
2	5907	158480.58629223632	198
2	5913	158516.13245752864	199
2	5928	159072.315244595728	198
2	5934	159251.458724709298	199
2	5944	159429.762125834326	200
2	5950	159548.418662749401	201
2	5960	159706.464995998166	200
2	5969	159894.672783094419	201
2	5978	160041.599264645015	202
2	5994	160478.933318550907	201
2	6003	160669.198955268177	202
2	6013	160949.161658914426	203
2	6023	161249.85276380109	202
2	6042	161627.431394453369	201
2	6052	161799.481113952134	202
2	6056	161801.866253123109	203
2	6062	161871.263869256706	204
2	6069	162012.816820369378	205
2	6075	162280.277794595085	204
2	6081	162429.018159500539	205
2	6084	162551.050149391417	206
2	6090	162652.848507754926	207
2	6093	162677.237011580534	208
2	6099	162852.725715956141	209
2	6102	162888.96321355227	210
2	6108	163166.039035464846	209
2	6114	163229.150608794569	210
2	6134	163810.708707510703	209
2	6140	163955.285167706957	210
2	6149	164361.474657071756	211
2	6151	164579.963467898988	210
2	6157	164681.461505198856	211
2	6163	164826.019920329773	210
2	6177	165109.960707667349	211
2	6191	165587.924388493621	210
2	6197	165689.935750060705	211
2	6207	165903.937609185702	212
2	6221	166218.84200784854	213
2	6226	166443.704008306586	212
2	6236	166559.841166768404	213
2	6242	166938.83029514479	212
2	6251	166955.1286618127	213
2	6267	167624.000506577523	214
2	6274	167703.267928872779	215
2	6276	167743.057624674612	214
2	6289	167944.116427063901	215
2	6292	168000.531351801499	216
2	6298	168304.789438727522	215
2	6304	168436.510307547252	216
2	6317	168919.025379750157	215
2	6347	169387.649978916032	216
2	6350	169440.010161018056	217
2	6357	169544.454629421358	218
2	6359	169626.886393982197	217
2	6365	169990.344620786434	218
2	6368	170106.262678348608	219
2	6371	170145.622191685828	220
2	6374	170167.97278530531	221
2	6381	170281.623424323976	222
2	6383	170500.79003437909	221
2	6401	171031.331022172446	220
2	6420	171313.926287680144	219
2	6430	171684.027291469679	220
2	6437	172092.652068666794	221
2	6446	172211.314781080211	220
2	6458	172389.249131565609	221
2	6460	172529.865330341483	220
2	6469	172606.281920158569	221
2	6478	172772.615235462064	220
2	6494	173043.562283935385	221
2	6501	173138.110030282966	222
2	6504	173178.628489454479	223
2	6506	173185.13871378752	222
2	6521	173457.459635338956	221
2	6534	173690.214338986371	222
2	6536	173720.229580062652	221
2	6550	174050.410498873914	222
2	6552	174218.743332936639	221
2	6558	174262.720819465814	222
2	6561	174396.587583261733	223
2	6567	174470.303175891566	224
2	6574	174564.978594538445	225
2	6590	174893.793692807878	224
2	6602	175161.628648615653	223
2	6608	175222.220236730551	224
2	6611	175248.639645732082	225
2	6613	175575.37966805997	224
2	6626	175896.394734140337	225
2	6628	176007.213081210132	224
2	6634	176072.885350733967	225
2	6645	176272.731173514448	226
2	6647	176899.902879013892	225
2	6653	176901.400647006428	226
2	6665	177436.902004848446	225
2	6671	177540.414810708278	226
2	6677	177685.727728922958	227
2	6683	178039.91976005512	226
2	6697	178563.944441075648	225
2	6707	178701.11391062826	226
2	6713	178901.494345641906	225
2	6719	179034.335467009411	226
2	6726	179291.600089433305	227
2	6735	179830.486083603675	226
2	6745	179981.913193596676	227
2	6750	180574.2059737772	226
2	6756	180623.87129648407	227
2	6762	180796.048585830273	228
2	6765	180797.186153637303	229
2	6771	180932.862061388071	228
2	6784	181543.430826155054	229
2	6786	181561.316654584582	228
2	6798	182130.258330120917	227
2	6811	182571.137726319422	228
2	6813	182664.0238503136	227
2	6818	182956.591108604547	226
2	6828	183084.724139182219	227
2	6830	183318.796492661562	226
2	6840	183521.042274853322	227
2	6842	183871.559504191604	226
2	6848	184017.123645761458	227
2	6850	184228.47923295128	226
2	6858	184604.894515457776	225
2	6870	184910.300627799407	226
2	6879	185306.461625318256	225
2	6888	185863.397956430194	224
2	6905	186465.34176757977	225
2	6915	186653.051999605226	226
2	6917	186689.117863844362	225
2	6922	186952.426544162658	224
2	6932	187055.472247335973	225
2	6941	187599.351314597594	226
2	6944	187600.59832996286	227
2	6946	187728.907500016716	226
2	6952	187795.686563974186	227
2	6968	188346.502126637128	226
2	6980	188737.208687658635	225
2	6995	189108.648092480688	226
2	7004	189416.278482577977	225
2	7010	189445.96201293456	226
2	7032	190050.10831282926	227
2	7035	190148.193961196142	228
2	7042	190301.416129139208	229
2	7044	190333.239189605442	228
2	7050	190501.560519149743	229
2	7053	190644.168955158174	230
2	7055	190695.506591028747	229
2	7071	191352.912387803554	230
2	7073	191364.529047734317	229
2	7079	191636.197617691696	230
2	7082	191788.596022473505	231
2	7084	191882.669946043965	230
2	7095	192380.729421726641	229
2	7111	192802.724586087492	228
2	7128	193100.088240772418	229
2	7131	193124.233146681671	230
2	7137	193274.647793690887	229
2	7150	193843.56216736696	230
2	7153	193988.841141642029	231
2	7155	194219.586439556655	230
2	7161	194374.831906848477	231
2	7167	194579.469460223493	232
2	7188	195029.635260510471	231
2	7205	195385.484119749414	232
2	7219	195826.377167958048	231
2	7225	196063.622155769361	232
2	7227	196139.504079031971	231
2	7237	196315.683285843718	232
2	7243	196689.589808397399	233
2	7253	197082.342798481908	232
2	7259	197093.110951127677	233
2	7262	197171.085213028896	234
2	7268	197516.574387087532	235
2	7271	197581.359096689874	236
2	7273	197674.751726701137	235
2	7288	198174.759471209587	236
2	7290	198249.569990760859	235
2	7326	198957.026021941777	234
2	7343	199299.915157668098	235
2	7345	199314.23748535591	234
2	7357	199525.43572167395	235
2	7360	199677.896423354601	236
2	7378	199905.138143232914	237
2	7384	199915.164033337709	236
2	7410	200441.728338230708	237
2	7414	200442.831791723435	238
2	7420	200590.669573528949	239
2	7423	200716.621119724418	240
2	7432	200874.83059737387	239
2	7449	200982.384585910991	240
2	7453	201100.849519679611	241
2	7459	201329.00247526344	242
2	7472	201540.007148626684	243
2	7481	201742.168221238065	244
2	7483	201797.192644044039	243
2	7499	202044.28619250341	244
2	7506	202070.32303995856	245
2	7515	202518.470629281879	246
2	7519	202602.810215647546	245
2	7525	202704.900308819776	246
2	7533	202750.212801957509	247
2	7552	202949.337115558172	248
2	7561	203379.266474894462	247
2	7567	203475.745291322039	248
2	7574	203505.215851109488	249
2	7577	203574.159963900018	250
2	7586	203960.528657934843	249
2	7592	204050.139947634142	250
2	7599	204345.432868080256	251
2	7602	204381.53179468742	252
2	7604	204398.257922898261	251
2	7616	204562.378330732317	252
2	7622	204878.56993214583	253
2	7625	204953.592130032869	254
2	7631	205192.886956571816	253
2	7637	205334.715044818657	254
2	7639	205495.067722196905	253
2	7652	205966.787336389748	252
2	7668	206385.109962691092	253
2	7677	206830.234575043646	252
2	7683	207004.075885763762	253
2	7696	207238.605268352311	254
2	7698	207265.032105255154	253
2	7704	207572.643530235369	254
2	7710	208156.672869990793	253
2	7720	208391.720368240147	254
2	7722	208567.403892069337	253
2	7728	208586.011998449588	254
2	7731	208610.743767855935	255
2	7737	208983.521141051528	254
2	7746	209588.762776375427	255
2	7748	209618.600892774043	254
2	7757	209743.646558530628	255
2	7782	210493.55541059303	254
2	7819	211308.526431009675	255
2	7821	211309.940110813108	254
2	7827	211412.070815547491	255
2	7855	211896.357682640877	254
2	7866	211934.016463705952	255
2	7871	212147.053378453311	256
2	7879	212253.389617819757	257
2	7888	212381.046014125672	256
2	7898	212512.944417602747	257
2	7908	212671.894028506118	258
2	7911	212822.457398829705	259
2	7917	212885.686547621366	258
2	7927	213164.041138683975	259
2	7930	213164.203592963199	260
2	7942	213314.186391043689	259
2	7949	213342.531728656422	260
2	7956	213419.187499533772	261
2	7969	213772.478596407354	262
2	7974	213860.186846214559	261
2	7980	213954.714597688586	262
2	7987	214072.074688033077	263
2	7989	214306.310838829007	262
2	7995	214347.272572980627	263
2	8000	214567.129893745508	262
2	8006	214596.80311358291	263
2	8012	214787.655576236144	264
2	8019	214854.073568952635	265
2	8022	214878.612034027856	266
2	8033	215074.368181766316	267
2	8035	215209.407069380607	266
2	8058	215784.357613952387	267
2	8061	215809.813904406916	268
2	8077	215965.933432429884	269
2	8087	216092.939139413859	268
2	8108	216786.950283605506	269
2	8110	216921.076701688792	268
2	8116	217020.092042696219	269
2	8125	217227.208427135072	270
2	8127	217266.152636143591	269
2	8133	217329.600451967588	270
2	8140	217354.253453018632	271
2	8143	217461.424191899305	272
2	8145	217506.772884070154	271
2	8151	217579.590111750549	272
2	8167	217996.977390447532	273
2	8170	218264.610905310696	274
2	8172	218267.649079631295	273
2	8185	218759.005884970751	272
2	8196	219089.296785625842	271
2	8209	219190.492106418714	272
2	8227	219751.52009744539	273
2	8233	219855.822178735611	272
2	8239	219930.995978724415	273
2	8252	220220.182894785747	274
2	8255	220368.939359093658	275
2	8258	220613.900165588972	276
2	8260	220684.327770429877	275
2	8269	220788.792773594903	276
2	8271	220928.069242960987	275
2	8280	221011.976347641977	276
2	8287	221232.394365729829	277
2	8300	221778.607391338078	276
2	8309	222086.434309534011	275
2	8315	222237.999971002909	276
2	8322	222337.700584692432	277
2	8324	222532.266461546747	276
2	8330	222631.306929180421	277
2	8333	222669.802373636946	278
2	8336	223068.037497741647	279
2	8338	223154.412798206536	278
2	8343	223572.143512252001	277
2	8354	223940.307600326119	276
2	8383	224793.597185868053	275
2	8388	225256.628319560765	274
2	8398	225316.168566083849	275
2	8405	225573.445951027403	276
2	8411	225695.377086798791	277
2	8417	226023.510681162803	276
2	8426	226244.184782815282	277
2	8429	226311.804121917963	278
2	8431	226580.272855772852	277
2	8437	226585.499941513844	278
2	8453	227377.800478465139	277
2	8465	227888.837151564989	278
2	8467	227956.737533468037	277
2	8492	228581.176553997426	276
2	8505	228892.999169188766	275
2	8511	228924.30288894638	276
2	8525	229196.751226163684	275
2	8534	229430.287991971135	276
2	8537	229521.78740444112	277
2	8540	229543.309596821976	278
2	8549	229905.871833241759	277
2	8558	230065.838440233807	278
2	8561	230095.837200942013	279
2	8564	230168.248635514111	280
2	8567	230182.835542361494	281
2	8582	230781.318871020554	280
2	8596	231218.766116202837	281
2	8599	231324.936237514627	282
2	8601	231347.32732535827	281
2	8614	231496.362948454419	282
2	8622	231762.256131447135	281
2	8664	232355.054036001051	282
2	8669	232480.750797181605	281
2	8675	232614.226729319572	282
2	8689	233011.186869778377	283
2	8693	233084.363210745249	284
2	8698	233209.923995319037	283
2	8708	233306.505174441063	284
2	8711	233401.37980319685	285
2	8714	233599.820695150752	286
2	8717	233644.365275739132	287
2	8719	233750.002898755698	286
2	8725	233964.105667056823	287
2	8733	234185.523544135718	286
2	8745	234572.96542393955	287
2	8748	234590.115193343428	288
2	8751	234663.408750532288	289
2	8753	234691.780073023616	288
2	8768	235072.89860870245	287
2	8795	235783.172890707134	286
2	8809	236010.292591125958	287
2	8819	236121.039442495571	288
2	8829	236447.781340778241	289
2	8834	236538.988244510471	288
2	8840	236613.149752144257	289
2	8843	237043.203373750127	290
2	8849	237171.919880868101	291
2	8851	237316.099185212731	290
2	8857	237393.479482663596	291
2	8864	237529.021189381095	292
2	8874	237938.419158267487	293
2	8884	238224.39273211661	292
2	8890	238283.604904607566	293
2	8905	238673.146067238629	292
2	8921	239101.197025633409	293
2	8924	239127.886389172391	294
2	8933	239410.502404119104	293
2	8945	239560.252157215077	294
2	8948	239604.618397177913	295
2	8958	240105.200291699946	294
2	8972	240445.110812003791	295
2	8979	240650.270898339951	296
2	8984	240796.198551054329	295
2	8993	240908.407079629102	296
2	9000	241003.789010610017	297
2	9006	241081.537297439886	298
2	9009	241124.575809925426	299
2	9023	241500.990388246103	300
2	9025	241557.677170424939	299
2	9031	241965.695790671483	300
2	9033	242209.854640378834	299
2	9046	242544.019674296627	300
2	9053	242879.942407987226	301
2	9055	242956.354863154919	300
2	9067	243551.109845838727	299
2	9077	243567.605854758358	300
2	9080	243976.941630606572	301
2	9088	244427.582495468886	300
2	9094	244453.583926652301	301
2	9113	244927.367972485007	300
2	9125	245240.91502696736	301
2	9135	245565.948284866815	302
2	9141	245742.235453850807	301
2	9150	246114.505748613955	300
2	9160	246124.944540011197	301
2	9163	246149.314622500222	302
2	9173	246291.059503312018	303
2	9182	246935.889060995759	302
2	9198	247367.463043009956	303
2	9204	247452.674147140736	304
2	9207	247586.439141153104	305
2	9216	247873.130014254929	304
2	9226	248235.463118371359	305
2	9239	248469.421418038291	306
2	9241	248568.448497108401	305
2	9254	248758.500160525585	306
2	9268	249222.175538021826	307
2	9270	249228.439276288481	306
2	9280	249517.889606643535	307
2	9283	249539.412714241575	308
2	9285	249734.54141387272	307
2	9295	249863.759394272531	308
2	9302	250477.56927330558	309
2	9305	250494.590836927112	310
2	9308	250594.740551274745	311
2	9310	250620.219533588023	310
2	9315	251030.518888491423	309
2	9321	251202.427243753769	310
2	9332	251956.579084149779	309
2	9344	252313.781857206703	308
2	9368	253128.75755313314	309
2	9370	253139.872416234792	308
2	9385	253529.503860543699	307
2	9401	254059.135945597178	308
2	9411	254203.93246519219	309
2	9419	254388.777262787552	308
2	9439	254642.931179436268	309
2	9446	254694.249021954045	310
2	9449	254747.834599179166	311
2	9452	254771.674920877208	312
2	9457	255035.307664028586	311
2	9470	255285.24594305446	312
2	9489	255680.60807842866	313
2	9492	255712.538020461749	314
2	9494	255743.291647653313	313
2	9504	255816.421277956774	314
2	9507	256041.474293641904	315
2	9510	256160.766908283321	316
2	9517	256224.047519515833	317
2	9519	256299.403783711822	316
2	9528	256402.228685188493	317
2	9533	256544.240385419906	316
2	9541	256834.952732897581	315
2	9547	256889.070398938318	316
2	9549	257301.622617892207	315
2	9566	257593.86534615642	316
2	9572	258042.696527480365	315
2	9577	258291.300239949704	314
2	9587	258632.676059748951	315
2	9599	259086.593730137798	316
2	9605	259165.054525647682	317
2	9607	259240.264108902992	316
2	9629	259927.926563914151	315
2	9635	260090.3521447251	316
2	9645	260265.644861585678	315
2	9662	260849.078375133903	314
2	9668	260985.1818651905	315
2	9671	261196.681664215947	316
2	9674	261366.332941905955	317
2	9676	261425.629600021274	316
2	9682	261716.27450679512	317
2	9685	261766.629786368651	318
2	9688	261791.954843214497	319
2	9691	261897.523497826185	320
2	9696	262159.809338762642	319
2	9710	262504.353261417926	318
2	9725	263141.401830497415	317
2	9759	263746.726693487943	316
2	9765	264201.881133288636	317
2	9768	264252.77040006428	318
2	9771	264341.763252705175	319
2	9777	264628.719421471686	318
2	9783	264633.534988305035	319
2	9790	264667.478871563202	320
2	9797	265126.580054851273	321
2	9802	265576.735160718889	320
2	9808	265580.495164637775	321
2	9814	265681.069989020999	322
2	9822	265893.321997537495	321
2	9832	266144.830586354217	322
2	9848	266772.821844588251	321
2	9858	266914.157081176059	322
2	9860	267152.223500958861	321
2	9877	267464.38478027776	322
2	9880	267501.457069438255	323
2	9883	267621.110240502482	324
2	9885	267644.429049096287	323
2	9901	268093.037801198232	324
2	9903	268185.141164749146	323
2	9911	268436.494497186721	322
2	9926	268941.626607946138	323
2	9933	269134.741525075426	324
2	9938	269371.054157405377	323
2	9961	269784.524777378172	322
2	9978	270093.721666913446	323
2	9980	270209.699872019917	322
2	9992	270313.017097255129	323
2	9994	270614.01750754121	322
2	10000	270710.417607533435	323
2	10003	270742.861833546827	324
2	10020	270988.975161686789	325
2	10033	271299.067805727112	326
2	10043	271568.711946397305	325
2	10053	271659.170356790233	326
2	10064	271888.764718956454	327
2	10070	271960.65577636328	328
2	10083	272389.677973105789	327
2	10089	272469.22349920922	328
2	10092	272480.087384163317	329
2	10095	272511.458754518594	330
2	10098	272585.398218742261	331
2	10100	272662.168571534783	330
2	10113	272864.686080642973	331
2	10119	273091.517403256583	332
2	10121	273137.476558103443	331
2	10139	273659.635718498622	332
2	10144	273743.881591255994	331
2	10159	274047.472270149445	332
2	10161	274117.368705342741	331
2	10183	274542.230186048181	330
2	10197	274703.240002079486	331
2	10200	274726.303394016689	332
2	10203	274769.267063819302	333
2	10216	275243.318035616757	332
2	10234	275465.458647285489	333
2	10239	275642.534108082981	332
2	10249	275688.650237281988	333
2	10255	275733.650973591463	334
2	10265	275763.837512338978	335
2	10279	276086.90338279608	334
2	10285	276135.145834152097	335
2	10290	276393.29091615531	334
2	10299	276610.703575597129	335
2	10313	276788.742093257143	336
2	10324	277012.153436421563	337
3	78	2577.789942170691	2266.4651139546
3	105	2948.171657691907	2821.6925296143
3	165	4126.777522242825	3489.3270283131
3	194	4608.087002947192	2587.9633102406
3	213	4932.007464911054	3522.4051873087
3	281	6150.549786049138	4492.1497757923
3	300	6500.317780650418	4313.9792236404
3	332	7407.894180636119	4387.455270528
3	356	8208.685568398993	6653.8647672098
3	367	8767.682593423139	6754.6067866953
3	396	9391.300110495846	7342.5742133384
3	404	10095.171437892328	7521.8345702332
3	423	10604.014734248827	7058.6990948473
3	444	11371.522470652322	7622.3678422594
3	468	12029.8557829626	8892.664663665
3	503	12838.366207680861	8618.1716444915
3	536	13440.609087455283	10638.617208223
3	555	13821.06137515531	9190.1794545852
3	573	14368.660878180723	10608.328067737
3	578	14613.991442374151	9378.0686290536
3	592	15026.850483319919	9808.5387683239
3	623	16039.872622690361	10966.783488675
3	666	17121.395643274498	11889.557414263
3	697	18030.48776343019	11423.254712584
3	726	18669.529103501898	12384.856488174
3	761	19494.696018262964	11783.31996231
3	795	20243.80238685311	12152.867330019
3	807	20793.969330354791	12004.67858482
3	830	21508.37750799508	12278.885610645
3	873	22619.416877734672	11931.206340793
3	926	24073.183624907594	12246.702607047
3	944	24720.632271184783	12915.731278892
3	969	25348.924618563812	14053.105219389
3	985	25705.130086629849	13682.025680614
3	999	26291.074716276687	14808.540042655
3	1025	26766.868893294793	14285.031595757
3	1045	27530.523584312957	14190.584524103
3	1063	27979.4974489838	14900.904272372
3	1099	28902.993874098372	15574.616544139
3	1154	29815.013484074932	15002.842298993
3	1214	30761.393173444283	16083.060842314
3	1240	31069.529250930262	15873.596135178
3	1317	32437.95287018196	15356.80284277
3	1358	33468.266347064835	16151.573801217
3	1384	34088.939656778437	16235.345881506
3	1407	35018.321323725593	18453.520067419
3	1421	35872.778076208395	18801.019279484
3	1456	36749.224116984022	19482.648448446
3	1491	37536.656702733797	19601.695899333
3	1522	38341.136279436958	20659.555612727
3	1549	39018.695462621016	20519.12434522
3	1572	40136.192172947539	20316.058017161
3	1589	41062.626760727925	21645.84272379
3	1610	41445.16194097252	21419.787957873
3	1619	41898.136349558098	20864.640461296
3	1630	42541.106856609894	20334.230867862
3	1653	42915.681040673716	22099.937495838
3	1671	43640.658312062932	21011.500008997
3	1693	43915.299483719481	21857.395421217
3	1722	44585.923751960708	22125.010549849
3	1730	44867.66653382705	21556.16004741
3	1753	46053.200625903172	21699.869932018
3	1768	46744.402827522916	22437.900545327
3	1779	47100.754456534249	21857.023935453
3	1790	47764.977555345011	23862.973513715
3	1826	48717.942998348934	23251.84527801
3	1877	49517.228521718842	24645.643057675
3	1916	50224.717534682912	24519.005002988
3	1980	51483.877519401921	24542.687562287
3	1997	51984.252349655343	23781.981921005
3	2062	54034.059147476418	26230.419217758
3	2084	54915.955808791531	27161.874812708
3	2093	55193.829302317662	27066.448714069
3	2104	55577.853207807256	27094.076510225
3	2113	55826.318285274519	26412.857481168
3	2163	57030.370001043393	27601.269742526
3	2188	57594.027909054621	29136.902508453
3	2220	58516.589436470731	30019.027924559
3	2251	59141.272742706551	29926.877518255
3	2273	59535.915663219257	30339.957374707
3	2294	60119.361798572554	29585.306422901
3	2306	60626.498504406973	31057.374645372
3	2332	61315.15672783853	31865.678778359
3	2360	62238.139165765806	31663.576124092
3	2371	62496.752530741705	30959.634295621
3	2397	62924.994934401675	32297.374800065
3	2421	63474.086273363992	32138.557564808
3	2449	64030.202319412693	32588.480585879
3	2485	64908.692916087076	33017.24384015
3	2520	65764.941383353636	32939.670789642
3	2554	66533.253087098912	35816.829059111
3	2615	67884.80036809595	35951.643767289
3	2681	69255.276446710542	35270.031863349
3	2746	70288.17291233243	34526.790124798
3	2783	71128.558200537428	35659.001301591
3	2811	71797.389719668045	36423.396826521
3	2819	72564.122250224664	36620.878752957
3	2848	73306.705778963133	37268.130944991
3	2910	74822.569297100617	38225.431834819
3	2922	75382.898940290524	37361.114195908
3	2937	75652.09568915443	38838.007691414
3	2965	76387.811134546264	38719.515177674
3	2983	76982.842206559344	39115.478664179
3	2995	77267.095239847167	38180.851089266
3	3063	79477.577577340617	38391.820391699
3	3074	79857.163134007915	38575.358440174
3	3113	80612.363227117076	39519.765725794
3	3191	82377.825998771205	39228.055483545
3	3227	83274.210136993989	40409.164573797
3	3256	84169.767047255501	41344.0448021
3	3286	85113.230432565525	41277.818636689
3	3334	86295.062003038093	39363.554061098
3	3360	86743.873688779041	39751.164609061
3	3394	87262.940110299006	39550.305737648
3	3424	88082.000368661448	39724.945382311
3	3462	88722.29228432776	40643.327838197
3	3501	89479.381029154375	40183.531251004
3	3527	90384.011695101127	41754.294093353
3	3562	91744.880507714317	43238.414558639
3	3582	92460.54199814351	42591.275579975
3	3600	92878.864419064687	43852.293827297
3	3629	93967.957447706925	45026.920050882
3	3647	94671.805632668751	45505.181416548
3	3678	95642.831496778148	45781.585310808
3	3694	96386.867544963228	46476.822011793
3	3709	96915.779303177463	46320.789280826
3	3720	97162.175781759637	45248.108329748
3	3731	97845.034114434587	46510.111647409
3	3746	98225.648721377569	47663.628150052
3	3806	99984.413551702368	46237.576599647
3	3830	100420.886982097494	47357.066657762
3	3843	101141.518527376669	47599.711256063
3	3868	101888.155016596633	47398.784517036
3	3876	102410.612287423777	46044.682731784
3	3884	102777.456616345065	47890.695143295
3	3911	103761.46758906098	47024.878197756
3	3923	104223.078349414486	48370.066814597
3	3934	104639.323332566041	48469.22749605
3	3952	105237.482589180786	48382.852002605
3	3971	105841.136979772914	48821.785689416
3	3994	106526.683540842701	48850.643624871
3	4028	107446.987240868826	50037.917645696
3	4046	108080.930979340543	49504.211401455
3	4061	108485.424123197068	50016.450430087
3	4075	109127.16923707651	50278.206727427
3	4087	109402.50860550927	50635.620630154
3	4116	110303.806575122494	51490.342074213
3	4153	111208.281962345559	51015.205399878
3	4171	111778.536772816647	51870.759917079
3	4225	113418.270503650625	51892.395821051
3	4244	114038.948147813995	52344.021088779
3	4372	117142.602085801978	54101.044943346
3	4414	117938.979721269776	54386.487013656
3	4469	118840.586039140095	56308.362171229
3	4522	119734.721834431608	56313.117683343
3	4565	120687.764196875711	56480.425643958
3	4597	121533.179739597459	58551.583235588
3	4615	122291.820713090916	57743.281400581
3	4640	122807.365349414964	59022.385936249
3	4661	123331.014439030756	58267.005239172
3	4695	124118.347323215772	58148.95754229
3	4743	124972.390611837824	59410.313527994
3	4767	125669.823400429656	59596.480687527
3	4791	126190.096342931708	59983.633128841
3	4806	126763.319597537836	60287.48833206
3	4824	127508.80285422804	60111.231845291
3	4852	128413.673755913248	61380.913096563
3	4868	129196.171087301543	62481.106897479
3	4918	130268.871747772416	63482.474282231
3	4951	130964.996449682137	63266.004207734
3	5000	132179.217112898102	62908.960910311
3	5036	132741.600274755826	63400.242423908
3	5048	133075.053739058992	64927.454817613
3	5080	133436.972105629018	65179.49129685
3	5130	134811.22034912484	65180.495999339
3	5188	136357.752248938403	66278.668872236
3	5222	137041.524157761804	66543.083922842
3	5257	137782.510117045812	67084.76017239
3	5276	138144.146830882154	66428.730337039
3	5349	139946.919498010747	68151.662463956
3	5354	140296.493302858643	67546.011468089
3	5375	140800.71604659336	67823.762654699
3	5387	141139.213368571571	67715.812036456
3	5414	141916.987163587681	67160.103483447
3	5419	142380.824627815953	68616.986567632
3	5449	144068.079290795347	70173.30539229
3	5496	145262.960181231818	69716.542463591
3	5535	146031.631392515472	70588.211567478
3	5551	146679.484378113619	70249.527522335
3	5596	147877.350960797838	70119.894598301
3	5623	148785.964126154057	69886.024964843
3	5635	149105.289226635567	71380.925278754
3	5646	149508.610553271345	69576.576180181
3	5651	149849.526884290598	70901.091953315
3	5671	151459.076191238336	71128.06830551
3	5688	152083.273150115482	72839.726612506
3	5700	152592.47529435458	72153.092629472
3	5721	153240.376801784359	73309.591898625
3	5756	154398.246737937651	74246.455099929
3	5781	155163.533000773958	74415.185639175
3	5793	155442.787267505399	74462.487808896
3	5854	157103.058818332128	75601.042779591
3	5876	157830.885259877167	75600.375043195
3	5888	158090.17583300846	75828.876722838
3	5910	158480.58629223632	75685.002173629
3	5963	159706.464995998166	74100.678392676
3	5997	160478.933318550907	76290.903669758
3	6045	161627.431394453369	76459.728865828
3	6078	162280.277794595085	76548.858991396
3	6111	163166.039035464846	77537.766834071
3	6154	164579.963467898988	77985.378704885
3	6166	164826.019920329773	78197.737285827
3	6194	165587.924388493621	79116.476373552
3	6279	167743.057624674612	80507.464606155
3	6301	168304.789438727522	81286.409874941
3	6362	169626.886393982197	81308.653398927
3	6386	170500.79003437909	81753.645341082
3	6423	171313.926287680144	83189.862623058
3	6449	172211.314781080211	83448.374008204
3	6463	172529.865330341483	82374.05039131
3	6481	172772.615235462064	82061.4453371
3	6509	173185.13871378752	81882.762408402
3	6524	173457.459635338956	81385.004974655
3	6539	173720.229580062652	82780.433050806
3	6555	174218.743332936639	81287.453118745
3	6593	174893.793692807878	82320.72788764
3	6605	175161.628648615653	81109.776059007
3	6616	175575.37966805997	81090.15556403
3	6631	176007.213081210132	82159.207062322
3	6650	176899.902879013892	82048.12679404
3	6668	177436.902004848446	82132.715920337
3	6686	178039.91976005512	82137.059120047
3	6700	178563.944441075648	80383.724765693
3	6716	178901.494345641906	81771.419037566
3	6738	179830.486083603675	81596.647625318
3	6753	180574.2059737772	81549.170224254
3	6774	180932.862061388071	82197.40734461
3	6789	181561.316654584582	83120.992014637
3	6801	182130.258330120917	82448.354099806
3	6816	182664.0238503136	83787.491387122
3	6821	182956.591108604547	82654.168281571
3	6833	183318.796492661562	83637.794940134
3	6845	183871.559504191604	83812.262313777
3	6853	184228.47923295128	82349.447760465
3	6861	184604.894515457776	81826.001246182
3	6882	185306.461625318256	82596.207104035
3	6891	185863.397956430194	82146.561425681
3	6925	186952.426544162658	81845.1849985
3	6949	187728.907500016716	83261.454621566
3	6971	188346.502126637128	82683.128308734
3	6983	188737.208687658635	83662.212879517
3	7007	189416.278482577977	82845.540733952
3	7047	190333.239189605442	83460.390959412
3	7058	190695.506591028747	83431.707287818
3	7076	191364.529047734317	83967.268408897
3	7087	191882.669946043965	83464.048451987
3	7098	192380.729421726641	83813.226565275
3	7114	192802.724586087492	84247.212479807
3	7140	193274.647793690887	84512.927989009
3	7158	194219.586439556655	84771.891336845
3	7256	197082.342798481908	86272.12536291
3	7293	198249.569990760859	86222.258309655
3	7329	198957.026021941777	87234.415171448
3	7348	199314.23748535591	87450.291766318
3	7435	200874.83059737387	87809.104577345
3	7486	201797.192644044039	87609.080095486
3	7522	202602.810215647546	88561.183719942
3	7564	203379.266474894462	89574.345942688
3	7589	203960.528657934843	89854.416253854
3	7607	204398.257922898261	89572.169468905
3	7634	205192.886956571816	90901.877632335
3	7642	205495.067722196905	90089.753168528
3	7655	205966.787336389748	90728.405327195
3	7680	206830.234575043646	90361.906485163
3	7701	207265.032105255154	91730.142062413
3	7713	208156.672869990793	91448.188229594
3	7785	210493.55541059303	93118.342800468
3	7824	211309.940110813108	93440.163110589
3	7858	211896.357682640877	94306.352457296
3	7891	212381.046014125672	95794.375329957
3	7977	213860.186846214559	95631.584345542
3	7992	214306.310838829007	96005.075260956
3	8038	215209.407069380607	96100.638717402
3	8090	216092.939139413859	97368.557422985
3	8113	216921.076701688792	97360.743963114
3	8130	217266.152636143591	98117.804231769
3	8148	217506.772884070154	96885.473061461
3	8175	218267.649079631295	98146.722859826
3	8188	218759.005884970751	97899.067550681
3	8199	219089.296785625842	97961.117394315
3	8263	220684.327770429877	99103.415437216
3	8274	220928.069242960987	97996.756101253
3	8303	221778.607391338078	99458.249690452
3	8341	223154.412798206536	100242.15439756
3	8346	223572.143512252001	100098.76552156
3	8357	223940.307600326119	100389.10602284
3	8386	224793.597185868053	101249.59280773
3	8391	225256.628319560765	101436.54905016
3	8420	226023.510681162803	102158.4201468
3	8434	226580.272855772852	101493.87939174
3	8456	227377.800478465139	102919.35987093
3	8470	227956.737533468037	102817.13031902
3	8528	229196.751226163684	102495.92410918
3	8552	229905.871833241759	102048.47248914
3	8585	230781.318871020554	102581.33585168
3	8604	231347.32732535827	103395.51913616
3	8625	231762.256131447135	102492.87422765
3	8672	232480.750797181605	104467.49202844
3	8701	233209.923995319037	103388.8292611
3	8722	233750.002898755698	103472.7071695
3	8736	234185.523544135718	104314.64048249
3	8756	234691.780073023616	104534.78356489
3	8798	235783.172890707134	105133.13794894
3	8837	236538.988244510471	104783.25901701
3	8854	237316.099185212731	106351.32815254
3	8887	238224.39273211661	106479.37263519
3	8908	238673.146067238629	106262.2296213
3	8936	239410.502404119104	106923.20627504
3	8961	240105.200291699946	107825.04959736
3	8987	240796.198551054329	108702.56539649
3	9028	241557.677170424939	109567.62324605
3	9036	242209.854640378834	109704.4351813
3	9070	243551.109845838727	110129.83591509
3	9091	244427.582495468886	111050.77919408
3	9144	245742.235453850807	110812.22573809
3	9185	246935.889060995759	112251.85206623
3	9244	248568.448497108401	113017.29874885
3	9273	249228.439276288481	113954.68649187
3	9313	250620.219533588023	115012.37983696
3	9318	251030.518888491423	115251.24237828
3	9335	251956.579084149779	114594.08190744
3	9347	252313.781857206703	115669.46781162
3	9373	253139.872416234792	115913.30205203
3	9388	253529.503860543699	116099.11247069
3	9422	254388.777262787552	115207.03619392
3	9460	255035.307664028586	116365.6369976
3	9497	255743.291647653313	117045.26400871
3	9522	256299.403783711822	117681.82707648
3	9536	256544.240385419906	116099.08174608
3	9544	256834.952732897581	118454.57815975
3	9552	257301.622617892207	116725.67328772
3	9575	258042.696527480365	118193.6275541
3	9610	259240.264108902992	117724.81413581
3	9648	260265.644861585678	117351.17607443
3	9665	260849.078375133903	116431.78052658
3	9713	262504.353261417926	116889.25549318
3	9728	263141.401830497415	118719.63354327
3	9762	263746.726693487943	118052.06270958
3	9780	264628.719421471686	120050.96414787
3	9825	265893.321997537495	119099.91298918
3	9851	266772.821844588251	120771.50657743
3	9888	267644.429049096287	120618.75259358
3	9906	268185.141164749146	120041.89890481
3	9914	268436.494497186721	119515.54894887
3	9941	269371.054157405377	116977.76083081
3	9964	269784.524777378172	119200.78044115
3	9983	270209.699872019917	118391.46427827
3	9997	270614.01750754121	118767.90428004
3	10046	271568.711946397305	118231.16662103
3	10103	272662.168571534783	118809.22028562
3	10124	273137.476558103443	118965.64471129
3	10147	273743.881591255994	118813.30379041
3	10219	275243.318035616757	119424.74473085
3	10282	276086.90338279608	119665.29826763
3	10293	276393.29091615531	120261.76445104
4	127	3399.153651180874	2698.1855900239
4	246	5500.351250576983	3985.456592196
4	607	15363.708332362782	9448.9726380704
4	638	16700.576138901722	11252.75860149
4	749	19231.273034266394	12339.266407333
4	772	19765.192585061502	10911.881979895
4	848	22161.444734237354	13141.911421472
4	902	23404.643476656835	12313.133476679
4	1197	30445.75233615489	16221.267875321
4	1278	31603.484143796575	15652.141849517
4	1328	32758.690730049473	16527.522940865
4	1564	39689.758169944597	20795.83574893
4	1735	45356.176426089568	22541.711582664
4	1931	50617.874504025293	24497.166426541
4	2024	52557.640728089226	24937.205678729
4	2048	53358.850408191992	26095.514657976
4	2134	56514.013846456273	26520.453120604
4	2589	67381.472911364601	35019.096044343
4	2653	68470.207538376764	33973.545541734
4	2731	69974.448330323413	36139.728923895
4	2870	73790.520523186042	36850.265035744
4	2884	74037.026787768318	37159.919873158
4	3030	78210.788367088153	38063.06114424
4	3044	79004.196070130183	38419.297650197
4	3145	81192.567610289171	38258.613680011
4	3165	81671.526579703405	39572.41438825
4	3300	85626.830264176443	40966.838757206
4	3321	85929.574756710991	39850.420017583
4	3473	89032.117089326694	41198.581621213
4	3538	90831.446481752411	41751.199603338
4	3608	93194.6850749992	43555.380393089
4	3665	95319.364440455305	45884.624413985
4	3774	99109.788240841794	47554.7910202
4	3899	103338.192895497399	46966.253351481
4	4138	110859.216257403809	50784.606325826
4	4195	112511.895261234809	51144.689503633
4	4284	114940.185897811521	54202.013701184
4	4320	115789.713047682513	53461.4191837
4	4351	116519.489324256052	54060.153716838
4	4537	120137.678316100706	55921.879213575
4	4883	129607.284836298993	62755.033319081
4	4965	131330.033664251884	63108.393490615
4	4980	131791.82319316568	63001.198561699
4	5115	134283.759424756488	64457.668783282
4	5164	135479.878610293588	66611.476761596
4	5315	139002.367158639453	67466.980372043
4	5434	143160.189601755908	69510.808747857
4	5461	144409.984695608935	68396.916081285
4	5575	147380.68348420339	70966.34062946
4	5612	148335.377174443773	70655.202651174
4	5666	150771.894182223104	71496.357897092
4	5735	153565.587881538294	72897.422393197
4	5821	156140.388138569168	74432.00107962
4	5836	156704.42495705115	73596.314244467
4	5931	159072.315244595728	75690.361186079
4	6026	161249.85276380109	76735.372680653
4	6137	163810.708707510703	76639.92014046
4	6229	166443.704008306586	80573.70890324
4	6245	166938.83029514479	80054.37318543
4	6320	168919.025379750157	80540.525304528
4	6404	171031.331022172446	82360.779435966
4	6920	186689.117863844362	81682.087428181
4	7191	195029.635260510471	84964.889680879
4	7222	195826.377167958048	86080.927873134
4	7230	196139.504079031971	85866.120037872
4	7276	197674.751726701137	85668.078730697
4	7387	199915.164033337709	86929.51809891
4	7725	208567.403892069337	91423.99024714
4	7740	208983.521141051528	92474.756378625
4	7751	209618.600892774043	93530.344442551
4	7920	212885.686547621366	95435.059878777
4	7945	213314.186391043689	94835.874004503
4	8003	214567.129893745508	96545.692411864
4	8236	219855.822178735611	97804.597255173
4	8312	222086.434309534011	98882.076238186
4	8327	222532.266461546747	98530.818898804
4	8495	228581.176553997426	101714.18813092
4	8508	228892.999169188766	102551.925544
4	8771	235072.89860870245	105455.51546494
4	9058	242956.354863154919	109860.13699035
4	9116	244927.367972485007	111043.02679259
4	9153	246114.505748613955	111171.54334653
4	9219	247873.130014254929	112098.30832908
4	9288	249734.54141387272	112798.40722321
4	9580	258291.300239949704	116977.57779879
4	9632	259927.926563914151	115797.96486632
4	9679	261425.629600021274	117800.72059204
4	9699	262159.809338762642	117270.62507881
4	9805	265576.735160718889	120548.07212693
4	9863	267152.223500958861	119609.32559011
4	10086	272389.677973105789	120435.49642828
4	10164	274117.368705342741	118891.81510266
4	10186	274542.230186048181	119496.40821717
4	10242	275642.534108082981	119620.33533491

