version 2
run Iteration-17-20200521-09:51:53-67724
attr configname Iteration
attr datetime 20200521-09:51:53
attr experiment Iteration
attr inifile omnetpp.ini
attr iterationvars "$i=2, $j=5, $0=15-(2+5)"
attr iterationvarsf i=2,j=5,15-(2+5)-
attr measurement "$i=2, $j=5, $0=15-(2+5)"
attr network Network
attr processid 67724
attr repetition 0
attr replication #0
attr resultdir results
attr runnumber 17
attr seedset 17
itervar i 2
itervar j 5
param **.resourcePool.amount 2
param **.resourcePool1.amount 5
param **.resourcePool2.amount 15-(2+5)
param **.source.interArrivalTime exponential(6min)
param **.delay.delay uniform(4min,28min)
param **.delay1.delay uniform(10min,28min)
param **.delay2.delay uniform(4min,16min)
param **.allocate.resourceModuleName "\"Network.resourcePool\""
param **.allocate1.resourceModuleName "\"Network.resourcePool1\""
param **.allocate2.resourceModuleName "\"Network.resourcePool2\""
param **.deallocate.resourceModuleName "\"Network.resourcePool\""
param **.deallocate1.resourceModuleName "\"Network.resourcePool1\""
param **.deallocate2.resourceModuleName "\"Network.resourcePool2\""
param **.router.randomGateIndex "uniform(0, 1) > 0.2 ? 0 : 1"

vector 0 Network.allocate queueLength:vector ETV
attr interpolationmode sample-hold
attr title "queue length, vector"
vector 1 Network.allocate1 queueLength:vector ETV
attr interpolationmode sample-hold
attr title "queue length, vector"
vector 2 Network.allocate2 queueLength:vector ETV
attr interpolationmode sample-hold
attr title "queue length, vector"
vector 3 Network.sinkStat lifeTime:vector ETV
attr interpolationmode none
attr title "lifetime of arrived jobs, vector"
attr unit s
vector 4 Network.sink lifeTime:vector ETV
attr interpolationmode none
attr title "lifetime of arrived jobs, vector"
attr unit s
0	0	0	0
0	15	892.590719447803	1
0	17	1129.71459472721	0
0	22	1449.292869908053	1
0	24	1488.422193796207	2
0	26	1853.746039015342	3
0	28	1942.961893831282	4
0	30	1960.436078814618	3
0	35	2251.512739893716	4
0	37	2269.099830198511	3
0	62	2959.1182032457	4
0	64	2971.687860283923	5
0	66	3024.3514232295	4
0	71	3107.287041788749	3
0	84	3574.690461117252	2
0	93	3726.944718417439	3
0	99	3964.809464676421	4
0	101	3986.141804005428	3
0	106	4049.386427087538	2
0	111	4084.568118783915	3
0	117	4227.760218750163	2
0	122	4352.317655100847	3
0	128	4493.860734275622	4
0	130	4534.658592897876	3
0	135	4680.528655589712	4
0	137	4739.419687584804	5
0	151	4977.17623030936	4
0	156	4981.880241665467	3
0	165	5133.268156681598	4
0	175	5476.063348646685	3
0	188	5774.072575038463	4
0	198	5932.616673871926	5
0	216	6309.271142912858	4
0	225	6339.188999766555	5
0	231	6599.670349988564	4
0	240	6913.701850542742	5
0	242	6937.559723477288	4
0	247	7432.278215742249	5
0	261	7888.975675144042	6
0	263	7936.816872676664	5
0	272	8126.81549433194	4
0	285	8483.679015992039	3
0	290	8676.26154502026	4
0	296	8686.9141283607	5
0	298	8865.081884122565	6
0	300	8987.516946624704	7
0	302	9194.489345113311	8
0	308	9485.658888887092	7
0	321	9917.877883260899	6
0	334	10217.601293321177	5
0	339	10289.666424366669	6
0	345	10837.025017622147	7
0	347	10993.526117611155	6
0	352	11088.534809246164	7
0	354	11167.718020705355	8
0	356	11259.768732465814	9
0	362	11291.089710737192	10
0	368	11486.582700369709	9
0	381	11749.185217751019	8
0	390	12066.168004033387	9
0	396	12462.193905827195	10
0	406	12607.772643710897	9
0	411	12641.96872555918	10
0	413	12775.822974609946	11
0	423	13095.379453060978	10
0	428	13188.161467644796	9
0	433	13454.518561085516	8
0	442	13654.884533830169	9
0	444	13922.426181955634	10
0	454	14400.861941683516	9
0	463	14475.928550399468	10
0	469	14577.279668085853	11
0	479	14930.794081037694	10
0	488	15045.206117586999	11
0	494	15285.974348047584	12
0	504	15654.644693547764	13
0	506	15712.548385939596	14
0	508	16019.412641030399	15
0	514	16021.808561864719	14
0	519	16358.277803016607	15
0	521	16582.90769202804	14
0	530	17036.083559379816	15
0	532	17080.10759584181	14
0	541	17199.560117878776	15
0	547	17293.442338539279	16
0	553	17518.127650305341	17
0	555	17643.455757928843	16
0	564	17785.844959274267	17
0	566	17833.774622922592	18
0	572	18458.415817838151	19
0	574	18519.441743041798	18
0	583	18910.300182906742	17
0	588	18950.323497832386	18
0	590	18956.364427018389	17
0	599	19386.924786153659	16
0	608	19625.08052634105	17
0	610	19891.475864333863	16
0	623	19915.688442890999	17
0	629	20074.049986149594	16
0	646	20734.983373250051	17
0	648	20881.657516157086	16
0	653	21024.1173581364	15
0	662	21123.618494281277	16
0	672	21512.678468440843	17
0	678	21577.048813434877	18
0	680	21710.078476733347	19
0	682	21728.504250097903	20
0	696	22249.186332991178	19
0	701	22629.12650022231	18
0	714	22952.541217264109	19
0	716	22966.102354295337	20
0	718	23267.862654572184	19
0	735	23893.215820114538	18
0	752	24716.942008743736	19
0	754	24786.828267520125	18
0	767	25451.475228849277	17
0	772	25669.397111858743	18
0	786	26094.010525403376	17
0	791	26674.792634505257	16
0	796	26799.737719995226	17
0	802	26903.081204240973	16
0	811	27231.478809536487	17
0	817	27327.925721372802	18
0	819	27658.247274931108	19
0	821	27667.825343224349	20
0	823	27828.831100042206	21
0	829	27894.255948707412	22
0	835	27908.784645642564	21
0	844	28014.862450977619	20
0	849	28187.734658195752	21
0	859	28752.510095380827	22
0	861	28786.936042453573	21
0	882	29398.983191495593	20
0	887	29467.197709739102	21
0	889	29923.211830415704	22
0	895	30107.460264782832	21
0	904	30367.245885057897	22
0	906	30545.019264672993	23
0	908	30575.122057033535	22
0	917	30806.335503976272	21
0	926	31030.067485089336	22
0	940	32051.790023056623	21
0	945	32083.760738458513	22
0	951	32281.278083059417	21
0	960	32414.092151926725	22
0	962	32606.575638966384	23
0	968	32819.603026654052	22
0	973	33001.764646602627	21
0	1002	34016.325473842975	20
0	1015	34164.774777270485	21
0	1017	34253.908568728196	20
0	1022	34415.468101129486	21
0	1024	34551.393923332747	20
0	1029	34742.011148151564	21
0	1031	35013.924055956891	22
0	1033	35068.763813084962	23
0	1035	35167.246805896815	22
0	1040	35377.727284538972	21
0	1053	35737.29070355625	22
0	1055	35748.356209206807	21
0	1068	36035.263881421392	22
0	1082	36226.613732559439	21
0	1087	36256.255554403591	20
0	1092	36358.696500303853	21
0	1102	36452.145038542904	22
0	1116	37084.73013322376	21
0	1121	37218.924167593554	22
0	1127	37310.444694032725	21
0	1132	37367.698472386747	22
0	1134	37481.646406224435	23
0	1140	37717.968074923214	22
0	1145	37805.338386032212	21
0	1166	38399.124890734945	22
0	1168	38646.724177195885	23
0	1170	38680.768374716006	24
0	1180	38996.602441986856	23
0	1185	39020.107474881637	22
0	1206	39503.019934814828	23
0	1212	39774.263667960844	24
0	1214	39785.821987299082	23
0	1219	39826.564525627196	24
0	1221	40178.355844351876	23
0	1226	40339.054405766676	24
0	1232	40424.982102583575	23
0	1241	40542.250728114634	24
0	1251	40803.546547284004	25
0	1253	41001.202031742263	24
0	1262	41149.418255457187	25
0	1264	41283.145683182991	26
0	1266	41320.829938198853	25
0	1271	41365.991298716583	26
0	1273	41405.464109426198	25
0	1278	41444.959391249402	26
0	1280	41468.166071584461	27
0	1290	41748.62392223854	28
0	1296	42406.747547434067	29
0	1298	42419.119348973526	30
0	1308	42586.834771210331	31
0	1310	42644.873053563593	30
0	1319	42773.20386111312	29
0	1344	43523.274491565398	30
0	1354	43993.017556240617	29
0	1359	44061.432233336795	28
0	1368	44443.429311213481	29
0	1370	44748.865829009425	30
0	1372	44751.709988249301	29
0	1377	44828.632115483161	30
0	1379	44874.468946452666	29
0	1384	44982.368239884944	30
0	1386	45057.868357358336	29
0	1391	45194.636907637308	30
0	1393	45219.563655546317	31
0	1403	45739.072258980992	32
0	1409	45840.53384252925	33
0	1411	45896.049953857827	34
0	1417	46104.115466882891	35
0	1419	46222.396621699859	34
0	1424	46247.63697227633	33
0	1429	46254.78079671424	34
0	1443	46603.201630111267	33
0	1452	46820.936507901013	32
0	1457	46884.709660242203	33
0	1463	47125.438262617149	34
0	1473	47392.651468650422	35
0	1475	47528.628530237307	34
0	1484	47693.309509169153	35
0	1498	48030.153603127063	34
0	1507	48251.962621207764	33
0	1524	48933.411039623254	34
0	1526	49254.715529961348	33
0	1535	49559.98976511429	34
0	1541	49675.961799617341	33
0	1550	50068.867499550641	32
0	1555	50069.588690414426	33
0	1557	50160.28273914054	34
0	1567	50731.317262757054	33
0	1580	50961.513546894369	34
0	1582	51051.68677361852	33
0	1587	51070.599070847658	34
0	1597	51471.83795276825	35
0	1599	51484.55923045224	34
0	1604	51536.647413183966	35
0	1610	51906.077425580369	36
0	1612	51946.739645521572	35
0	1617	52012.563242607263	36
0	1619	52174.826581246362	37
0	1621	52196.798456704081	36
0	1634	52426.273590340216	37
0	1652	52952.518700973749	38
0	1658	53305.170077999891	37
0	1663	53489.309013927315	38
0	1665	53559.517654139033	37
0	1686	53975.186054866009	38
0	1700	54805.478867772387	39
0	1702	54892.962301879005	40
0	1704	54929.409531859518	39
0	1709	54934.614536273709	38
0	1714	55101.249016214453	39
0	1716	55398.229453931978	38
0	1725	55482.374684435432	39
0	1727	55505.436839447622	40
0	1729	55545.653742512462	41
0	1731	55554.243625683547	40
0	1744	56391.528362577618	39
0	1765	56888.784681251977	40
0	1767	56934.179957989087	39
0	1776	57065.87150611162	40
0	1778	57199.660422549106	41
0	1780	57359.749595630519	42
0	1782	57511.09208319622	43
0	1784	57584.730794785381	42
0	1801	58129.318035501471	41
0	1806	58622.461859045215	42
0	1808	58640.323949923576	41
0	1813	58693.555679358185	42
0	1831	59473.965715227486	41
0	1840	59593.857438498247	42
0	1842	59637.132714162996	41
0	1851	59690.841937335904	42
0	1853	59752.729408618336	43
0	1855	59880.116183629097	42
0	1860	59965.620605909518	43
0	1862	60137.260091334043	44
0	1864	60184.944910446418	45
0	1866	60268.426789031162	46
0	1876	60430.151409713389	45
0	1885	60697.629984600307	44
0	1890	60700.492674663937	45
0	1896	60986.672901460865	46
0	1898	61117.786671991925	47
0	1904	61288.509062338105	46
0	1917	61530.690981033674	45
0	1922	61583.355921189537	46
0	1928	61652.196590182181	47
0	1942	61812.685049797948	48
0	1944	62061.546199759975	49
0	1946	62085.238534269692	48
0	1955	62207.504282291539	49
0	1957	62274.856973695985	48
0	1978	63125.050363382819	49
0	1980	63155.482553367873	50
0	1986	63364.791801331402	49
0	1991	63365.68244924542	50
0	1993	63486.276141736141	49
0	2002	63845.377954314879	48
0	2007	63897.706846770571	49
0	2009	64022.04632146454	48
0	2022	64353.544024411074	47
0	2035	64686.857795772736	48
0	2037	64973.891449067878	49
0	2059	65504.887388062018	50
0	2061	65596.292531100871	49
0	2074	65823.939436729315	50
0	2076	65872.910474050275	49
0	2081	66087.083409874694	50
0	2083	66114.660880711878	51
0	2089	66378.622137868375	52
0	2095	66610.570608013926	53
0	2101	67040.766774709753	52
0	2106	67159.574567160838	53
0	2108	67217.543197108271	52
0	2113	67455.155389420968	53
0	2119	67592.037805316857	54
0	2121	67614.590568873517	53
0	2126	67671.179010713509	54
0	2128	67785.034189722624	55
0	2134	67860.812180563255	56
0	2140	68167.775238288405	55
0	2145	68278.094809539829	56
0	2151	68441.945074289208	57
0	2161	68767.5850574391	58
0	2163	68885.054693590335	57
0	2168	68978.170519342485	56
0	2177	69237.325682528287	57
0	2179	69386.599476022485	56
0	2200	69886.487113173191	57
0	2206	70059.718877594403	56
0	2211	70133.018276450922	57
0	2213	70171.254260294888	58
0	2219	70308.82096572018	57
0	2224	70430.980074745084	58
0	2230	70913.205499384037	57
0	2239	71035.369353194936	58
0	2245	71170.572690872315	57
0	2250	71230.187383585583	58
0	2252	71257.180643859736	57
0	2261	71410.954239557577	58
0	2263	71446.892543569625	59
0	2265	71502.507419101434	60
0	2279	72124.798302400524	61
0	2293	72314.467715579502	60
0	2298	72454.392206394446	61
0	2300	72464.561074996738	62
0	2302	72478.9642748343	63
0	2308	72605.451509053215	64
0	2310	72779.877782633368	63
0	2319	73250.781048308544	62
0	2324	73253.333659453157	61
0	2333	73464.74853678771	62
0	2335	73469.660551663225	63
0	2337	73520.531244813308	64
0	2343	73701.088579218321	63
0	2348	73711.640282964173	62
0	2353	73764.987647149442	63
0	2363	74020.005173567169	62
0	2368	74178.616954442578	63
0	2370	74306.101714256637	62
0	2383	74613.881235072501	63
0	2389	74658.517970326774	62
0	2394	74730.729071366598	63
0	2396	74746.476048512223	62
0	2409	74922.047679652593	63
0	2411	74992.18618720346	62
0	2440	75548.52039306932	61
0	2449	75742.880678626736	62
0	2467	76271.211904549939	63
0	2473	76356.317320225599	62
0	2478	76362.962679262691	61
0	2511	77749.833937953644	60
0	2516	77784.68224944717	59
0	2525	78503.984050934453	60
0	2531	78806.171437289963	61
0	2533	78822.229105928861	62
0	2539	78988.263616574599	63
0	2545	79112.384010797206	62
0	2550	79112.635830785566	61
0	2555	79364.941779469911	60
0	2568	79795.143339741462	59
0	2573	79851.12444231148	60
0	2575	79949.938175149766	61
0	2577	80001.736467575494	60
0	2582	80112.835106460112	61
0	2584	80258.095962189776	62
0	2586	80349.559256015981	63
0	2592	80595.97245480388	64
0	2594	80625.763982464538	65
0	2604	80858.398751596326	66
0	2606	81020.311551257759	67
0	2616	81208.522811453277	66
0	2625	81609.569831250075	65
0	2638	81898.831137414509	64
0	2647	82302.541457719749	65
0	2649	82406.819130165342	64
0	2662	82568.804245257354	65
0	2668	82785.325876283878	64
0	2677	83182.690186222855	63
0	2682	83212.861301429501	64
0	2684	83468.398887284176	65
0	2690	83524.779651160771	64
0	2707	84153.940737081531	63
0	2716	84263.080962481069	64
0	2718	84359.629993024701	63
0	2743	85115.323840882778	64
0	2745	85124.599547931184	65
0	2751	85307.417835576299	64
0	2756	85356.24017282566	65
0	2762	85466.357600237662	64
0	2767	85559.842894259259	65
0	2769	85566.001243554843	66
0	2771	85787.737964163953	65
0	2776	85792.822729400294	66
0	2778	85797.791084235369	67
0	2792	86165.828548413936	68
0	2794	86307.681258139461	69
0	2796	86582.459002468222	68
0	2809	86926.134521497253	67
0	2814	87001.133479848884	68
0	2820	87198.935998675799	69
0	2822	87208.831019956106	68
0	2831	87461.385834291415	69
0	2837	87765.016604190605	70
0	2839	87919.798994904224	69
0	2848	88001.075807373055	70
0	2854	88618.259930287999	71
0	2864	88755.036957557732	70
0	2869	88762.811094282035	69
0	2878	88815.036406189791	70
0	2884	88982.253764374349	71
0	2886	89084.245532547895	70
0	2891	89275.678569735194	71
0	2909	89671.015928563266	72
0	2919	90415.347387227649	71
0	2924	90420.665646998052	70
0	2929	90523.653541425788	71
0	2931	90627.716831349471	72
0	2933	90629.366655738026	73
0	2939	90674.632136109704	72
0	2944	90909.49230028899	73
0	2954	91337.385915302202	74
0	2956	91414.159691627522	75
0	2966	91596.205749215881	76
0	2972	91744.006008771265	77
0	2974	91756.543973680073	76
0	2979	91838.188064453964	75
0	2992	92106.061900526406	76
0	2994	92149.191456717757	77
0	2996	92252.917944511239	76
0	3005	92716.124142925674	75
0	3014	93012.543522454177	76
0	3020	93048.429744971756	75
0	3029	93258.60268496256	76
0	3035	93516.418382289607	77
0	3037	93706.979534465005	78
0	3039	93791.699273733194	79
0	3041	94055.994306264285	78
0	3046	94058.058437050612	79
0	3056	94166.885787405748	80
0	3058	94280.240148674184	79
0	3063	94444.055183678715	80
0	3065	94518.726572698429	81
0	3075	94664.596296918067	82
0	3077	94667.950812188748	81
0	3082	94716.963799976436	82
0	3084	95414.176834438728	83
0	3102	95629.592142386202	82
0	3107	95705.257507036859	81
0	3112	95807.916658652489	82
0	3122	96042.574447220755	83
0	3128	96212.568899875805	84
0	3130	96301.895663260199	85
0	3132	96377.603518200878	84
0	3137	96545.488076053091	85
0	3147	96925.831290143961	84
0	3156	97318.051851300363	83
0	3185	98584.235701184208	82
0	3190	98728.484922133514	83
0	3192	98818.669833598499	82
0	3197	98971.456117503002	83
0	3199	99001.249394612282	84
0	3201	99110.810870436792	83
0	3210	99326.271680885526	84
0	3212	99580.032389606769	83
0	3217	99673.275785045119	84
0	3219	99745.082950083169	85
0	3221	99796.616065821139	86
0	3223	99829.359755303377	87
0	3229	100111.777711195712	86
0	3242	100317.474525349836	87
0	3256	100658.043856732509	88
0	3258	100664.283384005959	87
0	3275	101108.996774065728	86
0	3280	101127.789364067678	85
0	3285	101331.380970382499	86
0	3295	101671.016502623175	87
0	3301	102029.883213336999	86
0	3310	102241.459803811468	87
0	3312	102277.558904049759	86
0	3317	102396.134321624323	87
0	3327	102683.017158320619	88
0	3329	102744.552643852193	89
0	3339	102975.893167501156	88
0	3356	103670.433904007312	89
0	3358	103706.325509841973	88
0	3363	103712.773608787079	89
0	3365	103808.198187513929	90
0	3371	104032.810002846484	89
0	3376	104253.294285982863	90
0	3378	104292.589093914096	89
0	3383	104307.874119827468	90
0	3393	104898.692791010672	89
0	3398	104930.288719030623	90
0	3404	105349.058571971254	91
0	3406	105433.667176646952	90
0	3419	105753.807805931627	91
0	3425	106070.268363488678	90
0	3446	106541.296364347448	91
0	3448	106560.969192716712	90
0	3457	106750.556177553137	91
0	3459	106832.431678568784	90
0	3464	106943.294505025679	89
0	3469	107409.035702405337	88
0	3474	107473.371821525926	87
0	3491	107677.876578993566	88
0	3493	107811.767072218715	89
0	3495	107908.355376170703	90
0	3505	108165.468800026411	89
0	3510	108172.397019106676	90
0	3524	108502.179217536582	91
0	3534	108927.35436308059	92
0	3536	109022.248094437484	91
0	3541	109081.117753704175	92
0	3559	109771.503376770252	91
0	3572	110404.75991925395	90
0	3577	110813.342267268131	91
0	3579	110835.175427367752	90
0	3588	111081.903559921151	89
0	3593	111226.752484250301	88
0	3602	111736.716913753974	89
0	3608	111753.807714027612	90
0	3610	111812.814341185477	91
0	3620	112001.959865225321	90
0	3629	112389.772407994235	91
0	3639	112649.409265638523	92
0	3645	112676.323876264924	91
0	3650	112741.737875684697	92
0	3652	112955.812266303068	91
0	3657	113052.980352546502	92
0	3667	113165.640001879731	93
0	3669	113245.989379260276	94
0	3679	113699.617068130011	93
0	3684	113811.920805108759	94
0	3686	113819.137141869743	95
0	3688	113833.848209297378	96
0	3694	114117.88118089294	97
0	3696	114144.689829923163	98
0	3702	114270.730269431826	99
0	3704	114487.005343152808	100
0	3706	114570.745767822331	99
0	3711	114593.320929006627	100
0	3717	114913.892814922566	99
0	3726	115088.733705472351	100
0	3728	115090.784780113951	101
0	3734	115255.698052305216	100
0	3739	115280.7900396907	101
0	3745	115472.253711653715	100
0	3750	115592.600904273806	101
0	3752	115611.047956066177	102
0	3762	116177.069269435154	103
0	3772	116407.22458475286	104
0	3774	116563.421610142524	103
0	3779	116695.35156605033	104
0	3785	117047.143334282404	103
0	3798	117225.822369583859	104
0	3800	117398.376335522002	103
0	3805	117478.461903406134	104
0	3811	117807.617116857126	105
0	3813	117968.181049014506	106
0	3819	118024.097853392522	107
0	3821	118045.036081220443	106
0	3826	118059.346341101295	105
0	3839	118531.330770862095	106
0	3849	119137.786202175249	107
0	3859	119413.587225708599	106
0	3864	119697.935679239995	105
0	3873	119747.629845484717	106
0	3883	120199.126100842761	107
0	3889	120631.484357909614	108
0	3891	120662.763322527581	109
0	3897	120765.094744620688	108
0	3902	120822.562975668523	109
0	3904	120940.394194904203	108
0	3913	121230.655493567008	109
0	3915	121326.420555334026	108
0	3920	121644.566396777489	109
0	3922	121658.227364649001	110
0	3932	121844.419349539513	109
0	3937	122134.36832701958	108
0	3942	122414.350035000081	107
0	3951	122630.870349539288	106
0	3964	122822.87085026197	107
0	3970	123100.898267697031	106
0	3975	123267.414576939707	107
0	3993	123623.57180002372	108
0	4007	123900.335708186926	109
0	4009	123901.614423247484	110
0	4011	123929.487648850151	109
0	4016	124106.349706067324	110
0	4018	124199.683559287981	111
0	4024	124409.39502089792	110
0	4033	124563.60593111641	111
0	4039	124860.340555109213	112
0	4045	125076.446001773544	111
0	4054	125155.303559932346	110
0	4063	125912.666890070878	111
0	4065	125946.755928914482	110
0	4078	126499.953895045288	109
0	4087	126530.475604140522	110
0	4097	127177.115971051508	111
0	4103	127417.754695485765	110
0	4112	127771.54840176549	111
0	4114	127774.720975367196	110
0	4123	127888.556431629842	111
0	4129	128373.638200692219	112
0	4135	128579.271451975638	111
0	4148	128820.047699693078	110
0	4153	128954.998750020134	111
0	4155	128986.266092231341	110
0	4160	129185.367943180123	111
0	4170	129611.018239690443	112
0	4176	129960.730491077371	111
0	4181	130218.476869943971	110
0	4186	130322.04321449797	111
0	4192	130359.997452783547	112
0	4198	130992.928576327558	113
0	4200	131012.769209315844	112
0	4209	131317.839490308767	113
0	4219	131505.159181926888	114
0	4225	131728.786138130267	115
0	4227	131792.178590578802	114
0	4236	131841.229605186219	113
0	4245	132100.332635413344	112
0	4262	132758.478499075242	111
0	4267	132769.741655243007	112
0	4269	133040.519509806213	113
0	4283	133406.375854919422	114
0	4285	133432.234676736827	113
0	4290	133538.883242868683	114
0	4296	133609.815573034681	115
0	4302	133809.006583239372	114
0	4311	134008.247938171244	115
0	4317	134400.12068962849	114
0	4326	134551.606547621848	115
0	4332	134818.74147640693	116
0	4338	135111.220085065539	117
0	4340	135233.588823597367	116
0	4353	135454.278828745552	115
0	4358	135536.557885315602	116
0	4364	136127.638756376023	117
0	4366	136128.730132153102	116
0	4375	136436.209937367077	115
0	4380	136485.937345388274	116
0	4382	136553.546041033023	117
0	4392	137056.731143912145	116
0	4397	137218.023383746816	117
0	4399	137277.460286011745	118
0	4401	137348.862509375283	117
0	4410	137467.134190095249	118
0	4416	137760.387829822418	119
0	4422	137888.895951393481	118
0	4427	137939.680142494979	119
0	4437	138102.294950468311	118
0	4442	138478.399218601951	117
0	4471	139214.803593191739	116
0	4476	139365.246672226841	117
0	4486	139761.780065988967	116
0	4499	140214.514396918783	115
0	4504	140320.88018950448	116
0	4506	140529.61614710663	117
0	4512	140765.836326092573	118
0	4514	140796.03388383561	117
0	4519	140846.344509919296	118
0	4525	140943.806589079866	117
0	4534	141175.502366637657	118
0	4540	141248.469424583537	119
0	4550	141620.469350587066	118
0	4555	141638.918825148704	119
0	4565	141982.825998642162	120
0	4571	142217.817108763227	119
0	4580	142249.83726486691	120
0	4582	142537.659216793447	121
0	4588	142742.813627268608	120
0	4593	142792.515678957483	121
0	4603	143136.716105039652	120
0	4608	143207.825753869571	121
0	4610	143229.823410230577	122
0	4616	143300.224680250356	121
0	4621	143348.599380331039	122
0	4623	143382.070351353628	123
0	4629	143543.062306691679	124
0	4631	143651.843825835224	123
0	4636	143899.728204032252	122
0	4641	143971.976763203013	123
0	4651	144343.703993778165	122
0	4664	144605.293136541377	123
0	4670	144706.622342673908	122
0	4675	144815.752203532315	123
0	4677	144892.287526410959	124
0	4687	145279.329474064137	125
0	4693	145575.945117169266	126
0	4695	145686.411302259038	125
0	4708	145846.197468149896	124
0	4717	146219.509961757989	125
0	4723	146454.254668797787	124
0	4736	146662.873686311613	123
0	4753	147399.484631104241	122
0	4758	147526.075026407516	123
0	4760	147623.126768658819	124
0	4762	147649.320104713973	123
0	4779	147920.615075812979	124
0	4781	148197.508242465334	125
0	4783	148239.016722144325	126
0	4785	148500.719098111104	127
0	4795	148749.532320333491	126
0	4800	148818.710236656901	125
0	4805	148845.439177300846	126
0	4811	148857.214352090163	127
0	4813	148909.700930508709	128
0	4815	149008.808140248787	129
0	4821	149265.981377075501	130
0	4827	149410.022324280094	131
0	4833	149550.311388331887	130
0	4838	149745.380046835016	129
0	4847	150129.174608323213	128
0	4860	150385.620331499216	127
0	4865	150499.615777112192	128
0	4867	150712.467380947981	129
0	4881	151248.34139837123	128
0	4886	151263.291894923143	129
0	4888	151268.405522730596	130
0	4890	151355.372183424124	131
0	4896	151732.410558009194	132
0	4898	151844.192090440032	131
0	4919	152375.051101520858	132
0	4921	152432.963002298414	133
0	4931	152781.838487854074	132
0	4936	152975.28875007802	131
0	4941	153133.632018474709	130
0	4946	153277.912831464107	131
0	4952	153312.765330059096	132
0	4962	153698.970042034795	133
0	4964	154187.628750647841	132
0	4977	154471.786113327216	131
0	4990	155241.947902759384	130
0	4995	155265.68105306053	129
0	5012	155825.98919492449	130
0	5026	156244.003991281461	129
0	5043	156546.703573730747	130
0	5045	156592.381772431968	129
0	5050	156661.290596008172	130
0	5052	156662.488107007895	131
0	5054	156838.00903218038	130
0	5063	157119.057571552763	131
0	5065	157122.321400321498	132
0	5067	157310.208947284178	133
0	5069	157471.264031301676	132
0	5078	157798.057732714187	131
0	5091	158080.714079408844	132
0	5105	158474.152463136088	131
0	5110	158537.072443175553	130
0	5115	158666.585468860833	131
0	5117	158686.552704416005	132
0	5139	159571.206041936204	133
0	5145	160014.714135895907	132
0	5150	160122.65989439733	131
0	5155	160193.617285074582	132
0	5161	160422.298150983151	133
0	5163	160569.227436606113	134
0	5165	160635.647675390437	135
0	5167	160796.623295938444	134
0	5172	160856.032830567239	135
0	5178	160896.138624656438	134
0	5183	161186.382144176868	135
0	5189	161586.518631637768	136
0	5195	161606.101363222539	135
0	5204	161765.847996563531	136
0	5206	161768.010501323116	135
0	5227	162519.680916625499	134
0	5236	162899.416952307374	135
0	5238	163020.109733558316	136
0	5248	163204.569209600905	137
0	5250	163322.790099924279	136
0	5255	163507.442632506792	137
0	5261	163689.402650578902	138
0	5267	164057.819963428616	137
0	5280	164296.93093279564	138
0	5282	164304.75894517896	139
0	5284	164336.489644046366	138
0	5289	164393.311095369829	137
0	5294	164845.39434633841	138
0	5296	164953.230251963675	137
0	5305	165049.662974385394	136
0	5314	165197.454505856574	135
0	5319	165310.864758017079	136
0	5325	165600.431283355935	137
0	5327	165604.638817149134	138
0	5345	166146.686377210392	137
0	5350	166162.635739068926	136
0	5355	166176.632254638044	137
0	5357	166516.946867228082	138
0	5359	166547.659692085571	139
0	5361	166646.176665098984	140
0	5371	166748.494406343408	141
0	5381	166845.411507999276	142
0	5391	167028.368864385583	143
0	5393	167293.617703525199	142
0	5398	167329.449844952167	141
0	5407	167504.475482543339	142
0	5413	167718.665575390997	143
0	5415	167729.145581642155	144
0	5421	167846.51578506626	143
0	5426	167953.621424767614	142
0	5443	168637.424591111937	143
0	5449	168766.824311224593	142
0	5458	168959.091886423486	143
0	5464	169077.257692014648	142
0	5469	169110.783288495867	143
0	5471	169138.461110216591	144
0	5473	169217.774744788531	145
0	5487	169462.407470663859	144
0	5492	169483.101847242058	143
0	5497	169992.452977196793	144
0	5499	170019.979009491025	145
0	5509	170393.743875171483	144
0	5518	170561.333862955584	145
0	5524	170643.919311290126	146
0	5530	170857.860445711256	145
0	5539	170930.856131037547	144
0	5548	171075.073743026414	145
0	5550	171121.072260828557	146
0	5552	171176.005818467082	145
0	5561	171532.716220474142	146
0	5567	171735.639290485055	147
0	5569	171753.327129374367	148
0	5571	171793.626881373896	147
0	5580	171915.615668739618	146
0	5593	172054.477298030772	147
0	5595	172084.53383355478	148
0	5597	172102.307848710295	149
0	5599	172258.90270471986	150
0	5601	172262.244310252747	151
0	5615	172500.051896555199	150
0	5628	173201.956422958018	149
0	5657	173886.103625392391	148
0	5662	174150.548167249038	147
0	5667	174330.348974757372	148
0	5669	174490.473850812258	147
0	5674	174543.061245786872	148
0	5680	174704.597667476013	147
0	5685	174768.712043181851	148
0	5687	174849.225087994271	149
0	5689	175285.787395458164	148
0	5702	175549.891501798559	149
0	5704	175558.221448624268	150
0	5706	175573.195763946369	151
0	5708	175652.476288510337	150
0	5721	175952.618614864612	151
0	5727	176026.660466174122	152
0	5733	176175.525079639922	153
0	5735	176234.113510567448	154
0	5753	176905.852102508619	153
0	5758	176920.359257902446	152
0	5767	177077.48481310897	153
0	5769	177113.043764856773	154
0	5771	177174.808050650599	153
0	5784	178195.369642885677	154
0	5786	178264.813642671182	153
0	5799	178424.975360962989	152
0	5804	178473.278473423606	153
0	5806	178512.20732154749	154
0	5808	178540.624938148865	155
0	5814	178625.423737372741	156
0	5816	178696.524821513424	157
0	5830	179533.885232102407	158
0	5836	179609.908064661398	157
0	5841	179794.194366108122	156
0	5850	179960.715569284194	157
0	5852	180149.976554376378	158
0	5854	180398.845784075859	159
0	5864	180659.753555340543	158
0	5869	180704.227732178537	159
0	5871	181016.079106239453	158
0	5880	181328.073699643686	157
0	5889	181439.024202484133	156
0	5894	181531.306677368332	157
0	5900	181720.315011361431	158
0	5914	182285.94747794469	159
0	5916	182365.278768944981	158
0	5921	182459.798923564926	157
0	5930	182579.156171360047	158
0	5932	182711.121859285827	159
0	5942	182929.245450404793	160
0	5944	182994.551885161045	159
0	5949	183088.059379876386	160
0	5955	183306.259875775378	161
0	5957	183343.445372378305	160
0	5974	183803.396156023992	161
0	5984	184071.006420923377	162
0	5998	184575.979212839715	163
0	6000	184604.960085670891	162
0	6005	184644.807527048365	161
0	6010	184949.081031714116	162
0	6016	185013.734852163071	163
0	6018	185111.188765014949	162
0	6023	185411.654933263309	163
0	6025	185478.576925686533	164
0	6035	185719.147660901622	163
0	6040	185843.963265922349	164
0	6042	186128.168355109586	165
0	6048	186363.717951070173	166
0	6058	186607.258426244798	165
0	6063	186691.542401392037	166
0	6065	186780.842448496886	167
0	6075	187339.400712793545	166
0	6084	187741.429164318781	167
0	6090	187920.796970344584	168
0	6092	187940.695065392033	167
0	6097	188015.233706795688	168
0	6099	188135.297372262421	167
0	6108	188439.212496877978	168
0	6114	188671.24652722811	169
0	6116	189037.174260748402	168
0	6129	189235.123343714755	169
0	6131	189324.844892739533	170
0	6137	189484.427219625059	169
0	6150	189951.603265958157	170
0	6152	190029.373584932456	171
0	6158	190412.35222052099	172
0	6164	190560.441000370161	171
0	6169	190632.334468783206	172
0	6179	190754.94856323624	171
0	6184	190971.821154154375	172
0	6190	191318.778281041796	173
0	6192	191329.453456770126	172
0	6197	191460.971830132811	173
0	6203	191801.63269530559	172
0	6212	191825.619392340855	171
0	6217	191971.136421198429	172
0	6219	192007.828492219788	173
0	6221	192057.688702862192	174
0	6223	192156.679172715318	175
0	6229	192193.783772739064	176
0	6239	192851.050307262186	175
0	6244	192901.073539690918	176
0	6246	192921.575532417446	177
0	6252	193183.14823459411	176
0	6257	193220.545716976599	175
0	6262	193312.088928063958	176
0	6272	193832.01390027577	175
0	6281	193969.511997855515	176
0	6287	194080.418244149032	175
0	6292	194448.264646852221	176
0	6302	194628.815187768743	177
0	6312	194739.408766945676	176
0	6317	194997.139872316933	177
0	6327	195316.362087051812	176
0	6336	195408.870314007477	175
0	6349	195735.927083475367	174
0	6354	195755.362937520686	173
0	6359	195974.651086996578	174
0	6361	196039.994420777503	173
0	6366	196145.286827220045	174
0	6396	197289.961218196396	173
0	6401	197328.264667859153	172
0	6426	197906.355186808352	171
0	6431	198079.593248272886	172
0	6433	198100.232511667387	171
0	6438	198104.236237130716	172
0	6444	198306.224315491628	173
0	6454	198598.383394140248	172
0	6471	198950.528694448845	171
0	6484	199126.38104275575	172
0	6486	199462.655034107009	173
0	6488	199558.730636147635	172
0	6493	199565.294972149166	173
0	6495	199653.316355045383	172
0	6508	199761.300171843138	173
0	6510	199851.018896166288	174
0	6512	200078.709250484307	175
0	6514	200181.918950375543	176
0	6516	200183.842328881698	175
0	6521	200244.714596761472	176
0	6523	200390.149694310251	177
0	6525	200408.039079825823	176
0	6530	200635.215605693565	177
0	6548	200844.754031035072	178
0	6550	200866.370496915855	179
0	6552	200879.332768780417	180
0	6562	201353.977539261656	179
0	6567	201626.76139754247	180
0	6569	201718.545822935967	181
0	6575	201807.959723977597	182
0	6581	201886.518137975491	183
0	6583	201906.982407866997	184
0	6585	201932.720976057892	183
0	6590	202160.431854389723	184
0	6600	202526.273296445791	185
0	6606	202685.386944743174	186
0	6608	202871.236641266256	187
0	6614	203028.197176663058	186
0	6619	203052.122777275094	187
0	6625	203197.436282295232	186
0	6630	203509.316333789975	187
0	6632	203529.624041836207	186
0	6637	203537.890588718492	187
0	6643	203953.892418676206	188
0	6645	204400.291443152206	187
0	6650	204414.153148724583	188
0	6656	204545.652684825902	187
0	6661	204753.687135227388	188
0	6679	205622.190873866754	187
0	6696	206019.939100365584	186
0	6705	206182.444664261292	187
0	6707	206523.308437263446	186
0	6724	206788.646174503343	185
0	6729	207001.490311463604	186
0	6731	207010.416808080263	187
0	6741	207456.50928802093	188
0	6743	207536.813671547418	187
0	6748	208066.448660475986	186
0	6761	208379.02847745827	187
0	6767	208583.521385908164	188
0	6777	209120.044552828615	187
0	6790	209356.456626748519	186
0	6795	209384.124456456606	187
0	6797	209392.771032932644	186
0	6802	209675.4034719375	187
0	6812	209956.684954820054	186
0	6817	210237.340670968836	185
0	6826	210339.976120256542	186
0	6828	210430.004314833361	187
0	6838	210768.442383776849	186
0	6859	211117.714600359874	185
0	6864	211235.398861798888	184
0	6881	211860.556028449297	185
0	6891	212063.026912012461	186
0	6893	212070.904151817637	185
0	6906	212626.476364082403	186
0	6908	212693.310771782052	187
0	6914	212909.950497332459	186
0	6919	212993.057066587131	187
0	6921	213076.992079348557	188
0	6923	213155.333664996403	187
0	6928	213333.567118593876	188
0	6930	213386.648456562207	189
0	6932	213539.102148036903	188
0	6941	213709.420745989161	187
0	6946	213724.715631170717	188
0	6948	214061.791571364716	189
0	6950	214122.980222474872	190
0	6956	214287.509763782697	189
0	6965	214485.260603914496	190
0	6979	214620.181089756155	191
0	6989	215039.172653317852	192
0	6991	215120.529799643403	191
0	7004	215393.53922724027	192
0	7010	215554.454804285017	193
0	7012	215900.087261183041	192
0	7017	216016.068452778703	191
0	7026	216450.720988533463	192
0	7032	216938.448127304989	191
0	7037	216953.762246649061	192
0	7047	217345.135155268417	193
0	7049	217355.831984816973	194
0	7051	217490.107295754081	195
0	7053	217545.319746877498	194
0	7066	217778.205988874876	195
0	7076	218461.439130156388	196
0	7078	218469.586265870746	197
0	7080	218524.16696617131	198
0	7086	218607.871354056376	197
0	7091	218641.605733666069	196
0	7096	218711.389342931308	197
0	7098	218910.579614262528	196
0	7103	218978.834987138877	197
0	7105	219159.33715878269	198
0	7111	219502.29516894317	199
0	7117	219856.608740990418	200
0	7119	219879.394150718337	201
0	7129	220211.345853155333	200
0	7138	220338.415931711665	201
0	7140	220455.706222785491	200
0	7149	220545.001201923437	199
0	7158	220662.251611691049	200
0	7160	220689.66310779089	201
0	7166	220903.891378152616	200
0	7175	221202.45702101138	201
0	7177	221522.472416732332	202
0	7179	221553.018626578328	203
0	7185	221602.741926153906	204
0	7191	221802.718789014466	203
0	7200	221954.961280470568	202
0	7213	222362.710217369574	201
0	7218	222393.476504325194	202
0	7224	222581.863358388239	203
0	7226	222645.724358821228	204
0	7228	222731.751495848413	205
0	7234	223048.027262261925	206
0	7240	223344.703771445961	207
0	7250	223461.559989075609	206
0	7255	223501.564017935359	207
0	7261	223743.905533870536	206
0	7270	224021.169197906478	207
0	7284	224594.906464929098	208
0	7290	224646.962867231239	209
0	7292	224975.622470635422	208
0	7297	224987.801742824554	209
0	7299	225041.584400666732	208
0	7304	225062.037072509594	209
0	7306	225157.699344802849	210
0	7316	225809.501976093132	209
0	7321	226326.934848467604	210
0	7323	226338.22076834315	211
0	7329	226483.960752706476	210
0	7338	226498.605024774641	211
0	7340	226718.138224515668	212
0	7342	226861.491125892349	211
0	7347	227084.993720223982	210
0	7352	227176.098620762272	211
0	7358	227391.465064195164	212
0	7364	227813.213203793246	211
0	7377	228010.855647619315	210
0	7382	228141.060443473493	211
0	7384	228154.65175669842	212
0	7386	228189.944336174309	213
0	7392	228460.519267862517	212
0	7401	228598.883234519013	211
0	7406	228625.628375443185	212
0	7420	228947.803242783416	213
0	7422	229118.591390106613	214
0	7436	229495.70006317968	213
0	7441	229543.733604952226	214
0	7443	229599.658426755152	215
0	7445	229613.064680268842	214
0	7454	229639.498273800903	215
0	7476	230661.201753178248	216
0	7478	230711.611883487427	217
0	7480	230800.337382351834	216
0	7489	230834.546383205303	215
0	7494	231222.423333698492	216
0	7500	231424.455080562315	217
0	7510	231584.290714147934	216
0	7519	232004.779267867251	217
0	7521	232020.556098652858	216
0	7526	232029.856445524344	215
0	7535	232199.791986446584	216
0	7537	232252.0684679425	217
0	7543	232367.224097160477	216
0	7548	232407.210364688475	217
0	7554	232527.216744753966	216
0	7559	232579.028142644411	217
0	7561	232706.078822484094	216
0	7566	232808.067774756743	217
0	7580	233414.642210822055	216
0	7605	234375.742359405238	215
0	7626	234665.410037386298	216
0	7628	234669.237070275519	217
0	7630	234719.087250601003	216
0	7635	234848.099895993642	217
0	7637	234884.266598303538	218
0	7639	234952.950868069742	219
0	7649	235350.198958735416	218
0	7654	235626.607414855046	219
0	7664	235998.530794178922	218
0	7673	236172.863750380014	219
0	7679	236577.667884474475	218
0	7684	236703.810804519305	217
0	7697	237029.793601133025	218
0	7699	237277.160659726212	217
0	7708	237614.861133280644	216
0	7717	237855.913222633478	217
0	7723	237973.650102598448	216
0	7728	238189.569765064368	215
0	7741	238457.585434017036	216
0	7755	238821.87564730222	215
0	7760	238826.759839977827	216
0	7770	239171.884305944522	215
0	7775	239310.839182589341	216
0	7797	240162.291709151076	217
0	7799	240178.932076973696	216
0	7808	240297.542342395158	217
0	7810	240367.161192927013	216
0	7819	240545.595182207291	217
0	7821	241074.404161829005	216
0	7830	241545.205137764367	217
0	7832	241550.493352321763	216
0	7845	241743.917216021071	215
0	7854	241848.499707041163	214
0	7863	242154.802452609601	215
0	7869	242268.882707517307	216
0	7871	242486.763855719224	217
0	7873	242612.117854491176	218
0	7879	242788.151600207637	217
0	7884	242915.271698815603	216
0	7893	242919.647256011654	217
0	7895	243240.270277310938	218
0	7901	243410.528542680521	217
0	7910	243513.749933573852	216
0	7919	243802.92884142671	217
0	7921	244012.711443303104	218
0	7939	244560.686576287697	217
0	7948	244742.843945204724	218
0	7962	245070.46839835294	217
0	7971	245134.560329094356	218
0	7973	245198.623596723485	219
0	7975	245207.028392921637	218
0	7980	245379.859149513621	217
0	7989	245540.193889435846	218
0	7991	245645.972258854161	217
0	8000	246138.375755227037	218
0	8010	246353.827523991774	219
0	8020	246470.449990836758	218
0	8029	246710.806054955341	219
0	8031	246743.364173057924	218
0	8040	247077.115707831661	219
0	8054	247222.544070986885	218
0	8059	247255.294112633417	217
0	8068	247438.289669503414	218
0	8078	247902.199061542383	219
0	8080	248031.697779951457	220
0	8082	248275.554872427625	221
0	8084	248485.62033588388	222
0	8086	248801.691763471315	221
0	8095	248811.00282674827	220
0	8104	248915.468982275437	221
0	8106	249139.259740104655	222
0	8112	249488.448122847328	221
0	8117	249574.952963865481	222
0	8127	249983.355732941088	223
0	8137	250466.815321652073	222
0	8146	250702.810840484242	223
0	8148	250776.739034126947	222
0	8157	251100.322152327173	223
0	8159	251354.813891497903	224
0	8161	251394.87617305989	223
0	8166	251567.320521456975	222
0	8179	251901.991176402051	221
0	8188	252106.325419985343	222
0	8190	252186.658947594866	223
0	8200	252543.516910789621	224
0	8214	252780.204284820208	223
0	8219	252890.478647122735	224
0	8221	252919.532970843691	223
0	8226	253137.587736152419	224
0	8236	253550.642015958544	225
0	8242	253721.805428336808	224
0	8247	253776.890764219541	223
0	8256	253945.119451573458	224
0	8262	254102.986553415525	225
0	8264	254150.214978042492	224
0	8273	254239.346505572874	223
0	8278	254319.267509423496	224
0	8280	254409.885002268806	225
0	8286	254580.767318291261	226
0	8288	254599.418263879704	227
0	8310	255260.355749858398	226
0	8319	255409.688615869233	225
0	8332	256018.258097316572	224
0	8341	256387.595991496071	225
0	8343	256553.176565488655	224
0	8348	256679.697957170525	225
0	8358	256951.397098807612	226
0	8368	257198.896532091746	225
0	8373	257340.824416449148	224
0	8386	257890.56928532849	225
0	8396	258163.160304969031	224
0	8401	258514.086575670936	225
0	8403	258547.428661317336	226
0	8405	258568.842028971264	225
0	8410	258691.709150224053	226
0	8420	259166.434739004323	225
0	8425	259411.110057254333	226
0	8427	259525.161105209675	227
0	8429	259551.153207773394	228
0	8435	259582.991586385149	227
0	8444	259812.17519746142	228
0	8450	260009.483648595841	229
0	8452	260263.234092443321	230
0	8454	260280.112235250221	231
0	8460	260396.350951510387	232
0	8462	260421.787274326632	231
0	8475	260829.63891746648	230
0	8480	260970.274691077456	231
0	8494	261543.104153227231	232
0	8496	261601.166425715635	231
0	8501	261733.993330397116	232
0	8503	261852.764029709477	231
0	8516	262088.446921605573	232
0	8518	262110.947891395042	231
0	8531	262470.520549002538	230
0	8540	262696.650981513638	229
0	8549	262811.80762175442	230
0	8551	262930.517613407473	231
0	8565	263380.191802440066	230
0	8586	264108.771284404645	229
0	8595	264439.635977728147	228
0	8600	264559.295558589945	227
0	8605	264829.052709597597	226
0	8610	264836.079064329941	225
0	8619	264946.620121450121	226
0	8625	265015.120590337064	227
0	8631	265531.449916308601	226
0	8644	265585.519863650008	227
0	8650	265853.686664424906	228
0	8656	265877.656007357777	229
0	8666	266157.918945571549	230
0	8668	266181.267104020198	229
0	8685	266471.296551148841	228
0	8698	267025.054890717303	229
0	8700	267161.297071512186	230
0	8702	267163.093827647944	229
0	8711	267378.594157803306	228
0	8716	267397.387129479084	229
0	8722	267745.637659687051	228
0	8727	267749.477308206085	229
0	8729	267803.474081700523	228
0	8738	268219.785400982059	229
0	8744	268345.187807277357	230
0	8746	268347.281491044411	229
0	8755	268528.919751440962	228
0	8764	268776.059500496337	227
0	8769	268831.305957668684	228
0	8771	269029.921089812506	229
0	8797	269906.112781498084	228
0	8814	270020.602052641888	227
0	8819	270033.511998039371	228
0	8829	270484.808424446235	227
0	8842	271059.118115944175	228
0	8844	271165.351120603276	229
0	8854	271413.86809190907	228
0	8867	271651.760963554166	229
0	8869	271853.913772325466	228
0	8882	272338.992990722735	227
0	8895	272599.331352110455	226
0	8900	272679.258678441448	227
0	8902	272762.907612022196	228
0	8904	272891.166588833411	227
0	8909	272945.442876462935	228
0	8911	273009.399447784977	229
0	8917	273134.01988651392	230
0	8919	273183.802807960162	229
0	8932	273649.097527411483	230
0	8934	273721.4039921964	229
0	8939	273764.437348852555	230
0	8945	273984.096532795081	229
0	8962	274266.973960928868	230
0	8964	274406.754522679229	229
0	8977	274961.199357952425	228
0	8986	275123.611425889511	227
0	8999	275527.504664195557	226
0	9020	276053.641771860819	227
0	9030	276377.593971896419	226
0	9035	276407.204384716593	227
0	9045	276753.179690689376	228
0	9047	276815.41546255296	229
0	9049	276818.479993209806	230
0	9051	276895.20556854256	229
0	9056	276930.890044645814	230
0	9058	276953.90905365891	231
1	0	0	0
1	2372	74306.101714256637	1
1	2378	74529.753406133342	0
1	2398	74746.476048512223	1
1	2400	74774.824261260637	0
1	3476	107473.371821525926	1
1	3478	107533.845151509577	0
2	0	0	0
3	56	2885.85619216954	1993.2654727217
3	78	3194.549179112599	2996.6558380332
3	82	3213.202477490357	3087.5328068063
3	97	3775.784514542147	2908.5073951632
3	115	4135.377118480801	2646.9549246846
3	149	4953.207908795975	3503.9150388879
3	163	5099.778544181436	3246.0325051661
3	202	6067.270431296729	4124.3085374654
3	210	6151.006323346346	2186.1968586699
3	223	6311.95596161805	3352.8377583723
3	229	6522.796459935435	3551.1085996515
3	238	6725.387446848153	2373.0697917473
3	279	8430.030765594392	3690.6110780096
3	283	8471.708815307765	3977.8480810321
3	315	9517.776909444311	4837.2482538546
3	360	11276.119248443693	5343.5025745718
3	388	11801.777835390941	4888.0759848482
3	394	12393.840247561985	6054.6512477954
3	404	12600.960447849185	4711.9847727051
3	421	12908.34351103922	5476.065295297
3	440	13591.94922566583	4905.0350973051
3	461	14469.472895139307	5793.211350119
3	486	14936.88737869432	5742.398033581
3	498	15305.239851004854	6317.7229043801
3	528	16952.279513526538	6115.2544959044
3	551	17499.518897469917	6331.8008767646
3	562	17777.407041429953	6688.8722321838
3	581	18875.204620217383	7615.4358877516
3	617	19891.507584625333	7825.3395805919
3	640	20584.102447518911	8121.9085416917
3	666	21136.99763494119	7482.113101111
3	694	22229.871935346573	8307.4457533909
3	712	22699.039308262821	8223.1107578634
3	780	26014.864903637618	10302.316517698
3	784	26087.882658961992	10068.470017932
3	809	27155.311534353942	10797.033731337
3	853	28394.521866110564	11194.961748232
3	876	29098.932074946761	11580.804424641
3	880	29330.755038440059	11544.910079166
3	915	30602.059692527931	12143.64387469
3	924	30907.632180112825	13073.85755719
3	938	31621.848929920644	12671.525432088
3	949	32273.154435811397	12648.07390947
3	984	33279.456276619287	13363.767833728
3	988	33343.800642514082	12220.182148233
3	1009	34099.747487298977	12587.069018858
3	1013	34113.718931791785	12536.670118357
3	1072	36039.75071615709	13087.209498893
3	1080	36222.52568788996	14494.021437792
3	1106	36682.631171211081	13716.528816916
3	1138	37707.691422674637	12038.294310816
3	1156	37882.609693338576	10651.130883802
3	1160	38036.087662442999	11236.349942448
3	1178	38820.123624983656	11161.876350053
3	1196	39046.128141400817	11378.302798176
3	1204	39337.524890202861	11508.693790161
3	1249	40759.092931836325	12571.358273641
3	1284	41512.975248155949	12760.465152775
3	1288	41612.927044029761	12145.729334291
3	1317	42668.753734161559	12301.507849104
3	1330	43190.738087702024	12645.718823029
3	1334	43209.659436964843	12179.591951876
3	1338	43346.320088302551	13423.108257887
3	1352	43779.935494988991	11365.843343062
3	1366	44149.0509745995	12065.290236141
3	1415	46056.966347556396	13450.39070859
3	1450	46693.942717030126	12529.16793976
3	1471	47203.362849341188	12461.35170119
3	1514	48387.425617493525	12028.72911719
3	1518	48512.815352726564	12775.52464917
3	1533	49545.706479172637	13093.56144063
3	1561	50388.653517798935	13020.955045412
3	1565	50400.602544985549	13181.678377392
3	1591	51398.284893217912	12999.160002483
3	1608	51562.185630408884	14080.539224184
3	1632	52361.189652506098	13714.46547531
3	1638	52458.483908758914	13777.715534043
3	1672	53664.187743004248	13837.623217377
3	1676	53665.384314052597	13326.329908286
3	1684	53944.87969870255	14170.616030742
3	1698	54794.927008656622	13991.380461373
3	1723	55472.574001900336	14930.323273786
3	1755	56585.918056705804	15436.499801249
3	1763	56829.715637178577	15546.569953996
3	1774	56972.744365354837	15606.753066638
3	1791	57701.37329079718	16256.413899548
3	1829	59421.898633429618	17015.151085996
3	1870	60273.044763138002	17853.925414164
3	1874	60365.172503908933	17778.337732699
3	1915	61387.134903842067	17863.860412277
3	1926	61621.541232254193	16426.904324617
3	1932	61696.621874572547	16947.756045563
3	1940	61758.843185167598	17315.413873954
3	1964	62512.84400719388	17530.475767309
3	1972	62679.740991373963	17851.108875891
3	2016	64097.715941790329	18878.152286244
3	2020	64318.65090048448	18478.117057955
3	2045	65143.877894324667	19039.762427442
3	2053	65290.84399282171	19394.794038964
3	2068	65650.681215408675	18765.971555166
3	2072	65806.27817183903	19551.497375125
3	2099	67038.316299740063	19645.66483109
3	2175	69073.550899030479	20140.139859407
3	2194	69631.311191912227	19561.722501498
3	2198	69685.332582510846	19525.04984337
3	2204	69963.34459325806	19001.831046364
3	2243	71155.181120794106	20084.582049946
3	2269	71565.695518284875	20029.048105101
3	2273	71747.202220433808	20275.364267666
3	2283	72274.28487159482	20099.458290348
3	2287	72287.682266684089	20381.604841104
3	2317	73025.092891627408	20598.819301287
3	2341	73524.205024433739	21511.641781826
3	2376	74352.403602676306	21399.884901703
3	2418	75157.842562796388	20352.363695024
3	2438	75535.157213048496	21559.971158182
3	2457	75891.522464803838	20409.147780368
3	2461	76102.338792994105	19036.467286882
3	2465	76186.569793337795	20640.916050825
3	2485	76367.265142207451	19478.480460955
3	2493	76762.273931340732	19402.52433571
3	2523	78085.789994043717	20574.697910847
3	2543	78990.90190658516	20368.44004754
3	2566	79767.270887825124	21073.715208467
3	2590	80414.13583026775	20820.27839177
3	2614	81160.215215749879	21407.485807132
3	2632	81690.493007397118	21999.651070061
3	2636	81855.079041292731	21717.818949959
3	2645	82227.548442897805	22261.927836988
3	2675	83121.21052564292	22852.783736612
3	2688	83495.382312736893	23310.43740229
3	2697	83684.373381673777	22983.88070701
3	2737	84931.179044071425	23347.823122882
3	2741	85078.365010754624	23426.168420572
3	2782	85817.223358280445	23755.67715852
3	2786	85822.373738756243	24009.688688958
3	2807	86793.881719611073	23668.831356228
3	2829	87300.65662712029	25093.152344829
3	2882	88938.051978559652	24251.194182787
3	2895	89349.114956568767	26193.632403201
3	2903	89438.959667619158	24465.068218551
3	2907	89630.583623699331	24125.696235637
3	2917	90139.45828280582	24315.518846077
3	2970	91701.15338253365	25614.069972659
3	2986	91920.162712244157	25541.540574376
3	2990	91941.858798140148	25331.288190126
3	3018	93043.797737138187	25884.223169977
3	3027	93089.883773806923	25634.728384386
3	3054	94156.471862757419	26485.292852044
3	3069	94555.010901201004	26962.973095884
3	3088	95428.63453245892	27643.600342736
3	3116	95850.025142330516	27571.930332791
3	3126	96159.37976212411	27717.434687835
3	3154	97103.546068418611	27866.22038589
3	3163	97496.570240180428	28728.985182741
3	3179	98400.462683850739	28513.975570678
3	3183	98553.358770548785	28420.340494098
3	3208	99207.860125938271	29036.605865643
3	3250	100578.824674740275	29543.455321545
3	3254	100597.492522980859	29186.538283423
3	3265	100821.110648350279	30390.130573605
3	3269	100923.14227688634	29692.954893301
3	3293	101502.091809261431	30055.199265692
3	3299	101818.918859479437	30316.411440378
3	3346	103311.344510141601	30832.380235307
3	3350	103430.621331003915	30966.060256007
3	3354	103516.722777360539	31062.330570966
3	3387	104653.43654405496	31188.688007267
3	3402	105050.002936707298	32444.551427654
3	3423	105984.630159634937	32219.642512485
3	3436	106263.759054776122	32794.098503113
3	3444	106474.910342620526	32296.293388178
3	3455	106701.497094040224	33180.965849227
3	3499	108152.540062345052	33538.658827273
3	3514	108211.34619325907	32468.465514632
3	3518	108364.703122835446	33633.974051469
3	3522	108435.293416764427	33513.245737112
3	3570	110288.446260723704	31466.217154795
3	3614	111854.971961626271	32866.708345052
3	3627	112319.099344445233	32467.974902134
3	3637	112563.221988269901	32305.12602608
3	3643	112664.619365876382	32551.784259416
3	3677	113556.276580655789	33206.71732464
3	3700	114231.903908872465	33635.931454069
3	3724	114958.387159725493	34332.623177261
3	3732	115169.911177209998	34311.512425614
3	3760	115930.814860455533	34910.503309198
3	3766	116298.540521138767	33995.999063419
3	3792	117113.166300603608	33900.304999174
3	3796	117203.77539354547	34634.971148288
3	3843	118665.68252482622	34402.601562345
3	3853	119262.200777467182	34137.601229536
3	3871	119742.4181582982	34386.177985473
3	3877	119863.683072240511	34748.359231358
3	3887	120476.438764888282	34916.595870629
3	3911	120940.819330496557	35374.818086942
3	3949	122609.455128155492	36811.66404392
3	3958	122674.273709091778	36881.450979691
3	3987	123584.635763058283	37418.807214644
3	3991	123607.638049652288	37299.956791513
3	4005	123883.492854630419	36422.107020339
3	4022	124301.531394613395	37102.595395938
3	4043	125017.681352184573	37252.664747994
3	4052	125146.737239958562	37145.661432586
3	4091	127056.138837389136	38073.885073015
3	4101	127209.030303090655	38393.993896901
3	4121	127843.865130238079	38568.186560503
3	4146	128806.215768247331	38282.562226822
3	4168	129332.860577760108	38705.143746411
3	4174	129841.10354006798	39211.73688433
3	4207	131277.709370828653	39940.323455526
3	4213	131366.221712810763	40456.729412522
3	4223	131726.315384825536	40130.10963561
3	4252	132113.75182853588	40699.592136908
3	4256	132452.732372807183	40708.726364036
3	4281	133340.916176042939	41234.854275517
3	4294	133573.668398225524	41424.476941508
3	4300	133671.073592962186	40412.470908
3	4362	135903.696805538454	42196.717271073
3	4390	136726.874622325833	42668.816185275
3	4408	137459.920492229827	43293.034704824
3	4431	137953.732138951729	43509.676955273
3	4453	138646.824685951539	44128.098113253
3	4461	138989.742055326189	44272.77825535
3	4465	139009.953892670417	43595.777058232
3	4469	139095.853011451506	44431.256714533
3	4497	140191.128433301891	44383.211774649
3	4523	140900.808908357705	44858.234461137
3	4544	141443.579571947301	42715.094649814
3	4569	142113.675971464675	45568.187895412
3	4586	142541.285906007359	43569.829788504
3	4601	143070.572429825973	44069.323035214
3	4614	143274.276521161044	43948.004840276
3	4658	144555.814431575548	44759.198365754
3	4681	144975.126142460342	45145.766387157
3	4691	145439.642366684819	45694.559416602
3	4715	146094.132216388206	45776.657691038
3	4721	146404.441746720533	45746.397889988
3	4743	146827.1340583595	45156.117555736
3	4773	147879.490727653573	45638.030923842
3	4819	149153.13902218997	45482.705118183
3	4825	149405.473274491217	46660.920630639
3	4858	150216.822275772537	46504.048666985
3	4875	150741.495380360124	46433.621260533
3	4905	151889.35798689894	47636.063700916
3	4917	151911.303044320506	46981.01432529
3	4925	152528.367180947061	47179.308608976
3	4960	153662.99508887851	47121.698724531
3	4971	154278.82326402278	46600.946685029
3	4988	154843.053091291185	48092.496913738
3	5002	155354.306642629053	47542.53957041
3	5020	155966.100615919991	48057.745239749
3	5033	156263.462741851654	48091.065722745
3	5037	156478.755175047977	47976.575957511
3	5041	156514.13748412564	47586.783121045
3	5076	157613.972002008777	48532.854248305
3	5099	158394.463472008197	47581.12120474
3	5103	158416.243385767411	46679.526472013
3	5121	158992.940848335116	47239.133134307
3	5133	159457.334647388621	47067.562239394
3	5137	159555.581116510402	47742.766775325
3	5159	160380.278107106533	47730.868841468
3	5193	161586.910227585432	48845.172351901
3	5202	161699.147756710141	48646.167404164
3	5221	162277.205870259046	49111.565868379
3	5234	162644.420497916132	48825.283356046
3	5242	163026.377848295343	49780.388469035
3	5274	164111.626337967306	50277.77812867
3	5303	165046.756552310509	50928.875371418
3	5331	165725.494143027305	51580.804313104
3	5343	166145.244278829038	51658.238935676
3	5379	166812.921647962032	52542.19137853
3	5385	166999.22002698466	51910.486321512
3	5405	167479.531097724528	52388.746317611
3	5411	167592.377295626177	52311.587255935
3	5477	169261.739803535713	53650.69184747
3	5481	169349.573459394125	52942.348874641
3	5485	169441.412921841682	52746.061355791
3	5522	170614.869705924614	52807.252589067
3	5546	170985.354896850734	53759.532527267
3	5559	171387.149486323313	53908.687582917
3	5609	172296.068622074516	53158.282419899
3	5613	172448.375161285938	53917.044390424
3	5626	172858.144670161845	53110.514824677
3	5651	173865.165987066419	53233.681629157
3	5678	174619.75100857714	53797.188032909
3	5719	175948.85580763392	54290.628442985
3	5731	176032.678739895894	54802.023246329
3	5765	177031.602520115525	53408.030720092
3	5778	177286.716293064373	54019.301716125
3	5812	178605.471813587323	54703.85739034
3	5824	178838.601849633696	54638.918290346
3	5834	179605.817820357009	55499.46811429
3	5928	182481.353965962156	54592.797534332
3	5940	182839.358091458529	56308.882487318
3	5953	183098.80908432588	55327.26068256
3	5968	183674.92409308018	56497.808122029
3	5992	184217.105702889935	55843.467502198
3	5996	184414.152924134823	55228.784980955
3	6014	184965.684473786354	55354.666234096
3	6046	186138.881089474858	55778.883636691
3	6056	186485.018926836046	56162.975712338
3	6106	188215.901474361735	56710.742292435
3	6123	189052.261174490528	57323.47503636
3	6173	190724.825168141947	57318.449313223
3	6177	190730.464084851983	57191.580841983
3	6210	191822.946097535865	58213.130524501
3	6233	192342.537090923134	58334.289152752
3	6250	192994.382881760095	58175.641405353
3	6266	193318.352318597455	58207.132233532
3	6279	193897.74489046246	59346.138342841
3	6310	194719.068729985002	58233.131384597
3	6321	195040.427957868056	58912.789201492
3	6325	195086.405859715734	59549.8479744
3	6334	195357.018486843872	58803.472445811
3	6374	196529.24635233866	59251.786066327
3	6378	196554.632417384388	59336.609033638
3	6412	197441.112530208621	59501.432387714
3	6416	197632.111776718367	60164.977586623
3	6420	197721.56132685529	57191.945179749
3	6424	197837.874855046944	58472.62818282
3	6465	198905.286525437106	58058.942015518
3	6478	199010.923474277799	58245.087148185
3	6482	199104.096303844677	57928.593937207
3	6534	200657.029585262613	59018.110760114
3	6538	200677.049837471415	59428.580412888
3	6556	200983.203056195604	58733.365791329
3	6560	201057.978397063409	59075.152398421
3	6604	202626.86341239311	60089.2041956
3	6623	203130.414874145614	59922.589120276
3	6641	203788.945922158156	60559.122511928
3	6677	205459.259753741177	62110.66037341
3	6686	205692.126332768669	62310.055981415
3	6694	205866.004524906596	61260.711388365
3	6703	206063.24067314664	62091.263909944
3	6718	206539.040062522368	62995.977755831
3	6735	207230.391799989587	62338.104273579
3	6739	207232.648628579306	62416.896425047
3	6765	208492.574438314738	63213.244964251
3	6775	209116.683056291045	62897.173094533
3	6788	209284.585649372863	61758.510622965
3	6824	210311.836701552814	62688.709932894
3	6853	211062.969646930548	63142.354571118
3	6871	211422.043138943111	62921.324040832
3	6875	211542.016313081105	63344.508070616
3	6904	212538.450661927315	63693.011484626
3	6963	214398.563348820287	65389.755208571
3	6973	214558.374971572163	65148.352647292
3	6987	214983.11603742229	65717.134660347
3	6998	215177.029301715514	64677.413524603
3	7024	216124.977256303506	64856.571733573
3	7060	217565.986076911765	66210.613893488
3	7074	218334.746823334566	66602.336265325
3	7084	218563.19284980357	66188.141748283
3	7147	220490.791942547507	67178.026612488
3	7156	220621.452575005091	64795.463380081
3	7164	220872.310299269709	67594.397467806
3	7183	221579.3807054887	67880.410663454
3	7207	222077.859425192554	65416.568829184
3	7211	222228.34149558606	65681.637921855
3	7238	223057.20223664815	65938.144665095
3	7259	223506.149592783156	66843.661485775
3	7274	224073.491251516941	65992.777172108
3	7282	224448.237868720167	67138.028921436
3	7356	227202.317767517496	67631.111725581
3	7390	228233.698894709204	67811.400743726
3	7410	228671.701349490754	68036.0536741
3	7418	228909.750376590961	68716.133091516
3	7430	229233.323893073801	68046.941748897
3	7452	229631.153854291742	69061.926417686
3	7458	229791.405075467625	68935.3722449
3	7462	229946.040584884438	68359.521953247
3	7474	230563.060420048856	68797.212423485
3	7533	232181.63175301204	68977.062543411
3	7541	232312.538837885338	68805.096205379
3	7574	233002.753728214153	68705.822795419
3	7587	233498.946881864074	69809.544231285
3	7599	233902.232730961839	69597.473785783
3	7612	234465.525157819936	69154.660399803
3	7616	234487.005496408644	68886.574213053
3	7643	234986.189121217901	69381.550304069
3	7662	235950.587201269199	69773.954946631
3	7677	236487.309355703617	69970.362488476
3	7695	236925.475334083164	70279.298668984
3	7706	237391.293117750292	70843.633425665
3	7735	238236.318822945902	71487.824416602
3	7768	239107.07350508819	71388.407929697
3	7791	239841.424166049664	72813.055301664
3	7795	240088.68338519285	72359.537803551
3	7806	240194.293091578265	71556.868500466
3	7817	240376.751544890428	71417.659658467
3	7839	241710.273354176288	72571.81224396
3	7861	242086.474665035929	72975.69137654
3	7867	242161.264060861866	72168.811083665
3	7917	243598.191444465746	74380.416699677
3	7929	244229.008267607395	73667.674404652
3	7952	244787.272430495793	73666.200169667
3	7956	244860.78932829373	73785.715585267
3	7960	245044.240906221648	73511.524685747
3	7969	245102.908984017994	74458.989672728
3	8038	246794.359022188436	74739.881724158
3	8052	247184.984695245947	75082.676846536
3	8076	247747.094596666719	75484.850286414
3	8110	249250.284883111569	74919.935908354
3	8121	249670.569810946906	75127.50856516
3	8144	250564.017492711398	75795.30544953
3	8173	251771.78957659329	76221.898074795
3	8204	252576.692400095487	77003.496636149
3	8208	252590.021737135802	77031.800288512
3	8212	252755.443898422498	76802.825283558
3	8230	253245.066125323499	77218.405659149
3	8284	254480.401755442697	77402.916942334
3	8326	255676.873134090999	78563.829369234
3	8330	255683.820190599043	77171.612869052
3	8356	256753.791810043011	78128.36807267
3	8380	257545.59914727273	78011.71391517
3	8414	258732.821398261437	78772.105828977
3	8433	259559.130493385572	79409.153939009
3	8458	260383.090125612769	79678.862393434
3	8473	260780.866033514465	80382.020249439
3	8488	261238.322425098592	79518.007413737
3	8538	262610.224634261657	80031.068462902
3	8547	262703.173768572012	79992.051909286
3	8572	263656.781026489888	80727.535576085
3	8576	263725.694301180045	80637.634921304
3	8617	264874.779721109051	80298.800508269
3	8648	265641.840318195025	81570.833897272
3	8679	266302.09215302192	81353.011121308
3	8683	266366.88524411569	81353.150391953
3	8692	266837.145734580089	80708.97737947
3	8696	266911.243792414168	81432.666866728
3	8736	268217.666867380465	82373.703601458
3	8775	269097.995890920838	82406.453489529
3	8795	269778.988231891268	81763.754525096
3	8812	270000.18552531066	82079.388554966
3	8823	270239.337394462755	81800.124897585
3	8827	270239.405285810907	82497.976121492
3	8840	270710.750989071528	82039.504461843
3	8861	271437.547091722344	82202.423748008
3	8876	272024.419641369457	82072.816375411
3	8893	272557.247414897983	82527.873829966
3	8915	273067.969152150179	82655.616931629
3	8971	274544.043879184727	83225.265598143
3	8975	274811.607564236472	83350.635734104
3	8997	275424.203493535022	83416.375001315
3	9024	276285.720244312514	84228.03154145
3	9028	276322.863947782168	84166.184775067
3	9039	276587.215536974225	84393.431764235
4	182	5520.37211276166	3268.8593728679
4	206	6104.10923859611	2377.1645201787
4	270	8115.41156913323	4030.8434503493
4	328	9948.411160420457	4174.338585382
4	332	10057.169137210994	4923.9009805294
4	477	14613.706989411095	5748.6251052885
4	502	15592.70010672085	5303.0336823542
4	621	19893.470380941237	8602.380670204
4	660	21087.159255459383	8445.1905299002
4	686	22093.789867145771	9317.9668925358
4	725	23392.708154437542	8815.4284863517
4	742	24322.229593518953	9277.023475932
4	750	24468.04639970459	9182.072051657
4	761	24931.544760420749	9276.900066873
4	827	27832.974520830269	10796.89096145
4	868	28922.021230768244	11628.578892229
4	996	33512.129114886579	12777.145741637
4	1076	36052.368289526033	14342.289812793
4	1100	36445.609418807384	11728.667410064
4	1200	39108.387295996603	11780.461574624
4	1230	40356.261632900518	12462.005684193
4	1441	46579.409633010461	12163.941531881
4	1461	47039.763815320864	12025.839759364
4	1482	47547.499950793985	12478.736137709
4	1505	48211.59704629839	12176.333164877
4	1680	53665.787658078433	14162.767723264
4	1817	58707.629359179945	16959.005436941
4	1825	58849.437840446314	17381.271768862
4	1976	62999.415895999825	17260.343637019
4	2087	66160.494322102002	19035.056059485
4	2132	67805.016395026303	20111.706885857
4	2149	68399.767970382653	18839.778205268
4	2361	73993.468373003833	20504.159359077
4	2422	75174.223295920947	20281.260994042
4	2430	75325.988010626126	20224.738994412
4	2497	76847.495550862932	21342.058711415
4	2509	77374.796036148283	20175.135613599
4	2714	84209.051707727322	23091.265035735
4	2733	84772.700193796146	23786.027292335
4	2835	87537.694131830194	24172.011682585
4	2862	88632.076154896476	24734.369308126
4	2960	91450.860152767812	25336.199272056
4	3120	95882.657636781642	28021.845456218
4	3337	102963.78364356405	30838.985341164
4	3549	109445.470129364941	33174.258224815
4	3553	109536.481986693525	31032.497935759
4	3566	109900.310449257334	31094.139011967
4	3661	113070.275777592742	33120.337602443
4	3833	118084.917113199319	34616.518225915
4	4001	123778.651697575534	36777.518217727
4	4076	126281.616040883074	37663.356110595
4	4127	127996.101062014188	38325.085133451
4	4315	134348.600364040428	41336.056841586
4	4347	135263.968314375218	41472.269040642
4	4351	135366.008113059636	41849.58973077
4	4493	139969.769304191539	43757.200404316
4	4559	141857.433159287864	45555.537496028
4	4649	144268.995180395853	44595.719395351
4	4734	146564.586929308097	45233.205958926
4	4777	147905.463840910654	45222.44668259
4	4789	148563.207654293473	46167.073332669
4	4871	150719.164859704164	46910.96667219
4	4929	152599.361623800782	46845.553817869
4	5265	163993.341657586244	50181.420852477
4	5369	166684.527625241742	52091.206696235
4	5437	168587.698777257891	52995.097872984
4	5456	168927.056056517602	52749.986787082
4	5537	170901.694460075198	52933.513411061
4	5605	172268.393678210526	54244.295824818
4	5635	173350.221137676238	53151.095036833
4	5647	173786.088033692761	53123.324711165
4	5739	176350.799983344467	54706.233586567
4	5751	176699.251923162341	53876.3810729
4	5820	178787.918211124334	54887.582502937
4	5858	180519.368214584383	55955.762283468
4	5878	181282.562466274798	56422.221911166
4	5898	181611.864286722111	55699.197396651
4	5978	183843.155426164585	54888.156676144
4	6069	186907.05932698721	55914.13075066
4	6082	187519.867694659011	56202.02820435
4	6144	189695.041670335308	56654.522160529
4	6148	189944.578017737213	57174.836362494
4	6394	197171.989387126492	59411.601557304
4	6469	198912.414717666657	58591.534528162
4	6598	202330.582043049355	59538.066364092
4	6810	209823.776139985269	64247.831022816
4	6845	210943.080145057144	62704.063422913
4	6900	212209.79924260216	63352.584890512
4	6912	212805.135390828794	63895.43446032
4	7008	215521.964178617897	64809.49679767
4	7045	217029.819348701706	65766.527453779
4	7123	219923.074720153086	67490.111717855
4	7268	223973.250142601751	66850.92874228
4	7310	225363.987583761888	66697.402114901
4	7327	226382.072579632946	67695.519875217
4	7487	230801.111764270314	67781.002030712
4	7517	231950.395471026975	69050.97851872
4	7620	234580.446382436756	69735.052036098
4	7749	238518.30961696044	71672.898108961
4	7753	238763.983112234125	71259.507629691
4	7908	243468.217136725287	73448.238127234
4	8008	246255.595478495087	74502.268349121
4	8027	246540.184005910386	74804.544715425
4	8048	247107.435237152357	75022.901403598
4	8072	247514.908148592193	75256.005443872
4	8135	250414.216927676896	75564.991839683
4	8254	253789.892940224935	77555.779429657
4	8260	254010.32564460809	77834.800564968
4	8304	255156.485565738255	76683.207092315
4	8317	255312.233111971844	77116.863469086
4	8366	257125.132623031238	78584.507684882
4	8390	257918.698340274248	79222.173518761
4	8492	261454.387784266699	79923.081106898
4	8525	262270.37844092163	79984.430962977
4	8580	263812.79715105469	80009.400995031
4	8623	264964.593378856633	81658.333503081
4	8664	266089.820718617965	80678.165785355
4	8742	268270.055916171377	81906.337965101
4	8779	269285.426094797873	82504.583646301
4	8852	271285.799202765773	81960.954310026
4	8943	273910.802385234709	82938.98123108
4	8956	274088.836979020242	83456.502510237
4	9018	275926.134983675409	83954.998562477

