version 2
run Iteration-48-20200521-09:53:49-66864
attr configname Iteration
attr datetime 20200521-09:53:49
attr experiment Iteration
attr inifile omnetpp.ini
attr iterationvars "$i=5, $j=3, $0=15-(5+3)"
attr iterationvarsf i=5,j=3,15-(5+3)-
attr measurement "$i=5, $j=3, $0=15-(5+3)"
attr network Network
attr processid 66864
attr repetition 0
attr replication #0
attr resultdir results
attr runnumber 48
attr seedset 48
itervar i 5
itervar j 3
param **.resourcePool.amount 5
param **.resourcePool1.amount 3
param **.resourcePool2.amount 15-(5+3)
param **.source.interArrivalTime exponential(6min)
param **.delay.delay uniform(4min,28min)
param **.delay1.delay uniform(10min,28min)
param **.delay2.delay uniform(4min,16min)
param **.allocate.resourceModuleName "\"Network.resourcePool\""
param **.allocate1.resourceModuleName "\"Network.resourcePool1\""
param **.allocate2.resourceModuleName "\"Network.resourcePool2\""
param **.deallocate.resourceModuleName "\"Network.resourcePool\""
param **.deallocate1.resourceModuleName "\"Network.resourcePool1\""
param **.deallocate2.resourceModuleName "\"Network.resourcePool2\""
param **.router.randomGateIndex "uniform(0, 1) > 0.2 ? 0 : 1"

vector 0 Network.allocate queueLength:vector ETV
attr interpolationmode sample-hold
attr title "queue length, vector"
vector 1 Network.allocate1 queueLength:vector ETV
attr interpolationmode sample-hold
attr title "queue length, vector"
vector 2 Network.allocate2 queueLength:vector ETV
attr interpolationmode sample-hold
attr title "queue length, vector"
vector 3 Network.sinkStat lifeTime:vector ETV
attr interpolationmode none
attr title "lifetime of arrived jobs, vector"
attr unit s
vector 4 Network.sink lifeTime:vector ETV
attr interpolationmode none
attr title "lifetime of arrived jobs, vector"
attr unit s
0	0	0	0
0	68	2730.473241275845	1
0	70	2866.256840949672	0
0	79	3053.866386718959	1
0	85	3232.709941795982	0
0	90	3271.997643225514	1
0	96	3439.365310717193	0
0	100	3461.235411915807	1
0	102	3742.173938198901	0
0	623	17400.302011094976	1
0	629	17510.42111558628	2
0	631	17546.917861313942	1
0	636	17639.573988907978	0
0	723	19545.689627390453	1
0	725	19639.408094985228	2
0	727	19744.099907552693	1
0	754	20221.800045275129	0
0	898	23381.609974491236	1
0	919	23947.017892933034	2
0	921	23965.794821509229	1
0	925	23979.675747933286	0
0	1005	25617.965899170562	1
0	1007	25661.417689436033	0
0	1015	26110.657005874735	1
0	1017	26128.460696679768	0
0	1026	26167.01294206925	1
0	1028	26409.0523900962	2
0	1044	26694.964022681137	1
0	1048	26696.123061781046	0
0	1158	29260.609452696433	1
0	1160	29507.712325344724	2
0	1166	29629.064883276012	1
0	1174	29728.031829535756	0
0	1278	31829.29679472013	1
0	1280	31971.753103508394	2
0	1282	32074.739286045094	1
0	1294	32249.489308190284	2
0	1301	32278.866258363612	1
0	1305	32318.948193888386	2
0	1307	32389.025768063562	1
0	1311	32461.875137194062	0
0	1639	40775.665340950225	1
0	1641	40959.809199028347	0
0	1645	41063.406992404399	1
0	1652	41283.145684708858	0
0	1670	41591.428456072126	1
0	1672	41603.776460398937	0
0	1686	41862.387652200599	1
0	1688	41890.2667983725	0
0	1748	43289.381847405672	1
0	1750	43381.753520309429	0
0	1773	43556.060487599346	1
0	1775	43682.32692985974	0
0	1800	44078.682604844185	1
0	1802	44096.753622528124	0
0	1946	47619.900802690929	1
0	1948	47840.767122672991	0
0	2180	54021.260285818191	1
0	2182	54080.986525552998	0
0	2186	54082.821364701048	1
0	2188	54223.151362466434	0
0	2497	61211.611755115555	1
0	2499	61244.513208755586	0
0	2789	68912.888460273143	1
0	2791	68978.648200690073	2
0	2793	69053.456233033406	1
0	2805	69107.9743778559	0
0	2833	69590.297900481518	1
0	2835	69639.489796445235	0
0	3452	83714.231524104676	1
0	3458	83950.480590259167	0
0	3509	84927.920836715009	1
0	3511	84977.595487796243	0
0	3709	89799.827493381711	1
0	3711	89808.782674370942	0
0	3715	89903.060396769241	1
0	3722	90058.38617207921	2
0	3724	90127.380435059752	1
0	3737	90340.946953584996	0
0	3847	92749.65558341058	1
0	3853	92900.24618622453	0
0	4093	98794.882974073852	1
0	4100	98849.821769195557	0
0	4197	101032.03734686109	1
0	4199	101094.606976551967	2
0	4201	101122.696636652483	1
0	4205	101127.274563243909	2
0	4211	101338.167587378158	1
0	4215	101517.21924590071	0
0	4219	101523.702577356962	1
0	4225	101836.627421648337	0
0	4349	104742.322846217043	1
0	4351	104774.736142339367	0
0	4355	104841.556946468783	1
0	4357	104931.835599929271	2
0	4364	105168.778281246418	1
0	4368	105202.641605424579	0
0	4387	105562.029910760016	1
0	4394	105686.470104496052	0
0	4409	105906.218451062961	1
0	4411	106101.127353685965	0
0	5032	123587.291758755439	1
0	5043	123694.246535959851	0
0	5083	124502.153325936732	1
0	5085	124631.606450606405	2
0	5087	124696.076302702736	1
0	5091	124737.250409209597	2
0	5093	124823.918750821959	1
0	5101	125037.004216204061	0
0	5664	138333.867941174371	1
0	5666	138339.661461864314	0
0	5674	138432.29468761207	1
0	5681	138618.435727122457	2
0	5683	138637.969019603631	1
0	5696	138795.497549019807	0
0	6408	157510.984049965287	1
0	6415	157622.402980049351	0
0	6423	157876.875889556465	1
0	6434	158002.630356611569	0
0	6517	159935.127442052771	1
0	6524	160020.608736088194	0
0	6528	160099.697189769639	1
0	6539	160315.222504944757	0
0	6694	164392.850944008281	1
0	6700	164504.43814908703	0
0	6786	166330.420190579312	1
0	6788	166367.127071734983	2
0	6790	166492.374161613875	1
0	6798	166744.918807374524	0
0	6806	166805.706587311973	1
0	6808	166995.081682302615	0
0	7361	180593.188476270866	1
0	7363	180710.693112448159	0
0	7367	180719.757994240409	1
0	7377	180852.828421505404	0
0	7502	183997.627817369362	1
0	7504	184075.789376924943	0
0	7624	187098.681898656323	1
0	7626	187154.226289756619	0
0	7630	187161.197479546457	1
0	7632	187196.737842652718	2
0	7634	187243.933152911814	3
0	7641	187445.831643186533	2
0	7645	187560.385431841527	3
0	7647	187573.995998791239	2
0	7655	187597.667461627437	1
0	7663	187850.790577464096	0
0	8151	200957.418015248025	1
0	8153	201065.268640941204	0
0	8385	207607.595208100298	1
0	8391	207833.429036292584	2
0	8393	207896.760239784799	1
0	8397	207916.371959391296	2
0	8399	207986.183479428511	1
0	8403	207991.649706065902	0
0	8752	216395.889602298341	1
0	8759	216539.958836875645	2
0	8770	216639.526690221495	1
0	8778	216794.788672980462	2
0	8784	217113.905780999466	1
0	8793	217421.377763166238	2
0	8795	217436.525709472103	3
0	8801	217513.856160094286	4
0	8808	217723.230691100011	3
0	8817	217852.822194665224	2
0	8821	217953.295645765132	1
0	8825	217962.804872491302	0
0	9003	222465.821381624398	1
0	9009	222540.762645617139	0
0	9019	222691.239087912894	1
0	9025	223000.534357402187	0
0	9252	227955.488515018321	1
0	9254	228079.465960448811	2
0	9256	228117.552816242308	1
0	9260	228132.891383398892	0
0	9275	228549.818180891303	1
0	9281	228597.796341167054	2
0	9287	228621.124018838914	1
0	9295	228830.381443948616	0
0	9432	232855.301335545767	1
0	9447	233276.768143251148	0
0	9456	233372.671333091839	1
0	9463	233535.094897734215	2
0	9465	233681.798385183766	3
0	9467	233743.941268822827	2
0	9471	233780.675873493669	3
0	9473	233790.766264795867	2
0	9481	234008.375357874131	3
0	9487	234098.160195163992	2
0	9491	234175.635972848923	1
0	9500	234213.748854177884	0
0	9508	234280.266262624647	1
0	9510	234328.71686883967	0
0	9852	243423.990529495485	1
0	9854	243434.723641013626	0
0	10101	249853.603014419388	1
0	10103	249930.990269925468	0
0	10141	250591.138789766508	1
0	10147	250917.796859403736	0
0	10233	252940.840066914751	1
0	10239	253020.211260534069	0
0	10300	254368.231068225445	1
0	10306	254557.797816745497	0
0	10310	254577.767557525066	1
0	10312	254587.062215974667	2
0	10314	254619.883841356364	1
0	10323	254904.008325230397	0
0	10408	256752.898605289373	1
0	10410	256827.890364919756	0
0	10419	256998.15258680017	1
0	10421	257001.246632226763	0
0	10425	257121.712381919666	1
0	10431	257340.730947542881	2
0	10438	257591.128704533967	3
0	10440	257614.251875123869	2
0	10444	257647.390266838129	3
0	10446	257679.205284156085	2
0	10450	257689.955172390697	1
0	10454	257751.495292094503	0
0	10663	263890.41754353161	1
0	10665	264015.531394635061	2
0	10667	264018.316773681322	3
0	10674	264066.494814615315	2
0	10678	264119.122036577025	3
0	10680	264290.218739666692	2
0	10693	264448.88121784683	1
0	10697	264517.269819524922	0
0	11100	274663.182937867773	1
0	11102	274775.74123974452	2
0	11104	274779.278681009194	3
0	11106	274901.417249471247	2
0	11110	274984.079415584554	3
0	11112	275048.517931838289	2
0	11124	275167.985897736119	3
0	11126	275252.251251011913	2
0	11130	275283.735245705161	1
0	11134	275320.273831081327	2
0	11136	275392.756874256134	1
0	11140	275504.979178044773	2
0	11147	275568.810361427024	1
0	11156	275630.74407787672	0
0	11179	276369.572346068868	1
0	11195	276507.831236652856	0
1	0	0	0
1	30	1530.217718269993	1
1	32	1884.737981449049	0
1	41	2124.629048099418	1
1	55	2522.474116926224	0
1	98	3439.365310717193	1
1	104	3742.173938198901	2
1	107	3759.544922351441	3
1	109	3829.907805774155	2
1	118	3869.592251490621	3
1	124	3913.012754471184	2
1	130	3920.97100538151	3
1	136	4035.612799419976	4
1	147	4340.88014663549	5
1	149	4388.924167870499	4
1	155	4403.05345557182	5
1	163	4605.547565476763	4
1	172	4878.546222269055	5
1	178	5101.860360420452	4
1	191	5425.999467771507	5
1	196	5609.906443363942	4
1	201	5639.319518901202	3
1	207	5654.197459952274	4
1	210	5745.532642552436	5
1	212	5764.389188178958	4
1	229	5989.557501930119	5
1	232	6262.753899032791	6
1	234	6374.139701618768	5
1	240	6396.715431281469	6
1	253	6648.557752949329	5
1	259	6895.801851845538	6
1	261	7072.946729058194	5
1	270	7426.523803343208	4
1	286	7677.953421312339	3
1	291	8037.76393931711	2
1	308	8366.366290401624	3
1	317	8596.528517381431	2
1	323	8699.17726641988	3
1	325	8893.723389028526	2
1	338	9542.266503324526	1
1	346	9822.113484918283	0
1	355	9896.864699903683	1
1	368	10130.170283871313	2
1	370	10454.448567011348	1
1	376	10470.194667758286	2
1	386	10928.615495016592	1
1	402	11319.049987951125	2
1	404	11361.304429515219	1
1	409	11493.209256409811	0
1	415	11590.447634041087	1
1	425	11876.901000462034	2
1	427	11892.082594664561	1
1	437	12172.279515698095	2
1	449	12730.842277227855	1
1	454	12748.512621141183	0
1	464	13057.51151754992	1
1	466	13433.688605580273	0
1	475	13444.647375786621	1
1	478	13450.362695323417	2
1	494	13738.911233876786	1
1	502	14200.168473954457	0
1	508	14238.985099197526	1
1	515	14282.934256739235	2
1	518	14317.209461683878	3
1	520	14641.082163785539	2
1	526	14657.653163978202	3
1	532	14837.605528788435	2
1	541	15282.58120861012	1
1	553	15446.182101403318	0
1	638	17639.573988907978	1
1	641	17812.157156532627	2
1	644	17931.160112075831	3
1	649	17957.740049688516	2
1	655	18015.102975303781	3
1	658	18153.798751705709	4
1	664	18337.45307884683	3
1	674	18508.990304687068	4
1	677	18524.83399052593	5
1	682	18653.939118652823	4
1	688	18961.300825572325	5
1	704	19318.137312047554	4
1	715	19396.747736527803	3
1	729	19744.099907552693	4
1	735	19927.697519869927	3
1	744	20097.647619235548	2
1	749	20127.399600102005	1
1	756	20221.800045275129	2
1	759	20245.061525342856	3
1	773	20616.971422486938	4
1	780	20665.645682200109	5
1	782	20681.842271439183	4
1	788	20744.235411084306	5
1	791	21023.886164199477	6
1	794	21053.792932713359	7
1	796	21085.909094807911	6
1	808	21183.361745980007	5
1	822	21628.083343520212	4
1	835	22126.48485964838	3
1	841	22171.536741458744	4
1	843	22234.13634179197	3
1	856	22508.692914359588	4
1	859	22555.052941408033	5
1	865	22654.39257942644	4
1	871	22754.640502245578	5
1	876	22875.549664420295	4
1	900	23554.077873059768	3
1	909	23760.169010302422	2
1	914	23850.003851666498	1
1	923	23965.794821509229	2
1	927	23979.675747933286	3
1	930	24005.5094005313	4
1	936	24251.758922439747	5
1	939	24257.56894412865	6
1	950	24513.886098883658	7
1	956	24809.627301885966	6
1	965	24920.280333265762	7
1	967	24958.974346365231	6
1	972	24970.92117657922	5
1	981	25135.777010859059	6
1	1000	25610.227526170584	5
1	1009	25661.417689436033	6
1	1019	26128.460696679768	7
1	1021	26159.735159685124	6
1	1030	26414.728617961901	5
1	1039	26603.070158716662	4
1	1046	26694.964022681137	5
1	1050	26696.123061781046	6
1	1057	26815.43398104583	7
1	1063	26844.449284971609	8
1	1073	27116.847529118178	9
1	1079	27187.416651034443	10
1	1082	27302.972624048611	11
1	1088	27685.894682309973	10
1	1093	27726.738132524524	9
1	1099	27758.407812836691	10
1	1108	27995.752719203381	9
1	1121	28443.444232249523	10
1	1124	28484.703902788462	11
1	1130	28649.219035548541	10
1	1135	28657.831665575875	9
1	1140	28743.647132252563	8
1	1168	29629.064883276012	9
1	1176	29728.031829535756	10
1	1179	29859.475020569783	11
1	1182	30036.829377605427	12
1	1184	30050.92244355512	11
1	1189	30090.503632209484	10
1	1194	30209.594462076573	9
1	1200	30313.954392794556	10
1	1203	30361.511197998915	11
1	1223	30771.576277153019	10
1	1229	30789.680500655837	11
1	1234	31126.87609281428	10
1	1240	31165.236276968506	11
1	1245	31269.580114835162	10
1	1268	31783.659150088577	9
1	1273	31826.305575664539	8
1	1284	32074.739286045094	9
1	1296	32277.648689772223	8
1	1303	32278.866258363612	9
1	1309	32389.025768063562	10
1	1313	32461.875137194062	11
1	1319	32540.179455592681	10
1	1325	32758.13893584867	11
1	1327	32775.590652777253	10
1	1333	32849.538108474577	11
1	1336	33152.193945317348	12
1	1339	33222.528070311435	13
1	1352	33644.299241840292	12
1	1358	33648.887853885551	13
1	1360	33682.041118850221	12
1	1372	34280.283339219539	11
1	1377	34282.512838530575	10
1	1394	34674.838270637371	11
1	1396	34920.088920435308	10
1	1405	34965.708492684399	9
1	1411	34981.355681185589	10
1	1414	35182.372613338119	11
1	1416	35190.099965217907	10
1	1441	35879.761668336961	9
1	1446	35924.404324470459	8
1	1452	36066.930935652075	9
1	1454	36091.500750898605	8
1	1464	36283.64539521383	9
1	1478	36962.186468936498	10
1	1484	37098.338477301633	9
1	1490	37201.377386535653	10
1	1493	37293.104428280667	11
1	1498	37343.722101110417	10
1	1506	37509.448804511129	9
1	1512	37944.465363813171	10
1	1529	38487.220304543524	9
1	1535	38498.863019720601	10
1	1541	38695.676092052501	11
1	1543	38718.423320993072	10
1	1548	38816.596282306511	9
1	1557	38987.513779404369	10
1	1574	39444.830395190467	11
1	1583	39726.424498684157	10
1	1591	39809.807465961575	9
1	1601	40248.9854871372	10
1	1603	40288.178289567343	9
1	1615	40369.597873136614	10
1	1618	40385.288988493578	11
1	1620	40470.667417236045	10
1	1643	40959.809199028347	11
1	1647	41085.291101974819	10
1	1654	41283.145684708858	11
1	1660	41433.227088625766	10
1	1665	41577.58567452468	9
1	1674	41603.776460398937	10
1	1677	41657.249525716814	11
1	1690	41890.2667983725	12
1	1693	41896.613875811005	13
1	1700	42124.565944099872	14
1	1706	42331.865824355967	13
1	1712	42342.085241579149	14
1	1717	42600.73353799564	13
1	1722	42606.829501483962	12
1	1731	42773.581287275188	13
1	1743	43237.411086741287	12
1	1752	43381.753520309429	13
1	1755	43436.826762364454	14
1	1764	43511.732448358461	13
1	1777	43682.32692985974	14
1	1780	43731.475260420242	15
1	1783	43801.836571694378	16
1	1795	43939.170824873484	15
1	1804	44096.753622528124	16
1	1807	44097.860508854426	17
1	1809	44111.892904364887	16
1	1814	44220.900118649378	15
1	1820	44254.136718004446	16
1	1823	44267.883732534868	17
1	1826	44337.831217434216	18
1	1844	44946.384402436427	17
1	1849	45098.343743509996	16
1	1861	45360.490755048021	15
1	1867	45473.79706876003	16
1	1869	45635.021044981889	15
1	1879	45937.124940320094	16
1	1885	46280.59432147745	15
1	1897	46696.665536114398	14
1	1909	46930.443303017318	13
1	1918	47213.504997785211	14
1	1927	47362.436238971762	13
1	1950	47840.767122672991	14
1	1953	47893.952683740155	15
1	1956	48011.638927860822	16
1	1959	48013.767444454436	17
1	1964	48169.671825324569	16
1	1972	48384.224239355326	15
1	1978	48399.707220660643	16
1	1988	48688.278771665208	17
1	1991	48693.651227094268	18
1	1994	48701.33766090762	19
1	1996	48810.812164393477	18
1	2004	49175.939049641986	17
1	2022	49620.626066650208	18
1	2027	49917.750882506743	17
1	2032	49981.998840482359	16
1	2038	50124.044461491251	17
1	2043	50297.55940275941	16
1	2049	50526.113304810135	17
1	2056	50668.36317986613	18
1	2066	50769.730497450009	17
1	2078	51280.422821003397	16
1	2089	51571.488825182654	15
1	2105	52139.312894810364	14
1	2111	52301.670289123946	15
1	2113	52318.377116960858	14
1	2119	52325.848264422974	15
1	2121	52369.371164149828	14
1	2144	52916.106138322547	15
1	2147	52979.787984380991	16
1	2156	53285.476617903672	15
1	2162	53485.086487419205	16
1	2167	53781.682140110434	15
1	2172	53887.965590260376	14
1	2184	54080.986525552998	15
1	2190	54223.151362466434	16
1	2196	54269.749546411671	15
1	2202	54315.888805749004	16
1	2212	54660.929125590739	17
1	2226	54921.737972887122	18
1	2228	54986.593582216103	17
1	2233	55154.342619246245	16
1	2239	55209.101120174766	17
1	2241	55255.94296364788	16
1	2247	55269.795846740435	17
1	2257	55706.700011345366	18
1	2276	56209.974218518857	17
1	2282	56257.092398741238	18
1	2285	56284.667047867716	19
1	2288	56330.677679189245	20
1	2293	56464.869117355347	19
1	2298	56562.686291520708	18
1	2314	56978.353007496718	17
1	2320	57340.130880342909	18
1	2322	57395.099631036073	17
1	2335	57564.625020406433	16
1	2341	57672.621008301503	17
1	2344	57708.247730095	18
1	2353	57822.137651802424	17
1	2359	57889.32361911487	18
1	2377	58375.017263858803	17
1	2383	58480.939469013887	18
1	2392	58552.688862062443	17
1	2398	58896.720262975719	18
1	2401	58910.417502762545	19
1	2407	58977.86949255541	18
1	2420	59147.995005514638	19
1	2423	59170.320964614565	20
1	2425	59403.725207333677	19
1	2430	59583.797247657005	18
1	2436	59606.64865477353	19
1	2460	60088.181314538989	20
1	2462	60275.35131312944	19
1	2467	60493.422234353833	18
1	2482	61058.97355250587	17
1	2492	61075.070541115875	18
1	2501	61244.513208755586	19
1	2504	61247.81419204315	20
1	2507	61376.427408834776	21
1	2510	61567.491059490774	22
1	2512	61755.039787479118	21
1	2518	61793.839809278066	22
1	2524	61960.855229557876	21
1	2529	61964.948179803081	20
1	2539	62170.713912653179	21
1	2548	62570.18863609098	20
1	2556	62693.462710096885	19
1	2566	62854.626089118825	20
1	2569	62863.362710090224	21
1	2578	63486.71269453805	20
1	2587	63687.373227398295	19
1	2592	64121.876079549306	18
1	2597	64134.567480637134	17
1	2613	64593.493105662439	16
1	2630	64873.995851206093	17
1	2636	64910.293525532674	18
1	2642	65121.522034611926	17
1	2647	65365.141244237695	16
1	2652	65384.565867453107	15
1	2662	65546.19671572568	16
1	2669	65755.421038889994	17
1	2677	66025.020264150027	16
1	2686	66234.150448516384	15
1	2692	66316.176169077381	16
1	2697	66367.485330158138	15
1	2718	66940.681918702227	16
1	2721	66953.266169944272	17
1	2723	66999.944699057761	16
1	2735	67470.577724473924	15
1	2741	67597.173178574018	16
1	2743	67737.484686129951	15
1	2759	68235.151636382017	14
1	2768	68355.296097712507	15
1	2773	68551.603363454715	14
1	2781	68669.853972659671	13
1	2795	69053.456233033406	14
1	2807	69107.9743778559	15
1	2810	69141.904911134039	16
1	2812	69197.151134908572	15
1	2817	69254.524514819879	14
1	2837	69639.489796445235	15
1	2840	69715.202992158662	16
1	2842	69812.766758610719	15
1	2854	70118.057633834332	14
1	2860	70191.135642790663	15
1	2862	70355.791443125728	14
1	2871	70404.359223202194	15
1	2878	70600.150130351893	16
1	2885	70682.355553902927	17
1	2891	71022.633991251141	16
1	2897	71260.449319392904	17
1	2899	71346.264474892282	16
1	2910	71670.690538217697	15
1	2924	71851.340497154228	16
1	2929	71979.541327941456	15
1	2934	72081.622965662182	14
1	2947	72607.04592189057	15
1	2949	72619.551140698988	14
1	2959	72790.329021628464	15
1	2972	72941.67731634929	16
1	2975	73051.186550222987	17
1	2977	73186.3192744248	16
1	2986	73444.07329274556	17
1	2999	73624.290940906247	18
1	3001	73760.378719997034	17
1	3006	73835.438699207493	16
1	3022	74268.059933768038	15
1	3028	74365.977079482313	16
1	3031	74417.882065713513	17
1	3033	74488.258842351288	16
1	3039	74539.401165926916	17
1	3046	74775.063448748919	18
1	3048	74813.058021680676	17
1	3056	75018.124070526485	16
1	3077	75426.432522272325	17
1	3089	75866.928066655286	16
1	3095	75973.910834823752	17
1	3097	76124.194986354933	16
1	3106	76404.587830002804	15
1	3115	76438.274332222551	16
1	3121	76606.032081308999	15
1	3137	76704.99214687109	16
1	3142	76843.097890755535	15
1	3151	77188.797543036624	16
1	3164	77560.460756631021	15
1	3170	77601.565464201143	16
1	3172	77640.291255135463	15
1	3178	77707.463873704993	16
1	3188	77856.499520647619	17
1	3191	77879.801316211952	18
1	3194	77921.36095583736	19
1	3199	78129.347175040507	18
1	3205	78244.713771393811	19
1	3217	78363.315818179773	18
1	3226	78954.360427009389	19
1	3242	79178.037416884129	18
1	3248	79202.198052978207	19
1	3251	79250.655166266005	20
1	3260	79568.936969992148	19
1	3265	79584.000366001615	18
1	3271	79641.95741313079	19
1	3279	79875.7143727461	18
1	3285	79977.900548486351	19
1	3299	80278.424494301207	20
1	3302	80386.114333848866	21
1	3307	80538.405124037912	20
1	3313	80542.949966272143	21
1	3319	80773.389249649274	20
1	3325	80793.895134065938	21
1	3328	80848.649229483126	22
1	3336	81159.678983451253	21
1	3341	81177.624025016317	20
1	3347	81208.419133479876	21
1	3360	81431.328415509453	22
1	3369	81769.47423860935	21
1	3378	81952.026744277164	22
1	3381	82000.943376210925	23
1	3384	82010.636777972088	24
1	3391	82116.06076540268	25
1	3397	82150.42047885921	24
1	3406	82275.171084348488	23
1	3429	83035.872416667697	24
1	3431	83312.000341189319	23
1	3436	83339.217739231339	22
1	3444	83514.466149770099	21
1	3460	83950.480590259167	22
1	3471	84111.816685867463	23
1	3474	84156.68540111688	24
1	3477	84228.486989756557	25
1	3480	84246.841968476901	26
1	3485	84558.844861444461	25
1	3490	84682.74286452424	24
1	3495	84773.272323352671	23
1	3513	84977.595487796243	24
1	3516	85190.575495876244	25
1	3519	85239.806460546452	26
1	3526	85331.124978624757	27
1	3535	85378.193133107612	26
1	3541	85565.843858089465	27
1	3551	85742.444568520022	28
1	3556	85925.212644124779	27
1	3573	86209.723735060463	28
1	3575	86360.905484684969	27
1	3580	86383.485981901563	26
1	3586	86683.656417885779	27
1	3593	86769.280589135726	28
1	3595	86977.160814439173	27
1	3600	87037.410085965323	26
1	3619	87579.286556544397	27
1	3625	87836.749977224733	26
1	3634	88007.952903011269	25
1	3639	88049.207710530984	24
1	3645	88162.747724251831	25
1	3660	88585.987918386517	26
1	3666	88823.014563487081	27
1	3668	88931.780041251707	26
1	3679	89299.721929391141	25
1	3685	89491.284955164955	26
1	3687	89502.305912333927	25
1	3713	89808.782674370942	26
1	3717	90047.470659275766	25
1	3726	90127.380435059752	26
1	3732	90234.423445822126	25
1	3739	90340.946953584996	26
1	3742	90497.035677543518	27
1	3744	90515.257250825319	26
1	3750	90583.337741198923	27
1	3764	91009.030585960752	28
1	3766	91065.463026990569	27
1	3772	91151.059858830255	28
1	3785	91367.990822819618	29
1	3791	91519.593490191962	28
1	3797	91734.195647196959	29
1	3803	91881.896920483935	28
1	3809	91910.359896162503	29
1	3817	92107.61362160129	28
1	3833	92379.800494491064	29
1	3842	92571.757812323424	28
1	3855	92900.24618622453	29
1	3857	92994.448470189623	28
1	3862	93005.522413996275	27
1	3868	93013.163118668474	28
1	3871	93124.384542439965	29
1	3874	93274.27014650538	30
1	3884	93482.914494519303	31
1	3893	93640.141291953999	30
1	3902	93921.419689126768	31
1	3905	93990.175308814059	32
1	3908	93999.354045534693	33
1	3916	94334.799492312971	32
1	3921	94461.651532125886	31
1	3926	94506.69840768484	30
1	3943	94838.395078965258	31
1	3953	95046.683555925675	32
1	3960	95330.528737895468	33
1	3962	95498.689860366661	32
1	3974	95895.752061079644	31
1	3979	96081.228532062139	30
1	3984	96228.691434702281	29
1	3993	96245.113300433634	30
1	3996	96260.799002611488	31
1	4003	96562.857254948379	32
1	4012	97052.240867237948	31
1	4017	97066.585006807376	30
1	4030	97331.976219120658	31
1	4043	97734.268490706797	30
1	4051	97963.230749173466	29
1	4057	98019.180327042611	30
1	4059	98044.975167825274	29
1	4072	98175.699297538339	30
1	4088	98785.014138275053	29
1	4095	98819.132433557339	28
1	4102	98849.821769195557	29
1	4105	98864.789081727803	30
1	4108	98914.073402022946	31
1	4113	99194.118423061822	30
1	4119	99301.564261005	31
1	4126	99682.582663196087	32
1	4128	99683.313243228238	31
1	4141	99800.133379368905	32
1	4161	100401.084218592714	33
1	4164	100414.759089703586	34
1	4166	100425.638548244949	33
1	4172	100444.054461637941	34
1	4174	100495.955224377491	33
1	4182	100649.554007938508	32
1	4203	101122.696636652483	33
1	4213	101338.167587378158	34
1	4217	101517.21924590071	35
1	4227	101836.627421648337	36
1	4230	101884.94412186059	37
1	4232	101886.171902946423	36
1	4237	101942.682432630487	35
1	4243	101966.652087108862	36
1	4246	102154.547824458315	37
1	4251	102198.715146603439	36
1	4260	102529.324245919784	37
1	4263	102579.017742609514	38
1	4280	103095.689747312333	37
1	4286	103170.793093534596	38
1	4288	103524.623986934699	37
1	4297	103606.471525995887	38
1	4300	103608.438911944761	39
1	4302	103751.460465938229	38
1	4315	104190.321832054522	37
1	4333	104383.11589229425	36
1	4353	104774.736142339367	37
1	4359	104932.571590766687	36
1	4366	105168.778281246418	37
1	4370	105202.641605424579	38
1	4373	105287.469814182182	39
1	4378	105343.199175051801	38
1	4389	105656.959585349303	37
1	4396	105686.470104496052	38
1	4398	105734.548114678268	37
1	4404	105742.365960248136	38
1	4413	106101.127353685965	39
1	4416	106136.159499349888	40
1	4423	106221.626751345688	41
1	4426	106221.699107544679	42
1	4439	106502.011048221417	41
1	4450	106748.79354305603	40
1	4460	106842.119098774802	41
1	4466	107067.7128161891	42
1	4469	107208.097437972316	43
1	4471	107318.481353751611	42
1	4477	107329.657792170603	43
1	4480	107426.478130572714	44
1	4490	107757.386222253571	45
1	4499	108127.930158949845	44
1	4505	108175.960241785991	45
1	4507	108284.490166390691	44
1	4517	108722.184985918327	45
1	4519	108814.566555700492	44
1	4528	109224.692221829124	43
1	4540	109662.544059744481	42
1	4555	110055.798056912996	41
1	4561	110226.707272237433	42
1	4568	110380.373504540922	43
1	4571	110389.838641538682	44
1	4577	110491.243565527018	43
1	4582	110560.70212140717	42
1	4590	111086.176750227265	41
1	4606	111412.857343173031	40
1	4619	111905.082857831254	41
1	4622	111942.72306073736	42
1	4627	112073.507985421844	41
1	4636	112170.680130643066	40
1	4641	112290.681781974066	39
1	4647	112421.453762463073	40
1	4658	113053.112264126987	41
1	4664	113061.550688706715	40
1	4669	113071.508757644721	39
1	4674	113331.325053868111	38
1	4690	113712.197736301847	37
1	4699	114091.829759703805	38
1	4705	114154.831997410677	39
1	4707	114165.281389104579	38
1	4716	114254.832497245859	37
1	4725	114761.687653907962	36
1	4739	115252.636711203166	37
1	4744	115523.788774998154	36
1	4753	115658.295164592941	35
1	4758	115893.168335049801	34
1	4775	116412.680874075028	35
1	4777	116526.03343211789	34
1	4791	117164.742929879943	35
1	4793	117265.990661634509	34
1	4798	117545.607171465869	33
1	4806	117572.051759432458	32
1	4829	118193.593532589491	31
1	4835	118216.022802441978	32
1	4837	118373.149522627149	31
1	4843	118505.188745352051	32
1	4849	118898.651545420975	33
1	4855	119129.205385926568	32
1	4861	119198.825454054928	33
1	4867	119540.922800619532	32
1	4872	119597.028747235652	31
1	4877	119867.779346122795	30
1	4903	120435.305402977769	29
1	4909	120475.173959399914	30
1	4918	120601.318076678779	29
1	4923	120631.676405487039	28
1	4935	121220.267128494795	27
1	4941	121308.950985169317	28
1	4948	121361.868608677157	29
1	4961	121560.320437234272	28
1	4967	121605.25116156125	29
1	4973	122056.379464449406	30
1	4979	122247.143558725172	29
1	4985	122525.857363550219	30
1	4987	122530.532193016638	29
1	4993	122538.398338157593	30
1	4999	122771.065987355303	29
1	5018	123336.077155718037	28
1	5034	123605.208911678981	27
1	5045	123694.246535959851	28
1	5048	123769.045258386678	29
1	5054	123813.549100655777	30
1	5056	123978.559679370751	29
1	5069	124269.353054212079	30
1	5074	124427.32444339005	29
1	5089	124696.076302702736	30
1	5095	124823.918750821959	31
1	5103	125037.004216204061	32
1	5105	125052.353913449129	31
1	5110	125170.726444225054	30
1	5116	125320.192996810388	31
1	5118	125610.039200638809	30
1	5124	125622.022832169042	31
1	5130	125728.629679317033	30
1	5136	125754.031185112309	31
1	5139	125922.45510078382	32
1	5157	126540.480729567482	33
1	5165	126687.742311787238	32
1	5170	126753.446381704178	31
1	5179	126852.984491660062	32
1	5181	126897.748165852778	31
1	5191	126982.849361680838	32
1	5205	127879.050960663897	33
1	5207	127916.182791395491	32
1	5216	127930.702761900944	33
1	5218	128049.778595759761	32
1	5226	128319.223700068348	31
1	5232	128376.263088183419	32
1	5256	128972.528724925418	33
1	5258	128986.544101778796	32
1	5264	128991.353802006715	33
1	5270	129195.853360311207	34
1	5276	129445.424229892265	35
1	5282	129502.958510778196	36
1	5284	129562.685375900236	35
1	5294	129578.363637244852	36
1	5296	129597.826110874691	35
1	5301	129856.1234276373	34
1	5313	130061.583638774872	35
1	5319	130166.471338567552	34
1	5324	130207.435414516755	33
1	5337	130335.28813402375	34
1	5340	130340.497719297614	35
1	5358	130905.179988866282	36
1	5360	131183.508360383329	35
1	5366	131233.343756436253	36
1	5368	131238.077493207908	35
1	5380	131509.368652176556	36
1	5382	131695.450101248377	35
1	5391	131903.051000424108	34
1	5404	132178.630114364422	35
1	5409	132354.929382370082	34
1	5423	132584.890779664006	35
1	5429	132727.218039922283	36
1	5442	133120.741724667951	37
1	5444	133305.234075948053	36
1	5452	133465.762345968193	35
1	5458	133496.910044929843	36
1	5460	133819.379565806357	35
1	5466	133870.39679525316	36
1	5477	134095.68796558951	37
1	5487	134422.307985791245	38
1	5489	134491.24727458731	37
1	5494	134608.1832750844	36
1	5520	135274.574172027698	37
1	5522	135480.302638250632	36
1	5530	135535.918785701895	35
1	5536	135671.186297353554	36
1	5539	135675.021519304716	37
1	5542	135695.41141947459	38
1	5547	135931.110489443324	37
1	5560	136022.146072793869	38
1	5566	136103.196467409276	39
1	5573	136295.267438245758	40
1	5578	136579.088165741793	39
1	5583	136602.681235098669	38
1	5599	137064.926250779299	37
1	5609	137208.252348867999	38
1	5618	137379.111629724483	39
1	5621	137502.264023766959	40
1	5623	137531.406390034042	39
1	5638	137804.514179234782	38
1	5644	137901.541304642852	39
1	5650	138220.830608553498	40
1	5652	138224.367476047246	39
1	5668	138339.661461864314	40
1	5676	138558.424051739655	39
1	5685	138637.969019603631	40
1	5691	138731.987143247777	39
1	5698	138795.497549019807	40
1	5701	138887.343040067804	41
1	5704	138931.725030722261	42
1	5707	139065.066667117232	43
1	5718	139320.260616768798	44
1	5727	139743.235238709308	45
1	5732	139819.06568289478	44
1	5741	140032.396116121177	45
1	5753	140235.105113545812	44
1	5758	140255.621361178735	43
1	5764	140328.161770923134	44
1	5767	140547.040704104508	45
1	5778	140793.91924747021	46
1	5783	140931.648173189952	45
1	5789	141239.502152403202	46
1	5795	141465.793610532216	45
1	5801	141474.057927806975	46
1	5804	141507.772154352124	47
1	5809	141635.024667350033	46
1	5828	142350.425265996947	45
1	5834	142429.815068782936	46
1	5836	142457.17116405294	45
1	5841	142548.254790190065	44
1	5854	143126.460635336495	43
1	5860	143136.479109835546	44
1	5866	143203.619983575209	45
1	5868	143206.629302806451	44
1	5880	143418.643358792567	43
1	5886	143616.161655996394	44
1	5903	144379.145112659081	43
1	5908	144580.635220497304	42
1	5914	144645.825125121651	43
1	5920	144738.230369482569	42
1	5933	145085.371964095479	43
1	5938	145164.162555855929	42
1	5944	145195.550425429956	43
1	5955	145751.283950223868	44
1	5963	146179.698096891323	43
1	5968	146196.320514241613	42
1	5976	146405.62057625246	41
1	5982	146452.116440790847	42
1	6002	146836.273238878155	41
1	6008	146890.327129184507	42
1	6014	147098.500323636697	43
1	6017	147143.040982393582	44
1	6019	147415.922131613277	43
1	6025	147601.460602865008	44
1	6031	147734.201351057037	43
1	6047	148151.128022315681	44
1	6053	148467.321313186938	43
1	6061	148859.819142232098	42
1	6066	149018.378416548713	41
1	6072	149233.691604002739	42
1	6089	149557.185812755975	43
1	6092	149584.944656358768	44
1	6098	149834.919159391194	43
1	6103	150088.307183976675	42
1	6111	150497.724825190761	41
1	6131	150789.334979033984	42
1	6134	150793.973658071993	43
1	6144	151143.874608297967	44
1	6147	151292.297646666727	45
1	6149	151332.640026337857	44
1	6155	151378.484134416386	45
1	6157	151434.279817492151	44
1	6162	151445.036298145771	43
1	6168	151691.827590512648	44
1	6188	151988.59850230623	45
1	6194	152051.863813377375	44
1	6213	152469.702938268875	45
1	6215	152478.158498003379	44
1	6220	152480.67597472147	43
1	6233	153227.841172142361	44
1	6236	153284.807336475005	45
1	6238	153301.696989010478	44
1	6248	153533.66386301952	45
1	6261	153805.294134437431	46
1	6264	153811.264616392675	47
1	6266	153811.596027544931	46
1	6271	153853.274770677471	45
1	6282	154378.652751152794	44
1	6296	154567.905404488366	45
1	6299	154598.817205144715	46
1	6301	154848.346699725137	45
1	6311	155044.290163929142	46
1	6319	155176.457619117954	45
1	6325	155290.772009839629	46
1	6327	155332.735417695175	45
1	6344	155958.815687866078	46
1	6353	156293.926098120631	45
1	6358	156471.549168508881	44
1	6363	156658.132505030762	43
1	6369	156777.011945080062	44
1	6380	157071.846703927126	45
1	6382	157098.266899341018	44
1	6393	157285.553070856639	43
1	6410	157612.60998108929	42
1	6417	157622.402980049351	43
1	6425	157920.218179049351	42
1	6436	158002.630356611569	43
1	6439	158046.122436437117	44
1	6442	158236.157230385701	45
1	6452	158689.969649191247	44
1	6457	158801.402711808141	43
1	6466	158935.190720448475	44
1	6469	158968.874445465604	45
1	6478	159297.421779862838	44
1	6491	159353.945967281122	45
1	6493	159364.61092199237	44
1	6498	159617.781872596051	43
1	6519	159962.774162010523	42
1	6526	160020.608736088194	43
1	6534	160236.812578062918	42
1	6541	160315.222504944757	43
1	6544	160327.054565978404	44
1	6547	160441.179449146308	45
1	6550	160444.526422750168	46
1	6552	160616.821170328566	45
1	6562	160709.65846738334	46
1	6568	161249.408741832944	45
1	6574	161270.481213343004	46
1	6576	161273.166682036053	45
1	6596	162014.618950253734	44
1	6601	162210.710462225061	43
1	6623	162638.896344292211	42
1	6632	163089.445014019844	43
1	6635	163150.505275336531	44
1	6640	163308.532129847836	43
1	6650	163481.750568758208	44
1	6652	163524.701095996806	43
1	6660	163556.321446390125	42
1	6673	163644.142765548145	43
1	6676	163906.319883755953	44
1	6682	164086.255967379915	45
1	6702	164504.43814908703	46
1	6704	164648.566218107399	45
1	6709	164832.545629926407	44
1	6715	164842.063444932222	45
1	6717	164926.546266085702	44
1	6726	165256.128974821931	45
1	6729	165361.505761127848	46
1	6732	165378.636660979412	47
1	6749	165623.505348522975	48
1	6751	165640.018867780846	47
1	6761	165744.910268574852	48
1	6769	165979.555571914884	47
1	6778	166159.651407953733	46
1	6792	166492.374161613875	47
1	6800	166744.918807374524	48
1	6810	166995.081682302615	49
1	6812	167132.337043541875	48
1	6818	167157.053909310101	49
1	6821	167197.927040785439	50
1	6823	167349.113005620661	49
1	6828	167397.286943802991	48
1	6834	167590.348432645759	49
1	6847	167775.047143531733	50
1	6852	167962.243569852244	49
1	6862	168198.2979263386	50
1	6868	168498.632543857443	49
1	6874	168558.100984962173	50
1	6880	168716.208518837028	49
1	6889	169025.513576910262	50
1	6892	169032.280743960556	51
1	6894	169069.635903477129	50
1	6899	169294.156396824169	49
1	6909	169404.607565901709	50
1	6922	170124.725025827446	49
1	6931	170212.010026588496	48
1	6943	170437.623458241565	49
1	6948	170592.956155079651	48
1	6968	171292.350803092862	49
1	6971	171384.206976865288	50
1	6977	171452.561313067954	49
1	6982	171578.903631251686	48
1	6991	171665.189089591162	49
1	7001	171785.253272255475	50
1	7007	172128.319322239067	49
1	7012	172190.312985228755	48
1	7018	172242.879337432111	49
1	7020	172245.651508120123	48
1	7026	172410.608373867448	49
1	7029	172470.003908562143	50
1	7034	173005.173982102804	49
1	7052	173153.793534334343	50
1	7054	173157.543733693119	49
1	7062	173562.428438781995	48
1	7074	173850.603566943117	47
1	7083	173938.336460316013	46
1	7095	174112.827746105996	47
1	7098	174259.679961780323	48
1	7109	174478.428686194669	49
1	7115	174686.494909485105	48
1	7126	175085.13084862886	47
1	7138	175167.4567097243	46
1	7144	175344.666745640402	47
1	7155	175687.572403132856	48
1	7158	175906.648294564304	49
1	7167	176355.484471198957	50
1	7169	176357.187299539569	49
1	7177	176549.762360039558	48
1	7183	176655.984354551564	49
1	7186	176756.174598465171	50
1	7188	176791.195382671811	49
1	7204	177314.246815981823	50
1	7206	177399.962398033049	49
1	7220	177497.76096185235	50
1	7225	177836.40434130133	49
1	7235	177869.15451971703	50
1	7237	177982.080120572123	49
1	7246	178025.108725384924	50
1	7251	178268.827845496517	49
1	7274	178845.14169663507	50
1	7276	178950.125591333258	49
1	7282	179017.272130557204	50
1	7291	179198.633572953203	49
1	7297	179200.141369094123	50
1	7303	179514.910534971129	51
1	7309	179611.083612594492	52
1	7311	179614.7342102932	51
1	7324	179872.587674529671	52
1	7340	180224.401540241438	51
1	7345	180364.269879791346	50
1	7351	180500.056219778602	51
1	7353	180521.635599853852	50
1	7365	180710.693112448159	51
1	7379	180852.828421505404	52
1	7382	180993.382444424531	53
1	7392	181432.501854697478	54
1	7395	181446.25872392937	55
1	7397	181660.681244740644	54
1	7402	181751.059243834811	53
1	7408	181802.090811958062	54
1	7410	181915.286578950864	53
1	7416	181920.543328024748	54
1	7423	182206.151750329559	55
1	7435	182612.112907763031	54
1	7444	182820.110032257858	53
1	7449	182828.945748443165	52
1	7475	183353.666994371843	51
1	7481	183541.473178876098	52
1	7486	183627.625472515124	51
1	7492	183721.091430744542	52
1	7497	183986.455540061378	51
1	7506	184075.789376924943	52
1	7509	184093.128332226097	53
1	7520	184411.903287730346	54
1	7530	184640.747889445553	55
1	7532	184775.628779285821	54
1	7538	184908.873290027689	55
1	7540	184976.930415421185	54
1	7546	184991.017088089377	55
1	7554	185169.649732448542	54
1	7575	185471.970126798106	55
1	7578	186002.166028971666	56
1	7581	186031.866736464536	57
1	7583	186168.551673160168	56
1	7589	186274.765990114908	57
1	7591	186301.987225232107	56
1	7605	186686.966184908906	55
1	7628	187154.226289756619	56
1	7636	187395.745409379947	55
1	7643	187445.831643186533	56
1	7649	187573.995998791239	57
1	7657	187597.667461627437	58
1	7665	187850.790577464096	59
1	7667	187875.223077913207	58
1	7673	188056.872987827792	59
1	7678	188149.928768789778	58
1	7688	188234.757647782855	59
1	7691	188254.094971075677	60
1	7697	188366.018069017412	61
1	7700	188501.919009565196	62
1	7709	189057.408064414981	61
1	7715	189111.386269734515	62
1	7717	189246.886393372352	61
1	7726	189394.696331187544	60
1	7736	189835.811693001107	61
1	7742	190015.640102113048	60
1	7754	190279.848527277891	61
1	7759	190459.782211843181	60
1	7771	190777.007881743295	59
1	7776	190915.151144517968	58
1	7782	191044.156516725696	59
1	7785	191108.808594776189	60
1	7800	191657.110548491291	61
1	7803	191661.252955712148	62
1	7805	192037.62311567126	61
1	7810	192106.452313919786	60
1	7815	192520.819829730699	59
1	7831	192914.818864460496	58
1	7846	193623.659486144084	57
1	7854	193734.693158418322	56
1	7867	193929.906265332512	57
1	7870	193944.313842535198	58
1	7872	194187.61961618012	57
1	7878	194254.292832664266	58
1	7881	194305.680231639006	59
1	7898	194620.383938830728	58
1	7903	194682.221369982931	57
1	7909	194686.011171459768	58
1	7911	194996.461118194668	57
1	7927	195500.348683937655	58
1	7934	195546.061529873018	59
1	7940	195947.053433281604	58
1	7946	196037.503148936658	59
1	7951	196075.622281013439	58
1	7956	196424.337786971985	57
1	7979	197026.636663056372	56
1	7988	197213.955778246127	57
1	7990	197247.842282522852	56
1	7995	197369.577922278318	55
1	8001	197442.809477213607	56
1	8017	197951.072023348345	55
1	8023	197989.086432845897	56
1	8026	197999.973485574878	57
1	8033	198516.155797111262	58
1	8039	198692.463806427318	57
1	8044	198840.910318731724	56
1	8055	198898.674517525742	55
1	8061	199096.422789664092	56
1	8084	199529.634944796944	55
1	8089	199592.586638206078	54
1	8095	199614.57154628347	55
1	8098	199858.099640527037	56
1	8104	200268.07437878375	57
1	8114	200360.547858688283	56
1	8129	200745.994636039643	55
1	8135	200773.642419341516	56
1	8141	200869.479053639752	57
1	8143	200887.401744658509	56
1	8155	201065.268640941204	57
1	8162	201147.304353503626	58
1	8164	201326.980266633678	57
1	8178	201776.690494834465	58
1	8180	201955.956090954526	57
1	8186	202095.346838638575	58
1	8188	202100.911260191733	57
1	8194	202196.605729050128	58
1	8197	202251.515608964683	59
1	8206	202610.945783031408	58
1	8218	203224.256915613471	57
1	8224	203279.971143631815	58
1	8230	203478.195507011611	57
1	8239	203709.629967585588	56
1	8245	203739.313591562619	57
1	8247	204157.696006237923	56
1	8252	204170.346768393416	55
1	8273	204595.636924179863	56
1	8279	204986.148926355327	55
1	8287	205224.284937163277	54
1	8292	205362.921957473505	53
1	8312	205904.501717120803	54
1	8318	206082.452500220771	53
1	8334	206380.35340219178	54
1	8336	206455.915001663773	53
1	8348	206666.044769653022	54
1	8354	206880.37959554908	53
1	8363	207055.811003677576	54
1	8366	207160.119100379351	55
1	8372	207284.050155490178	56
1	8374	207348.327252744149	55
1	8395	207896.760239784799	56
1	8401	207986.183479428511	57
1	8405	207991.649706065902	58
1	8408	207992.277739345092	59
1	8410	208104.237212059482	58
1	8415	208240.581711109031	57
1	8424	208292.02787944154	56
1	8433	208467.530643429204	57
1	8443	208716.656784355103	56
1	8453	208811.351809713365	57
1	8456	208971.408298015814	58
1	8459	209029.927658659599	59
1	8465	209608.708255067715	60
1	8467	209622.584537463646	59
1	8476	209844.001556779652	58
1	8481	209877.854229125429	57
1	8498	210411.531580901157	56
1	8506	210710.504610247214	55
1	8515	210788.615870937168	54
1	8521	210892.632038691695	55
1	8541	211732.06605731362	56
1	8543	211793.252769657805	55
1	8548	211836.699360227596	54
1	8553	211997.631532249276	53
1	8574	212459.828019735283	54
1	8580	212509.085811790078	55
1	8586	212699.769093423133	56
1	8589	212718.461325548233	57
1	8591	212759.449192798149	56
1	8596	212780.770130778898	55
1	8612	213185.097553704318	56
1	8619	213268.153650625483	57
1	8621	213312.236878280922	56
1	8637	213954.310247911655	57
1	8639	214117.748166664739	56
1	8644	214118.281565099417	55
1	8649	214233.714020746213	54
1	8655	214413.454235216858	55
1	8665	214907.570890552931	56
1	8675	215269.473339789941	55
1	8680	215272.655183207628	54
1	8692	215377.095507092847	55
1	8698	215463.726325684185	56
1	8700	215522.559371383165	55
1	8716	215870.965185817381	56
1	8719	215928.212971842841	57
1	8725	216129.471240686637	56
1	8731	216216.837232390169	57
1	8734	216251.861077118059	58
1	8754	216489.877479362537	57
1	8765	216605.455401144385	56
1	8772	216639.526690221495	57
1	8786	217113.905780999466	58
1	8788	217137.468781005976	57
1	8803	217613.120914145608	56
1	8810	217723.230691100011	57
1	8812	217813.179202233836	56
1	8819	217852.822194665224	57
1	8823	217953.295645765132	58
1	8827	217962.804872491302	59
1	8830	218006.674337642739	60
1	8832	218007.921642158565	59
1	8838	218249.664011418373	60
1	8841	218338.688075444206	61
1	8843	218367.70734130149	60
1	8855	218476.250876072258	59
1	8861	218514.005252695746	60
1	8872	218827.941865944209	61
1	8878	219005.598747106654	60
1	8894	219455.840917149394	61
1	8906	219765.85415926506	60
1	8912	219792.929341939423	61
1	8914	219968.55310643597	60
1	8920	220165.738541234981	61
1	8933	220293.653883999599	60
1	8939	220334.568303884006	61
1	8942	220494.770140571577	62
1	8944	220600.772722210199	61
1	8949	220709.548941848103	60
1	8969	221623.861887706829	59
1	8977	221758.015203519959	58
1	8983	221805.050206928767	59
1	8992	222070.850345199392	58
1	9011	222540.762645617139	59
1	9014	222554.506332015778	60
1	9027	223000.534357402187	61
1	9029	223158.400693710197	60
1	9034	223223.972362773878	59
1	9044	223471.788075688065	60
1	9050	223661.239146184407	61
1	9052	223665.819217195199	60
1	9058	223690.04539550842	61
1	9067	223900.157297203029	62
1	9073	223948.492344950561	61
1	9082	223995.134810461117	60
1	9088	224199.089869738551	61
1	9094	224250.257643099588	62
1	9101	224439.594955447714	63
1	9106	224622.450025468529	62
1	9112	224648.408209490505	63
1	9114	224898.912237907995	62
1	9124	225167.32658016344	63
1	9133	225291.470598334412	64
1	9135	225440.870997752459	63
1	9149	225585.449304631856	64
1	9151	225654.94237019719	63
1	9157	225656.110927225107	64
1	9166	225897.989735582147	63
1	9171	226093.775990414829	62
1	9177	226134.799858484311	63
1	9190	226543.320013777074	64
1	9199	226672.019856057365	63
1	9212	227072.585726445927	62
1	9224	227371.935060850586	63
1	9227	227554.220799249042	64
1	9232	227717.676922339411	63
1	9243	227752.061236827089	62
1	9258	228117.552816242308	63
1	9262	228132.891383398892	64
1	9265	228153.185342306995	65
1	9267	228223.585721922342	64
1	9289	228621.124018838914	65
1	9297	228830.381443948616	66
1	9300	228997.383397863587	67
1	9303	229102.933247726978	68
1	9305	229117.112568808185	67
1	9310	229172.766138529791	66
1	9316	229293.322339915802	67
1	9319	229546.263938023062	68
1	9321	229680.085902462949	67
1	9327	229738.063550301225	68
1	9337	230142.892586738257	67
1	9346	230337.64549323863	66
1	9351	230354.820738748883	65
1	9371	231201.8691880679	64
1	9380	231730.48045923972	63
1	9386	231839.323474198222	64
1	9388	231945.87187651289	63
1	9396	232171.285761581199	62
1	9412	232513.600792622025	63
1	9420	232788.010011874526	62
1	9438	233134.676259099902	61
1	9449	233276.768143251148	62
1	9451	233331.310627467235	61
1	9458	233467.980930954605	60
1	9469	233743.941268822827	61
1	9475	233790.766264795867	62
1	9489	234098.160195163992	63
1	9493	234175.635972848923	64
1	9495	234210.328026755949	63
1	9502	234213.748854177884	64
1	9512	234328.71686883967	65
1	9514	234444.325530524762	64
1	9519	234488.574706009045	63
1	9529	234539.207649170139	64
1	9532	234682.300484701601	65
1	9543	234997.966002083213	66
1	9545	235088.576868807202	65
1	9551	235173.239065821163	66
1	9553	235424.700193498671	65
1	9566	235901.547387100268	66
1	9571	236104.578265124397	65
1	9586	236410.244742815619	64
1	9592	236593.170256273146	65
1	9594	236600.98791635634	64
1	9607	237227.422759289398	65
1	9613	237356.502697474559	64
1	9619	237437.24644681269	65
1	9621	237464.723755061092	64
1	9638	237797.843852547191	65
1	9640	237883.026507730052	64
1	9653	238225.471593508792	65
1	9655	238466.604054621818	64
1	9670	238910.976763216083	63
1	9680	239155.705932343045	64
1	9682	239346.019448517278	63
1	9691	239474.847409477765	64
1	9698	239739.781856426094	65
1	9708	239866.682225676223	66
1	9713	239943.648942928227	65
1	9721	240254.10199342971	64
1	9727	240283.298972789953	65
1	9730	240570.531326410704	66
1	9733	240684.225384641616	67
1	9735	240736.342592612297	66
1	9757	241324.986292326127	65
1	9762	241398.50637658538	64
1	9768	241455.341494967859	65
1	9771	241523.286679133303	66
1	9773	241571.398143810617	65
1	9779	241599.811660519578	66
1	9806	242188.885528640444	67
1	9809	242238.334698121311	68
1	9816	242366.974538064316	69
1	9824	242789.747197774474	68
1	9832	242876.030882900047	67
1	9837	242897.085119374485	66
1	9847	243276.083440376632	67
1	9856	243434.723641013626	68
1	9859	243470.319807068417	69
1	9870	243698.478445446018	70
1	9872	243736.279862313929	69
1	9877	243850.672386034627	68
1	9889	244045.156433701122	69
1	9895	244396.558856785028	70
1	9898	244478.023239482705	71
1	9901	244529.918334217503	72
1	9903	244545.871412447111	71
1	9916	244668.618342834923	70
1	9925	244935.793360376034	69
1	9938	245429.947370327463	70
1	9940	245444.927985882775	69
1	9946	245508.158161773333	70
1	9965	245867.780904860471	69
1	9970	245958.978743576843	68
1	9976	246209.348793582135	69
1	9986	246586.44123744725	68
1	9992	246693.655288928607	69
1	9995	246762.546043336005	70
1	9997	246905.873209201188	69
1	10002	246978.528383231957	68
1	10015	247396.093702540906	69
1	10020	247491.112260162297	68
1	10026	247495.478183033447	69
1	10037	248000.044133485008	70
1	10046	248437.71501764694	69
1	10051	248518.92569858155	68
1	10059	248632.976654495348	67
1	10083	249192.623567546226	68
1	10088	249534.647068360125	67
1	10093	249539.956266931657	66
1	10105	249930.990269925468	67
1	10108	250051.062507874685	68
1	10110	250083.510077195631	67
1	10116	250100.313058226009	68
1	10132	250480.201358409066	67
1	10149	250917.796859403736	68
1	10151	250953.805847891842	67
1	10157	250998.067129667184	68
1	10159	251123.068383764865	67
1	10165	251165.551644901467	68
1	10172	251379.525851444006	69
1	10175	251398.815353918843	70
1	10182	251762.830320110208	71
1	10187	252016.734185293706	70
1	10195	252153.876831005726	69
1	10201	252181.665271473786	70
1	10206	252370.989106807162	69
1	10228	252758.424371797981	68
1	10241	253020.211260534069	69
1	10244	253073.6393883924	70
1	10247	253132.268244615061	71
1	10253	253499.538157946608	72
1	10262	253722.887734665771	71
1	10270	253785.565586695837	70
1	10275	253822.829535766903	69
1	10281	253833.070920532674	70
1	10284	253968.248084658891	71
1	10308	254557.797816745497	72
1	10316	254619.883841356364	73
1	10318	254755.963374460506	72
1	10325	254904.008325230397	73
1	10328	255003.935589684275	74
1	10331	255077.003578087748	75
1	10333	255239.012853666607	74
1	10338	255363.007208674451	73
1	10344	255452.417286009185	74
1	10351	255563.728039353646	75
1	10368	256121.90954924009	76
1	10370	256148.08049973776	75
1	10378	256189.43814490496	74
1	10386	256413.753835903871	73
1	10399	256664.067554444019	74
1	10412	256827.890364919756	75
1	10414	256929.799898813715	74
1	10423	257001.246632226763	75
1	10433	257343.930801409695	74
1	10442	257614.251875123869	75
1	10448	257679.205284156085	76
1	10452	257689.955172390697	77
1	10456	257751.495292094503	78
1	10459	257766.573723141129	79
1	10469	257910.386723727378	78
1	10475	257950.958730430362	79
1	10477	258239.09018179146	78
1	10483	258611.265816717337	79
1	10489	258627.256837771673	78
1	10495	258650.335946306766	79
1	10498	258696.141668205116	80
1	10504	259049.291870554214	79
1	10509	259175.147067187744	78
1	10522	259673.042235388819	77
1	10531	259789.911267503401	76
1	10540	260593.96558704825	75
1	10549	260731.938479966883	74
1	10562	261342.648922677388	73
1	10567	261762.743266402203	72
1	10582	262101.983726059323	71
1	10587	262102.728512599532	70
1	10605	262448.791451213656	71
1	10607	262615.861949548516	70
1	10613	262675.672456427741	71
1	10618	262805.020467273196	70
1	10623	262872.298295419131	69
1	10635	263318.756460800301	70
1	10649	263472.688354989905	69
1	10669	264021.302299040606	68
1	10676	264066.494814615315	69
1	10682	264290.218739666692	70
1	10688	264370.158779430602	69
1	10695	264448.88121784683	70
1	10699	264517.269819524922	71
1	10710	264778.582764851855	72
1	10712	264783.507763778096	71
1	10718	264895.156671786864	72
1	10720	264929.329734472949	71
1	10725	265030.489997403164	70
1	10738	265374.072975936896	71
1	10741	265406.880486317626	72
1	10747	265616.697172603806	71
1	10752	265662.508379859318	70
1	10761	265897.9062318247	69
1	10774	265965.676216852703	70
1	10786	266420.903282088464	69
1	10796	266735.253909692353	70
1	10798	266749.878413617079	69
1	10814	267210.972588482956	70
1	10816	267278.780356813614	69
1	10822	267302.646913953705	70
1	10828	267484.133660950691	71
1	10831	267545.465774584333	72
1	10841	267880.518560521697	71
1	10846	267903.651798475002	70
1	10851	267963.44405458053	69
1	10863	268235.385485319324	70
1	10866	268361.44415414126	71
1	10877	268670.707389109996	72
1	10883	268735.415461664488	71
1	10888	268906.595052015429	70
1	10893	269165.497954820519	69
1	10899	269200.750133796815	70
1	10916	269711.619376546874	71
1	10919	269944.323984432916	72
1	10925	270081.513540195694	71
1	10930	270091.887837849026	70
1	10941	270444.61547800084	69
1	10950	270772.858286612108	70
1	10964	271368.115123945525	69
1	10973	271401.112251575559	70
1	10978	271602.729425589016	69
1	10987	271749.438968715658	68
1	10993	271812.714573182685	69
1	10996	271939.259960812411	70
1	11013	272647.345787505119	71
1	11018	272818.826070900312	70
1	11023	272841.132725580058	69
1	11031	273262.88081787101	68
1	11041	273502.648803329812	69
1	11052	273599.494539719922	70
1	11058	273915.44928640856	71
1	11061	273930.399770451846	72
1	11063	274012.378249294525	71
1	11074	274360.52644083952	70
1	11082	274384.891611058659	69
1	11095	274596.272788773501	70
1	11108	274901.417249471247	71
1	11114	275048.517931838289	72
1	11128	275252.251251011913	73
1	11132	275283.735245705161	74
1	11138	275392.756874256134	75
1	11142	275515.983922924316	74
1	11149	275568.810361427024	75
1	11151	275592.973565885103	74
1	11158	275630.74407787672	75
1	11160	275671.645448683224	74
1	11166	275703.573009412663	75
1	11185	276471.644483996025	74
1	11190	276490.947426800079	73
1	11197	276507.831236652856	74
1	11200	276597.612075458249	75
1	11203	276696.5474324455	76
1	11206	276723.826419592202	77
1	11209	276835.678303343013	78
1	11217	276952.596656472659	77
2	0	0	0
3	66	2662.610961201768	2456.109899953
3	83	3181.773186802578	2396.4439063612
3	94	3313.645413202376	2995.5844954401
3	122	3877.829610242676	3871.477399553
3	140	4128.939045466277	2153.5080923606
3	144	4163.745277897598	3419.6455568182
3	188	5136.307049139358	2617.7706441656
3	222	5873.298655885227	3409.8535265507
3	247	6531.45736266035	4110.9008252916
3	251	6575.047199338469	3303.049556113
3	284	7573.714617261457	4843.2413759856
3	301	8138.328116319097	3588.0866098771
3	305	8165.367398300351	3033.2628866408
3	312	8408.88133984411	4388.523229713
3	332	9163.528076491273	4759.9848206822
3	336	9203.415860329898	4480.74892554
3	380	10689.702927853124	5166.8560503219
3	384	10760.431483608625	4363.0598202476
3	441	12575.966728789526	2900.2048320129
3	461	12982.025139021641	2897.6280630688
3	482	13586.818495794344	3737.3407190864
3	489	13706.875662881675	3677.8923273198
3	530	14780.336874119151	3840.8046368208
3	551	15364.622235925662	3607.6198367018
3	570	15894.537583546507	2458.5228823596
3	574	16087.318948783867	2363.5530635489
3	578	16097.929102947148	3373.8561588181
3	607	16743.770843167933	2902.5599381352
3	662	18318.346516140515	2470.3311790153
3	671	18496.118448367713	3162.579024341
3	692	19027.382951441439	2498.3073408902
3	702	19292.127592577982	3408.21261934
3	733	19882.027823838624	3269.4727981192
3	742	19961.04208033569	2602.8930427575
3	770	20570.468005878303	4377.9055667812
3	777	20640.130885510924	3239.8288744159
3	806	21160.579617466229	3650.1585018799
3	829	21674.984246082974	3033.5923111603
3	833	21850.763934717733	3912.0177726194
3	853	22483.727349671918	3192.9014412142
3	863	22571.016079603914	3328.8435098438
3	887	22920.82790358496	3281.4198085997
3	907	23607.332193103838	4224.4033288341
3	943	24268.363270583001	3802.0871419714
3	947	24444.983791482854	4972.7027652667
3	954	24783.613439253914	5431.7825022149
3	988	25213.376243214343	3955.494711893
3	1013	25666.655823272092	4326.0342141055
3	1054	26722.845456169207	5137.6605247257
3	1067	26920.745561044114	4496.7788601106
3	1103	27968.09002441858	4021.0721314855
3	1115	28093.21502412412	5098.809311463
3	1128	28555.721488939969	5271.1170170333
3	1147	28946.330308285925	4907.3222785939
3	1164	29594.961656686289	4696.3237505215
3	1172	29652.790788539905	6271.1808140487
3	1213	30653.823868713562	4543.1668628388
3	1217	30687.521752650289	5634.163736517
3	1221	30738.032364682678	5529.3747285196
3	1262	31610.950883068515	5201.8984929723
3	1266	31743.767711517621	6125.8018123471
3	1288	32177.757183812011	6630.3760150873
3	1292	32220.656919489054	6053.6439774198
3	1343	33292.120287781952	6265.9838761506
3	1347	33428.799222498585	6595.3044405351
3	1387	34521.047510072042	5261.2613049891
3	1391	34664.596959396486	5706.8248423517
3	1423	35202.39821820557	5694.6858928608
3	1433	35455.710335548257	5063.8735754004
3	1461	36142.591613936622	7151.7214394999
3	1482	37015.855936023628	5684.3721852309
3	1516	37987.566181968188	5738.0768737779
3	1520	38127.128271581977	6884.2215087818
3	1561	39100.648667300492	7128.8955637921
3	1571	39285.095892339397	7705.0503872415
3	1598	40239.040758381982	6092.5819014073
3	1633	40747.023304859548	8917.7265101394
3	1637	40752.726945539228	6414.2512988095
3	1658	41284.455672577396	5741.3807695278
3	1681	41689.00342124087	8071.8635610976
3	1697	41950.163482974507	6731.7880106355
3	1741	43123.649010292478	6336.9086911182
3	1771	43513.398303501681	6170.1337837752
3	1793	43851.782360631425	5670.5149266885
3	1838	44531.971159137077	7131.7109828128
3	1842	44844.569896385446	5564.5013299698
3	1859	45296.902808879725	5558.4052780168
3	1876	45879.895283263549	6393.7779770826
3	1883	45965.884556319016	7098.2498564973
3	1907	46929.309183142371	6615.9986065292
3	1934	47530.527597135305	7205.183837995
3	1944	47616.607566082142	6025.17911001
3	1982	48466.740281288896	7765.886804554
3	2011	49320.630392274261	8544.965051324
3	2015	49421.172430903874	7558.7847787033
3	2019	49618.824767223944	6614.6578197553
3	2053	50660.251445658877	8831.5021055259
3	2060	50716.34732893411	8062.9499259548
3	2064	50756.886929967826	7894.0463014421
3	2076	51136.172507591918	8695.2425158018
3	2099	51940.972250006546	8481.874338876
3	2103	51954.52333685685	8108.5287158306
3	2134	52706.16607964543	9150.1055920461
3	2138	52738.58570436053	9449.2038569549
3	2151	53230.209260012246	9151.5266551681
3	2194	54236.961803731732	7861.021526905
3	2209	54389.313029451669	10562.2138383
3	2223	54830.802284653522	7247.373332874
3	2251	55501.104557263107	8781.7005535602
3	2264	55808.831352680374	8755.3652664877
3	2271	55992.456689427831	8660.5929792923
3	2309	56840.302225212008	8465.585582873
3	2333	57505.754921545499	9925.331631859
3	2375	58337.824594737414	8645.6878519132
3	2390	58511.586864411124	9426.3700454948
3	2405	58938.280368852813	7482.9608281764
3	2417	59135.861837852039	8283.9394287548
3	2440	59676.439568112046	9436.5175390677
3	2447	59897.547110491816	8382.5420915549
3	2457	60034.899327622019	7426.4208074633
3	2489	61072.160729111396	8441.7121329443
3	2522	61876.623677364935	9126.4362096159
3	2543	62413.873281578757	8522.1322619735
3	2563	62827.667660345708	9101.9721133146
3	2573	63347.215058040247	8989.4864602792
3	2585	63610.01514970829	9588.7548638901
3	2608	64531.763591445435	8798.9708946694
3	2623	64714.059798000754	9989.2118582404
3	2627	64854.756508567754	9164.543103806
3	2640	65070.669583638423	9102.2945066807
3	2659	65529.31388601698	9483.1317953433
3	2666	65736.757483656743	9373.7709398129
3	2684	66226.815994182054	9339.3158081088
3	2707	66883.891000487283	8690.6337096429
3	2711	66888.371422288233	8551.771933529
3	2715	66894.182742708746	8858.017178923
3	2733	67305.572008383843	8822.8710247588
3	2750	67971.976776020975	10215.145085044
3	2757	68206.829894406014	10266.635495698
3	2824	69361.683197298312	9456.4498977139
3	2831	69540.895706806705	8448.8601154597
3	2849	69860.39881608953	10068.207217062
3	2875	70480.226074696743	9268.6143195812
3	2882	70642.268753392074	9600.505121286
3	2944	72516.933512413326	7895.4180732956
3	2956	72739.379633504191	8184.2479011613
3	2990	73551.188340573955	8650.3830164575
3	3016	74060.24506349791	8179.0839973807
3	3043	74637.822280272135	8301.9132944209
3	3063	75052.585679041595	7799.998652034
3	3067	75060.633312059019	9293.6905882991
3	3071	75338.173742179983	7214.3705330005
3	3087	75726.017504786526	7228.7887609947
3	3104	76155.546483963021	7545.2399369541
3	3119	76548.650750928	7842.1640794396
3	3134	76704.297155267943	8373.1998457058
3	3155	77190.720216380806	7192.7018313651
3	3159	77373.61158088524	8460.7231206121
3	3182	77830.597184398596	8457.0992213372
3	3230	78960.017924641484	9981.3697239514
3	3237	79149.749999232964	7244.0960319134
3	3258	79512.201766320889	9146.2761980723
3	3296	80225.217853952574	7983.7110591159
3	3317	80744.363823174884	9083.8252009588
3	3351	81256.218664083084	7675.6288624274
3	3404	82186.068691802597	8127.6539314073
3	3426	83006.094176897073	8008.9119494517
3	3456	83828.146703318137	8315.9398236809
3	3464	84002.762702272499	8280.6694457719
3	3468	84088.174472018531	8695.1157899372
3	3523	85294.499597509617	8601.2293967701
3	3533	85376.646451317149	8534.5357500709
3	3545	85569.725120687312	8685.8469330507
3	3563	86017.938450115958	9379.9529029804
3	3590	86722.768421729321	8884.6814941456
3	3610	87152.096199752218	9746.885455644
3	3623	87731.052821536775	9466.7381474219
3	3632	87950.319381989914	9874.9774056952
3	3649	88361.674426701295	9188.0888710526
3	3653	88408.311813441492	10111.566843487
3	3657	88467.936744966771	10026.448619954
3	3703	89669.952933264191	10524.338424988
3	3730	90171.714483253113	10910.225766558
3	3754	90602.917771996385	10905.237614332
3	3761	90950.309158821817	11125.521375011
3	3776	91207.108557420227	10812.330852052
3	3789	91442.771724653817	10342.353902635
3	3801	91768.331334737356	10805.132848271
3	3827	92161.819543745744	10505.43753796
3	3837	92428.145932560242	11160.396071509
3	3851	92843.466783361885	10893.474543231
3	3888	93544.220326985619	11223.351560695
3	3933	94573.534905724603	11605.051187764
3	3947	94848.023372241683	12236.192052249
3	3957	95048.638925009634	11334.407400905
3	4010	97004.009446070756	12125.083394931
3	4024	97103.51291579232	12175.592079077
3	4034	97432.906596414201	12561.13404126
3	4041	97506.733483150978	12588.517937568
3	4069	98084.332169180031	12742.158605545
3	4082	98412.502114745233	12619.860154599
3	4086	98617.674765210055	13041.08585144
3	4123	99669.38578532752	13462.902355506
3	4135	99693.114480958708	12304.531040988
3	4158	100392.575729272556	12949.700301467
3	4195	101026.143681393393	11874.527829218
3	4275	102698.396976932179	13641.240592913
3	4309	103781.373385691311	14236.446530275
3	4313	103860.765002374925	14311.899245914
3	4328	104333.083167039234	14274.69699496
3	4347	104710.406131963633	13430.291013414
3	4385	105460.719403885681	14143.59799304
3	4420	106151.305786832623	14116.512311033
3	4430	106364.99727350403	14229.971137607
3	4437	106496.674487693612	14059.457927824
3	4457	106787.729383358188	14771.131095409
3	4487	107697.363633215804	14121.878942817
3	4497	108063.447085420828	15709.964356801
3	4514	108641.767880032215	14994.230733194
3	4526	109030.485587879472	16280.830004469
3	4538	109432.670034586679	16157.9588062
3	4550	109853.509710193999	15657.197795301
3	4565	110322.987515172366	16206.46393176
3	4597	111135.128188689466	16128.463519088
3	4604	111355.878713634242	15492.132357434
3	4616	111562.461036905102	15320.950051595
3	4634	112130.839925585691	14214.44107791
3	4651	112507.205605418809	15217.967998324
3	4655	112762.862732389238	15995.553072946
3	4662	113056.677577104796	14834.132533326
3	4681	113392.672392875333	14597.789418801
3	4685	113643.893101928212	16149.884327471
3	4714	114220.032843330171	16145.091132664
3	4723	114605.134012350269	14834.495378971
3	4732	114851.136892876033	16615.446137212
3	4751	115568.632306591995	15536.944055474
3	4765	116136.07638973486	16076.612713065
3	4769	116201.131233889987	15349.813806436
3	4784	116637.713330719077	16446.407701237
3	4788	117013.349452193122	15918.742475641
3	4820	117985.137206350679	16461.434628994
3	4827	118022.774838279389	17394.010512391
3	4853	119085.074057967629	18053.036711107
3	4865	119291.889991676811	18164.615428433
3	4894	120059.410961009939	17813.462251105
3	4898	120209.01213405227	15906.788362284
3	4930	120901.953436350827	17341.714970389
3	4955	121479.445490406122	17269.837259338
3	4977	122134.710403141011	16832.616545313
3	4997	122582.01917215755	17019.989261398
3	5009	123178.76613192298	18337.209185454
3	5016	123226.179104584496	18294.343504655
3	5041	123655.381278139928	18913.058431923
3	5066	124086.372188857984	18180.153737795
3	5143	125973.243593057074	19361.150967451
3	5147	125980.973095025163	19037.291652827
3	5154	126433.337260978675	18932.735444013
3	5195	127156.924647742179	19125.944284473
3	5202	127583.091487395965	17665.66667213
3	5239	128402.543925615406	18675.416878144
3	5249	128923.36770976637	17602.107761715
3	5253	128937.773660472983	17502.337279108
3	5291	129574.706618879369	18656.342788024
3	5317	130106.870162484464	18117.574565184
3	5331	130326.214658939668	16511.1390367
3	5347	130632.1703718577	16502.060296704
3	5351	130673.492530752352	17007.868657249
3	5355	130789.860359807887	15344.643615099
3	5389	131745.868091301289	14198.755916224
3	5416	132383.28569955697	14553.797768035
3	5420	132552.62283977159	14542.077863129
3	5439	133116.193729953138	14484.02992224
3	5470	134006.268822639638	13790.867815401
3	5481	134273.207646208263	14311.128758963
3	5510	135038.921481105888	15099.075853007
3	5517	135263.022280307866	14778.114879743
3	5554	136012.01521213671	12813.057647206
3	5570	136277.064414999677	14837.202979387
3	5590	136701.111147180579	14798.279862132
3	5597	136976.6555699384	13895.550148742
3	5606	137116.965103485069	13308.445125921
3	5633	137674.922428873597	14280.309103763
3	5672	138348.630785574594	14905.512553221
3	5689	138720.244542357741	15250.966154742
3	5711	139194.977387134365	14692.824061198
3	5715	139233.834956190938	15221.817100674
3	5751	140229.122078779383	15597.515628173
3	5771	140563.397289240191	15826.146880031
3	5775	140674.299995685376	16323.243044146
3	5793	141439.909608221843	15008.333755404
3	5819	141888.21939444674	15324.349249167
3	5823	142061.55663492196	15421.101369496
3	5848	142872.365173070922	16070.828797633
3	5852	142946.364825773442	15024.076559545
3	5875	143225.625931127376	15941.240419727
3	5890	143645.073360211446	15253.933233033
3	5894	143905.5595681727	15312.115326089
3	5898	144249.536407697403	15815.98631473
3	5918	144682.097655094459	15495.00487005
3	5948	145232.113392092667	17051.884609015
3	5952	145586.512840164124	15628.440374066
3	5989	146636.865197616078	16599.477192831
3	5996	146686.395300650427	17193.11185032
3	6000	146772.235366923034	16443.395242153
3	6041	148037.551122457169	16600.973195416
3	6079	149349.281804371083	18046.791152212
3	6083	149505.84630641193	16834.752746553
3	6096	149817.896613504036	16782.811974045
3	6118	150522.005689141571	17120.697304759
3	6138	150867.193898642816	17946.490948483
3	6172	151697.371681683928	17002.645015531
3	6182	151791.016738620037	16999.200886975
3	6207	152350.021062302793	17158.260267021
3	6230	153184.775756923863	18573.722452292
3	6245	153319.868659495608	17814.493325745
3	6255	153708.517547822947	18008.296026611
3	6289	154402.766651611075	18389.055920673
3	6293	154553.964172564828	18493.228853532
3	6308	154901.171204843949	18030.745731645
3	6334	155495.111767265246	19193.136552357
3	6338	155812.648498723665	18554.648836392
3	6351	156242.591212545912	18460.251753443
3	6373	156890.395741758169	18556.527800584
3	6377	157026.698615495497	19121.026543666
3	6400	157409.499342930894	20107.005854369
3	6421	157857.565549156078	19239.129822034
3	6432	157960.660281476797	20300.661027248
3	6446	158253.291816353258	19820.997128741
3	6450	158313.296696460255	18576.415431105
3	6476	159066.646608780529	19169.002745335
3	6485	159319.241255323635	21059.859234685
3	6508	159794.698969601103	20015.869743976
3	6515	159866.820642049815	19662.719256824
3	6532	160209.526457104134	20630.099127386
3	6559	160685.565117893043	19872.499085508
3	6566	160790.770581099596	19102.986123616
3	6590	161691.322656465154	20118.682838193
3	6594	161939.297251289012	19628.059526183
3	6614	162464.491631859373	18135.892189312
3	6621	162589.318044269839	19362.646459548
3	6647	163414.144304420101	20268.398322569
3	6667	163586.118720719051	18490.300269621
3	6689	164260.337813189635	19474.242946529
3	6746	165599.383996092164	18922.990672695
3	6758	165676.734350740212	19103.433520408
3	6776	166119.844370582533	19778.730539345
3	6796	166636.135952547574	19575.465895926
3	6804	166756.041911632987	18941.391123945
3	6859	167969.600671283361	19409.387126304
3	6866	168313.922119504222	18779.295474231
3	6878	168610.877216742765	19342.887104451
3	6929	170186.873536060798	19810.511955523
3	6955	170769.301227364149	18902.134230882
3	6962	171008.042391734579	19298.171403502
3	6975	171419.384430374253	19675.265480903
3	6995	171715.120495339315	19393.417480182
3	7041	173040.283306939908	18815.355942431
3	7045	173084.740430633928	20127.295793037
3	7049	173136.116451767508	20725.813511191
3	7069	173656.930983607106	19918.363666849
3	7102	174384.888444009471	20317.027366137
3	7106	174402.805664395373	19296.740765334
3	7113	174543.911858862647	19402.122433652
3	7148	175509.357259404295	19558.023739382
3	7152	175682.187221129816	18409.000369142
3	7195	176843.060893991265	19709.931716276
3	7213	177428.637770223822	19941.32185516
3	7258	178495.40157862977	18810.665941511
3	7318	179650.63466471658	20667.879713466
3	7328	179904.354793492007	19969.227351439
3	7332	179943.850103910472	21024.806602351
3	7375	180844.396485432285	20744.699295663
3	7386	181077.201598426708	21258.422897102
3	7420	181994.429320367435	19663.233074671
3	7433	182593.571758649546	20275.02402688
3	7442	182745.157273211908	19537.119529707
3	7456	182905.131448391285	19262.090164516
3	7466	183264.467728054532	20679.354471563
3	7473	183331.085617558333	20450.908227593
3	7513	184101.295484514367	20564.34349196
3	7517	184260.57249054988	20092.736747305
3	7527	184604.051189609253	20236.696278248
3	7561	185253.14369147217	21308.23743487
3	7565	185282.438357041451	20152.308268343
3	7569	185413.533778135115	21020.682834127
3	7653	187579.145175116519	21810.396053443
3	7661	187702.989983286011	21439.012064616
3	7685	188177.67755140124	22276.368356881
3	7704	188613.880021712194	21808.1734344
3	7724	189303.462067653659	22973.041877074
3	7733	189718.487082529274	23351.360010794
3	7740	189963.003819603856	22189.678414586
3	7769	190555.861853463958	21836.669125529
3	7793	191222.431096458269	23399.705820279
3	7797	191235.060787191997	21128.167832264
3	7822	192526.162181382302	22210.80449104
3	7826	192737.114104894383	21663.604943112
3	7841	193373.485384760807	22909.853818517
3	7861	193763.435436389802	23429.869663494
3	7885	194368.683037590617	23505.460351179
3	7889	194463.191409758685	22853.200731789
3	7893	194554.291309590686	22809.608017542
3	7921	195024.120372347916	21250.926294903
3	7931	195541.665482425365	22836.554276926
3	7938	195608.15992703235	22391.501380761
3	7966	196531.807966788534	22577.243354154
3	7977	196911.734147421478	22180.320296272
3	8008	197622.870487380235	21475.353758991
3	8012	197716.615813334707	22575.466381707
3	8030	198067.144278157885	23136.173888698
3	8037	198529.098504600509	22379.614732179
3	8068	199213.923011186767	22121.020623047
3	8075	199458.983887802272	22358.471886606
3	8079	199492.064287672201	23061.194482885
3	8108	200277.654506545896	21728.435780268
3	8112	200309.613836878373	22139.661577178
3	8124	200654.75614794274	22936.547480127
3	8159	201145.91520891563	22590.219925774
3	8171	201601.216021604298	23607.946620843
3	8175	201649.79155135085	22910.754499439
3	8204	202412.492764299198	22957.113029208
3	8213	202745.824818127239	23197.120741078
3	8228	203430.32108930615	24356.723101281
3	8259	204217.689626738811	24153.639914202
3	8263	204238.842775698055	23519.084781458
3	8270	204535.322102266758	24412.523003507
3	8277	204939.135219536025	24411.663009191
3	8299	205388.169275503988	24794.980799233
3	8306	205793.900693231656	24623.485692633
3	8316	205984.976822088707	22849.652124097
3	8331	206359.687689692165	24030.283946956
3	8352	206840.942174694895	23522.621347528
3	8389	207827.619532325539	25260.469864594
3	8422	208254.05468954743	25308.901929512
3	8441	208709.059984336842	24711.432166967
3	8474	209639.041882264822	24636.672600222
3	8488	209965.750608174514	25431.245976476
3	8492	210283.282361540247	24855.321508691
3	8496	210342.74631456977	25244.385024734
3	8534	211643.950338333149	25303.673166685
3	8538	211727.668372239381	24628.986473583
3	8563	212097.138136411469	25396.313037739
3	8609	213180.214145733427	26019.016666187
3	8616	213206.401117804695	25125.273534528
3	8662	214899.441010966359	26619.009954009
3	8669	214998.835024989446	27754.901872078
3	8673	215126.121058734518	27929.383216082
3	8707	215554.225100558635	25517.470222412
3	8723	216072.978818142249	25998.097581356
3	8744	216315.351170168494	27381.316446414
3	8782	216898.125257953465	26506.882301745
3	8799	217446.997740865139	23929.380205132
3	8850	218450.766848705013	24720.16583442
3	8865	218701.872255639568	25821.421359018
3	8876	218983.899906358917	24422.346033677
3	8888	219408.585859160334	24216.509862368
3	8927	220282.969668866531	23746.810023373
3	8931	220285.103485143978	24218.971703889
3	8967	221404.72317583603	24882.06421249
3	8987	221914.746457646055	24181.356307903
3	9007	222538.537415030647	23639.936329829
3	9023	222744.035915346281	23876.52888218
3	9041	223445.646434898723	24306.425743364
3	9071	223926.704686927063	24427.759136304
3	9080	223949.518167456077	24029.037824665
3	9098	224349.416899566774	24962.680727526
3	9121	224939.287207825495	24135.267640777
3	9142	225455.894408352137	25000.702684641
3	9146	225519.414966504325	24818.100596289
3	9184	226393.380229743583	25463.637543555
3	9206	226905.937691009999	23793.345373071
3	9250	227834.722342146947	23487.564866375
3	9279	228569.781501104359	22682.242428217
3	9285	228620.282740756334	23038.771340904
3	9293	228689.279149407907	22047.106263789
3	9331	229754.091122174101	23474.383245415
3	9335	229756.294552991553	23407.993352885
3	9344	230333.345798484285	23769.97705047
3	9358	230704.575198588197	23350.745866334
3	9362	230714.351817183582	23494.197973311
3	9378	231537.412802637951	23191.609614303
3	9403	232215.617291611074	25178.413423532
3	9436	232997.395987571614	25389.800779471
3	9445	233258.470047638207	25342.098088247
3	9479	233967.046156495114	24592.368472574
3	9485	234036.771185598732	23583.036764476
3	9506	234250.442892723173	22889.189367447
3	9526	234495.985191266289	23448.295389969
3	9536	234852.184235370174	22767.591319962
3	9560	235503.194978197342	22877.057444923
3	9601	236662.924070419209	24189.881494204
3	9611	237273.650746696865	24402.099603782
3	9628	237496.200891985014	24070.728729925
3	9632	237693.205287854423	22806.094114157
3	9677	238971.901368401411	23646.617794668
3	9695	239623.197607184217	24297.87398643
3	9702	239767.484684081053	24318.657636354
3	9749	240865.704882784982	25296.477482461
3	9783	241669.952916801364	25354.786115704
3	9813	242323.102505193489	26030.803619342
3	9844	243045.333534308944	26250.544861328
3	9863	243559.623960405977	26138.24619724
3	9867	243685.896649291205	27145.937812416
3	9914	244663.391443628122	27226.865734156
3	9923	244866.908198474364	26392.562447038
3	9935	245313.661082662109	25820.325495804
3	9963	245863.218645928816	26433.250998934
3	9980	246304.40005330113	26089.661847966
3	9984	246577.228836869288	26826.22956001
3	10012	247311.135057681638	25196.621541766
3	10034	247843.780019171925	26661.222757087
3	10069	248830.170643902782	26164.427266633
3	10080	249024.463377415438	26558.641995791
3	10120	250113.490084612047	26562.619270881
3	10127	250333.252792242382	27642.013704329
3	10139	250528.721164716797	26680.030145643
3	10145	250903.240885609228	26281.58974528
3	10169	251256.401406412249	27032.329314353
3	10179	251519.714290965738	27720.920239093
3	10213	252493.953570165129	26813.308672939
3	10217	252511.886458802436	27314.035028574
3	10237	252970.945712353338	27758.95288069
3	10260	253694.534210693481	27482.387220125
3	10298	254329.789564712363	27164.650664425
3	10304	254378.168180647542	27166.361452064
3	10348	255500.902174907195	27775.380946129
3	10355	255579.51384059659	27827.534953465
3	10365	256043.187561172297	29508.086671292
3	10393	256526.090856406143	28446.624895957
3	10429	257189.886810677516	29485.658489847
3	10487	258616.290574033981	27861.33094315
3	10516	259509.469692102092	27369.50875654
3	10529	259705.522646156376	27308.430992647
3	10556	261093.956038481955	28517.107734245
3	10574	261958.888658738931	29157.224977501
3	10594	262163.978648474831	28791.307315383
3	10602	262430.356758716915	28748.558373533
3	10639	263325.065584574286	29316.6902267
3	10643	263439.248198750828	27200.242883826
3	10647	263460.744923620721	29180.478660996
3	10686	264293.527105516214	28590.905372772
3	10703	264602.3533172973	28679.479810697
3	10732	265050.607868747091	27343.785640537
3	10745	265444.420482949753	27337.974527898
3	10759	265740.232693488169	28776.376209796
3	10768	265905.323548154374	25912.967103314
3	10778	265973.933731436034	27076.521061292
3	10811	267189.830515754646	27398.036510952
3	10835	267546.811448573534	28131.019014458
3	10839	267733.831690866892	26612.424752108
3	10870	268402.038652431612	27444.320251505
3	10874	268476.813789583211	27680.839553916
3	10906	269467.066887156507	27392.853290367
3	10910	269506.033168454116	27830.445449368
3	10923	270076.468830292349	28241.025682381
3	10954	270911.724419864287	28248.454406732
3	10958	271004.773145369654	29069.367746839
3	10985	271627.154786314121	28259.614286228
3	11006	272233.729454004606	28339.386145713
3	11038	273463.720586492917	30612.226748516
3	11092	274433.145430642581	28898.018528242
3	11122	275143.554734613052	29597.470839949
3	11173	276107.823583456151	28663.980990091
3	11177	276273.740770627982	29162.417548666
3	11183	276396.650142143881	30650.316223087
4	176	4948.383800083565	2686.9033703785
4	226	5909.784994545536	2855.9186078266
4	268	7307.555801185734	3846.3203892699
4	280	7541.267437488915	3685.5675133001
4	365	10087.546692335772	4222.3539211817
4	399	11169.189553627538	3092.9033040682
4	422	11868.771379358279	4388.6712747124
4	434	12110.459451476997	3620.0770820595
4	512	14260.01064426913	3171.4128006747
4	539	15141.070785445116	2444.6560167549
4	615	17246.047563251994	3654.8565885309
4	763	20393.315465031562	3020.0037251971
4	883	22919.486392327023	3373.7967649366
4	995	25474.673411208588	4360.2051597381
4	1037	26554.998549395623	3752.1192392785
4	1086	27367.403759919478	4180.7894227337
4	1252	31283.630147525493	5928.9002323017
4	1317	32532.417058001493	5348.3214246632
4	1367	33999.813196507503	6019.7506432367
4	1403	34947.515319651364	6732.5299223898
4	1468	36416.302259476307	5776.6135631111
4	1472	36520.107835503666	7259.4983828072
4	1527	38199.531433596659	7196.0698891355
4	1581	39525.120056427306	7206.1718625389
4	1704	42240.23821556978	6917.6708465036
4	1759	43448.719943021808	7747.9869558609
4	1830	44365.459928829595	5850.4260357633
4	1834	44488.705051043454	5371.8777572764
4	1895	46500.186857597194	5823.014391009
4	1925	47354.589251135859	6291.1822587315
4	2219	54828.196063782473	9593.1551124344
4	2305	56625.111966510687	9005.2111638198
4	2329	57395.561862574342	9321.4248363325
4	2351	57765.03616104871	9160.4889661106
4	2477	60953.846880458668	9030.2519632142
4	2536	62066.666995026544	8835.3254309802
4	2604	64428.945172724538	10346.123808023
4	2799	69071.379539003048	10062.468179697
4	2803	69083.415908087418	9103.0390405971
4	2889	70906.938434252888	9976.2775994766
4	2917	71782.804558808357	9175.8179011797
4	2921	71844.145196431541	9309.8572358944
4	2969	72907.742654486001	9456.3223852865
4	3020	74068.365119826422	7564.1261817415
4	3209	78264.234379139171	8673.9364786577
4	3292	80167.514267700949	8646.6041571868
4	3367	81685.498540457713	8787.8405829501
4	3388	82104.505808788577	9242.9352234601
4	3395	82119.518565559214	8768.9401191932
4	3419	82778.067787029225	9182.8290023192
4	3567	86201.785754776004	9776.1307237624
4	3707	89684.553843122351	9532.0003228771
4	3881	93386.60144325089	12043.14206479
4	3940	94750.763057759407	11318.303986339
4	3969	95815.170281883705	11564.768120479
4	4000	96495.207707933538	12914.746752699
4	4145	99994.498806717251	12939.041164332
4	4209	101224.671861657168	11689.279129481
4	4223	101608.001533626024	12894.511117778
4	4267	102612.569774417583	12709.509377648
4	4271	102616.858310220219	12817.030816839
4	4343	104523.514411968406	13863.39085609
4	4575	110428.12798539681	15707.444194689
4	4736	114974.941051497351	15785.887052145
4	4813	117709.468599735205	16759.091582564
4	4890	119974.802418142014	17162.1787497
4	4916	120504.84669003379	18317.930272809
4	4945	121331.166908559778	16997.935570609
4	4959	121538.771471453127	17021.628989885
4	5081	124477.390302550425	17939.179505964
4	5099	124851.859462378004	19076.410077985
4	5128	125646.2057636682	19162.858972832
4	5188	126928.155437186738	17498.618398563
4	5398	132009.557854077226	15637.507081265
4	5474	134082.393074722258	13160.01052276
4	5662	138287.150209825866	14699.85845107
4	5930	144964.721146538311	15622.893229824
4	6029	147663.531309343332	17109.729034732
4	6051	148206.047837927236	16096.877826238
4	6125	150724.03456244191	18384.506379009
4	6192	152028.580711442436	17651.714694864
4	6583	161386.164212944367	21304.497295115
4	6698	164494.229607356015	18543.470854091
4	6739	165533.490793160554	19655.455915377
4	6838	167599.000536815497	19504.006879441
4	6906	169328.205573770451	18554.449996172
4	6913	169423.990394189414	18395.626988497
4	6917	169554.796369597697	18837.608765734
4	7005	171937.751232609533	19600.434600343
4	7081	173904.516329015996	20266.304359642
4	7133	175136.588658278111	18903.514479058
4	7217	177484.152806615837	20041.028463941
4	7232	177855.566095146742	19978.69020559
4	7262	178510.802254320356	20999.818204355
4	7289	179142.061786749792	19811.916263737
4	7371	180810.185258905795	19130.100631243
4	7615	186854.961368856413	21279.836192879
4	7622	187082.121883255663	21620.885567195
4	7789	191122.20904131164	23422.037273086
4	7973	196795.520406579981	22745.131448453
4	8237	203700.022746711432	23976.412857835
4	8437	208474.357422092392	24588.52857434
4	8450	208728.732938366394	25129.901945694
4	8513	210777.056692978751	24243.830584361
4	8567	212270.108812337045	25671.638032672
4	8571	212360.518282992228	25382.287966533
4	8631	213596.065348056539	26035.679916215
4	8763	216590.02488647626	26114.994088019
4	8776	216733.733066476186	23631.458473317
4	8869	218784.201447423932	24973.56632774
4	8901	219520.921218069655	24505.607759976
4	8956	220919.840621026618	23822.049436115
4	8960	220991.83931313029	23397.195955382
4	9164	225793.472297913791	24836.054282666
4	9197	226611.521683984671	24266.510307702
4	9210	226926.202753882159	21795.378142069
4	9369	230901.433158140095	23522.043855298
4	9430	232844.02512335894	25010.596087066
4	9540	234901.168183233054	23303.730811804
4	9584	236316.56850075388	23390.498647136
4	9647	238023.429421610596	24129.753956504
4	9665	238732.718895255044	23115.76043793
4	9742	240771.853148038896	24399.330638107
4	9790	241744.923707908408	25397.150903089
4	9800	242004.768168811922	25608.878566514
4	9910	244610.206304504934	27096.350144411
4	9956	245621.375129797731	26342.833303776
4	10030	247826.996292553146	26070.762366288
4	10041	248000.756037994686	26013.307693531
4	10073	248862.17425065154	26648.640068263
4	10294	254291.166399917964	27701.116831757
4	10403	256694.322298416335	28377.002122827
4	10463	257820.893030732175	29223.096689565
4	10467	257852.155202511165	29302.33702162
4	10502	258718.786574379	30763.298059361
4	10520	259562.762684268345	27321.827358871
4	10538	260005.633756569985	27150.332421024
4	10547	260721.388533457419	27186.293635723
4	10560	261232.98362894954	28506.120934695
4	10598	262429.478779879635	28648.802906386
4	10707	264724.713659319494	28503.065705424
4	10793	266711.636211146061	28142.529246578
4	10881	268703.046158801069	28761.073164884
4	10962	271288.510859820297	27864.520330325
4	11010	272391.870902693292	29844.438531159
4	11045	273580.346895540527	29637.37585784
4	11049	273598.392325225687	29325.173068133
4	11118	275133.124759626038	29941.093745398

