version 2
run Iteration-2-20200521-09:32:38-64816
attr configname Iteration
attr datetime 20200521-09:32:38
attr experiment Iteration
attr inifile omnetpp.ini
attr iterationvars "$i=1, $j=3, $0=5-(1+3)"
attr iterationvarsf i=1,j=3,5-(1+3)-
attr measurement "$i=1, $j=3, $0=5-(1+3)"
attr network Network
attr processid 64816
attr repetition 0
attr replication #0
attr resultdir results
attr runnumber 2
attr seedset 2
itervar i 1
itervar j 3
param **.resourcePool.amount 1
param **.resourcePool1.amount 3
param **.resourcePool2.amount 5-(1+3)
param **.source.interArrivalTime exponential(6min)
param **.delay.delay uniform(4min,28min)
param **.delay1.delay uniform(10min,28min)
param **.delay2.delay uniform(4min,16min)
param **.allocate.resourceModuleName "\"Network.resourcePool\""
param **.allocate1.resourceModuleName "\"Network.resourcePool1\""
param **.allocate2.resourceModuleName "\"Network.resourcePool2\""
param **.deallocate.resourceModuleName "\"Network.resourcePool\""
param **.deallocate1.resourceModuleName "\"Network.resourcePool1\""
param **.deallocate2.resourceModuleName "\"Network.resourcePool2\""
param **.router.randomGateIndex "uniform(0, 1) > 0.2 ? 0 : 1"

vector 0 Network.allocate queueLength:vector ETV
attr interpolationmode sample-hold
attr title "queue length, vector"
vector 1 Network.allocate1 queueLength:vector ETV
attr interpolationmode sample-hold
attr title "queue length, vector"
vector 2 Network.allocate2 queueLength:vector ETV
attr interpolationmode sample-hold
attr title "queue length, vector"
vector 3 Network.sinkStat lifeTime:vector ETV
attr interpolationmode none
attr title "lifetime of arrived jobs, vector"
attr unit s
vector 4 Network.sink lifeTime:vector ETV
attr interpolationmode none
attr title "lifetime of arrived jobs, vector"
attr unit s
0	0	0	0
0	5	279.849554605295	1
0	7	483.502884462192	0
0	12	1245.196128369629	1
0	14	1450.93624289405	2
0	16	1515.016849815562	1
0	21	1689.652712743805	2
0	23	1834.004585140459	3
0	25	1894.391125968825	4
0	27	1976.820792072405	5
0	33	2360.346484064772	4
0	38	2408.888809238609	5
0	43	2647.903616029749	6
0	45	2759.638243653321	7
0	47	2773.07526721777	6
0	57	3120.242703711671	7
0	59	3172.277202394389	8
0	69	3420.775715803517	9
0	71	3494.172557909534	10
0	73	3907.507987014666	9
0	78	3952.12435099526	10
0	88	4644.756946216564	11
0	93	4833.065791298388	12
0	104	5278.390599444225	11
0	109	5507.869730517482	12
0	111	5532.175208873035	13
0	113	5654.392740289777	14
0	115	5855.571603697033	15
0	117	5900.037698891331	16
0	119	5936.582520620055	17
0	121	6008.783869631757	18
0	123	6057.744943737304	19
0	129	6245.944967373922	18
0	134	6303.189861280297	19
0	136	6393.483948817099	20
0	138	6434.202784353437	21
0	144	6959.380541829826	22
0	150	7269.380740687909	23
0	152	7300.64675505431	22
0	157	7335.516520056977	23
0	159	7416.633506581332	24
0	165	7644.289847305846	25
0	167	8026.640847779199	26
0	169	8214.260733604148	25
0	174	8264.185942255743	26
0	180	8655.814006837609	27
0	186	8997.600640904389	28
0	192	9596.309963531509	27
0	197	10008.36807440193	26
0	210	10462.301358125821	25
0	215	10687.519721192633	26
0	217	10775.707973528112	27
0	227	11436.018624968544	26
0	232	11568.759643285593	27
0	237	11676.541708443387	28
0	244	11877.357928568303	29
0	246	12034.481146594973	30
0	248	12130.046997807637	29
0	253	12573.98028702035	30
0	263	12689.340103170547	31
0	265	12972.198962971007	32
0	267	13043.740185677722	31
0	275	13401.956871628478	30
0	280	13577.990064277364	31
0	287	14169.489921547189	30
0	296	14263.000272503353	31
0	298	14365.213435697771	32
0	300	14568.548781834923	33
0	302	14593.570519087618	34
0	308	14727.727264009133	33
0	319	15382.680480102026	34
0	326	15634.388844449566	35
0	328	15965.892640494829	36
0	330	16323.045620128229	35
0	338	16407.260113161296	36
0	345	16474.002966711452	37
0	347	16673.862413204941	38
0	349	16941.15446985778	39
0	351	17081.517832202633	40
0	353	17240.287337078378	41
0	368	17664.587822735026	40
0	373	17756.955926500653	41
0	375	18009.380811997404	42
0	377	18540.138904407337	41
0	386	18786.346810694035	42
0	392	19093.238559095497	43
0	394	19246.038400746599	42
0	399	19273.51403780286	43
0	409	19753.984424615049	44
0	411	20223.347969113671	45
0	413	20228.064979298075	46
0	419	20386.34763889123	47
0	421	20472.546833898335	48
0	423	20585.541415036567	49
0	425	20684.142736673072	48
0	430	20747.346998389561	49
0	432	20756.664892679345	50
0	438	20919.203941432716	51
0	440	21171.053343258499	52
0	442	21347.541394242501	53
0	448	21763.208976790026	52
0	453	21872.714633982752	53
0	459	22503.008824129174	54
0	461	22694.023816386246	55
0	471	22982.269762152847	56
0	473	23132.899528729967	57
0	475	23175.976421322802	58
0	477	23320.053800224975	57
0	482	23349.053650721194	58
0	484	23364.424340810248	59
0	486	23739.302248971964	60
0	492	24011.146073184625	59
0	497	24222.039828847571	60
0	499	24309.018584097458	61
0	501	24402.822931875255	62
0	503	24596.915225754574	63
0	509	25197.963905811028	62
0	514	25357.824114219193	63
0	524	25913.154525313277	64
0	530	26291.15866883816	63
0	539	26681.44052509288	64
0	545	26914.675325374584	65
0	547	27111.484375841423	66
0	553	27608.794778054752	67
0	555	27651.490416146534	66
0	560	28044.954864710289	65
0	569	28185.655565289352	66
0	571	28815.749724536854	65
0	583	29088.047733865512	66
0	585	29241.051972632696	67
0	587	29532.164763364933	68
0	589	29642.405507842254	69
0	599	30218.133767388481	68
0	604	30454.271704958628	69
0	611	30733.971977772271	70
0	613	30748.672108966891	71
0	615	31062.552829898614	70
0	620	31378.721355931803	71
0	630	32194.82905198046	72
0	635	32357.817212037462	71
0	640	32516.91009104448	72
0	642	32656.447335479022	73
0	649	32942.240207749396	74
0	651	33059.223551036006	75
0	653	33160.7840484756	76
0	659	33370.31053724857	75
0	671	34151.775993333347	76
0	673	34267.07927326777	77
0	675	34278.099892727751	76
0	685	34353.202607735362	77
0	687	34479.131295839406	78
0	689	34532.859952144045	77
0	694	34548.435968728163	78
0	696	34584.485890959965	79
0	706	35042.552575684804	78
0	711	35347.751818616301	79
0	713	35468.826109208933	80
0	719	35584.019618002456	81
0	721	35592.043684154469	80
0	726	35593.645461347848	81
0	740	36265.067146569171	82
0	742	36283.104052210024	83
0	744	36536.554653684677	84
0	750	36623.319103225786	83
0	755	36631.637684188916	84
0	757	36695.033981526833	85
0	759	36784.152515127625	86
0	768	37519.03625218012	87
0	770	37607.285451489526	88
0	772	37789.687558404822	87
0	782	38066.000832579113	88
0	787	38643.397975400844	89
0	794	38764.807792167017	90
0	796	38858.700006552866	91
0	802	39097.814822226484	90
0	807	39142.875989642088	91
0	809	39148.722910310147	92
0	811	39159.907066794804	93
0	813	39364.123674027343	92
0	822	40118.397980063875	91
0	827	40144.117482169149	92
0	841	40760.377252063306	93
0	847	40920.052140417404	94
0	849	40926.952497845208	95
0	855	41324.359173174538	96
0	857	41403.804145922524	97
0	859	41414.906157396619	98
0	861	41669.741924397369	97
0	866	42167.171104358389	98
0	868	42168.102033792359	99
0	870	42299.051640361269	98
0	875	42516.092775249886	99
0	881	42834.595420493368	100
0	883	43163.645758397599	99
0	904	44572.080271932591	100
0	906	44771.528990083892	101
0	908	44776.916106931587	100
0	913	45010.458392440481	101
0	919	45265.518172964384	102
0	921	45534.072901373509	103
0	923	45657.103045239766	102
0	928	45674.866625222638	103
0	930	45739.532740136768	104
0	932	45813.437511022505	105
0	934	45958.201080031414	104
0	939	46028.807561364733	105
0	941	46032.415466404348	106
0	947	46388.413211658318	105
0	952	46573.575878081181	106
0	958	46825.115141463112	107
0	975	47747.441537148972	106
0	985	47955.768041156946	107
0	987	48658.055573026978	108
0	993	48680.741284332891	107
0	998	48718.075732188543	108
0	1000	48843.27549696171	109
0	1002	49054.960675526445	110
0	1008	49535.230746185863	111
0	1010	49767.569041971372	112
0	1012	49770.623373637818	113
0	1018	49835.482577778951	114
0	1024	50283.980822257419	113
0	1029	50468.034130589793	114
0	1031	50625.434309357398	115
0	1036	51015.895380297344	116
0	1043	51301.145668096562	115
0	1052	51680.147791871308	116
0	1054	51830.358649782558	115
0	1063	52036.313320369457	116
0	1065	52564.985202899503	117
0	1075	53403.656949653943	116
0	1080	53459.758797071417	117
0	1082	53632.818349600056	118
0	1088	53886.760745009402	119
0	1090	53975.662991276917	120
0	1092	54521.243284596522	121
0	1094	54522.926078987919	122
0	1100	54722.755560686712	123
0	1102	54875.682845730148	124
0	1104	54879.851360611339	123
0	1113	55174.008767895889	124
0	1115	55581.498256323106	125
0	1117	55896.274321183284	124
0	1122	56130.918805611925	125
0	1128	57069.032743887575	126
0	1138	57349.233904435953	125
0	1147	58088.618913736516	126
0	1153	58241.83913521668	127
0	1155	58326.017413675102	128
0	1157	58362.967761119616	129
0	1163	58418.355662852248	128
0	1168	59090.268203540954	129
0	1170	59244.797540587821	130
0	1172	59363.489256957857	131
0	1174	59666.599647413374	132
0	1176	59714.760885646791	133
0	1178	59799.311174444577	132
0	1187	60146.246738388857	131
0	1192	60303.515870328304	132
0	1198	60682.589634462914	131
0	1203	60775.7839429184	132
0	1205	60791.655166228893	133
0	1207	60905.038707476672	134
0	1209	60945.854994358073	135
0	1218	61669.909124487581	136
0	1225	62079.506032794437	135
0	1238	62983.777495152493	136
0	1244	63433.164942466646	137
0	1246	63587.601801261029	136
0	1255	63885.806294448397	135
0	1260	63962.028691257042	136
0	1266	64316.419743415974	137
0	1268	64455.005055360219	136
0	1273	64509.111059194346	137
0	1279	64567.057695016694	138
0	1281	64571.854847711921	139
0	1283	64747.976851062487	140
0	1285	64748.531943528703	141
0	1287	64946.202721215508	140
0	1295	65245.630249745867	139
0	1305	65443.996924829526	140
0	1307	65516.620565475028	141
0	1309	65746.680051226679	142
0	1320	66098.550761818609	141
0	1330	66238.671094241163	142
0	1332	66712.202543534062	141
0	1353	67655.838404077177	142
0	1355	67873.739107260662	143
0	1357	67875.41039257469	142
0	1362	67919.775400026447	143
0	1364	68025.755859065976	144
0	1371	68248.744008525561	145
0	1373	68368.338740721069	144
0	1378	68427.266118341986	145
0	1380	68553.880108975255	146
0	1387	69031.542020298115	147
0	1389	69061.26141723741	148
0	1391	69161.167626200182	149
0	1397	69241.004238168895	150
0	1399	69380.673339843474	149
0	1411	69443.107320878696	150
0	1413	69476.023845117519	151
0	1420	70163.023036539837	152
0	1422	70201.651424278172	153
0	1424	70231.822825178228	152
0	1429	70364.172806111746	153
0	1434	70724.685493066631	152
0	1439	70813.954688818664	153
0	1441	70836.3476587886	154
0	1456	71549.582434884928	153
0	1472	72306.124871109031	154
0	1474	72774.911339723616	155
0	1476	72846.859010934882	156
0	1483	72935.340541963029	157
0	1485	73061.853666521333	156
0	1490	73273.333419498082	157
0	1492	73437.09163412801	158
0	1494	73446.826613165162	157
0	1503	73577.921226800448	158
0	1505	74535.126451357923	157
0	1517	75302.00310672792	156
0	1522	75481.752079911397	157
0	1529	75958.038694368098	158
0	1531	75973.20214751662	159
0	1549	76541.582771457456	158
0	1554	76808.265386067055	157
0	1559	77062.706440774233	158
0	1561	77070.978729982982	159
0	1571	77227.844998744067	160
0	1573	77347.845314472638	159
0	1578	77431.557557918469	160
0	1584	78058.801293622108	161
0	1593	78328.043764437058	162
0	1595	78552.17765537657	163
0	1597	78634.414503162353	164
0	1604	78874.004621386252	163
0	1609	78876.325675539726	164
0	1611	78979.684731089928	165
0	1613	79186.284941699303	166
0	1619	79241.837187578821	167
0	1621	79292.501254876541	168
0	1627	80096.75824240913	169
0	1629	80107.407979338026	170
0	1631	80108.843092091106	169
0	1636	80194.206693902688	170
0	1638	80230.489579325854	171
0	1640	80461.699754985764	172
0	1642	80540.667964212854	173
0	1648	80848.239088309168	174
0	1650	80885.808845154666	173
0	1655	81042.059748042905	174
0	1661	81512.089941024914	175
0	1663	81560.638860550823	176
0	1665	81616.790299597292	177
0	1670	81660.439333609962	176
0	1675	81720.972172611322	177
0	1677	81912.765343233011	178
0	1688	82753.762111341651	179
0	1690	83105.35001597526	178
0	1699	83677.335698336088	177
0	1704	83983.047576076451	178
0	1710	84153.982438553407	179
0	1712	84302.135374647645	180
0	1721	84641.665455244207	179
0	1731	85458.294307127842	180
0	1737	85897.507631799615	181
0	1743	86111.691984924382	182
0	1745	86131.468050621176	181
0	1750	86145.829012243713	182
0	1756	86438.822181675538	183
0	1758	86598.092243269201	184
0	1764	87319.773667832868	185
0	1770	87729.633891798282	184
0	1775	87812.472176365718	185
0	1777	88310.050875480147	186
0	1779	88377.426984271097	187
0	1781	88495.616980634356	186
0	1790	88631.869011976038	187
0	1792	88736.996422704047	188
0	1794	88760.384513078759	189
0	1800	89232.388127736474	188
0	1805	89359.715754404289	189
0	1815	89931.482349824392	190
0	1821	90580.949361204828	189
0	1826	90916.346330705335	190
0	1832	91117.729957580293	189
0	1837	91140.992581316702	190
0	1839	91264.968011524011	191
0	1845	91641.649878978111	192
0	1847	91723.045428051968	193
0	1849	91808.634216150134	194
0	1851	91954.852250173415	193
0	1864	92598.438578836347	192
0	1869	92624.84924936834	193
0	1875	92997.198578216217	194
0	1877	93131.580339330833	195
0	1883	93592.287532516886	196
0	1885	93830.961278892781	195
0	1893	94290.524200215247	196
0	1900	94627.342319927837	195
0	1905	94630.510189013132	196
0	1911	95009.985963276483	197
0	1913	95047.901725554624	198
0	1915	95326.01924228641	197
0	1924	95568.730269290235	196
0	1932	95726.573977181841	197
0	1934	95727.468760318848	198
0	1941	96069.815630606952	199
0	1954	97070.335010127709	200
0	1961	97182.905904605713	199
0	1966	97191.540182728419	200
0	1972	97599.965084633361	201
0	1974	97745.623031804404	202
0	1976	97981.537600745315	203
0	1978	98113.228813125825	204
0	1980	98150.195073477652	203
0	1985	98176.11473289279	204
0	1987	98188.140800647882	205
0	2001	99231.472850949067	206
0	2003	99507.344074018028	205
0	2012	100210.370096080449	206
0	2014	100248.347113803822	207
0	2016	100285.664869608458	208
0	2022	100653.117700248685	207
0	2027	100744.211165392718	208
0	2029	100844.882054267353	209
0	2031	101014.303133104257	210
0	2037	101383.673897403083	211
0	2039	101463.106650029313	212
0	2041	101486.457825994739	213
0	2043	101567.645297054721	214
0	2045	101700.503175548653	215
0	2047	101916.987482674148	214
0	2056	102555.789393175639	215
0	2058	102737.775350147302	216
0	2060	102880.118773542053	217
0	2070	103183.983901396122	216
0	2075	103426.44647811466	217
0	2081	103895.431524954465	216
0	2086	104273.802137329903	215
0	2095	104626.858734112456	216
0	2097	104723.088925522045	217
0	2099	104747.346297047761	216
0	2104	104777.28617898103	217
0	2114	105052.74569382093	218
0	2116	105181.463443931067	219
0	2118	105418.656923800436	218
0	2123	105548.755241119962	219
0	2131	105854.946672674955	220
0	2143	106502.179290872337	221
0	2145	106518.36074694219	220
0	2150	106625.31129892979	221
0	2156	106800.265885359532	222
0	2162	107066.43585088822	221
0	2171	107357.966218471256	220
0	2176	107462.394022571314	221
0	2178	107760.292519531306	222
0	2180	107873.814142458942	223
0	2182	107915.20060083988	222
0	2194	108152.943000249548	223
0	2196	108281.73347979109	224
0	2206	108773.494292598169	225
0	2208	108814.949935219911	224
0	2221	109328.919452691234	225
0	2223	109353.322904437509	224
0	2228	109460.004699049381	225
0	2230	109472.560295108742	226
0	2248	110754.445608995584	225
0	2262	111548.658269114522	224
0	2275	112096.561482625719	225
0	2277	112121.565537420625	226
0	2279	112180.922592200069	225
0	2284	112297.72916001261	226
0	2286	112316.473237262644	227
0	2292	112647.928761905687	228
0	2298	113319.424342430858	227
0	2303	113522.956232749401	228
0	2313	114256.461481667785	227
0	2318	114668.620541958386	228
0	2327	114988.432557239859	227
0	2332	115037.063235766825	228
0	2334	115643.886645308207	229
0	2341	115681.236902406192	230
0	2347	116189.526623032718	229
0	2356	117094.241766661137	228
0	2369	117656.803664557367	227
0	2382	118471.669764725652	228
0	2392	118823.196648202568	227
0	2397	119643.199372091812	228
0	2403	119988.081914290139	229
0	2409	120309.600583009153	228
0	2418	120769.729652546077	227
0	2423	120978.911177595232	228
0	2425	121388.350087520607	229
0	2427	121431.992398160695	230
0	2429	121540.230308577149	229
0	2438	121730.922119741105	230
0	2443	122015.845011029443	231
0	2450	122199.828970036561	232
0	2452	122348.172831229017	233
0	2457	122425.012464288388	234
0	2464	122816.185030396659	235
0	2470	123015.919273003667	234
0	2475	123577.191001988061	235
0	2477	123677.18922354464	236
0	2483	124422.2237555978	235
0	2492	124989.238081269706	236
0	2502	125572.306584140221	237
0	2504	125667.630827866227	236
0	2509	125777.900117169054	237
0	2511	126047.766827100629	238
0	2517	127062.987930265767	239
0	2519	127261.464550450177	238
0	2524	127280.058256948457	239
0	2530	127500.262646025003	240
0	2532	127922.501367335218	241
0	2534	128445.529008015723	240
0	2539	128683.663435353334	241
0	2548	129284.752983703942	240
0	2553	129306.638066828446	241
0	2555	129467.316229590007	242
0	2557	129527.919475010385	243
0	2559	129541.524970158356	244
0	2561	129565.993853405204	245
0	2568	129939.819067501203	246
0	2574	130256.912858779868	247
0	2576	130524.253683082677	248
0	2578	130655.500735871318	249
0	2580	130861.11351147774	250
0	2582	130898.784075781436	249
0	2591	130984.099450785811	250
0	2593	131084.552144344908	251
0	2599	132063.815015161345	252
0	2605	132372.833948901604	253
0	2607	132446.557731843115	254
0	2609	132453.039177126916	253
0	2626	133400.559717272354	254
0	2628	133448.62573412945	255
0	2630	133966.052049897186	256
0	2632	134090.95573313291	257
0	2634	134107.232524707647	256
0	2639	134455.329894863373	257
0	2641	134663.117612094974	258
0	2647	134974.734433421332	259
0	2653	135357.060186554457	260
0	2655	135379.206280141803	259
0	2660	135681.334809219883	260
0	2662	135785.276803173943	261
0	2664	136107.905833108297	262
0	2666	136352.935958906742	261
0	2675	136745.025863432445	262
0	2685	137613.883251651855	261
0	2694	137930.576468845996	262
0	2696	138289.324652936153	263
0	2702	138718.722867900902	264
0	2704	138895.278884949418	265
0	2710	139119.270645006576	266
0	2712	139169.316761746736	265
0	2717	139371.711141474314	266
0	2719	139535.572732209021	267
0	2721	139589.558924339227	268
0	2723	139879.252560876501	269
0	2725	140024.91758972194	270
0	2727	140136.535649463842	271
0	2729	140364.960169784458	270
0	2734	140579.055766939009	271
0	2740	140705.512280515571	272
0	2742	140898.54173100713	271
0	2750	141369.46849522869	272
0	2757	141762.060105646662	273
0	2759	141954.660253692779	274
0	2761	142135.916385405355	275
0	2763	142468.002927705379	274
0	2776	142670.022275434946	275
0	2778	143186.229124490084	276
0	2788	143384.951238112454	277
0	2790	143587.958874574781	278
0	2792	143666.952159021291	279
0	2794	143671.416461907061	278
0	2803	143947.260962779371	279
0	2805	144230.873526087883	280
0	2811	144904.614364991097	281
0	2813	145090.654845379027	280
0	2818	145102.988159542318	281
0	2828	146259.205321142788	282
0	2830	146365.099208347234	281
0	2835	146665.415034882459	280
0	2840	146704.048877027419	281
0	2846	146814.661971600565	282
0	2848	146932.587219550316	283
0	2850	147357.917157857699	284
0	2852	147407.401929451385	285
0	2854	147441.389630913469	284
0	2866	147783.050920709951	285
0	2876	148385.716414387769	286
0	2883	148532.033363721999	285
0	2888	148686.430155200855	286
0	2890	148792.054868817064	285
0	2899	148940.495027798611	286
0	2901	149896.479055292034	287
0	2903	149922.794373631163	288
0	2909	150146.834691206646	289
0	2911	150167.148547053072	288
0	2916	150185.865871266871	289
0	2918	150191.445503640489	290
0	2923	150314.974452195065	291
0	2925	150404.832916555572	292
0	2932	150538.101518807718	293
0	2934	150564.496889912556	294
0	2940	150852.86304994646	293
0	2953	151665.133924327525	292
0	2958	151670.571941847434	293
0	2964	152104.239524621636	294
0	2969	152618.311440713438	293
0	2974	152712.229731839408	294
0	2981	152991.325013816984	295
0	2983	153070.800745904974	296
0	2985	153123.822443457178	297
0	2987	153278.962663159864	298
0	2989	153417.120471170188	299
0	2995	153638.595695296881	300
0	2997	153651.58686704162	299
0	3002	153691.622602475987	300
0	3008	154230.615746631953	299
0	3021	154727.15568856852	300
0	3026	155020.785936695668	301
0	3028	155087.408392905216	302
0	3030	155297.433045371804	303
0	3032	155527.942868171597	304
0	3039	155608.967480353746	303
0	3048	156409.990381550866	304
0	3054	156570.967988409902	305
0	3056	156691.731436554442	306
0	3062	157201.082676753137	305
0	3067	157441.545898786264	306
0	3069	157558.63580543296	307
0	3075	157866.601064873903	308
0	3077	157878.246227569613	307
0	3082	157928.873528571995	308
0	3084	158023.654986828053	309
0	3090	158601.671113445151	310
0	3092	158673.797631594266	311
0	3094	158758.588045678768	310
0	3099	158819.934259752131	311
0	3105	159559.128759518089	312
0	3107	159666.359864915267	313
0	3109	159703.819195657704	312
0	3122	160074.24997911483	313
0	3124	160162.139964654795	314
0	3134	160946.427350632582	313
0	3143	161977.240982494984	312
0	3152	162453.596536838546	313
0	3154	162583.964968049355	314
0	3156	162630.624386084301	315
0	3161	163022.836550028962	316
0	3163	163024.848193177468	317
0	3170	163224.64580494139	316
0	3175	163543.442707163901	317
0	3177	163584.206839866672	316
0	3182	163643.530283724392	317
0	3184	163728.368965197328	318
0	3194	164946.882053016392	319
0	3196	165083.737003348504	318
0	3209	165346.8228717036	319
0	3211	165570.211668207271	320
0	3217	165827.739136756111	321
0	3223	166149.37645009631	322
0	3225	166163.637859403823	321
0	3230	166327.258985997601	322
0	3240	167578.648408904408	321
0	3249	168062.103292396495	322
0	3251	168474.633526039359	323
0	3257	168869.577529288	324
0	3259	169131.822938441741	325
0	3261	169211.145675547157	324
0	3270	169447.722215591065	325
0	3272	169583.329014139871	326
0	3274	169685.021610533173	327
0	3276	169737.208762578031	328
0	3278	169818.843864561545	329
0	3284	170189.427796767926	330
0	3286	170335.83271143566	331
0	3288	170645.914085657902	332
0	3290	170782.026119224463	331
0	3295	170845.030257425187	332
0	3301	170981.158103530732	333
0	3303	171215.040794351937	334
0	3305	171488.043354145918	333
0	3314	172029.346426614983	334
0	3316	172170.326499239191	335
0	3318	172299.581669202795	336
0	3320	172408.592050999139	335
0	3333	173123.8600389372	336
0	3335	173474.656039457284	337
0	3337	173698.631422493849	338
0	3342	173813.328286550675	337
0	3352	173836.481774789848	338
0	3358	174211.163626715277	337
0	3363	174330.502380610519	338
0	3365	174418.478930870617	339
0	3367	174449.124990730381	340
0	3369	174734.669600666296	341
0	3371	174894.442662118935	342
0	3373	175166.100599779712	343
0	3375	175284.560318357979	342
0	3392	175953.153819821504	343
0	3402	176582.904103243192	344
0	3404	176636.956417362754	345
0	3406	176759.758232675229	344
0	3411	176887.358794173206	345
0	3413	176966.904990200414	346
0	3415	177026.863532914807	347
0	3421	177374.846261863692	348
0	3423	177585.939548922935	349
0	3425	177772.606498027499	350
0	3435	178320.442820540211	351
0	3437	178362.367570173744	352
0	3439	178423.5473576856	351
0	3444	178503.540414730778	352
0	3446	178586.680408927387	353
0	3448	178630.10549590651	354
0	3450	178708.798689016587	355
0	3452	179077.772376859559	356
0	3454	179335.662736773227	355
0	3463	179532.067954374179	356
0	3465	179599.99834924223	357
0	3467	179810.204977451908	358
0	3469	179925.843998080156	359
0	3471	180051.695309431777	360
0	3473	180344.93184625331	359
0	3486	180894.398236847917	360
0	3488	181039.816529072557	359
0	3497	181714.040402613316	358
0	3502	181867.421655105346	359
0	3508	182082.534252269569	360
0	3510	182120.90831153089	361
0	3512	182229.402320300121	362
0	3514	182448.620322078202	361
0	3522	182549.833352509784	362
0	3524	182555.848076898195	363
0	3526	182648.983528326738	364
0	3533	182742.770167943937	365
0	3538	183147.216232374446	366
0	3545	183658.831719267499	367
0	3555	183854.074734180901	366
0	3560	183946.731110715677	367
0	3566	184296.921429654303	368
0	3568	184314.603330460457	369
0	3570	184543.64530934161	370
0	3572	184547.161407061608	371
0	3574	184671.024284893862	372
0	3576	184671.767458332033	373
0	3578	184711.859673384896	374
0	3580	184757.72236123002	375
0	3582	184826.531722202632	374
0	3591	185454.240728186223	375
0	3596	185682.299894237943	376
0	3603	186054.862510228123	377
0	3605	186167.967186851801	378
0	3607	186460.661742008958	377
0	3616	186642.668003347042	378
0	3618	186836.436578397395	379
0	3620	187048.281187827834	380
0	3622	187391.377381302152	379
0	3631	187834.599635276324	380
0	3633	188154.325843333934	379
0	3646	188483.012323963251	380
0	3648	188918.056484115022	381
0	3650	188929.559159769922	382
0	3652	189204.45549944742	383
0	3658	189382.824129856109	384
0	3660	189633.286239285628	385
0	3662	189699.215503290032	384
0	3671	189867.76271917374	385
0	3677	190619.232755860257	386
0	3683	191233.530853606497	385
0	3688	191636.865002624598	386
0	3690	191784.450168974434	385
0	3695	191789.306699850405	386
0	3701	191976.940418631779	387
0	3703	192070.235069493745	388
0	3705	192429.15131327938	389
0	3711	192635.341440729533	388
0	3716	192652.500810571186	389
0	3721	193108.971245295186	390
0	3723	193209.454378271432	391
0	3733	193704.748182502932	392
0	3740	193827.380245785243	393
0	3742	193885.515861803146	394
0	3744	194111.514303490256	393
0	3753	194495.363390942872	394
0	3755	194616.748474612767	395
0	3757	194643.842539503835	396
0	3759	194714.224912252154	397
0	3761	194963.900477014866	398
0	3763	195121.850436620151	397
0	3768	195418.681077539658	396
0	3773	195426.209729279142	397
0	3775	195591.966979021337	398
0	3781	195925.765297677193	399
0	3783	195965.749278209841	398
0	3788	195968.744516438184	399
0	3790	195968.913205461902	400
0	3792	195973.277990052383	401
0	3794	196163.21621537322	402
0	3802	196246.75109484373	403
0	3812	197039.51137077118	404
0	3819	197103.269780609315	405
0	3821	197422.363311279797	406
0	3823	197466.730037659144	405
0	3828	197666.544542048469	406
0	3835	197940.826170285414	407
0	3837	198034.020096868268	408
0	3843	198322.379769488907	407
0	3848	198791.896414383414	408
0	3854	199043.792942678707	409
0	3856	199080.180189696801	410
0	3858	199514.307435594237	409
0	3871	199944.289018617616	410
0	3873	200014.425094841381	411
0	3875	200123.317749702045	412
0	3877	200160.598761430365	413
0	3887	201075.024553119874	412
0	3892	201164.133746456936	413
0	3894	201202.30094976401	414
0	3900	201344.637581661081	413
0	3905	201652.504321776068	412
0	3910	201804.460618801223	413
0	3916	202041.212022042604	414
0	3926	202370.698172463116	415
0	3928	202389.450773477692	416
0	3930	202755.640428989863	415
0	3943	203100.808459102845	414
0	3948	203124.00166587063	415
0	3950	203194.155775873176	416
0	3956	203216.730468535969	417
0	3958	203786.311481247836	418
0	3964	204210.819520473662	419
0	3970	204314.904795281327	418
0	3975	204416.389401278363	419
0	3981	204930.171580735987	420
0	3987	205380.80867770288	419
0	3996	205798.854183659528	420
0	3998	205886.260634852055	421
0	4000	205891.64984396491	422
0	4006	206033.620610380214	423
0	4012	206225.916068829907	424
0	4014	206314.749644651542	425
0	4016	206612.875182285643	424
0	4029	208115.52629291964	425
0	4031	208177.258137233294	424
0	4040	208699.608838364221	423
0	4049	209207.382803675997	424
0	4054	209614.324684805907	423
0	4059	209770.975137372009	424
0	4066	209986.027715202354	425
0	4068	210064.322643955362	426
0	4078	211081.186798634594	427
0	4080	211278.967350750901	426
0	4089	211538.285402775912	427
0	4091	211806.058587118157	428
0	4093	212053.357878396363	429
0	4095	212095.652451282027	430
0	4097	212144.231259008392	431
0	4099	212153.207845084109	430
0	4104	212245.166739921331	431
0	4106	212495.763864643557	432
0	4112	212652.294548294909	433
0	4114	212733.08682490813	434
0	4124	213564.538905689906	435
0	4126	213625.493971132371	436
0	4132	213748.905182249584	435
0	4137	214114.914460882284	434
0	4142	214463.634043514468	433
0	4151	214687.251111561817	434
0	4153	214712.352802964046	435
0	4155	214783.665964785635	436
0	4157	214790.993654575858	437
0	4175	216060.487425505855	436
0	4180	216242.584369556152	437
0	4186	216465.270330531837	438
0	4188	216686.268428024615	439
0	4190	216718.09569413934	438
0	4195	216992.901269661466	439
0	4201	217266.012932075464	440
0	4203	217764.709556633403	441
0	4209	218193.048283980291	442
0	4215	218339.35278839592	441
0	4220	218358.414210542747	442
0	4226	219287.658415560896	443
0	4228	219569.503571813145	444
0	4230	219666.912114600948	445
0	4232	219822.928406886497	444
0	4241	220114.477190536405	445
0	4243	220529.750661942718	446
0	4249	220608.561540685335	445
0	4261	221646.901723958293	444
0	4271	222245.776185478593	445
0	4273	222291.747378278188	446
0	4275	222319.670500552567	447
0	4277	222427.355095260777	448
0	4283	222584.899127642661	449
0	4285	222751.491472787896	448
0	4290	222845.657731570332	449
0	4296	223281.468603452989	450
0	4298	223455.032246903758	451
0	4300	223487.663630984465	450
0	4305	223531.265540718939	451
0	4307	223654.996227916522	452
0	4321	224315.502181302375	453
0	4323	224432.990836558633	454
0	4325	224454.664343029002	453
0	4330	224524.339061673008	454
0	4332	224593.579411759432	455
0	4338	224918.045221262684	456
0	4344	225320.035988831855	457
0	4346	225390.507024518887	456
0	4351	225512.889556811843	457
0	4357	225721.755462622436	458
0	4359	225994.205011917899	459
0	4364	226298.95968861107	458
0	4369	226366.299349458373	459
0	4376	226558.319087514429	460
0	4378	226835.380789794008	461
0	4388	227282.133686872323	462
0	4390	227319.021343886935	463
0	4392	227411.501685260504	464
0	4394	227501.946764487069	465
0	4396	227530.457295655946	464
0	4405	227922.268517084162	463
0	4410	227962.172465849274	464
0	4412	228146.450255910708	465
0	4414	228352.461012468554	466
0	4420	228446.850115681193	467
0	4422	228579.36142741863	466
0	4431	229064.070033050816	465
0	4448	230085.287599481385	464
0	4453	230337.928344863856	465
0	4459	230528.955013520758	464
0	4464	230548.902299195687	465
0	4466	230556.005871816887	466
0	4472	231009.733294883007	467
0	4474	231112.362450203118	468
0	4480	231393.228109024208	467
0	4489	231498.031364927115	468
0	4494	232225.886560872611	469
0	4501	232477.909764267247	468
0	4506	232844.853015895689	469
0	4508	232979.57410861664	470
0	4513	233145.208035290679	471
0	4523	233495.838586583708	472
0	4525	233708.111874416213	471
0	4530	234033.669275004173	472
0	4537	234337.404415855711	473
0	4542	234638.451047050209	474
0	4549	235013.939641892653	473
0	4554	235121.547128512246	474
0	4556	235241.586303885381	475
0	4566	236291.671783245843	474
0	4571	236619.217357950559	475
0	4573	236823.162981636565	474
0	4578	236913.024517393101	475
0	4584	237269.248518079262	474
0	4589	237474.299341339237	475
0	4591	237580.823295816522	474
0	4611	238285.586023402866	475
0	4613	238405.080640084784	474
0	4618	238431.317121172664	475
0	4620	238715.229043638326	476
0	4622	238769.304307467978	475
0	4635	238997.59119510766	476
0	4637	239240.883150489028	477
0	4639	239285.895691353443	478
0	4644	239437.771280373925	479
0	4654	239816.267545566632	480
0	4661	240188.70212071154	481
0	4663	240334.747354231517	480
0	4673	240418.272943769098	481
0	4675	240491.698216769059	482
0	4677	240570.587225798437	483
0	4679	240867.067349096915	484
0	4689	241118.156486603895	485
0	4691	241137.790183715265	484
0	4696	241288.249817770685	485
0	4702	241749.255843713622	484
0	4707	241931.782917318178	485
0	4709	242131.889855816703	484
0	4718	242581.942635066304	485
0	4723	242656.303445864709	486
0	4725	242756.611362697281	487
0	4732	242993.122546621151	488
0	4742	243143.45784348363	489
0	4744	243654.359643556035	490
0	4746	243684.634301505726	489
0	4751	243773.208317572983	490
0	4757	244212.995458230406	491
0	4759	244371.708159997802	490
0	4764	244504.499851846904	491
0	4766	244529.843503217065	492
0	4768	244672.219950433935	493
0	4774	244952.208028559161	494
0	4776	245000.290465235453	493
0	4781	245313.447157642229	494
0	4795	245951.234133675077	495
0	4797	246190.780755404086	496
0	4803	246322.669616818171	495
0	4808	246588.009907253258	496
0	4810	246612.818026050732	497
0	4812	246710.370476983231	496
0	4817	246722.875399403212	497
0	4823	246886.215760668146	498
0	4825	247288.999724175079	499
0	4831	247456.674650815037	500
0	4833	247600.799321785313	499
0	4846	247730.153407277212	500
0	4848	247871.791762398512	501
0	4850	247880.477228677371	502
0	4852	247883.344838082956	503
0	4854	247899.295381774707	504
0	4860	248165.248283140105	503
0	4865	248187.465137773374	504
0	4867	248316.158000160066	505
0	4869	248423.971104539675	504
0	4882	248978.522367525105	505
0	4888	249344.682467849178	506
0	4893	249564.210111333205	507
0	4900	249974.120678633196	506
0	4905	250504.026768686005	507
0	4907	250585.553154773512	508
0	4917	250812.094589947207	509
0	4919	250848.720939002676	508
0	4924	251275.468425437813	509
0	4929	251661.64271094006	510
0	4936	251932.079732339106	511
0	4938	252317.736429035389	512
0	4940	252507.930256493135	511
0	4949	253086.809863822731	512
0	4955	253458.519126167369	513
0	4961	253677.859145320697	512
0	4970	254596.182085134666	513
0	4972	254734.879997685399	514
0	4974	255127.071646991712	515
0	4980	255226.572583570822	514
0	4985	255272.59961008187	515
0	4987	255774.377250104888	514
0	4996	255958.641376031877	515
0	4998	256128.682951643982	516
0	5000	256261.850379064425	515
0	5005	256571.731780855209	516
0	5007	256688.658311410337	517
0	5020	257353.762069187804	516
0	5034	257976.287266264868	517
0	5040	258159.694154102767	518
0	5042	258194.428313255056	517
0	5047	258246.326632297376	518
0	5053	258591.389413273619	519
0	5055	258755.126325331374	518
0	5060	258891.178046344961	519
0	5062	259389.855510994538	518
0	5067	259475.60066855546	519
0	5073	259608.299561559821	520
0	5075	259777.016751393463	521
0	5077	259838.84802431634	522
0	5087	260391.868951876175	523
0	5089	260452.058305868899	524
0	5091	260531.119421861812	523
0	5104	260669.861554825075	524
0	5110	261547.81435684117	525
0	5112	261686.58717462615	526
0	5118	262051.638635236459	527
0	5120	262089.5476045755	526
0	5125	262385.327366678065	527
0	5135	263080.313975617036	526
0	5140	263208.34508741847	527
0	5146	263869.59953344588	526
0	5151	263884.589579254053	527
0	5157	264215.159267609158	528
0	5159	264881.67554850851	527
0	5164	264905.515210464766	528
0	5170	265303.370228289512	529
0	5176	265585.30662919318	530
0	5178	265698.486101209864	529
0	5187	265925.93656334404	530
0	5193	266595.479975782082	529
0	5202	266951.961264788852	528
0	5211	267475.190562218541	529
0	5217	267657.006095724338	530
0	5219	267762.79924199864	531
0	5225	268186.426676143824	532
0	5231	268302.997033993097	533
0	5233	268403.006655365647	534
0	5235	268488.332130886454	535
0	5241	268562.178928464094	536
0	5243	268630.36607763891	535
0	5248	268633.305880905479	536
0	5250	268985.874236378275	537
0	5256	269448.164316594348	536
0	5265	269981.447399568192	537
0	5267	270109.302631593813	538
0	5269	270109.442443403301	539
0	5271	270220.043783497317	540
0	5277	270366.382470863138	541
0	5279	270696.501057735909	542
0	5281	270836.46294969295	541
0	5290	271117.662125614376	542
0	5292	271300.709427997217	541
0	5297	271655.829803712413	540
0	5314	272168.26743091441	541
0	5316	272180.19859756504	540
0	5321	272203.128561237365	541
0	5323	272216.01773312622	542
0	5329	272519.354551963116	543
0	5331	272591.383694257478	544
0	5333	272741.834932269801	545
0	5338	272769.736850040572	546
0	5345	273030.815258593548	547
0	5347	273070.619081921622	546
0	5356	273271.673153002267	547
0	5358	273340.506768335397	548
0	5372	273871.993166579581	549
0	5374	274098.95010604684	548
0	5383	274445.502276830764	549
0	5385	274687.152046804463	550
0	5387	275060.381221306088	551
0	5389	275111.100481666371	550
0	5394	275237.01780924839	551
0	5396	275332.47818610028	552
0	5398	275415.405683466739	553
0	5408	276693.253343917176	552
0	5417	277073.997755123279	553
1	0	0	0
1	2184	107915.20060083988	1
1	2186	108034.942603094233	0
1	4593	237580.823295816522	1
1	4595	237859.590444892388	0
2	0	0	0
2	41	2461.196200998217	1
2	52	2792.927042824863	0
2	62	3283.973535524397	1
2	64	3413.909347878485	0
2	91	4786.685915004179	1
2	95	4852.61065214099	0
2	235	11602.31039121905	1
2	239	11851.142437990472	0
2	256	12648.534282736198	1
2	258	12673.748643222913	0
2	273	13308.499508510992	1
2	282	13600.443043347165	0
2	314	14798.86847699219	1
2	317	14890.672277502432	2
2	321	15623.251290444002	1
2	336	16375.954003940985	2
2	340	16439.437302846179	1
2	355	17370.863188404307	0
2	361	17442.549115681737	1
2	363	17643.752043239489	0
2	517	25478.874372767002	1
2	519	25663.076331300378	0
2	581	28883.459815012011	1
2	591	29653.022091529983	0
2	597	30055.201063250843	1
2	606	30551.041234798449	0
2	633	32336.001066036243	1
2	644	32717.215823979768	0
2	669	34089.740334788058	1
2	680	34339.872724452707	0
2	699	34878.233363639284	1
2	701	35033.011727576795	0
2	766	37397.950170702953	1
2	777	37973.621703983937	0
2	785	38445.294803810958	1
2	789	38683.796470837389	0
2	830	40385.956208456029	1
2	832	40457.025365905558	0
2	889	43212.712525801455	1
2	891	43419.705443495606	0
2	965	47051.282550936286	1
2	968	47322.809948494379	2
2	970	47415.158296275605	1
2	980	47894.10736783566	0
2	1034	50994.2898082749	1
2	1038	51114.444921903034	0
2	1216	61563.811749156287	1
2	1220	61852.385544424599	0
2	1231	62099.609940882495	1
2	1233	62251.420022120422	0
2	1293	65132.236386548451	1
2	1300	65247.374338276407	0
2	1312	65957.458708706967	1
2	1315	66038.204861769176	2
2	1318	66066.728615948653	3
2	1325	66181.740105461052	2
2	1337	66920.267560343912	1
2	1343	67065.387094599849	2
2	1345	67320.901443298629	1
2	1351	67578.156422098822	2
2	1366	68101.083792775592	1
2	1382	68863.537449437848	0
2	1409	69385.848878306992	1
2	1415	70138.33826622153	0
2	1432	70673.830045323543	1
2	1443	70893.664290720321	0
2	1449	71195.019233777843	1
2	1451	71226.432607026495	0
2	1470	72280.770265470914	1
2	1478	72886.83756782832	0
2	1515	75114.797675946451	1
2	1524	75500.517539960988	0
2	1534	76027.369332818038	1
2	1536	76030.529895370551	0
2	1591	78258.294211953603	1
2	1599	78844.98125394965	0
2	1668	81629.624919343465	1
2	1679	81920.691188603365	0
2	1719	84614.714571201899	1
2	1726	85352.345000870251	0
2	1891	93903.011640367757	1
2	1895	94308.831062849338	0
2	1930	95578.403667613591	1
2	1936	95762.993187831442	0
2	1952	96875.922963564944	1
2	1956	97171.219298142667	0
2	1994	98784.001239688795	1
2	1996	99106.195116463777	0
2	2107	104991.897044984353	1
2	2109	105052.445821037245	0
2	2126	105635.302261562747	1
2	2129	105804.736712213334	2
2	2133	105870.732447003675	1
2	2138	106301.851746981693	0
2	2192	108064.376025331868	1
2	2199	108632.749278640104	2
2	2201	108673.769495190782	1
2	2214	109169.933561917124	2
2	2216	109282.012577449632	1
2	2232	109619.359277022732	0
2	2246	110476.66116369116	1
2	2253	110919.316875172508	0
2	2325	114978.000999066709	1
2	2336	115658.412338180198	0
2	2385	118744.725759738788	1
2	2387	118792.055111948132	0
2	2441	121934.308354474335	1
2	2445	122082.889131244003	0
2	2455	122364.843328596755	1
2	2459	122665.601027302175	0
2	2546	129049.131286304177	1
2	2563	129690.820065524162	0
2	2678	137295.620591064649	1
2	2680	137359.105186706143	0
2	2748	141333.594351645292	1
2	2752	141543.018059732126	0
2	2781	143249.500299218776	1
2	2783	143272.342378768803	0
2	2864	147517.340544305477	1
2	2868	147800.874777624118	0
2	2874	148110.428740448984	1
2	2878	148455.770240949201	0
2	2921	150311.061481844369	1
2	2927	150470.861375743258	0
2	2967	152491.499136613416	1
2	2976	152766.605116009447	0
2	3024	154924.851814901191	1
2	3034	155555.208253405723	0
2	3159	162726.797780424092	1
2	3165	163076.76301833402	0
2	3233	166875.811914765943	1
2	3235	166893.265334397291	0
2	3340	173738.265129022036	1
2	3347	173827.719210052599	0
2	3520	182502.426161739711	1
2	3528	182721.474158970376	0
2	3536	183080.482721451406	1
2	3540	183279.72520282652	0
2	3548	183835.83931760091	1
2	3550	183838.428533842524	0
2	3594	185642.743771645907	1
2	3598	185853.411308984939	0
2	3719	192737.829238224511	1
2	3725	193260.423838125278	0
2	3731	193700.538433419277	1
2	3735	193779.228800760318	0
2	3797	196172.23907822903	1
2	3800	196215.188786063081	2
2	3804	196460.117241415864	1
2	3810	196668.908292196429	2
2	3814	197045.00318187449	1
2	3830	197822.769561253226	0
2	3864	199607.357650391495	1
2	3866	199880.06772604931	0
2	3919	202159.616416861972	1
2	3921	202166.079771715886	0
2	4052	209611.610376789905	1
2	4061	209867.92242691081	0
2	4168	215544.474415948354	1
2	4170	215890.904794905075	0
2	4259	221619.736086001361	1
2	4266	222168.76386996519	0
2	4362	226291.935110689814	1
2	4371	226440.141375057141	0
2	4381	227166.830074583853	1
2	4383	227233.168863907198	0
2	4441	229806.590832324441	1
2	4443	229865.86543269616	0
2	4492	231613.795965688046	1
2	4496	232269.432047160084	0
2	4511	232989.84182901841	1
2	4516	233153.788055425253	2
2	4518	233221.35034218591	1
2	4532	234095.88252222326	0
2	4540	234583.91072296698	1
2	4544	234863.967940566804	0
2	4601	237880.601679442193	1
2	4604	237907.374109273519	2
2	4606	238126.627470507961	1
2	4627	238788.386351980012	0
2	4633	238917.420896870759	1
2	4642	239430.719650547694	2
2	4647	239487.406204847362	3
2	4649	239643.52172513653	2
2	4656	239885.112233172845	1
2	4668	240390.350180614483	0
2	4682	240951.727244529615	1
2	4684	241078.323557629925	0
2	4721	242642.585899421688	1
2	4727	242761.4317361654	0
2	4735	243001.305684774857	1
2	4737	243100.12263802972	0
2	4784	245367.783136993389	1
2	4786	245603.649234764022	0
2	4839	247712.342210227367	1
2	4841	247714.999048171309	0
2	4891	249549.398361464707	1
2	4895	249903.609247153369	0
2	4910	250807.329652329651	1
2	4912	250809.563210757193	0
2	4927	251588.76469383177	1
2	4931	251766.43627774131	0
2	5018	257194.075541646897	1
2	5025	257581.680559415116	0
2	5080	259864.728685442104	1
2	5082	259962.393844278276	0
2	5303	271729.527365678668	1
2	5305	271797.55211413999	0
2	5336	272766.194638006136	1
2	5340	272854.969437394038	0
3	55	2792.927042824863	2586.7579265591
3	67	3413.909347878485	3134.0597932732
3	82	4023.68559271255	2778.4894643429
3	102	5220.039581257567	3530.3868685138
3	142	6868.827049892112	5034.8224647517
3	163	7581.912856243268	5687.5217302744
3	184	8816.078541923031	6839.2577498506
3	204	10017.519399571881	7608.6305903333
3	221	11306.069234294534	8658.1656182648
3	242	11851.142437990472	9091.5041943372
3	261	12673.748643222913	9553.5059395112
3	285	13600.443043347165	10428.165840953
3	294	14211.343211039618	10790.567495236
3	324	15623.251290444002	12129.078732534
3	343	16439.437302846179	11794.68035663
3	358	17370.863188404307	13418.738837409
3	366	17643.752043239489	12810.686251941
3	384	18591.62252142252	13083.752790905
3	417	20251.095065932438	14596.702325643
3	446	21563.494344988555	15707.922741292
3	465	22725.334818038806	16825.297119147
3	490	23751.802974158615	17815.220453539
3	522	25663.076331300378	19654.292461669
3	528	26025.819866398066	19968.074922661
3	543	26848.810768883393	20545.620907603
3	567	28183.37406974444	21789.890120927
3	594	29653.022091529983	23218.819307177
3	609	30551.041234798449	23591.660692969
3	647	32717.215823979768	25381.699303923
3	704	35033.011727576795	27006.370879798
3	717	35477.31590792695	27213.129965671
3	734	36127.223115099315	27471.409108262
3	748	36559.310902582202	27561.710261678
3	780	37973.621703983937	27286.101982791
3	792	38683.796470837389	27908.088497309
3	800	38946.294714996313	27377.535071711
3	853	41299.307069314365	29264.825922719
3	894	43419.705443495606	30845.725156475
3	898	43982.276037784015	31292.935934613
3	917	45102.659936260153	32130.460973289
3	956	46688.876658986975	33110.88659471
3	973	47415.158296275605	32846.609514441
3	983	47894.10736783566	33631.107095332
3	991	48672.936646800209	34307.723211102
3	1050	51558.391219798197	35924.002375349
3	1069	52624.897156471108	36659.004515976
3	1086	53861.727893242335	37454.467780081
3	1111	55085.812818539982	38611.809851829
3	1132	57165.223764750828	40491.361351546
3	1145	58044.521452702303	41103.366982845
3	1161	58380.531495205781	41299.013663003
3	1196	60422.874866204058	43182.587529126
3	1223	61852.385544424599	44095.429617924
3	1242	63009.595053327924	44223.248242634
3	1303	65247.374338276407	45973.860300474
3	1328	66181.740105461052	46427.755680846
3	1340	66920.267560343912	46692.202581046
3	1348	67320.901443298629	46934.553804407
3	1385	68863.537449437848	48390.99061554
3	1395	69230.058865874729	48644.517450838
3	1418	70138.33826622153	49390.991267832
3	1446	70893.664290720321	50136.999398041
3	1454	71226.432607026495	50307.228665594
3	1481	72886.83756782832	51014.122933846
3	1501	73497.207048229598	52149.665653987
3	1527	75500.517539960988	52997.508715832
3	1539	76030.529895370551	53336.506078984
3	1543	76472.063048874684	53489.793286722
3	1582	77579.601635450222	54403.625214127
3	1602	78844.98125394965	55495.927603228
3	1646	80829.007972312816	57089.705723341
3	1682	81920.691188603365	57698.651359756
3	1686	82182.134047887945	57873.11546379
3	1708	84104.437727249884	59701.614795375
3	1729	85352.345000870251	60755.429775116
3	1754	86408.702619161182	60495.548093848
3	1768	87531.783981464529	60850.343456372
3	1830	91043.835228049855	63435.040449995
3	1873	92924.268154391746	63836.220420526
3	1898	94308.831062849338	65067.779090217
3	1909	94904.444982234116	65372.280218869
3	1939	95762.993187831442	66120.587679989
3	1945	96357.318937444787	65903.047232486
3	1959	97171.219298142667	66437.24732037
3	1970	97587.615077431972	66838.942968465
3	1999	99106.195116463777	67727.473760532
3	2010	99904.139549240198	67709.31049726
3	2064	102966.706001015109	70310.258665536
3	2079	103442.203983954813	70499.963776205
3	2112	105052.445821037245	71993.222270001
3	2136	105870.732447003675	72709.948398528
3	2169	107153.967988678914	72800.765380944
3	2204	108673.769495190782	74125.333526463
3	2219	109282.012577449632	74802.88128161
3	2235	109619.359277022732	75034.873386063
3	2239	109970.286884123189	74622.535065507
3	2260	111388.203792666745	75804.184174664
3	2273	112079.255382969705	76485.609921622
3	2296	113009.661926591499	76744.594780022
3	2311	114121.721357797934	77838.617305588
3	2339	115658.412338180198	79026.774653991
3	2345	116155.099401103063	79618.544747418
3	2363	117198.895065106183	80503.861083579
3	2376	117976.755089705541	81192.602574578
3	2390	118792.055111948132	81184.769660459
3	2416	120630.798575749353	82564.79774317
3	2448	122082.889131244003	83439.491155843
3	2468	122993.468328986048	84134.768322433
3	2490	124702.574454808339	85559.698465166
3	2528	127342.396985862137	88182.489919067
3	2566	129690.820065524162	89546.702583355
3	2616	132884.06159102145	91957.109093176
3	2624	133328.238348170848	92003.879174996
3	2692	137663.221329079675	95496.050224721
3	2755	141543.018059732126	99026.925284482
3	2786	143272.342378768803	98700.262106836
3	2822	145446.696223105969	100436.23783067
3	2844	146766.364249784234	101500.84607682
3	2881	148455.770240949201	102780.90361573
3	2897	148868.976497707623	103129.44375757
3	2930	150470.861375743258	104657.42386472
3	2938	150741.980418042946	104713.17285668
3	2993	153512.161952230814	106687.04681077
3	3015	154345.040683552358	106389.2726424
3	3037	155555.208253405723	106897.15268038
3	3046	156245.145180757824	107527.06944857
3	3060	156870.124086878929	108026.84858992
3	3088	158178.276644266877	109123.31596874
3	3116	159972.548237370062	110437.31749118
3	3128	160505.581512406204	110738.01247043
3	3141	161040.301829186935	111269.67845555
3	3168	163076.76301833402	113241.28044056
3	3188	163853.561363836486	113385.52723325
3	3203	165247.03039142463	114621.59608207
3	3215	165785.861533742134	114769.96615344
3	3238	166893.265334397291	115213.11754253
3	3247	167645.305333167051	115608.9920128
3	3268	169321.100180709471	116756.11497781
3	3327	172644.560554336493	119011.74220474
3	3350	173827.719210052599	119940.95846504
3	3386	175641.094824934115	121119.85154034
3	3396	176190.149831531306	121667.22375254
3	3480	180366.203984526654	125192.19521663
3	3495	181162.802009565492	125581.30375324
3	3543	183279.72520282652	126210.69245894
3	3601	185853.411308984939	127527.39389531
3	3614	186534.597731262181	128171.62997014
3	3640	188217.408904574548	129127.14070103
3	3656	189215.46003510404	129970.66249452
3	3675	190106.451215335836	130742.96195838
3	3699	191898.26349409457	132231.66384668
3	3728	193260.423838125278	132956.9079678
3	3738	193779.228800760318	134064.46791511
3	3751	194494.724067320783	133718.9401244
3	3807	196460.117241415864	135668.46207519
3	3833	197822.769561253226	136876.9145669
3	3841	198071.050200305617	136401.14107582
3	3869	199880.06772604931	136896.2902309
3	3881	200226.062132354564	136792.89718989
3	3898	201279.701647583134	137317.67295633
3	3924	202166.079771715886	137849.6600283
3	3937	202803.590972564853	138294.47991337
3	3954	203214.549999760201	138647.49230474
3	3968	204226.195479456073	139654.34063174
3	3985	205150.99952345874	140403.0226724
3	4004	205993.484096696338	141244.95215317
3	4023	206664.632027188054	141220.63510236
3	4038	208651.512896010391	143134.89233054
3	4064	209867.92242691081	144121.24237568
3	4072	210261.25275546845	144022.58166123
3	4087	211524.72628073927	143868.88787666
3	4118	213041.884527962395	145168.1454207
3	4161	215163.12018090088	147137.36432183
3	4173	215890.904794905075	147642.16078638
3	4184	216364.966637391337	147937.70051905
3	4207	218102.399969419204	149548.51986044
3	4224	219167.431364787483	150135.88934449
3	4247	220597.478559577578	151536.21714234
3	4269	222168.76386996519	153007.59624377
3	4281	222583.855101076627	153342.85086291
3	4319	224229.023429939265	154752.99958482
3	4342	225305.325113285075	155142.30207675
3	4374	226440.141375057141	156238.48995078
3	4403	227775.402515765021	156961.44782695
3	4429	228695.589560486118	157859.2419017
3	4457	230392.612710932013	157617.70137121
3	4499	232269.432047160084	158996.09862766
3	4521	233221.35034218591	160286.00980022
3	4535	234095.88252222326	160658.7908881
3	4547	234863.967940566804	161286.04671377
3	4560	235303.04407075208	159821.29199084
3	4582	236937.407550561916	160979.36885619
3	4609	238126.627470507961	162153.42532299
3	4630	238788.386351980012	161717.407622
3	4652	239643.52172513653	162580.81528436
3	4659	239885.112233172845	162657.26723443
3	4687	241078.323557629925	163019.52226401
3	4700	241642.135597776365	163314.09183334
3	4755	243862.05183917817	164985.72616364
3	4789	245603.649234764022	166623.96450367
3	4821	246765.109989635389	167523.27280206
3	4844	247714.999048171309	167618.24080576
3	4858	248160.332475771872	168867.8312209
3	4880	248830.200889577833	168722.79291024
3	4898	249903.609247153369	169709.40255325
3	4915	250809.563210757193	170579.07363143
3	4934	251766.43627774131	171304.73652276
3	4947	252533.106807360169	171992.43884315
3	4959	253642.150592833503	172793.91150452
3	4978	255195.390263406305	174153.33051536
3	5011	256790.855338705449	175278.76539768
3	5028	257581.680559415116	175964.89025982
3	5032	257887.603984113528	176326.96512356
3	5051	258570.125048814088	176849.1528762
3	5085	259962.393844278276	178049.62850105
3	5098	260562.003193946302	177808.2410826
3	5108	261147.74788729076	177164.70031121
3	5129	262622.929676083594	178468.94723753
3	5168	264938.74867000778	179480.45436288
3	5185	265707.33735458155	179809.82972278
3	5200	266782.68050535743	180670.98852043
3	5215	267516.498809393242	181370.66979715
3	5229	268204.391098284841	181765.56891661
3	5254	269039.879043895499	182441.78680063
3	5275	270356.539485549302	183036.76581772
3	5308	271797.55211413999	183985.07993777
3	5312	272089.28867620577	183779.23780073
3	5343	272854.969437394038	184223.10042542
3	5354	273224.626985147342	184847.20000088
3	5366	273726.90418231462	184989.90775961
3	5381	274279.981970602393	185519.59745752
3	5406	276471.327375305562	187111.6116209
3	5421	277188.763199468821	187257.28084964
4	98	4852.61065214099	3401.6744092469
4	403	19341.973761247188	13809.798552374
4	624	31451.798714484739	24182.417973797
4	657	33243.238698413315	25826.605191832
4	683	34339.872724452707	26695.582877147
4	835	40457.025365905558	28780.483657462
4	839	40744.303208442127	28866.945279874
4	1016	49834.090362081026	35240.519842993
4	1041	51114.444921903034	35731.764441801
4	1236	62251.420022120422	44242.039210123
4	1264	64227.277363987363	45134.038804892
4	1369	68101.083792775592	47877.735823662
4	1463	71839.770629463442	50668.717286205
4	1565	77178.454626045845	54045.555097316
4	1617	79228.906504271277	55864.482163461
4	1735	85749.87160218107	60392.047487962
4	1798	88990.106035630876	62075.430710256
4	1813	89810.649170597742	62699.164794756
4	1858	92019.760019212688	63834.104453923
4	2035	101248.325008481469	68731.414917437
4	2141	106301.851746981693	72034.772473714
4	2154	106720.940434450013	72569.164441117
4	2256	110919.316875172508	75450.490765964
4	2401	119742.25653839457	82223.220286214
4	2462	122665.601027302175	83900.793235135
4	2500	125440.922963266924	86292.200052957
4	2572	130159.26408107552	89398.886829012
4	2597	131562.533432442428	90642.481292025
4	2651	135243.419895658003	93839.615749735
4	2683	137359.105186706143	95944.19902931
4	2708	139053.843226080494	96885.741192288
4	2770	142487.59823909189	99653.002818599
4	2801	143705.136665470631	98933.607675387
4	2871	147800.874777624118	102266.80187625
4	2951	151521.970953114065	105489.55548671
4	2979	152766.605116009447	106193.02923793
4	3299	170958.371112115417	117498.61231504
4	3356	174155.27013613071	120179.60714485
4	3419	177161.229371616353	122438.47381093
4	3433	178202.905690401529	123327.22284467
4	3531	182721.474158970376	126590.55535336
4	3553	183838.428533842524	125749.80962011
4	3564	184241.813509633502	125999.97437442
4	3817	197045.00318187449	136139.9644744
4	4130	213737.393753008657	145817.61835298
4	4311	223690.540754517282	154247.43343364
4	4386	227233.168863907198	156868.9960578
4	4446	229865.86543269616	157559.74056159
4	4478	231385.01282671627	158538.15381578
4	4671	240390.350180614483	162958.7926227
4	4730	242761.4317361654	164127.017233
4	4740	243100.12263802972	164547.94498265
4	4793	245864.297934204084	166678.0129925
4	5144	263344.14755795312	179042.01218331

