version 2
run Iteration-73-20200521-09:55:43-72104
attr configname Iteration
attr datetime 20200521-09:55:43
attr experiment Iteration
attr inifile omnetpp.ini
attr iterationvars "$i=8, $j=4, $0=15-(8+4)"
attr iterationvarsf i=8,j=4,15-(8+4)-
attr measurement "$i=8, $j=4, $0=15-(8+4)"
attr network Network
attr processid 72104
attr repetition 0
attr replication #0
attr resultdir results
attr runnumber 73
attr seedset 73
itervar i 8
itervar j 4
param **.resourcePool.amount 8
param **.resourcePool1.amount 4
param **.resourcePool2.amount 15-(8+4)
param **.source.interArrivalTime exponential(6min)
param **.delay.delay uniform(4min,28min)
param **.delay1.delay uniform(10min,28min)
param **.delay2.delay uniform(4min,16min)
param **.allocate.resourceModuleName "\"Network.resourcePool\""
param **.allocate1.resourceModuleName "\"Network.resourcePool1\""
param **.allocate2.resourceModuleName "\"Network.resourcePool2\""
param **.deallocate.resourceModuleName "\"Network.resourcePool\""
param **.deallocate1.resourceModuleName "\"Network.resourcePool1\""
param **.deallocate2.resourceModuleName "\"Network.resourcePool2\""
param **.router.randomGateIndex "uniform(0, 1) > 0.2 ? 0 : 1"

vector 0 Network.allocate queueLength:vector ETV
attr interpolationmode sample-hold
attr title "queue length, vector"
vector 1 Network.allocate1 queueLength:vector ETV
attr interpolationmode sample-hold
attr title "queue length, vector"
vector 2 Network.allocate2 queueLength:vector ETV
attr interpolationmode sample-hold
attr title "queue length, vector"
vector 3 Network.sinkStat lifeTime:vector ETV
attr interpolationmode none
attr title "lifetime of arrived jobs, vector"
attr unit s
vector 4 Network.sink lifeTime:vector ETV
attr interpolationmode none
attr title "lifetime of arrived jobs, vector"
attr unit s
0	0	0	0
0	1333	30824.140201444467	1
0	1335	30886.326092883237	0
0	1345	30966.223486778697	1
0	1352	30995.37069023122	2
0	1354	31227.552303510406	1
0	1371	31561.783606988541	2
0	1373	31564.033517567326	1
0	1377	31570.994128003708	0
0	3520	87563.845048411021	1
0	3522	87564.027462788758	0
0	11177	270951.052768609278	1
0	11183	271084.427791971043	0
1	0	0	0
1	40	1895.040785946329	1
1	43	1957.45667594821	2
1	49	2399.862127503327	3
1	51	2502.410679955326	2
1	56	2792.616771608465	1
1	62	2881.966715381004	2
1	64	2913.215363901682	1
1	80	3218.786513985282	0
1	163	5030.749871003222	1
1	166	5095.992088557378	2
1	168	5125.045916347527	1
1	174	5265.951034618392	2
1	177	5387.130650763602	3
1	186	6120.277117241868	2
1	194	6151.042259025005	1
1	199	6380.667347265471	0
1	231	7098.566147771739	1
1	233	7111.82478914975	0
1	252	7337.155051217952	1
1	254	7402.040201273364	0
1	271	7552.939358640895	1
1	273	7840.438321550533	0
1	317	8501.100184082378	1
1	319	8523.769494482472	0
1	325	8535.732494571179	1
1	334	8771.277282453096	2
1	340	8791.012508942392	1
1	349	9116.597264569799	0
1	381	10104.554742635636	1
1	386	10164.869254111468	0
1	423	11084.335464072588	1
1	425	11123.680311572894	0
1	445	11500.681181699035	1
1	450	11538.158806294259	0
1	516	13043.789086637415	1
1	524	13206.942733053174	0
1	530	13293.293368850262	1
1	536	13391.557242173571	2
1	545	13792.669226251477	1
1	554	14018.761960509456	0
1	560	14142.576392078622	1
1	563	14163.449595429968	2
1	565	14308.250764765327	1
1	571	14438.703696835765	2
1	578	14498.639753837966	3
1	580	14605.456443263274	2
1	599	15135.884546915551	1
1	605	15250.695123605095	2
1	607	15295.211008548671	1
1	615	15420.038716794979	0
1	713	17052.638291232898	1
1	715	17061.176450319017	0
1	721	17317.049325484359	1
1	732	17371.289103567989	2
1	735	17403.292092447338	3
1	738	17427.311292331015	4
1	740	17440.117744255608	3
1	745	17480.001493079279	2
1	756	17615.205090267023	1
1	772	18263.3351193903	0
1	855	19477.68693919013	1
1	862	19747.124389751628	2
1	865	19869.161851690524	3
1	868	19946.194531838267	4
1	871	20064.438514265659	5
1	873	20171.22688800845	4
1	879	20285.460873515397	5
1	884	20358.194503757529	4
1	889	20361.523160934261	3
1	909	20839.026310689674	4
1	911	20911.477131243224	3
1	916	20983.072568375044	2
1	922	21093.352158142711	3
1	931	21262.871825907414	2
1	937	21422.929262724058	3
1	950	21732.843900445276	2
1	959	22002.679632436297	1
1	965	22025.074170427616	2
1	967	22125.22219354104	1
1	972	22331.496540536533	0
1	1135	27314.39643025554	1
1	1140	27388.67121714349	0
1	1170	27907.384726832757	1
1	1173	27983.591118829706	2
1	1180	28250.501206053625	3
1	1183	28317.34669969682	4
1	1188	28383.412554432991	3
1	1194	28543.901646206026	4
1	1197	28664.992328941439	5
1	1202	28843.186876789212	4
1	1207	28893.521659217729	3
1	1213	28998.059557248972	4
1	1218	29184.973955126981	3
1	1236	29385.063457480985	2
1	1240	29448.532371331483	1
1	1244	29512.276426732494	0
1	1249	29617.679610573869	1
1	1270	29814.167666289617	2
1	1284	30186.749208771775	3
1	1287	30275.264475300676	4
1	1305	30594.218448252771	3
1	1313	30666.799636908352	2
1	1319	30705.367297798375	3
1	1321	30732.102192707314	2
1	1329	30788.534367727618	1
1	1337	30886.326092883237	2
1	1340	30924.09249264697	3
1	1356	31227.552303510406	4
1	1358	31420.609024772923	3
1	1367	31498.33614167939	2
1	1375	31564.033517567326	3
1	1379	31570.994128003708	4
1	1382	31582.896021925695	5
1	1393	31677.958666660883	6
1	1396	31688.178092353728	7
1	1399	31771.416251791162	8
1	1409	32086.865182129089	7
1	1415	32115.872383132569	8
1	1422	32222.693951196261	9
1	1425	32250.436938943879	10
1	1427	32310.564931013167	9
1	1435	32455.148377223443	8
1	1444	32701.144528623624	7
1	1450	32766.060197974243	8
1	1457	33222.471773391475	9
1	1459	33230.478045164153	8
1	1464	33302.871519076209	7
1	1477	33452.251829671802	8
1	1479	33596.146884711413	7
1	1488	33659.58720285574	6
1	1505	34271.540574515741	5
1	1510	34360.27324704635	4
1	1522	34643.939309079677	3
1	1534	34927.634373941813	2
1	1544	34998.166606219986	3
1	1553	35095.208634755085	4
1	1563	35415.86177150394	3
1	1569	35537.13324576072	4
1	1571	35553.839403047581	3
1	1579	35794.239320252593	2
1	1589	35927.682306391701	3
1	1598	36005.413561101957	2
1	1604	36029.612811240898	3
1	1612	36222.169546314061	2
1	1621	36542.495025856514	3
1	1636	36754.658799552326	4
1	1638	36857.396462495794	3
1	1644	36903.789529014933	4
1	1653	37090.365025137211	5
1	1655	37119.638757706191	4
1	1660	37122.43781228225	3
1	1665	37429.497418526514	2
1	1679	37536.772014178147	3
1	1691	38143.442977714708	2
1	1696	38221.479802793394	1
1	1701	38362.274362395064	0
1	1711	38538.445402171915	1
1	1714	38613.719205598049	2
1	1723	38934.570499166271	1
1	1729	38976.707635878426	2
1	1731	38977.984020264773	1
1	1750	39381.36496273851	0
1	1791	40011.083773516994	1
1	1793	40054.487346495073	0
1	1799	40103.452535784452	1
1	1806	40328.29562478695	2
1	1808	40402.486158771932	1
1	1816	40470.716820071808	0
1	2016	47518.840313562119	1
1	2023	47671.394302699826	2
1	2025	47988.358848371554	1
1	2033	48021.88240775856	0
1	2050	48355.627621695529	1
1	2059	48458.746949768565	0
1	2065	48570.080896447379	1
1	2067	48630.762885390025	0
1	2098	49235.660176590299	1
1	2100	49378.952674965385	0
1	2163	50514.795107662412	1
1	2166	50516.724724421117	2
1	2171	50938.588537621867	1
1	2180	51079.120531953805	0
1	2189	51467.011734101997	1
1	2195	51706.550565171388	0
1	2257	53098.177279719798	1
1	2259	53142.499388703596	0
1	2350	56180.749498413536	1
1	2352	56277.996795352924	0
1	2369	56600.628773859063	1
1	2378	56855.355322421037	0
1	2605	62619.36659529965	1
1	2611	62891.454215291593	2
1	2616	63108.602298274966	1
1	2621	63166.163603120986	0
1	2627	63274.634714974578	1
1	2629	63461.807249634691	0
1	2642	63511.950364380218	1
1	2644	63556.916260039001	0
1	2650	63681.749655215687	1
1	2660	63870.099078966634	0
1	2880	70909.175678086271	1
1	2886	71387.419645644508	0
1	2977	73857.889545781219	1
1	2980	73962.251422944044	2
1	2982	74056.359490517235	1
1	2988	74218.355375616974	2
1	2990	74407.606919129825	1
1	2995	74441.353218221829	0
1	3001	74501.881426212873	1
1	3004	74599.312019277959	2
1	3007	74600.215019426906	3
1	3009	74632.315959864679	2
1	3014	74934.224292563221	3
1	3028	75046.905155229828	2
1	3033	75081.84816836164	1
1	3053	75784.208883750094	2
1	3063	75891.582976653624	1
1	3068	75955.992684958211	0
1	3074	76046.031669580637	1
1	3079	76106.968448629395	0
1	3093	76309.27080185923	1
1	3099	76592.748935263563	2
1	3101	76633.7506016637	1
1	3107	76806.086000159723	2
1	3112	76838.984569722579	1
1	3125	77184.001125990797	0
1	3235	80652.45014230004	1
1	3244	80735.196048901226	2
1	3246	80751.479607583109	1
1	3252	80938.914821914509	2
1	3255	80939.298931740314	3
1	3257	80991.351446167683	2
1	3262	81291.349820611475	1
1	3270	81485.727521225429	0
1	3294	81986.577952791399	1
1	3297	82048.2115503398	2
1	3303	82368.207896105099	1
1	3308	82387.912196491962	0
1	3351	83487.259784290086	1
1	3354	83511.905805454861	2
1	3361	83543.26744737424	3
1	3366	83753.83803105456	2
1	3374	83855.006147774985	1
1	3393	84542.195667418553	0
1	3399	84570.877769484851	1
1	3401	84607.588766648551	0
1	3431	85389.383052709203	1
1	3440	85707.479092691927	0
1	3547	88063.094033329122	1
1	3553	88245.833432585539	2
1	3555	88257.584814595932	1
1	3561	88299.284873382089	2
1	3570	88590.696238438019	3
1	3575	88667.267205479117	2
1	3581	88700.988442684749	3
1	3584	88880.623790675079	4
1	3587	89008.036721473947	5
1	3589	89103.473299593565	4
1	3595	89108.781776972356	5
1	3601	89203.391150399862	4
1	3606	89381.300581105927	3
1	3623	89644.526087538541	4
1	3626	89665.264425320567	5
1	3632	89765.98198744177	6
1	3634	89823.558088500546	5
1	3647	89939.469690780056	4
1	3658	90150.115958038537	3
1	3667	90282.482055718983	4
1	3670	90447.586155868753	5
1	3675	90576.127013825712	4
1	3684	90663.922244167449	3
1	3694	90790.696002576158	4
1	3700	90933.521111494804	3
1	3709	91028.613402895449	2
1	3723	91498.910644235556	3
1	3729	91688.013799254001	4
1	3731	91721.076451557631	3
1	3736	91749.212506466108	2
1	3741	91829.333764250291	1
1	3750	91926.935931328504	0
1	3755	91988.970197672023	1
1	3772	92617.342686984508	0
1	3857	94075.775147136882	1
1	3864	94281.273579313268	2
1	3872	94590.529753867817	1
1	3881	94665.695462147013	0
1	3909	95365.583315278972	1
1	3912	95463.581943456537	2
1	3914	95484.336463144807	1
1	3923	95822.712519554702	0
1	3944	96010.10896157015	1
1	3969	96600.967919669473	0
1	4009	97425.358174655222	1
1	4020	97720.962562685424	2
1	4023	97736.409198946327	3
1	4026	97842.907299105563	4
1	4028	97861.198016468337	3
1	4037	97941.060400792757	2
1	4042	98039.362229177445	1
1	4047	98056.875822190889	0
1	4058	98220.108769270106	1
1	4077	98943.200795592642	0
1	4095	99522.261864461385	1
1	4097	99612.281944082478	0
1	4223	103007.565872669508	1
1	4236	103219.036628886291	2
1	4239	103293.995323677185	3
1	4241	103323.191152766615	2
1	4247	103481.956172768996	3
1	4250	103501.269746713509	4
1	4252	103537.857498203579	3
1	4260	103721.342783233186	2
1	4265	103722.806186516356	3
1	4273	103788.740778703171	4
1	4275	103839.27622012191	3
1	4295	104151.727811474318	4
1	4297	104285.799421074137	3
1	4305	104594.96608803377	2
1	4315	104671.785993229708	3
1	4325	104852.142114884395	2
1	4340	105244.74531689476	1
1	4346	105297.751645911373	2
1	4348	105327.72282897823	1
1	4354	105328.720654921266	2
1	4361	105531.998356482469	3
1	4370	105934.16312247332	2
1	4379	105963.198281994358	1
1	4385	105999.627414923655	2
1	4387	106300.546767770488	1
1	4393	106379.18033904024	2
1	4399	106644.365873572905	1
1	4412	106882.735340630671	0
1	4501	109967.782487368258	1
1	4507	110190.303772148073	2
1	4510	110291.4864042664	3
1	4512	110372.931360296892	2
1	4520	110756.080549349679	1
1	4526	110891.74519100384	2
1	4529	110898.789116784347	3
1	4536	111127.364619976157	4
1	4538	111225.716304365981	3
1	4543	111300.411778916189	2
1	4549	111344.039834307844	3
1	4557	111641.437318122001	2
1	4569	111816.454400578184	1
1	4585	112255.764214773247	0
1	4611	112812.111520146554	1
1	4614	112899.187789978518	2
1	4617	112999.982949099367	3
1	4619	113084.845219971282	2
1	4627	113254.148786749677	1
1	4637	113469.362852963735	2
1	4642	113558.478143107662	1
1	4657	113853.600742246247	0
1	4727	115059.09160975937	1
1	4740	115580.010135131577	0
1	4858	117903.845981262877	1
1	4863	118102.189994992248	0
1	4893	118903.76302650572	1
1	4896	118941.798881398678	2
1	4898	118981.776329845913	1
1	4907	119463.247625117144	0
1	5002	121628.110643392448	1
1	5004	121858.547982775102	0
1	5010	121893.613959804196	1
1	5013	121897.499809490536	2
1	5015	122223.513039136958	1
1	5020	122284.708737456829	0
1	5026	122463.087124834194	1
1	5029	122580.139484125708	2
1	5032	122604.583658774441	3
1	5035	122720.349792492288	4
1	5037	122746.224546240829	3
1	5050	123012.486162950006	2
1	5062	123273.99851237017	1
1	5071	123391.857520888055	0
1	5081	123567.285979663988	1
1	5094	123749.417262916174	0
1	5417	135505.428223054863	1
1	5426	135775.874270409648	2
1	5433	135917.489260392364	3
1	5436	136025.365263831889	4
1	5442	136096.086071766629	3
1	5454	136490.654802722676	2
1	5460	136584.119220589476	3
1	5462	136647.840023960496	2
1	5467	137094.943671687268	1
1	5494	137588.339877084172	2
1	5496	137626.931925546094	1
1	5501	137646.100855283259	0
1	5510	137770.11712617792	1
1	5513	137889.197249498069	2
1	5519	137990.892472048052	1
1	5524	138080.633986273358	0
1	5533	138177.821474586095	1
1	5540	138538.475348139335	2
1	5546	138770.950517458557	1
1	5551	138887.35062051336	0
1	5561	139129.156903524315	1
1	5563	139302.25600800459	0
1	5672	141573.464554617026	1
1	5683	142274.509391207229	2
1	5688	142359.796401686091	1
1	5693	142412.233474589092	0
1	5738	143032.093197446585	1
1	5751	143385.428681155677	0
1	5763	143729.368223646861	1
1	5772	143778.698567472527	2
1	5774	143828.6525572511	1
1	5780	143910.509942077932	2
1	5783	143951.17069840202	3
1	5785	143982.843888885481	2
1	5791	144010.352767454582	3
1	5797	144297.516924502338	2
1	5802	144329.808484209462	1
1	5812	144700.11363223018	2
1	5826	145108.363519427423	1
1	5832	145177.935844849972	2
1	5835	145192.842183823445	3
1	5838	145307.318925100016	4
1	5840	145343.548521544545	3
1	5845	145634.988932347996	2
1	5861	145857.729007048542	1
1	5870	146072.932589171215	0
1	5980	148998.760513373536	1
1	5983	149151.201976903447	2
1	5986	149262.566707888153	3
1	5988	149264.730823089064	2
1	5996	149490.428958358122	1
1	6001	149622.075649468404	0
1	6111	152227.826138983046	1
1	6114	152279.65085260992	2
1	6126	152839.127078228574	1
1	6134	153008.604959400023	0
1	6191	154228.012500092966	1
1	6198	154254.00228056971	2
1	6200	154312.81366010348	1
1	6206	154325.437622442613	2
1	6209	154462.821236893808	3
1	6220	154684.467120534595	4
1	6222	154799.342091268976	3
1	6231	154983.653099175575	4
1	6233	155158.313682452278	3
1	6238	155395.520222941225	2
1	6250	155781.205740283827	1
1	6259	156138.024770141696	0
1	6272	156317.650542886599	1
1	6281	156627.548805233525	0
1	6291	156742.13756825932	1
1	6293	156973.857357548361	0
1	6411	159981.448365631261	1
1	6417	160315.562885441032	0
1	6426	160502.635104806002	1
1	6428	160586.536326565598	0
1	6452	160958.873673229463	1
1	6454	160988.94002966188	0
1	6484	161598.008096580175	1
1	6487	161606.660967488236	2
1	6498	161710.050278388713	1
1	6503	161763.517449237552	0
1	6525	162325.293072910852	1
1	6527	162335.427988316641	0
1	6544	162485.14110386334	1
1	6547	162689.882388310149	2
1	6557	162909.917973261472	1
1	6563	162996.601802775806	2
1	6565	163068.050106163404	1
1	6571	163107.984065331628	2
1	6573	163189.677937312571	1
1	6587	163304.034016345231	2
1	6597	163618.892863444761	1
1	6602	163638.118060939159	0
1	6705	165886.581216875377	1
1	6707	165893.532390659584	0
1	6713	165984.891006251164	1
1	6716	166012.280911906195	2
1	6719	166014.856029141036	3
1	6721	166076.777003271441	2
1	6734	166286.416883842017	3
1	6746	166468.194579933665	2
1	6756	166619.691361729019	3
1	6762	166834.13718299579	4
1	6767	167094.77655155019	3
1	6773	167200.088947389702	4
1	6778	167247.734173629726	3
1	6795	167362.881562931515	4
1	6798	167453.084445382017	5
1	6800	167487.564405184148	4
1	6810	167715.925454637223	5
1	6815	167800.198727087013	4
1	6820	167803.520417058776	3
1	6835	168102.319710618178	2
1	6841	168138.644714347846	3
1	6850	168432.099436675094	2
1	6855	168455.905105009611	1
1	6872	168695.039509497824	2
1	6875	168868.569722455268	3
1	6889	169075.90348418615	4
1	6892	169102.760762160984	5
1	6894	169126.330394530578	4
1	6900	169135.613260957348	5
1	6903	169135.675528050976	6
1	6905	169332.639614250804	5
1	6923	169524.359189517732	4
1	6929	169631.220286904092	5
1	6931	169756.240234053589	4
1	6947	170031.514189962739	5
1	6958	170151.482149014738	6
1	6960	170223.138098515506	5
1	6966	170345.143210052122	6
1	6971	170467.074516909106	5
1	6980	170600.637992551679	6
1	6987	170758.436155285541	7
1	6989	170766.006753146942	6
1	6995	170907.832802784433	7
1	7005	171277.44709203202	8
1	7007	171404.710710341938	7
1	7012	171590.468190148409	6
1	7025	171730.064024608876	5
1	7034	171959.03041949468	6
1	7036	172105.778389312236	5
1	7046	172206.719570809492	6
1	7052	172452.970755864229	5
1	7072	172901.401592218213	4
1	7084	173063.134959222685	3
1	7094	173096.674785054034	4
1	7100	173216.01785617345	5
1	7106	173272.396073538752	6
1	7109	173513.030834546582	7
1	7112	173539.190304224018	8
1	7121	173643.025578158271	7
1	7133	173756.096082497297	6
1	7143	173975.227866976309	7
1	7145	174000.499955038436	6
1	7151	174111.177433419461	7
1	7154	174302.947694238035	8
1	7156	174428.086879284989	7
1	7169	174791.792815262361	6
1	7175	174828.296794809447	7
1	7177	174949.948710175526	6
1	7189	175100.965202669509	5
1	7195	175174.619165412976	6
1	7197	175391.802120314848	5
1	7220	175936.973441708742	4
1	7231	176152.321492210326	3
1	7241	176204.113380243403	4
1	7257	176580.574509524636	3
1	7263	176602.081528519858	4
1	7266	176732.617225106839	5
1	7268	176932.230276524958	4
1	7274	176981.615411594512	5
1	7281	177104.46186071149	6
1	7287	177430.071984389706	5
1	7292	177433.688224381663	4
1	7297	177454.051305987236	3
1	7303	177538.061643656077	4
1	7309	177584.484490336525	5
1	7345	178369.910218426124	6
1	7347	178399.023878518401	5
1	7352	178430.047032399041	4
1	7361	178642.612866644618	5
1	7364	178718.032822620846	6
1	7370	178833.678005887491	5
1	7375	178895.836593205936	4
1	7381	178966.816113285297	5
1	7384	179009.024598926295	6
1	7387	179175.867509878602	7
1	7394	179258.790920473519	8
1	7401	179399.765015884509	9
1	7410	179633.439784217921	8
1	7418	179909.199983468188	7
1	7424	179927.208495977661	8
1	7426	179998.391134304864	7
1	7442	180418.083907575242	6
1	7451	180570.42907828456	5
1	7457	180605.32146429054	6
1	7459	180646.322725769428	5
1	7476	181016.399588207944	6
1	7478	181036.424685181014	5
1	7487	181127.660821102498	4
1	7493	181213.591406110858	5
1	7499	181565.45611533735	6
1	7508	181827.951784823386	5
1	7520	182075.126433530731	4
1	7525	182107.42920680338	3
1	7533	182292.346686166607	2
1	7550	182544.81502049415	3
1	7553	182644.599135333932	4
1	7559	182721.890138475163	3
1	7567	182911.373025374783	2
1	7573	182969.2143110323	3
1	7586	183200.60463998922	2
1	7595	183268.331399829583	3
1	7598	183332.530670404708	4
1	7605	183532.526858440668	5
1	7610	183696.291431793852	4
1	7616	183853.832824221509	5
1	7625	184058.828007358996	4
1	7637	184347.051494270859	3
1	7643	184469.1983204088	4
1	7653	184717.801560195101	3
1	7658	184813.085662522249	2
1	7664	184813.596222085266	3
1	7667	184875.772299592587	4
1	7676	185106.199601171447	3
1	7688	185584.229278127028	2
1	7694	185639.839540961679	3
1	7700	185730.190610842717	2
1	7706	185801.012842793539	3
1	7720	186268.202242952466	4
1	7722	186332.602197094716	3
1	7728	186352.607454918123	4
1	7737	186751.509674666358	3
1	7742	186855.855513581944	2
1	7753	187210.200661002024	1
1	7772	187676.120286020346	0
1	7807	188083.805275160093	1
1	7810	188168.615833911576	2
1	7813	188212.951695546213	3
1	7815	188252.043803902252	2
1	7820	188396.389997322409	1
1	7825	188466.546695805051	0
1	7831	188471.475883725412	1
1	7837	188863.757180912265	2
1	7839	188896.528593292369	1
1	7852	189072.588570501298	2
1	7862	189287.065560552188	1
1	7871	189396.86358122656	2
1	7873	189451.200183522342	1
1	7881	189639.054337870626	0
1	7894	189777.242283039035	1
1	7910	189997.775874752461	0
1	7920	190145.723625535149	1
1	7926	190330.021083429215	2
1	7929	190449.052416113434	3
1	7932	190502.589060264893	4
1	7935	190573.649581140807	5
1	7937	190577.020943165122	4
1	7943	190627.308676501446	5
1	7952	190794.944532718419	4
1	7957	190800.835940683646	3
1	7962	190910.156402070903	2
1	7967	190916.42907934166	3
1	7978	191195.08305023454	2
1	7983	191482.556544499857	1
1	7996	191916.20354656121	0
1	8020	192456.256275885788	1
1	8034	192782.463397207035	0
1	8195	197622.700673096792	1
1	8204	197814.863555293732	2
1	8209	198033.914411549242	1
1	8226	198090.138525409649	2
1	8229	198268.027111520581	3
1	8236	198458.934170311275	4
1	8241	198580.628056572535	3
1	8247	198651.66648227523	4
1	8250	198721.671142439025	5
1	8255	198990.54651909283	4
1	8260	199073.937915756153	3
1	8265	199089.861073098709	2
1	8274	199325.453244680324	1
1	8287	199514.984978267821	2
1	8290	199657.471406542308	3
1	8300	199768.723761260124	2
1	8305	199957.845871485555	1
1	8318	200015.35437219161	2
1	8331	200431.553267976784	3
1	8333	200514.228403387224	2
1	8345	200532.793304879688	3
1	8347	200630.929806555407	2
1	8360	200876.045572918281	3
1	8363	200969.868476571778	4
1	8365	200976.010137645142	3
1	8381	201156.220498531842	2
1	8387	201189.830929165702	3
1	8390	201249.159608902546	4
1	8393	201348.649960891057	5
1	8395	201362.808096973943	4
1	8400	201494.837745600944	3
1	8418	202056.525469488087	4
1	8427	202206.821673099669	3
1	8432	202238.465380955102	2
1	8437	202381.332042263606	1
1	8447	202630.795160801143	2
1	8459	202899.670985404017	1
1	8464	202905.302381986385	0
1	8470	202973.268105524345	1
1	8489	203537.088268070268	0
1	8502	203884.886161254452	1
1	8507	203946.674110814714	0
1	8529	204366.746162659986	1
1	8532	204375.51858136581	2
1	8534	204380.738929992157	1
1	8540	204435.590002265424	2
1	8546	204749.147573957937	1
1	8555	204988.624713899478	2
1	8561	205034.0839692221	1
1	8570	205088.585400488013	0
1	8579	205259.414966046579	1
1	8584	205433.654754634562	0
1	8614	206079.024409790667	1
1	8617	206204.942078396636	2
1	8620	206299.370733190893	3
1	8623	206312.291017245837	4
1	8632	206394.855855170575	5
1	8634	206424.109610437202	4
1	8639	206509.994103442663	3
1	8647	206610.350644077824	2
1	8653	206826.779090961906	3
1	8659	206892.339581090572	2
1	8679	207393.85794046253	3
1	8694	207702.776383917497	2
1	8700	207726.347952664057	3
1	8706	207760.002179110272	4
1	8708	208017.007510298649	3
1	8713	208046.546656970653	2
1	8719	208053.96027615316	3
1	8722	208072.526906582567	4
1	8724	208370.458534180733	3
1	8729	208381.792930323685	4
1	8748	208699.899243833058	5
1	8751	208700.725974253168	6
1	8754	208731.527743457067	7
1	8756	208762.924434337551	6
1	8761	208763.009981682242	5
1	8770	209153.360020236659	4
1	8780	209192.741524000893	5
1	8789	209279.305585042361	4
1	8800	209907.838895421091	3
1	8805	209956.668218970085	2
1	8810	210028.458024172415	3
1	8825	210290.391329761313	2
1	8830	210644.862423008094	1
1	8836	210668.450831128073	2
1	8841	210737.388990248341	1
1	8854	210932.841361171183	2
1	8860	210958.728109571801	1
1	8876	211358.299181393895	0
1	8892	211839.409032143916	1
1	8898	211986.157157970379	0
1	8904	212045.258488662543	1
1	8907	212181.510205268874	2
1	8909	212354.928817066152	1
1	8915	212439.972888722155	2
1	8922	212522.052943169024	3
1	8924	212531.4209660531	2
1	8936	213032.648014852393	1
1	8941	213167.699977298985	0
1	9048	216091.850754490837	1
1	9057	216453.256490951185	0
1	9117	217613.546411762049	1
1	9120	217629.339898253191	2
1	9125	217787.382218329017	1
1	9131	217842.313306899481	2
1	9138	217992.75449475769	3
1	9141	218065.875349645448	4
1	9143	218328.662166236721	3
1	9148	218395.441316214414	2
1	9157	218604.691450767	1
1	9169	218949.954462034973	0
1	9187	219240.457789707399	1
1	9201	219741.936953111576	0
1	9330	224095.971438522813	1
1	9333	224134.292606429195	2
1	9336	224221.224764612883	3
1	9339	224281.681844724509	4
1	9348	224479.677024044322	3
1	9357	224689.628758890772	4
1	9364	224870.558767172389	5
1	9366	224955.842382246323	4
1	9371	225118.201467869625	3
1	9393	225503.271410490076	4
1	9395	225519.933863663609	3
1	9404	225771.270672013922	4
1	9407	225782.643910322457	5
1	9410	225873.153757960906	6
1	9412	225904.542406851651	5
1	9422	225995.310642703082	6
1	9431	226159.399976804547	5
1	9436	226534.630761854172	4
1	9456	226827.977404900617	5
1	9459	226910.37107502361	6
1	9461	226918.181147537689	5
1	9466	226937.6221501904	4
1	9478	227067.290392950635	5
1	9499	227583.021301476991	6
1	9501	227600.501577118106	5
1	9507	227614.060739559494	6
1	9513	227657.002230273761	7
1	9523	227886.82438183258	8
1	9525	227920.792877374442	7
1	9534	227950.228758402879	8
1	9536	227999.14469192718	7
1	9541	228089.36918748499	6
1	9546	228216.472746776111	5
1	9551	228242.030901581479	6
1	9554	228287.89088935813	7
1	9566	228518.825720541982	8
1	9582	229060.541363749475	7
1	9587	229163.691442738782	6
1	9592	229332.492879217716	5
1	9598	229546.983854049274	6
1	9600	229561.458678021721	5
1	9605	229570.115591835742	6
1	9613	229745.495034556862	7
1	9618	229920.334076303552	6
1	9627	230021.564913436996	5
1	9640	230371.081422939719	4
1	9649	230632.929599415205	3
1	9664	230986.624305368896	2
1	9678	231144.413299277072	3
1	9680	231292.300116110819	2
1	9685	231434.056321559168	1
1	9695	231767.427408605715	2
1	9698	231781.418686311899	3
1	9707	231898.239591531278	2
1	9716	232075.161195098917	1
1	9725	232300.674184814738	2
1	9744	232776.029044855209	1
1	9749	232817.811079434745	0
1	9755	232853.703545489014	1
1	9757	232880.259358303847	0
1	9763	232917.159255804562	1
1	9773	233490.971412024955	0
1	9786	233561.197377198055	1
1	9792	233841.870588808946	0
1	9913	236991.980897594935	1
1	9918	237092.669668956624	0
1	9924	237353.313350434873	1
1	9927	237397.035337500383	2
1	9930	237469.892175930469	3
1	9933	237582.557760501229	4
1	9935	237705.572020585996	3
1	9940	237792.198602057931	2
1	9952	237978.892637617628	1
1	9973	238426.406797100149	2
1	9975	238642.531694988685	1
1	9980	238987.790764564586	0
1	10115	242344.274649203736	1
1	10127	242595.492588138332	0
1	10133	242633.035330762901	1
1	10136	242770.263496682308	2
1	10142	243095.641769580649	1
1	10148	243105.044372416452	2
1	10154	243213.238447519219	1
1	10163	243455.862555882086	0
1	10181	243965.475106389053	1
1	10183	244080.991829643132	0
1	10344	248888.683342150869	1
1	10346	249208.997459918183	0
1	10352	249365.645920691771	1
1	10365	249758.039058042028	0
1	10509	254777.787894891087	1
1	10515	254987.009827621855	0
1	10541	255350.42046598949	1
1	10547	255410.881677413529	2
1	10549	255458.874344974974	1
1	10559	255483.996122333315	2
1	10567	255768.422275260227	1
1	10577	255778.134157281096	2
1	10580	255888.395652240638	3
1	10586	256032.901706506141	2
1	10599	256308.277469308723	3
1	10601	256391.786602194769	2
1	10606	256493.70727936759	1
1	10615	256679.47237166798	2
1	10631	256824.189484896317	3
1	10634	256897.599595221831	4
1	10641	256971.7444067933	5
1	10647	257067.925757960764	4
1	10652	257206.179019697228	3
1	10661	257316.143762104858	4
1	10663	257329.903514320167	3
1	10669	257348.18967581857	4
1	10671	257430.139009437167	3
1	10676	257510.639993495819	4
1	10694	257884.590610834056	3
1	10707	258318.517990091352	4
1	10709	258404.683149662005	3
1	10719	258678.169079742628	4
1	10721	258724.183151125324	3
1	10726	258727.420889182591	2
1	10732	258920.823040682997	3
1	10740	259190.98949302941	2
1	10745	259250.93017135609	3
1	10756	259485.993931181865	2
1	10766	259853.139192317701	3
1	10772	259961.488202332163	2
1	10781	260179.337084944708	1
1	10790	260572.209296086939	0
1	10796	260578.188176614356	1
1	10802	260637.960972739602	0
1	10894	262816.011301174143	1
1	10897	262848.986064814628	2
1	10899	262888.760361589722	1
1	10904	262909.224680610139	0
1	10918	263209.195609560166	1
1	10920	263497.5965981319	0
1	10930	263603.561690125376	1
1	10941	263763.268943541685	2
1	10943	264044.521026455097	1
1	10955	264471.940130688568	0
1	11110	269321.936246803599	1
1	11116	269555.481013426913	2
1	11121	269819.189440541962	1
1	11126	269843.277564322364	0
1	11135	270060.755651179927	1
1	11137	270145.217060193278	0
1	11193	271148.707220895876	1
1	11196	271174.133197080607	2
1	11198	271457.489596064264	1
1	11204	271601.217179199063	2
1	11207	271601.439986227858	3
1	11214	271716.683336312595	4
1	11216	271799.702112085976	3
1	11221	271812.050235427246	2
1	11231	272149.330132823423	3
1	11237	272244.427772928522	2
1	11243	272335.748758266941	3
1	11245	272521.315622291589	2
1	11258	272845.45464181088	1
1	11263	273321.183448161789	0
1	11373	276735.888259353303	1
1	11378	276799.44965078706	0
1	11384	276816.140009252231	1
1	11386	276982.45844549031	0
2	0	0	0
2	275	7840.438321550533	1
2	280	7879.725970411737	0
2	286	7889.513467280258	1
2	291	8124.880329758477	0
2	617	15420.038716794979	1
2	619	15541.142192894649	0
2	758	17615.205090267023	1
2	760	17670.414551588061	0
2	789	18313.57938444371	1
2	792	18328.967421484908	2
2	794	18335.084565094027	1
2	811	18649.076628216913	0
2	974	22331.496540536533	1
2	976	22383.69792531993	0
2	982	22457.509675669843	1
2	984	22554.725183706158	0
2	1220	29184.973955126981	1
2	1225	29227.329832633379	0
2	1238	29385.063457480985	1
2	1242	29448.532371331483	2
2	1246	29512.276426732494	3
2	1254	29709.304444116086	2
2	1259	29758.642957994136	1
2	1264	29761.927520811512	0
2	1331	30788.534367727618	1
2	1347	30966.649477240983	0
2	1360	31420.609024772923	1
2	1362	31428.748985428317	0
2	1369	31498.33614167939	1
2	1384	31626.588233408063	0
2	1466	33302.871519076209	1
2	1468	33329.458107082676	0
2	1481	33596.146884711413	1
2	1483	33642.76813161741	0
2	1490	33659.58720285574	1
2	1492	33801.516462998942	0
2	1667	37429.497418526514	1
2	1669	37496.07895373042	0
2	1703	38362.274362395064	1
2	1705	38435.545302784548	0
2	1733	38977.984020264773	1
2	1735	39056.739403779165	0
2	1756	39474.735089621053	1
2	1766	39650.213644077955	2
2	1768	39681.70987854387	1
2	1773	39691.303129122164	0
2	2069	48630.762885390025	1
2	2071	48733.975147825677	0
2	2388	56995.756182000045	1
2	2390	57009.681489456821	0
2	2399	57297.434454922009	1
2	2405	57331.281654376913	0
2	2682	64582.279350877904	1
2	2684	64665.513100519348	0
2	2900	71835.446650979715	1
2	2906	72109.936851251654	2
2	2908	72232.868845730804	1
2	2916	72306.650439986343	0
2	3011	74632.315959864679	1
2	3016	74956.611902031756	0
2	3035	75081.84816836164	1
2	3037	75185.997610484696	0
2	3272	81485.727521225429	1
2	3274	81541.917084113812	0
2	3608	89381.300581105927	1
2	3613	89492.320499681768	0
2	3677	90576.127013825712	1
2	3679	90657.683977667062	0
2	3686	90663.922244167449	1
2	3688	90674.696365554379	0
2	3743	91829.333764250291	1
2	3745	91836.72733468836	0
2	3752	91926.935931328504	1
2	3760	92351.154547498124	0
2	3792	92954.384878526005	1
2	3794	93020.444626637297	0
2	3990	97174.176814268135	1
2	3996	97220.51240160259	0
2	4049	98056.875822190889	1
2	4060	98227.106412352422	0
2	4262	103721.342783233186	1
2	4267	103745.787570897521	0
2	4277	103839.27622012191	1
2	4279	103928.831047743827	0
2	4307	104594.96608803377	1
2	4309	104630.56712511185	0
2	4559	111641.437318122001	1
2	4564	111655.661686928613	0
2	4571	111816.454400578184	1
2	4573	111925.88261558167	0
2	4591	112494.867412081424	1
2	4593	112525.263285850776	0
2	4682	114508.159637334341	1
2	4692	114676.944665768785	2
2	4701	114729.003226856924	1
2	4706	114881.378888797001	0
2	4761	116220.194247529896	1
2	4763	116221.524676433453	0
2	4776	116322.403196811348	1
2	4782	116616.768761891144	0
2	4796	117003.38282849675	1
2	4798	117111.116197425144	0
2	4920	119608.325011735556	1
2	4922	119715.88097059054	0
2	4928	119717.6201162569	1
2	4930	119865.823685393623	0
2	5039	122746.224546240829	1
2	5041	122774.181210078726	0
2	5703	142491.054028168112	1
2	5718	142714.990951865119	0
2	5804	144329.808484209462	1
2	5806	144641.430578515921	0
2	6148	153404.161858752921	1
2	6150	153475.913619891512	0
2	6156	153530.738648311179	1
2	6158	153749.188489043098	0
2	6575	163189.677937312571	1
2	6577	163199.986861980339	0
2	6647	164601.117216260881	1
2	6649	164602.246759769095	0
2	6857	168455.905105009611	1
2	6859	168489.240182405631	0
2	7199	175391.802120314848	1
2	7201	175452.946085715961	0
2	7535	182292.346686166607	1
2	7537	182358.559472952334	0
2	7841	188896.528593292369	1
2	7843	188907.827125415503	0
2	7883	189639.054337870626	1
2	7885	189753.107869424312	0
2	7964	190910.156402070903	1
2	7969	191007.414328921883	0
2	7985	191482.556544499857	1
2	7987	191662.58170990303	0
2	8267	199089.861073098709	1
2	8269	199237.214166698762	0
2	8276	199325.453244680324	1
2	8281	199499.623371573882	0
2	8402	201494.837745600944	1
2	8404	201649.925933664279	0
2	8726	208370.458534180733	1
2	8731	208452.017793796675	0
2	8807	209956.668218970085	1
2	8812	210093.723480028647	0
2	8843	210737.388990248341	1
2	8848	210907.266267826567	0
2	8947	213212.97873151188	1
2	8949	213273.342566403348	0
2	8959	213718.739116659107	1
2	8961	213903.420654160518	0
2	9548	228216.472746776111	1
2	9556	228438.872322419883	0
2	9602	229561.458678021721	1
2	9607	229571.330646835089	0
2	9620	229920.334076303552	1
2	9622	229956.988385635923	0
2	9629	230021.564913436996	1
2	9631	230228.916246779085	0
2	9994	239137.361437814052	1
2	9996	239227.377428295987	0
2	10673	257430.139009437167	1
2	10678	257760.531457998076	0
2	10742	259190.98949302941	1
2	10747	259266.142726261305	0
2	10922	263497.5965981319	1
2	10924	263562.380614803981	0
2	10965	264692.535960387615	1
2	10970	264830.045592814915	0
3	71	3172.106712267093	2801.6122446489
3	78	3206.44980411964	2299.2153507192
3	107	3805.333648678489	3303.6903389264
3	123	4010.875917908095	2707.1663517839
3	134	4445.19225664731	2385.1053131024
3	156	4832.72751366777	3496.6815031382
3	181	5836.807939729416	2278.1103414763
3	206	6400.106163763204	2932.8249202054
3	224	6831.239564745181	2631.7497065943
3	228	6839.614941949574	3646.2451917306
3	249	7242.083871560235	3986.2845289428
3	283	7879.725970411737	3247.1266503752
3	294	8124.880329758477	4496.7101011525
3	298	8125.828243689675	2024.5481249214
3	306	8308.480306680078	3563.2354827091
3	338	8784.969597306651	2043.6369861881
3	363	9411.027950693468	2215.9498912375
3	367	9601.977550535109	3115.5735680088
3	397	10277.799711597539	3155.141130751
3	405	10545.686414438456	2667.2304118311
3	417	10723.737357024681	3182.3079778735
3	432	11338.606757766182	3417.7958395627
3	442	11472.666583062306	2741.7426931632
3	468	11926.683613576051	3197.7653694805
3	472	12158.867440187528	2038.6865978502
3	490	12330.594608429009	3179.7984799091
3	498	12589.167181940953	2842.0286186691
3	543	13744.511428821888	2799.2115536444
3	552	13830.128341294627	2394.3932954594
3	587	14607.710391673482	2771.6277423967
3	591	14942.591766722982	3412.0869140234
3	622	15541.142192894649	3321.7934254601
3	637	15719.501946008315	2552.880526398
3	649	16009.564525971245	2645.4860723699
3	659	16123.140674353801	3855.6148669472
3	710	16919.269376073089	1909.4307877537
3	725	17320.623890900919	4144.0952953967
3	729	17340.769191879208	2247.7005386073
3	763	17670.414551588061	2277.8026010748
3	767	17941.608104055439	2256.1572058406
3	779	18291.169958274609	2207.4314196222
3	797	18335.084565094027	2182.9365483773
3	814	18649.076628216913	1983.6914183462
3	830	19138.603081999633	3106.855949124
3	837	19190.391767175559	2983.3644799751
3	903	20677.599415127001	3107.4044867232
3	929	21121.307186901604	3526.5318863746
3	941	21510.166704333748	3437.3421786167
3	945	21519.015685386383	2952.874357388
3	957	21859.318909820204	3225.0765158618
3	979	22383.69792531993	3220.4018193008
3	987	22554.725183706158	3199.6211629062
3	991	22622.772538102976	4315.7884652302
3	1014	23343.287103518878	2247.9896695053
3	1040	24029.840118328935	2350.8181112073
3	1085	26130.455022721987	2381.6053086799
3	1106	26648.584637238637	3825.9714197461
3	1167	27872.200215414121	1734.8788483255
3	1177	28207.66934239109	2555.1207536459
3	1257	29709.304444116086	3916.0363748018
3	1262	29758.642957994136	2439.1055689387
3	1267	29761.927520811512	3372.7755297257
3	1274	30047.942683950021	2244.5670750828
3	1278	30090.319590923729	3156.7524875877
3	1297	30434.077056922496	3009.6685441931
3	1365	31428.748985428317	3824.2737779308
3	1403	31855.840072875265	5067.7550427323
3	1407	32000.112653627946	2811.566812061
3	1442	32558.351777234469	3753.078153968
3	1454	33031.547527663887	3680.5666676284
3	1471	33329.458107082676	4301.5753468336
3	1486	33642.76813161741	3943.3801332309
3	1499	34087.849948021129	3534.942517641
3	1503	34250.748946527522	3320.7348290278
3	1520	34457.190137293143	3712.8925071619
3	1532	34905.879303330509	4523.3082950127
3	1541	34959.111352963876	4788.5810591406
3	1557	35170.615017261833	4791.5230118965
3	1561	35273.190819268469	4808.1933251767
3	1586	35912.416807721724	4946.193320943
3	1596	35989.587240243807	4352.714819692
3	1625	36589.382846739097	5765.2426452946
3	1629	36671.343555674459	5109.5599486859
3	1672	37496.07895373042	2443.0760082159
3	1676	37502.175368574019	4091.1848602835
3	1708	38435.545302784548	3998.5000694394
3	1738	39056.739403779165	4045.351680864
3	1742	39074.448580230942	4307.1827234829
3	1771	39681.70987854387	3507.9528385192
3	1776	39691.303129122164	3543.3882937244
3	1788	39957.136348318811	3015.3957612979
3	1803	40312.163904333965	4377.4621086667
3	1823	40581.976409247648	2521.0649790687
3	1835	40941.854739333063	2816.6782673355
3	1843	41119.20715770813	4123.0774121535
3	1850	41286.971303690728	1909.3314760435
3	1895	42841.025016869656	2422.5862840097
3	1933	44412.884976899732	2485.065576816
3	1941	44560.080546446671	2579.2416010704
3	1945	44690.628651945437	2594.742124686
3	1963	45760.164037786466	1791.7971828114
3	2057	48395.101944003429	2624.0930636879
3	2081	48938.894735741369	2034.2637114041
3	2091	49023.378750782718	2216.7832120042
3	2095	49087.474470675934	2945.0148269654
3	2124	49811.423045366082	3496.0301798564
3	2128	49968.900646341389	3227.6533174049
3	2140	50072.78580396337	2068.7817215219
3	2160	50462.426606898207	2083.0262181729
3	2178	51040.42250716145	2980.1960639946
3	2193	51649.553706545007	2078.33968319
3	2213	52037.722481969678	3056.4732220396
3	2238	52585.36358782004	3090.5561524909
3	2242	52591.614998608452	3670.5366752519
3	2274	53616.306685866308	2374.6396175679
3	2282	54087.990865973157	3478.5206770164
3	2300	54305.437374705258	2392.3024938349
3	2321	54895.624922938165	2732.0181003341
3	2325	55032.78207867685	2866.2933906633
3	2329	55100.056006017211	2770.7769243233
3	2393	57009.681489456821	2587.2316839639
3	2408	57331.281654376913	3124.5257845227
3	2423	57806.975621678375	2593.9190611895
3	2449	58247.733605293997	2717.6935814919
3	2468	59050.571744903216	2398.4094054066
3	2490	59345.663872871973	1772.5830395613
3	2498	59626.197743073394	2370.7856786717
3	2506	59802.919664555804	3462.1416564379
3	2521	60028.461105896591	2072.3151559196
3	2552	61342.589542933329	2237.1383122355
3	2562	61395.101550891049	2388.7566103321
3	2577	61743.400048118516	2622.183100367
3	2585	61867.543698890075	2022.3332216498
3	2654	63709.63722327495	2326.3037864026
3	2658	63864.539213645436	2628.5137195699
3	2675	64102.941019879221	2229.4623134192
3	2694	64779.194573173629	3393.5944340086
3	2702	64847.479690928342	2767.3758704194
3	2709	65011.200204964299	1998.7185023325
3	2720	65447.43318586567	2758.3124030963
3	2738	66108.933403101789	2609.5478744432
3	2780	67475.392526919959	1956.7768813949
3	2784	67625.680786250652	2937.7341476362
3	2796	67947.630096374365	2547.9663146473
3	2825	68886.424445329584	3343.1298017129
3	2829	68979.366915555297	2586.8721532077
3	2836	69489.800397222441	3159.4604097772
3	2869	70237.835693387993	2209.2431433499
3	2911	72232.868845730804	3806.8788355496
3	2919	72306.650439986343	3251.1292865966
3	2923	72314.137170238362	2772.2451270651
3	2954	73260.616194234545	3310.252750848
3	3019	74956.611902031756	2283.8413327374
3	3023	74968.248168995396	2924.574078368
3	3040	75185.997610484696	2161.4775471389
3	3044	75216.060830771632	2308.6619149319
3	3061	75825.587732029594	3548.7541245891
3	3086	76138.657504096079	3296.5919186043
3	3090	76196.593026200018	2856.3348861281
3	3119	76902.2496476786	3243.3183921004
3	3123	77006.826946671567	3152.3415075679
3	3132	77371.472069622741	1939.6298862104
3	3144	77570.889780744363	3802.2183218202
3	3156	78011.983820616907	3041.3453602911
3	3167	78414.912541650029	3183.6866554877
3	3171	78433.029628518484	2380.0180156093
3	3175	78491.324329235975	2056.2853994007
3	3204	79895.617993701586	3058.9748127758
3	3277	81541.917084113812	2843.7367936224
3	3285	81606.683898926798	2572.8102527652
3	3301	82152.505740721827	1785.5705866455
3	3321	82659.582756417889	3097.0674920574
3	3325	82734.746394728427	2503.7314506139
3	3348	83439.809432202427	2785.4266295231
3	3388	84282.682287790898	3561.0769797458
3	3412	85025.385290368577	2451.6758165488
3	3420	85339.553704238953	2398.9587898739
3	3435	85478.756551611139	3605.2282241732
3	3451	85771.913968441162	3804.6884397972
3	3459	86214.202512361943	3580.5505954339
3	3473	86410.605044824189	2763.8832030123
3	3498	87143.086722484104	3375.6987273507
3	3505	87213.84455032956	3123.4653871693
3	3529	87625.624753524451	3122.7884514055
3	3541	87899.75699674271	2372.3604731541
3	3599	89156.879099140817	2872.2560402099
3	3641	89898.080186993715	3495.3221957484
3	3645	89924.55586066079	2726.2277614977
3	3691	90674.696365554379	3319.6164870001
3	3707	90947.717792928712	2469.4856527813
3	3720	91331.961244433938	3354.0661570724
3	3748	91836.72733468836	4744.3471830782
3	3763	92351.154547498124	3979.1465587267
3	3770	92488.326842579002	4397.7454232351
3	3779	92625.119822191948	4001.8587315918
3	3797	93020.444626637297	2985.2691158108
3	3808	93070.977532040148	2855.9054526758
3	3812	93275.166277334968	3859.4296797824
3	3820	93308.887662511813	3587.2419461989
3	3835	93607.927028230292	3642.6142185893
3	3861	94120.719537647261	3640.4470913632
3	3879	94593.008934806652	2921.7135859374
3	3895	94936.759562580154	1878.2350925636
3	3899	95019.912934717071	2176.9933515508
3	3921	95539.77174608084	3440.0497148931
3	3937	95984.385329398153	3295.5013603438
3	3954	96396.376070337651	3939.8708982148
3	3999	97220.51240160259	3564.2620646954
3	4013	97540.635762917159	3154.9762533361
3	4017	97663.262684696181	3089.5857884411
3	4035	97940.342001925582	3099.6287179092
3	4063	98227.106412352422	3189.1952344834
3	4067	98580.355146590522	2180.5544357188
3	4071	98827.111101181894	2327.0578311291
3	4075	98854.899020103166	2916.8782572454
3	4088	99463.368165342039	3418.3135853431
3	4115	100093.91378523911	2973.5418459846
3	4119	100113.910261635431	3618.0573376792
3	4151	101059.158571388474	3674.5552483885
3	4163	101802.536568447376	3584.7303552544
3	4192	102433.004557244348	2398.4656690154
3	4270	103745.787570897521	3049.7658217885
3	4282	103928.831047743827	3422.371970471
3	4286	103932.868434221659	3305.5598433036
3	4312	104630.56712511185	2290.1741591971
3	4319	104840.445618594333	2707.0454901103
3	4323	104845.356343735278	2413.021710281
3	4338	104966.827954996409	2007.4622376403
3	4358	105506.111726428557	2808.3219151013
3	4368	105918.067920574476	3066.6875641839
3	4377	105940.064510030707	3142.9958250238
3	4397	106479.341399109026	2766.3746184428
3	4406	106665.308095182467	3505.893641352
3	4410	106826.846764611349	3678.9306480159
3	4423	107153.01098619916	3179.3107772483
3	4427	107287.906496973977	2821.1268134794
3	4443	107929.18075048182	2974.6251510661
3	4460	108396.396535721783	4375.7988778117
3	4470	108619.731071156938	2882.9666895354
3	4533	111017.472626950579	2635.3471169248
3	4567	111655.661686928613	3431.2305402383
3	4576	111925.88261558167	3866.2506902218
3	4580	111996.15681739195	3399.3934302684
3	4596	112525.263285850776	3169.0035845038
3	4604	112654.308770899245	4123.319339812
3	4608	112810.202729687611	3277.2021169708
3	4634	113279.139220146132	4189.8219140632
3	4652	113743.90688479845	3037.6792461829
3	4664	114099.630945149795	4149.8701913698
3	4704	114729.003226856924	2716.9952428434
3	4709	114881.378888797001	3430.5262117478
3	4735	115255.217186857001	3736.3492189333
3	4785	116616.768761891144	3123.5951923393
3	4789	116903.266568883834	3143.4820958879
3	4805	117152.450022562096	3582.6599004377
3	4836	117570.826708706716	3405.9376485539
3	4843	117637.024918120151	2130.9806471597
3	4886	118774.534745945063	1610.1816346776
3	4890	118895.430690960518	3165.4891722556
3	4905	119299.295843506364	1981.4564690832
3	4925	119715.88097059054	3471.8016317021
3	4933	119865.823685393623	2306.484313421
3	4943	120338.450383951447	2754.8069556628
3	4950	120644.212996584318	3339.9189953627
3	4954	120648.66100893242	3133.1059890548
3	4973	121001.784130006051	3013.5639114797
3	5048	122793.970979331714	2331.105961455
3	5060	123164.1523146123	3648.6460777558
3	5069	123365.569366217312	2084.3022625974
3	5078	123559.517326360227	2223.9804530177
3	5088	123695.224473836327	2619.3410040032
3	5092	123704.252499282787	3380.6339510644
3	5127	124953.50882588479	3941.7341795681
3	5149	125598.513537297452	4341.2482774982
3	5153	125932.735359073337	2917.1479003007
3	5173	126355.58527613594	2527.6336984523
3	5181	126960.851684041683	3276.058636643
3	5214	128003.392964854612	2972.279681107
3	5225	128290.299973156637	3785.0368612166
3	5229	128499.864684994029	3430.9356162697
3	5277	130183.569784019787	2632.5582968909
3	5304	131203.095621987449	2971.395970434
3	5308	131336.443421598355	2367.9236184899
3	5320	131776.254714084945	2626.5963539388
3	5328	132088.801449109239	2260.8065088931
3	5332	132147.952508545823	1705.3865491133
3	5347	132880.826458949878	2969.0569944028
3	5364	133795.343207922469	1623.5805192031
3	5430	135900.337553627099	2444.6075495146
3	5440	136088.157135440151	2851.5032398794
3	5452	136349.064648356005	2853.7557960581
3	5480	137312.005134830071	3139.7340734024
3	5484	137383.831251903946	3300.3221718874
3	5517	137901.010803580104	2758.0275299172
3	5537	138242.99599435152	4218.8369998296
3	5544	138685.336266306738	3979.5229833978
3	5558	138941.352952779033	3339.6077427377
3	5570	139422.745026470809	3689.7658726391
3	5580	139452.738809993069	2247.6286065818
3	5588	139691.363899195387	3586.7489943816
3	5639	140943.91612139302	3489.2335363826
3	5654	141253.256478980004	3143.3074474963
3	5676	141789.864580291622	1987.7946216054
3	5721	142714.990951865119	3272.550950814
3	5725	142762.132114074249	2129.1166198533
3	5742	143175.862306653661	2659.2727686571
3	5746	143211.867013930445	3470.4279539455
3	5795	144152.022929420705	3144.9979841989
3	5816	144833.849322913225	2524.3392498807
3	5820	144920.862069190536	2353.2535212294
3	5824	144936.884790583653	3518.0592227533
3	5852	145664.562501586734	2971.3318528032
3	5859	145786.988971387093	2545.2388685372
3	5868	146036.305384188099	3097.9601472383
3	5877	146210.299282265837	3564.2153936523
3	5895	146800.304473904654	3024.338480651
3	5899	147000.356460935492	4190.9747665794
3	5936	147876.600602125758	4120.1226496727
3	5954	148203.517149608343	4529.6068125676
3	5961	148314.300023395634	1553.9894007426
3	5977	148992.219724882354	3250.5909673311
3	6019	149867.850608033938	2101.3492863905
3	6027	150277.748266427022	2610.8156045247
3	6042	150475.155877359619	3217.4846567586
3	6053	150782.603774312762	2682.1969855457
3	6085	151640.260818826661	3731.4265429916
3	6108	152198.434215238823	2925.2331821993
3	6118	152290.999551455689	2609.9170770776
3	6161	153749.188489043098	2715.234788619
3	6169	153764.849377797569	3415.4181477148
3	6195	154238.865990907657	2860.3328667862
3	6245	155407.479010689189	2418.4097959008
3	6257	155858.706074953513	3279.233264951
3	6266	156195.483156470393	4008.3164263889
3	6279	156512.284480621224	2737.6092748251
3	6288	156688.080291162829	3963.0729638664
3	6308	157300.83946064158	3233.3836540959
3	6338	157941.267489287188	4009.4695067844
3	6346	158064.495154935678	2412.1386308764
3	6389	159320.009053740089	3104.5126369223
3	6393	159484.613800255289	3074.4030124694
3	6415	160067.037991606542	2436.8017491326
3	6475	161492.085907548444	2935.4395638406
3	6518	162236.561239343282	3615.1094297184
3	6522	162274.293804493551	3087.2055376954
3	6551	162710.091527994499	2785.5070102557
3	6555	162725.398397708211	2257.5352960825
3	6580	163199.986861980339	2587.4040620122
3	6584	163303.782058227953	2024.7205166889
3	6609	163922.858099709973	3271.3581671509
3	6633	164439.2078548485	2906.0711298329
3	6652	164602.246759769095	3080.2377723329
3	6660	164758.660160904086	3110.7568535168
3	6677	165266.147980448004	3594.9811291616
3	6684	165527.963289853705	3149.7749621984
3	6728	166243.355385962559	2049.4724007882
3	6741	166448.557700151487	2406.890131887
3	6753	166493.128690062027	2458.7709240429
3	6785	167308.814388257346	2149.6808276977
3	6807	167706.839492768342	3395.7134999335
3	6833	167898.872229605822	2574.4911061116
3	6848	168218.278092429868	3093.4755602054
3	6862	168489.240182405631	3499.6699892258
3	6869	168602.087321480672	2845.9524638454
3	6883	169005.965317590455	3450.8094696122
3	6918	169402.762046316548	3135.9439086075
3	6941	169809.376680370356	2498.1271510699
3	6951	170067.944868244524	3271.7830901987
3	6955	170116.485005798645	3097.3671365756
3	6984	170752.367820706154	2188.6099360731
3	7002	171129.668931635006	4662.1197929774
3	7019	171613.454858437474	4398.3684483544
3	7023	171685.814979947068	3841.1687594437
3	7043	172111.4558433558	4347.612042817
3	7050	172414.302985411074	4260.7827499933
3	7082	173052.793119270264	5234.264043645
3	7119	173622.194725000195	4253.4523524518
3	7128	173683.5322795193	4294.2537445961
3	7140	173917.540575517636	4416.7164259629
3	7163	174623.50716607636	5600.3759215747
3	7167	174664.924791506388	4861.3816784053
3	7187	175008.191072897922	4417.9181783322
3	7204	175452.946085715961	5059.3201223652
3	7211	175669.197923960073	4611.4383229149
3	7215	175837.581327645935	3978.9164141541
3	7238	176168.300065407824	3623.2158808891
3	7245	176276.093055456786	3640.4007143673
3	7278	176996.224732440792	3971.0150330799
3	7285	177276.904226303038	4696.9966926829
3	7322	177763.111665281363	4881.0495272345
3	7336	178203.019103715105	4987.2022013619
3	7368	178792.199052734238	5081.4699391107
3	7391	179232.080802395849	5665.6588185057
3	7398	179281.367252702189	3663.8788423135
3	7436	180288.139765300152	3817.6982209659
3	7440	180331.685296716077	4474.5579033623
3	7449	180567.087958859218	4537.6826569083
3	7466	180878.338258322237	3289.4800706681
3	7470	180997.192834173225	4909.3097320582
3	7485	181121.874292288271	4552.0684066663
3	7506	181660.267858844189	4039.6776957503
3	7515	181967.385052912764	4347.088463355
3	7540	182358.559472952334	4051.3990462463
3	7547	182421.584727767794	4508.710957002
3	7557	182656.042434582395	5110.2361552961
3	7577	182988.12971552269	2745.1412442329
3	7584	183176.161107160447	5239.7298030564
3	7620	183890.835473914527	4489.2044695929
3	7651	184640.002855159281	4873.7924911787
3	7674	185062.494089635027	3765.5368346155
3	7686	185533.413632484062	3494.6971602064
3	7713	186081.122445104581	3863.7147138991
3	7717	186264.353652084543	3240.1536970221
3	7760	187431.43780303554	4230.3454523837
3	7767	187470.385915310962	4599.4938990653
3	7789	187842.76692873828	4229.1749125131
3	7800	188022.116226157111	3804.4548698378
3	7856	189086.868352303191	4035.7740899831
3	7860	189280.538273653843	3466.1743626512
3	7888	189753.107869424312	2288.6607228778
3	7898	189782.468530326047	2819.088946148
3	7905	189841.231615208386	3314.383102459
3	7917	190143.32025640124	2376.8783654877
3	7947	190627.433649916112	3716.6558054989
3	7976	191098.373028351379	3509.6680623319
3	7990	191662.58170990303	3950.985885276
3	7994	191670.423284266054	2717.295390125
3	8006	192148.290234366729	2679.6147817451
3	8024	192487.12420809538	2530.8502345007
3	8049	193231.48763007514	3436.7531466851
3	8090	194761.509430958255	2755.6755931575
3	8133	196423.043261183304	2198.3412801661
3	8148	196904.625834197958	2281.7551011778
3	8223	198080.305510970701	2175.0300654955
3	8233	198402.796276022466	1848.5875134822
3	8272	199237.214166698762	2970.3254097886
3	8294	199679.262371891894	3450.0510358942
3	8298	199755.938440847757	2802.41184921
3	8325	200168.426466237368	2527.6696610279
3	8357	200658.137028366113	2597.866316961
3	8372	201060.177465776699	3724.7296476934
3	8379	201125.477012829488	3492.0740235035
3	8407	201649.925933664279	4158.1357386959
3	8411	201694.842318743253	3703.7588255311
3	8415	201916.236911451058	2992.9724192889
3	8425	202062.13193244	3578.7169578517
3	8444	202584.732284785034	2580.7003028359
3	8457	202873.284362785133	2802.6041104803
3	8474	202978.750576013484	3644.7152780492
3	8487	203445.917229508614	2921.9461699681
3	8518	204209.990090597206	3980.660887952
3	8559	204991.657651697832	3867.2092554783
3	8568	205084.818323726552	2434.7220151127
3	8597	205693.631093093844	2110.0747412257
3	8601	205747.690603267187	2993.600590976
3	8611	206073.729001495603	2716.4608746283
3	8657	206830.528912122148	3650.3741785187
3	8692	207618.663909311953	2647.6102859265
3	8734	208452.017793796675	2919.229322414
3	8741	208597.506172200451	3487.9387380535
3	8745	208670.790278238031	3044.8116688874
3	8768	208802.079736042486	2987.2517439493
3	8777	209167.67654678011	3799.3888962211
3	8823	210190.019271976862	3605.6974890498
3	8851	210907.266267826567	3361.9493724694
3	8858	210957.229387646156	3848.6043478881
3	8867	211163.249938590238	3575.1464800478
3	8889	211827.854096505407	4100.2245819364
3	8896	211876.173446170704	4270.8258705451
3	8919	212449.655703129033	3954.3413697821
3	8931	212892.984766719581	3012.722825326
3	8952	213273.342566403348	3676.7867307406
3	8968	213954.910973021547	3155.0911427229
3	8972	214023.850156130988	2722.5441911619
3	8979	214169.20168410762	3435.9955998488
3	8999	215017.468400204171	3645.7197326892
3	9025	215427.461972620233	2533.6378380004
3	9052	216406.692895034173	2311.3675218634
3	9084	216804.772835889612	1776.3106230274
3	9135	217919.399984833199	2724.583790414
3	9155	218401.858133910005	3014.9441645583
3	9167	218809.504560210766	2292.7760652546
3	9191	219372.075823157807	2899.0898787507
3	9195	219595.66593473998	2967.446469795
3	9199	219623.884782329954	2243.6406544954
3	9208	219992.637844744163	3305.4374033001
3	9239	221097.053507608661	3353.6954612285
3	9246	221336.503840235086	2624.193271549
3	9285	223069.038310936205	1800.3346956801
3	9312	223582.223392474152	3307.9963979311
3	9346	224433.022568499434	2529.7111964878
3	9361	224842.357172005104	3502.9891030211
3	9429	226128.798493546928	3527.8505783435
3	9443	226544.723067840787	3401.5016170096
3	9450	226609.291059896044	4051.7493071991
3	9485	227271.405633538783	4046.67389066
3	9496	227558.681939225207	4044.8883748402
3	9520	227852.178099313445	4236.3234072242
3	9559	228438.872322419883	4038.6402153281
3	9563	228478.255326514885	3286.9804855465
3	9573	228844.161321967404	4303.0589830443
3	9577	228885.519461965413	3630.7026561097
3	9610	229571.330646835089	4398.9381172052
3	9625	229956.988385635923	4622.1019357134
3	9638	230236.873822620364	4561.3198944327
3	9647	230391.751430015575	3785.3246086446
3	9659	230771.070660594673	3485.8819600018
3	9671	231008.193763438434	4350.9509560779
3	9675	231042.711081783913	3982.9906920931
3	9692	231551.634750300582	4490.6175868816
3	9705	231889.479068245965	4086.4362689292
3	9714	232049.796985694833	4925.7249142014
3	9735	232501.827347669573	4871.846284687
3	9767	233351.766149494492	4300.0347939801
3	9771	233411.369511820199	3509.930748217
3	9780	233509.773251226398	5579.9307431743
3	9790	233781.073321923177	3013.6757702899
3	9815	234414.621212109747	3510.1601380963
3	9826	234648.945675138078	2791.1742618931
3	9834	234902.160193555282	2756.7239123579
3	9855	235421.571983573653	3013.4437720599
3	9870	235553.702703997672	2901.9471815508
3	9885	236349.502503273355	1353.909610156
3	9889	236376.508823788227	2849.7107709758
3	9950	237965.185261326806	3359.7498771083
3	9959	238158.845257095409	3119.4760372862
3	9963	238278.727091032949	2698.5690658819
3	9970	238418.202982820312	3137.7429996617
3	9999	239227.377428295987	3797.4108751474
3	10003	239356.588741249752	2309.0212764106
3	10014	240018.086326825397	3117.2783834935
3	10043	240798.130881614017	4171.0623070495
3	10060	241190.751889193369	3326.8587538131
3	10072	241629.680332028402	3293.3242003061
3	10090	242051.971723467649	1874.1433599126
3	10122	242382.116460361571	2271.2876235042
3	10140	243028.995761495807	3519.7043795697
3	10152	243166.8506037501	2809.742872864
3	10161	243340.789538882779	2171.9024865702
3	10170	243509.986731043285	1575.4963229969
3	10190	244099.207003103693	3211.4166762989
3	10205	244390.732503122697	3294.2014507111
3	10232	245112.401010418511	2833.3382778782
3	10246	245611.133957496019	3232.290441831
3	10254	245769.738861148753	3331.1622035969
3	10262	246013.851184258428	1844.1957954504
3	10283	246815.054433718151	1597.1608021483
3	10321	248499.942441964289	3160.366506502
3	10359	249562.36989516061	3469.1440700926
3	10384	250170.879597612926	2493.9844479226
3	10392	250309.208489354389	1719.2495705467
3	10399	250405.044874896401	3765.8324219473
3	10419	251336.007023233843	3172.0937945735
3	10427	251559.206766314143	2728.1929852008
3	10442	252211.721873193726	3570.602314705
3	10450	252652.486570779446	3218.4540145565
3	10474	253742.381407242365	3385.1432006992
3	10513	254925.50204157587	2808.9046361111
3	10574	255770.865740012595	2610.2331423014
3	10584	255891.961253412642	1945.8641207311
3	10596	256295.4335438834	3095.3432407882
3	10628	256783.745897514963	1713.3318164868
3	10638	256949.149322953649	3701.5166728675
3	10645	257055.886693223728	2763.2223487739
3	10681	257760.531457998076	2765.7824662046
3	10688	257864.117130776284	2454.9048685969
3	10692	257865.321006039294	2724.6586182117
3	10701	258236.945519671062	4276.9494770441
3	10750	259266.142726261305	3949.3229063469
3	10754	259307.751653684878	3681.5209184321
3	10763	259508.24338726641	4813.1965231949
3	10770	259926.211543474483	3238.8461845847
3	10779	259991.065098699319	3368.8478564919
3	10788	260561.095523777766	4796.1049319878
3	10800	260612.035242586041	3898.341512031
3	10812	260919.313663849826	4200.6243762306
3	10830	261384.605382187428	3086.3936080848
3	10838	261560.462158470762	3733.8947765071
3	10849	261835.715033706853	4587.987595417
3	10853	261933.583670398356	3007.6964142407
3	10927	263562.380614803981	1912.5897683389
3	10934	263627.914585679907	2642.5504535995
3	10938	263720.235340383135	2826.8223871104
3	10950	264085.502052551012	1944.4385113637
3	10973	264830.045592814915	2389.5864837104
3	10984	265282.06425616922	2682.5761132337
3	10995	265404.041275505208	3011.1638321728
3	11018	266300.176696369655	3810.0817853124
3	11026	266677.65065852957	3883.4348640995
3	11030	266688.333149951522	2443.9333593473
3	11063	267835.192455422808	2964.1119809076
3	11071	267895.701843632157	3125.5504052807
3	11078	268150.663187902263	2831.321895076
3	11082	268196.355471495868	2242.3542935494
3	11147	270412.079642981149	2883.9387140516
3	11171	270744.175290790448	2652.3808373976
3	11175	270773.888070127872	2225.4973090254
3	11211	271670.681228995111	2505.3127360245
3	11228	271944.197614676381	4144.8042325903
3	11235	272196.487985483632	1521.395587977
3	11252	272573.471682023116	4067.0449811142
3	11270	273329.13728993299	3801.2790859792
3	11281	273685.799476101325	3649.2116754446
3	11301	274324.263267097125	3702.0405455924
3	11315	274760.691119097667	4337.0772741751
3	11319	274999.900351760769	4048.8475831515
3	11323	275081.218456986622	4539.9762160622
3	11393	277178.28531719193	1969.9201329611
4	99	3647.40604193244	2476.926562842
4	127	4187.706078383946	3349.0198049194
4	347	9008.268541187597	2886.4586965283
4	359	9245.823083446517	2102.8625439971
4	575	14445.053547158772	2999.1587328259
4	626	15603.383155208015	2612.5245771255
4	680	16407.366287539264	2818.9681266831
4	849	19337.459669576397	3160.3751749674
4	859	19579.45557484161	3036.224852888
4	899	20634.473976224087	2179.656972941
4	999	22809.449716860463	4201.2910202734
4	1006	22983.541907324814	2685.5858277599
4	1036	23938.062638751975	3161.5218084318
4	1055	24706.310326117451	4208.9806142684
4	1102	26589.443667524917	2881.7041672301
4	1128	27231.550877013185	2575.9031190444
4	1228	29227.329832633379	3021.7414160259
4	1350	30966.649477240983	3575.9821802261
4	1387	31626.588233408063	3279.80868717
4	1419	32139.610622801363	2797.1796496206
4	1495	33801.516462998942	3183.7623253463
4	1633	36748.682316668809	5753.3116264376
4	1683	37551.117775041034	5227.5968835803
4	1721	38856.203605095427	3094.9209902202
4	1784	39789.808979454806	3473.5963474352
4	1858	41494.573094501517	2839.672669155
4	1883	42206.016380129874	2682.9157459959
4	1887	42298.956852437465	2982.6652889606
4	1903	43169.609477728252	1955.8385362197
4	2009	47247.423882901646	2911.7043230217
4	2020	47603.528206448597	2176.2620247155
4	2074	48733.975147825677	3958.9880080707
4	2205	51951.121841925529	2935.0604734104
4	2254	53066.507234020093	3575.8604077437
4	2376	56678.705866379429	2388.6152915284
4	2412	57563.556798173374	2696.2895061448
4	2445	58219.482919898261	3516.1166830312
4	2529	60362.548781685419	2164.9934132025
4	2636	63467.660117093803	2063.653196767
4	2687	64665.513100519348	2483.9916879943
4	2764	67059.924885505897	2172.6851992495
4	2884	71343.140402336444	3249.8079496343
4	2927	72572.363031979434	2612.5063339622
4	3057	75816.599336556605	2623.6936000483
4	3215	80145.992298266449	2087.5906777382
4	3281	81604.906087634562	1515.9072999191
4	3358	83524.103124791375	3136.5424206941
4	3384	84235.407734180918	2823.9053621175
4	3616	89492.320499681768	3045.8558230475
4	3620	89502.096298212679	2751.9217503257
4	3682	90657.683977667062	3120.6664341552
4	3698	90805.949187009496	3242.1041385985
4	3716	91257.967837523489	3868.7942395186
4	3958	96399.387541473151	2837.4635444669
4	4108	99789.834940092355	3556.8767832468
4	4143	100930.862895516394	2795.0469873939
4	4227	103118.589526644861	2918.8095120527
4	4439	107837.973859718105	2961.0213126039
4	4671	114361.657133088032	4349.6589554531
4	4717	114927.398420085422	1811.4533432742
4	4731	115074.804630118645	3430.7801743712
4	4766	116221.524676433453	1565.3296720795
4	4801	117111.116197425144	2086.0494273264
4	4851	117822.205102349835	3108.1668831118
4	5044	122774.181210078726	2547.4216220342
4	5112	124488.167797960993	3056.5272236812
4	5134	125031.869682673551	4108.7874216529
4	5259	129720.470014609994	2244.0951313544
4	5270	129858.145964417458	2298.0795206968
4	5491	137460.150879970514	3337.5436682627
4	5614	140372.334352000378	3207.6944941085
4	5618	140391.744211297198	2745.2106575214
4	5680	142123.788558944936	2691.9529745635
4	5809	144641.430578515921	4173.4255514212
4	5918	147380.376293071685	3856.1535938875
4	6008	149679.029060949267	3100.0770512782
4	6071	151357.457607142803	3120.3291753742
4	6153	153475.913619891512	2765.3976509627
4	6213	154475.920697771888	2859.0570779502
4	6217	154620.424077596168	3274.2504733867
4	6300	157220.93924178723	3051.791279783
4	6330	157728.386929342957	2848.0690944351
4	6353	158125.082621147509	4092.4299717981
4	6441	160677.011861074862	3309.5845029596
4	6464	161408.129977107798	3342.7663458791
4	6468	161445.480336268883	3264.5682817977
4	6591	163469.915327354153	1998.873799924
4	6595	163581.598432488076	1934.1263414081
4	6792	167347.412402009527	2810.3196803114
4	6879	168874.39714799159	2436.7119414441
4	7091	173069.389088657048	3257.3636562692
4	7249	176467.061370462475	3639.7314863171
4	7332	178088.400723208037	4850.479473763
4	7408	179439.439632291801	4475.36007042
4	7602	183473.088132618291	5103.6076057545
4	7632	184108.428267007603	5487.8085697168
4	7647	184628.723669667093	3619.55856389
4	7698	185686.722739455186	4087.4389779539
4	7735	186582.931813332148	4202.5111170149
4	7804	188045.371399479814	4037.2640176692
4	7846	188907.827125415503	3616.6473389153
4	7972	191007.414328921883	3131.5699570951
4	8028	192569.437665715723	3875.3218999134
4	8032	192570.728754215239	2413.9585781573
4	8057	193581.074526453776	3817.8109493076
4	8065	193942.456956069535	3197.5623147748
4	8069	193975.947221964507	4621.2875698702
4	8105	195573.382873375794	3206.0757626127
4	8188	197509.571900349479	2999.2852930259
4	8216	198042.834649790596	3158.1825729646
4	8284	199499.623371573882	3328.9791641848
4	8312	199995.421881011473	2708.3427226493
4	8499	203671.352977480354	3149.0705346106
4	8526	204324.389987146114	2267.4089357225
4	8544	204464.342053613412	3818.3817319877
4	8669	207089.589472666101	3707.3843538045
4	8676	207315.100801232988	3376.5519733968
4	8784	209245.502696465487	2929.8570037682
4	8815	210093.723480028647	3035.3448529219
4	8819	210146.674658690367	4208.0518933084
4	8871	211178.690021831261	4794.3998057316
4	8964	213903.420654160518	4648.4426700985
4	9018	215303.115657008971	3917.6100228512
4	9103	217286.852489002424	2187.1891375445
4	9110	217390.362744271432	2220.1652456447
4	9176	219121.159852421664	3956.7998467851
4	9223	220736.018519915985	3670.5830863746
4	9231	220905.900274574538	4499.0882332609
4	9390	225473.880695113607	2220.1804438792
4	9419	225934.038100084112	3699.6034721006
4	9492	227543.487021483706	4055.2751842085
4	9634	230228.916246779085	4111.1447372058
4	9739	232519.967310465436	3911.4912847188
4	9851	235412.446229261841	2923.1269222158
4	10007	239447.109596090329	2847.9003571661
4	10201	244383.928084531905	2557.8086146156
4	10213	244577.235939759885	2392.2163271874
4	10298	247820.712106260445	3014.3173520733
4	10363	249710.49613273136	3006.1695726402
4	10423	251400.957132181696	2772.7073798887
4	10556	255483.665097289598	2538.33025245
4	10716	258446.631903862798	2252.5728104616
4	10885	262556.564730815808	3517.4251541748
4	10980	265055.9612119609	3705.8594873357
4	11167	270723.992595052135	3398.924143184
4	11256	272583.859896213309	2861.6761540901
4	11289	273973.602133195706	3608.144069254
4	11359	276392.580977488186	2885.3271486517

