version 2
run Iteration-75-20200521-09:55:48-72544
attr configname Iteration
attr datetime 20200521-09:55:48
attr experiment Iteration
attr inifile omnetpp.ini
attr iterationvars "$i=8, $j=6, $0=15-(8+6)"
attr iterationvarsf i=8,j=6,15-(8+6)-
attr measurement "$i=8, $j=6, $0=15-(8+6)"
attr network Network
attr processid 72544
attr repetition 0
attr replication #0
attr resultdir results
attr runnumber 75
attr seedset 75
itervar i 8
itervar j 6
param **.resourcePool.amount 8
param **.resourcePool1.amount 6
param **.resourcePool2.amount 15-(8+6)
param **.source.interArrivalTime exponential(6min)
param **.delay.delay uniform(4min,28min)
param **.delay1.delay uniform(10min,28min)
param **.delay2.delay uniform(4min,16min)
param **.allocate.resourceModuleName "\"Network.resourcePool\""
param **.allocate1.resourceModuleName "\"Network.resourcePool1\""
param **.allocate2.resourceModuleName "\"Network.resourcePool2\""
param **.deallocate.resourceModuleName "\"Network.resourcePool\""
param **.deallocate1.resourceModuleName "\"Network.resourcePool1\""
param **.deallocate2.resourceModuleName "\"Network.resourcePool2\""
param **.router.randomGateIndex "uniform(0, 1) > 0.2 ? 0 : 1"

vector 0 Network.allocate queueLength:vector ETV
attr interpolationmode sample-hold
attr title "queue length, vector"
vector 1 Network.allocate1 queueLength:vector ETV
attr interpolationmode sample-hold
attr title "queue length, vector"
vector 2 Network.allocate2 queueLength:vector ETV
attr interpolationmode sample-hold
attr title "queue length, vector"
vector 3 Network.sinkStat lifeTime:vector ETV
attr interpolationmode none
attr title "lifetime of arrived jobs, vector"
attr unit s
vector 4 Network.sink lifeTime:vector ETV
attr interpolationmode none
attr title "lifetime of arrived jobs, vector"
attr unit s
0	0	0	0
0	3046	89901.638125586223	1
0	3048	89945.873867588184	2
0	3050	90061.467247055164	3
0	3052	90092.846509544602	2
0	3057	90131.367270746009	3
0	3059	90227.165544319168	4
0	3061	90285.07188988377	3
0	3071	90362.157150087312	2
0	3076	90429.912430198929	3
0	3078	90657.901511380494	2
0	3083	90777.074458936588	1
0	3087	90791.078246531609	0
1	0	0	0
1	150	5056.467833497063	1
1	152	5216.599159695665	0
1	239	7014.629692222752	1
1	241	7059.777897606988	0
1	274	7592.891006591861	1
1	276	7627.16543367165	0
1	281	7702.754205208598	1
1	283	7707.030333718401	0
1	293	7784.457383390972	1
1	296	7886.73586401405	2
1	299	7898.801671171805	3
1	301	8091.341361871821	2
1	306	8353.677088664141	3
1	313	8490.604396893803	2
1	317	8500.378383761388	1
1	321	8651.30924121577	0
1	1399	39962.199558966421	1
1	1401	39999.171981523949	0
1	1406	40037.722781706056	1
1	1409	40069.904152251387	2
1	1414	40118.773332293729	1
1	1422	40245.336682306138	2
1	1424	40294.935349573874	1
1	1429	40379.556640932681	2
1	1431	40402.981485952951	1
1	1438	40439.851579666867	0
1	1458	40876.304005991391	1
1	1461	41058.663156391178	2
1	1463	41259.719760460176	1
1	1472	41432.141917786765	0
1	1484	41744.323085846377	1
1	1486	41893.076907220095	0
1	2173	65237.996549879323	1
1	2180	65609.988018508967	0
1	2655	79710.082188976861	1
1	2658	79757.755694912639	2
1	2660	79789.133931556309	1
1	2664	79840.132649304946	0
1	3085	90777.074458936588	1
1	3089	90791.078246531609	2
1	3091	90818.946944427484	1
1	3095	90982.077720220566	0
1	3112	91369.518698170198	1
1	3115	91382.49582502003	2
1	3117	91466.550242853159	1
1	3125	91586.553445710293	2
1	3127	91634.429499060339	1
1	3135	91811.635758953214	2
1	3149	91925.331571674837	3
1	3151	91946.08219983515	2
1	3159	91980.139825669854	3
1	3162	92072.876278457764	4
1	3164	92097.560858402446	3
1	3169	92277.584338823692	4
1	3171	92340.046085826487	3
1	3175	92515.778063460061	2
1	3180	92532.649480783472	3
1	3182	92615.378590487367	2
1	3191	92689.872278254418	1
1	3199	92710.641867195794	2
1	3202	92835.507643949304	3
1	3211	92867.309451160442	4
1	3213	93062.637868388488	3
1	3222	93153.532412044749	2
1	3226	93263.908437508524	1
1	3231	93426.610397215596	2
1	3233	93484.682963023701	1
1	3238	93686.812331060158	2
1	3249	93822.074381533853	3
1	3251	93932.014263961403	2
1	3261	94277.217170941135	1
1	3273	94569.61868887958	0
1	3334	95764.48632781325	1
1	3336	95905.128511919938	0
1	3784	108673.007109563931	1
1	3789	109075.141945026505	0
1	4007	115886.181617440219	1
1	4009	116143.953603051426	0
1	4521	131283.709945513437	1
1	4523	131314.294592878123	0
1	4535	131397.841535759728	1
1	4537	131433.846608949564	0
1	4542	131542.354481625949	1
1	4544	131764.664617664314	0
1	4549	131764.772398208017	1
1	4562	132177.127951581555	0
1	4687	134604.544650507041	1
1	4694	135066.34842672732	0
1	5098	145932.82151925744	1
1	5101	145953.760060367973	2
1	5103	145966.505811029503	1
1	5108	146310.493251149443	2
1	5115	146532.418105880628	1
1	5120	146543.694330747273	2
1	5122	146596.208592935959	1
1	5126	146683.130256816694	0
1	5257	149682.45964760114	1
1	5259	149682.652420735656	0
1	5270	149953.376446348181	1
1	5272	150026.641126765442	0
1	5765	165414.963433195355	1
1	5767	165464.118076508356	0
1	6033	173529.058381294282	1
1	6036	173552.009619632707	2
1	6038	173559.421684296504	1
1	6053	173828.18004438892	0
1	6058	173920.633593957243	1
1	6061	173948.126941382241	2
1	6063	174167.641916616087	1
1	6073	174275.523140516377	0
1	6113	174857.851243845909	1
1	6115	174938.002263830757	0
1	6128	175386.984767874535	1
1	6136	175465.983296836518	2
1	6138	175489.165476399456	1
1	6142	175536.750289943268	0
1	6872	201493.292980174135	1
1	6875	201512.552061518496	2
1	6877	201565.418082085575	1
1	6881	201622.54697325047	0
1	7418	218945.352530437488	1
1	7420	218966.381355193141	0
1	7491	220319.678414847988	1
1	7493	220397.801529694977	0
1	7498	220398.682781427481	1
1	7505	220597.466552078444	0
1	7513	220720.109226713276	1
1	7516	220865.876841480036	2
1	7518	220932.153055290881	1
1	7527	221028.345305956971	0
1	7805	228385.855834150539	1
1	7808	228393.549372014424	2
1	7810	228532.433776509717	1
1	7820	228760.164856923807	2
1	7825	228804.507622952842	1
1	7835	229011.726361635245	0
1	8000	233376.123787815266	1
1	8011	233451.481361813265	2
1	8013	233485.0332697808	1
1	8020	233664.131212464655	0
1	8420	247266.877440319485	1
1	8423	247285.977834294978	2
1	8428	247665.314876541196	1
1	8433	247722.481047268694	2
1	8435	247799.255346214174	1
1	8439	247823.609740406068	0
1	8560	250518.401726229187	1
1	8568	250586.003817395571	2
1	8570	250670.280310257161	1
1	8577	250788.51366692926	0
1	8582	250865.944587603515	1
1	8592	251056.622862105846	0
1	8597	251197.390590468042	1
1	8599	251379.269367179192	0
1	9055	263464.925911008227	1
1	9058	263543.306985775248	2
1	9063	263764.167395817074	1
1	9067	263795.539528675769	0
2	0	0	0
2	66	3487.594567764504	1
2	68	3746.211437872555	0
2	81	3918.31699684488	1
2	87	3984.663767195519	2
2	90	4065.916477997103	3
2	103	4153.341085902359	2
2	125	4481.733250795807	1
2	131	4628.994118022216	2
2	140	4841.129821381475	1
2	154	5216.599159695665	2
2	166	5405.697236029806	3
2	169	5534.717779323029	4
2	172	5552.613142724813	5
2	174	5581.632652292903	4
2	187	5804.823580445989	5
2	211	6255.570633046786	6
2	213	6397.182882755007	5
2	229	6647.176214489719	6
2	243	7059.777897606988	7
2	248	7161.63999700075	6
2	254	7240.341258424753	7
2	257	7292.076072262489	8
2	278	7627.16543367165	9
2	285	7707.030333718401	10
2	287	7751.600847571101	9
2	303	8091.341361871821	10
2	308	8429.957332304623	9
2	315	8490.604396893803	10
2	319	8500.378383761388	11
2	323	8651.30924121577	12
2	326	8665.654174230446	13
2	329	9041.075326968309	14
2	334	9247.142432863768	13
2	340	9276.486060426471	14
2	346	9555.653360765544	15
2	349	9634.793876533557	16
2	358	9687.6252237623	15
2	364	9756.888098456968	16
2	373	10604.943411416318	15
2	386	11045.202479707941	16
2	391	11310.908701839801	15
2	397	11348.754434087987	16
2	404	11665.410474265305	17
2	410	11933.44099043956	16
2	418	12524.284480391945	15
2	424	12646.60091930825	16
2	434	13086.182682266732	17
2	436	13192.811719338353	16
2	444	13567.289863220359	15
2	466	13951.95875465026	14
2	472	13977.365662619914	15
2	500	14806.746970306476	16
2	503	14829.422835218409	17
2	505	14907.130082557852	16
2	511	14963.188183842577	17
2	521	15063.292731678786	18
2	528	15157.549195257447	19
2	540	15382.128272979463	18
2	546	15733.44941843806	19
2	549	15770.989969291701	20
2	552	15897.105318917917	21
2	554	16029.6560766091	20
2	577	16747.799561387802	19
2	583	16821.341959986264	20
2	593	17202.481951223967	21
2	595	17279.121233439947	20
2	601	17286.546198026694	21
2	604	17366.616325330612	22
2	610	17589.461540068442	21
2	616	17857.944898554669	22
2	621	17993.427555422241	21
2	634	18118.059924585402	22
2	639	18337.67903179949	21
2	652	18940.078985589499	20
2	666	19478.294855310524	19
2	672	19514.321320360368	20
2	675	19593.696301432405	21
2	682	19684.993877604256	22
2	688	19718.471266041452	21
2	700	20318.261504220719	20
2	710	20479.004672897407	21
2	720	20718.192116966582	22
2	722	20723.068694855029	21
2	734	21141.985095710223	22
2	740	21378.62098523503	21
2	746	21478.608488350286	22
2	749	21573.40837646931	23
2	762	22273.487007236982	22
2	768	22370.037146025586	23
2	775	22409.250807999628	24
2	784	22780.596261797678	25
2	789	22984.316471974308	24
2	795	23234.211269409262	25
2	808	23596.98660240596	24
2	820	24234.211484315748	23
2	826	24602.078151135192	24
2	829	24651.581856965398	25
2	839	24814.144541040893	26
2	845	25081.983603472764	25
2	868	26020.759279682244	24
2	874	26024.500033552116	25
2	882	26467.569056815411	24
2	888	26597.267775182951	25
2	894	26656.600613327231	26
2	901	27040.408671801615	27
2	904	27217.836530406038	28
2	906	27218.368411707635	27
2	920	27841.787213205091	28
2	922	28099.5557040078	27
2	931	28387.33848164366	28
2	933	28423.812476760651	27
2	939	28709.576907479147	28
2	947	29317.93608325621	27
2	965	29909.443299240376	26
2	996	30815.133718206491	25
2	1008	31139.812914187562	26
2	1011	31203.898173298686	27
2	1017	31289.76428763595	28
2	1026	31400.331524325584	29
2	1037	31523.966337393801	30
2	1047	31619.207870132234	29
2	1063	32157.273778593114	30
2	1066	32178.622508993559	31
2	1073	32234.479222504283	32
2	1078	32531.587954918798	31
2	1098	32874.729816471351	32
2	1100	32881.704187254366	31
2	1106	32905.513058482169	32
2	1109	32914.897100407674	33
2	1123	33222.110880450765	34
2	1125	33594.547230387983	33
2	1135	33739.891499635552	34
2	1141	33935.117121038561	35
2	1148	34180.265377925253	36
2	1151	34275.632649546874	37
2	1153	34323.973907838521	36
2	1162	34621.717706817148	35
2	1168	34739.492767843315	36
2	1171	34831.612884934004	37
2	1189	35571.045325892923	36
2	1195	35804.020967760287	37
2	1201	35868.835567823557	36
2	1217	36385.227405345945	35
2	1223	36442.945162850425	36
2	1240	36822.370014002461	37
2	1242	36842.038888606189	36
2	1250	37246.808705340086	35
2	1259	37366.041065464432	36
2	1266	37486.860078518113	37
2	1269	37507.028697298881	38
2	1282	37754.281703188031	37
2	1288	37783.442437959651	38
2	1299	38059.012197489797	37
2	1309	38287.278673865432	38
2	1314	38402.052462204306	37
2	1328	38519.018939952774	38
2	1331	38526.848038156263	39
2	1345	39089.651306281744	38
2	1354	39194.149469344284	39
2	1368	39422.672497565805	38
2	1387	39684.113679773542	39
2	1389	39747.327279793977	38
2	1403	39999.171981523949	39
2	1416	40118.773332293729	40
2	1426	40294.935349573874	41
2	1433	40402.981485952951	42
2	1440	40439.851579666867	43
2	1445	40475.514318692445	42
2	1451	40605.351276760667	43
2	1465	41259.719760460176	44
2	1467	41268.654984525352	43
2	1474	41432.141917786765	44
2	1477	41588.778684753577	45
2	1488	41893.076907220095	46
2	1491	41923.537752426722	47
2	1494	41926.912142899726	48
2	1496	41953.347925702988	47
2	1502	42090.620467524248	48
2	1504	42341.128294422238	47
2	1509	42591.289140871673	46
2	1515	42604.432943734139	47
2	1518	42660.68768261499	48
2	1524	43200.313193794612	49
2	1526	43401.826049937814	48
2	1531	43783.693235750258	47
2	1545	44074.021003070235	46
2	1565	44994.34514873749	45
2	1578	45491.720052259922	44
2	1587	45592.080555630976	45
2	1590	45700.05808178924	46
2	1593	45785.262491838818	47
2	1595	46033.898420604825	46
2	1607	46197.581166271945	47
2	1610	46222.503374216506	48
2	1621	46743.323851852626	47
2	1637	47166.577511533112	46
2	1654	47478.922787840427	45
2	1667	48000.54163026048	46
2	1669	48083.218666772307	45
2	1675	48129.149339751215	46
2	1685	48565.928377456687	47
2	1687	48583.044205262275	46
2	1693	48701.929975222229	47
2	1696	48801.681301546335	48
2	1703	49104.423157690357	49
2	1712	49468.353177915277	48
2	1717	49711.265010508658	47
2	1729	49952.123671760761	48
2	1732	50344.794404615319	49
2	1734	50419.56970117143	48
2	1740	50551.766952917777	49
2	1753	50824.883684470268	48
2	1762	51325.678952937871	49
2	1774	51680.801810539277	48
2	1787	51891.916621438473	49
2	1800	52453.842254142226	48
2	1814	53117.586869911189	49
2	1816	53156.269202596457	48
2	1822	53195.65682849053	49
2	1825	53279.414472515753	50
2	1828	53376.516846334884	51
2	1834	53875.278149890662	50
2	1840	53900.403204942645	51
2	1843	53917.025260143315	52
2	1845	54407.127525276453	51
2	1850	54858.690368729592	50
2	1862	55296.560066665697	51
2	1864	55635.234787660599	50
2	1873	56105.276615406335	49
2	1895	56723.492536853016	48
2	1904	56887.142398027433	49
2	1918	57284.454266348722	50
2	1920	57577.098012185604	49
2	1930	57913.67989148795	50
2	1936	58044.714521227136	51
2	1939	58098.048672039461	52
2	1941	58160.219263798506	51
2	1951	58322.255647645832	52
2	1953	58851.301041944833	51
2	1968	59643.788931696625	50
2	1974	59888.996846061165	51
2	1980	60122.089851054737	52
2	1989	60581.197572807731	51
2	2015	61477.841091538729	50
2	2028	61640.0325937111	51
2	2042	62042.871249555875	52
2	2045	62067.094895467113	53
2	2048	62122.899135562396	54
2	2054	62367.808309226246	53
2	2063	62676.203764281916	54
2	2065	62679.586389689655	53
2	2071	62916.071195196035	54
2	2074	62975.851627855714	55
2	2085	63066.060317852394	56
2	2090	63278.166995692016	55
2	2106	63712.658624542858	56
2	2124	64173.875864661248	55
2	2133	64234.010667142508	56
2	2136	64248.52208338965	57
2	2164	65071.678415696086	56
2	2175	65582.62810359797	55
2	2182	65609.988018508967	56
2	2188	65712.792493399474	57
2	2191	65734.859890417442	58
2	2197	65848.674259177358	57
2	2203	65883.383118543241	58
2	2213	66342.55897962066	59
2	2216	66414.99663086601	60
2	2218	66545.700886725397	59
2	2228	66762.763232311491	60
2	2235	67032.524506032433	61
2	2244	67157.796423151807	62
2	2246	67250.584932762147	61
2	2255	67483.612916035266	62
2	2275	68159.832438985766	61
2	2288	68308.602662790441	62
2	2294	68378.443721691977	63
2	2300	68595.422467580945	62
2	2306	68653.542361733816	63
2	2309	68690.151171664632	64
2	2312	68818.789916676623	65
2	2335	69462.850934388996	64
2	2345	69617.527390637401	65
2	2358	69886.700397401653	66
2	2364	70169.353068411362	67
2	2377	70402.107216018201	66
2	2390	70669.609369527081	67
2	2393	70902.720128084269	68
2	2399	71244.184711567075	67
2	2405	71367.286806241372	68
2	2411	71478.510478412571	69
2	2414	71496.691524879534	70
2	2421	71593.425024544443	71
2	2430	71975.366639002175	70
2	2449	72385.94961236319	69
2	2455	72477.10067584041	70
2	2462	73002.592429967536	71
2	2464	73180.892124689133	70
2	2470	73194.54218038867	71
2	2473	73287.8499700772	72
2	2476	73346.75827526648	73
2	2489	73823.175852724077	74
2	2497	73978.501130464436	73
2	2510	74640.404335065694	72
2	2515	74900.380225843699	71
2	2529	75264.796820411974	72
2	2531	75504.953476368399	71
2	2537	75645.348402689065	72
2	2540	75786.962598336769	73
2	2543	75940.165389578288	74
2	2549	76124.785924309245	75
2	2551	76210.866610064121	74
2	2556	76528.80180492154	73
2	2568	77127.798939376088	72
2	2577	77482.589411429079	71
2	2585	77823.438674817743	70
2	2597	78061.301854585436	71
2	2600	78320.71662550982	72
2	2618	78702.388053453477	71
2	2649	79580.907828203352	70
2	2662	79789.133931556309	71
2	2666	79840.132649304946	72
2	2669	79995.879221634091	73
2	2671	80015.175702600689	72
2	2681	80102.148008587456	73
2	2691	80691.728368825304	74
2	2693	80760.277364264192	73
2	2699	80893.894779756258	74
2	2705	80935.85031682313	75
2	2708	80981.014610822125	76
2	2713	81190.202081772448	75
2	2731	81703.074765656741	76
2	2733	81838.014274827154	75
2	2742	81854.969315205657	76
2	2764	82305.196579090269	75
2	2770	82546.431204197533	76
2	2773	82646.022193466718	77
2	2789	83015.603733538599	76
2	2795	83128.418467049888	77
2	2804	83453.543326853085	78
2	2806	83629.687170191617	77
2	2816	83796.690016394993	78
2	2826	84009.370986521298	79
2	2836	84338.878550220118	80
2	2838	84404.062407567115	79
2	2859	84739.720709137471	80
2	2862	84783.563425279121	81
2	2867	85059.921132112802	80
2	2877	85409.651687915307	81
2	2879	85731.210152163119	80
2	2885	85861.507845268187	81
2	2892	85948.821475767488	82
2	2894	86026.96893257177	81
2	2903	86094.001061635604	82
2	2906	86105.062987159903	83
2	2911	86704.765023208172	82
2	2917	86868.971783492794	83
2	2935	87584.350526603819	82
2	2948	87935.287323119999	81
2	2968	88392.018083516282	82
2	2975	88459.659126026614	83
2	2981	88545.004130369933	82
2	2989	88872.135692062737	81
2	2998	89103.565503945246	82
2	3001	89172.12003021111	83
2	3004	89210.530034530186	84
2	3017	89511.986766225608	83
2	3029	89682.549010244855	84
2	3041	89830.999370201873	85
2	3066	90287.363951495798	84
2	3093	90818.946944427484	85
2	3097	90982.077720220566	86
2	3099	91081.817410449447	85
2	3105	91141.594987298606	86
2	3119	91466.550242853159	87
2	3129	91634.429499060339	88
2	3137	91895.787618803741	87
2	3153	91946.08219983515	88
2	3166	92097.560858402446	89
2	3173	92340.046085826487	90
2	3177	92515.778063460061	91
2	3184	92615.378590487367	92
2	3186	92656.867496791245	91
2	3193	92689.872278254418	92
2	3215	93062.637868388488	93
2	3217	93133.15477279103	92
2	3224	93153.532412044749	93
2	3228	93263.908437508524	94
2	3235	93484.682963023701	95
2	3243	93805.170342746141	94
2	3253	93932.014263961403	95
2	3263	94277.217170941135	96
2	3265	94407.387134349855	95
2	3275	94569.61868887958	96
2	3278	94575.215825126439	97
2	3287	94719.1028408328	98
2	3301	95155.302948270732	99
2	3307	95220.294163498046	98
2	3313	95282.135154781802	99
2	3316	95373.53231837084	100
2	3323	95459.595197403849	101
2	3338	95905.128511919938	102
2	3344	95963.041800869361	103
2	3347	96092.839155276071	104
2	3349	96166.914704955133	103
2	3355	96422.196175955162	104
2	3358	96517.877179813461	105
2	3363	96936.787873609873	104
2	3372	97127.556072115435	105
2	3381	97350.598894908043	104
2	3387	97386.099811991043	105
2	3393	97649.856123450162	104
2	3405	98004.290258259636	105
2	3407	98222.209958276661	104
2	3416	98527.619298892977	103
2	3430	98962.967122851227	104
2	3436	99133.114804188671	103
2	3445	99363.3512450829	104
2	3448	99434.074372294473	105
2	3451	99507.358299907911	106
2	3453	99550.886380179735	105
2	3465	100211.659788052501	104
2	3474	100767.374777789253	105
2	3479	101042.978356341781	104
2	3489	101149.320994591302	105
2	3498	101745.66702653742	104
2	3513	102252.38259873441	103
2	3526	102365.956846800581	104
2	3532	102616.308822426273	105
2	3541	102806.612759317221	104
2	3554	103209.354660241814	103
2	3560	103325.481261874218	104
2	3563	103504.323668063367	105
2	3578	103724.062944469548	106
2	3592	103947.59079403332	105
2	3598	103996.159361235224	106
2	3611	104457.641607142003	105
2	3617	104651.471741713314	106
2	3623	104696.811652802771	107
2	3626	104754.64856088024	108
2	3636	104888.942008519262	109
2	3638	104953.710709894957	108
2	3644	105231.905605888847	109
2	3654	105562.545542740891	110
2	3656	105666.248804303767	109
2	3675	106172.448655390216	110
2	3686	106332.926611646497	111
2	3688	106400.724235298993	110
2	3694	106617.372215416349	111
2	3710	106822.295714906367	110
2	3723	107247.701966020315	111
2	3729	107291.018313163731	112
2	3745	107631.295896843844	113
2	3747	107637.339644721659	112
2	3753	107700.899207285981	113
2	3768	108296.545771078925	114
2	3774	108433.184344368937	113
2	3791	109075.141945026505	114
2	3793	109139.111400405827	113
2	3799	109169.425136277987	114
2	3805	109365.079317013044	115
2	3808	109447.885690024119	116
2	3815	109782.800241315363	117
2	3818	109924.97816455673	118
2	3820	109967.052217955652	117
2	3833	110493.225945887777	118
2	3838	110667.132268055293	117
2	3844	110930.466229027054	118
2	3850	111068.43646614827	119
2	3863	111404.719405836377	118
2	3873	111995.980134762102	119
2	3878	112101.043021875385	118
2	3892	112456.97821659525	119
2	3900	112855.217443789307	118
2	3906	112992.923268695348	119
2	3909	113117.21007102656	120
2	3922	113744.482214405153	119
2	3931	113932.467296544079	120
2	3937	114230.821365589733	121
2	3949	114542.446141088777	122
2	3951	114581.94432226098	121
2	3967	114882.534562415395	120
2	3991	115538.240306744149	121
2	3997	115784.480266059701	120
2	4011	116143.953603051426	121
2	4013	116284.177262532477	120
2	4019	116296.453617083271	121
2	4026	116545.345974590748	122
2	4029	116623.150048825315	123
2	4032	116777.41099080555	124
2	4035	116853.527516888449	125
2	4040	117136.54568026862	124
2	4046	117157.45713337446	125
2	4051	117392.541915840422	124
2	4063	117456.627225654023	125
2	4069	117661.111483267461	124
2	4083	118442.416399866556	125
2	4085	118588.781541111832	124
2	4097	118835.492689344364	125
2	4107	119148.885707586025	124
2	4113	119267.279004015984	125
2	4128	119943.379897727584	124
2	4137	120042.983325405472	125
2	4146	120309.759256811264	126
2	4149	120412.060690825484	127
2	4155	120459.012720390176	126
2	4180	121104.083162180667	127
2	4187	121362.82653076498	128
2	4189	121366.365144188469	127
2	4202	121845.654005320217	128
2	4205	121928.997794584225	129
2	4211	122064.153683112416	130
2	4216	122216.665963000571	129
2	4233	122640.672744186542	130
2	4236	122788.987998449866	131
2	4238	122875.452400996303	130
2	4247	123142.196338364582	131
2	4249	123150.366169410711	130
2	4259	123260.949122513571	131
2	4268	123913.938893489219	132
2	4280	124065.720945364749	131
2	4300	124791.454127627378	130
2	4310	125000.838883781265	131
2	4321	125435.798032692675	132
2	4323	125600.384741007304	131
2	4329	125619.342311283285	132
2	4332	125704.420024795427	133
2	4335	125863.544383311009	134
2	4338	125932.734145837965	135
2	4343	126275.51755030728	134
2	4356	126491.026061461156	135
2	4369	127145.560761780085	136
2	4371	127169.401771157003	135
2	4376	127431.067337105936	134
2	4389	127824.599693301956	135
2	4398	128089.674316040194	134
2	4411	128488.062627074699	135
2	4417	128573.873149408913	134
2	4430	129235.754864819855	135
2	4433	129257.461885379391	136
2	4435	129289.599656752265	135
2	4446	129598.053355059541	134
2	4458	129777.911391399664	135
2	4467	129873.602817829067	136
2	4472	129922.474382772065	135
2	4493	130696.003873209424	134
2	4512	131124.424712668128	133
2	4525	131314.294592878123	134
2	4528	131351.230596406314	135
2	4539	131433.846608949564	136
2	4546	131764.664617664314	137
2	4554	132029.841656955845	136
2	4564	132177.127951581555	137
2	4567	132299.842308778589	138
2	4573	132382.898058806154	139
2	4576	132396.958633074276	140
2	4581	132704.756559572137	139
2	4587	132728.564749814696	140
2	4590	132857.066751041042	141
2	4615	133298.853528826452	140
2	4621	133324.830124572984	141
2	4639	133699.758299036133	142
2	4644	134039.098154707766	141
2	4657	134122.335563838109	142
2	4668	134208.003699486972	143
2	4675	134323.273968049768	144
2	4677	134353.761853865302	143
2	4689	134935.999753969676	142
2	4696	135066.34842672732	143
2	4699	135068.058204172062	144
2	4702	135080.674496909183	145
2	4705	135105.899322208936	146
2	4710	135596.863632081962	145
2	4723	135786.498729599798	146
2	4729	135855.940601859535	147
2	4731	135915.672389223195	146
2	4737	135943.569578466679	147
2	4746	136271.967204186089	146
2	4752	136381.858323571498	147
2	4760	136673.642056650437	146
2	4780	137125.535559720164	147
2	4782	137197.429111051328	146
2	4803	137908.642982951859	147
2	4806	137954.996649717021	148
2	4813	138015.000686260246	149
2	4818	138149.736700384833	148
2	4834	138573.402807497189	149
2	4837	138613.499189321974	150
2	4850	138936.72998522497	149
2	4856	138952.595578078442	150
2	4865	139324.050561940192	151
2	4878	139582.938640239604	150
2	4901	140173.659113818422	151
2	4904	140262.31816490833	152
2	4907	140304.146521678107	153
2	4909	140352.339405502148	152
2	4919	140600.130194931217	153
2	4924	140671.452683388211	152
2	4934	140900.156882410621	153
2	4943	141009.041787433393	152
2	4949	141100.624844862724	153
2	4960	141466.201223315892	154
2	4963	141513.077402965823	155
2	4977	141782.211819808113	156
2	4979	141899.748215219892	155
2	4989	142271.754760549865	156
2	4992	142315.571096959482	157
2	4995	142330.61799794502	158
2	4997	142335.111681810535	157
2	5005	142672.365040509916	156
2	5011	142691.346424599656	157
2	5014	142803.361629664535	158
2	5020	143445.232597972221	157
2	5031	144123.599045100577	156
2	5043	144527.77022867341	157
2	5045	144922.115966222204	156
2	5084	145557.04998833216	155
2	5105	145966.505811029503	156
2	5110	146325.365224714346	155
2	5117	146532.418105880628	156
2	5124	146596.208592935959	157
2	5128	146683.130256816694	158
2	5131	146753.823047340209	159
2	5134	146911.404978792594	160
2	5139	147107.284211321689	159
2	5148	147277.284000843221	160
2	5154	147393.228310624967	161
2	5156	147593.673417708792	160
2	5162	147707.631687487969	161
2	5185	148242.165381353298	162
2	5187	148294.766265909143	161
2	5220	149216.663189205297	160
2	5226	149261.67386802621	161
2	5233	149319.217417219502	162
2	5236	149330.576298034333	163
2	5247	149527.938741397638	164
2	5261	149682.652420735656	165
2	5274	150026.641126765442	166
2	5276	150052.344427118965	165
2	5285	150277.138082651086	166
2	5290	150466.254307600625	165
2	5296	150622.488047379886	166
2	5299	150648.000579884945	167
2	5302	150717.018167072804	168
2	5305	150782.824278500194	169
2	5315	151316.470394927032	168
2	5328	151671.673740238455	169
2	5335	152024.566776627515	170
2	5338	152119.828304407129	171
2	5340	152128.781852471597	170
2	5349	152417.361750147381	171
2	5357	152651.808538838245	170
2	5371	153394.558370102106	171
2	5377	153520.081810961433	170
2	5386	154201.237112070389	169
2	5392	154277.18582417405	170
2	5395	154415.36915679148	171
2	5403	154883.981769206889	170
2	5409	154909.852007658353	171
2	5411	155444.573355923362	170
2	5421	155500.131812861805	171
2	5433	156117.364329035349	170
2	5458	156943.797307918735	169
2	5464	156989.031461657693	170
2	5474	157333.964727829166	169
2	5480	157364.66372470895	170
2	5483	157610.250321413147	171
2	5489	157865.048120630005	172
2	5495	157926.387306648262	171
2	5505	158298.157874478925	172
2	5508	158315.223487377871	173
2	5520	158677.550253245004	172
2	5532	158977.659177361943	171
2	5545	159339.487748506044	172
2	5548	159367.368656222821	173
2	5553	159771.01473943419	172
2	5562	160018.702835096933	171
2	5568	160274.443168553208	172
2	5577	160546.187774223916	173
2	5579	160552.133789948143	172
2	5585	160560.320140252856	173
2	5592	160829.858703572622	174
2	5601	161333.266640706874	173
2	5618	161943.848124454454	174
2	5620	162000.32911743126	173
2	5630	162122.511944518331	174
2	5633	162253.898613785598	175
2	5648	162782.250126088924	174
2	5661	163008.276225327593	175
2	5664	163056.377884866918	176
2	5677	163498.956204484668	177
2	5683	163646.051864932246	176
2	5695	163901.852740469343	175
2	5701	163935.096989178129	176
2	5719	164420.611816331402	177
2	5722	164454.967461067152	178
2	5733	164539.380420096864	179
2	5739	164713.317881106353	178
2	5755	164977.08390907473	177
2	5769	165464.118076508356	178
2	5771	165481.557937405026	177
2	5777	165533.823743128421	178
2	5783	165706.777319294948	179
2	5793	166121.35517074815	178
2	5799	166194.607487666843	179
2	5802	166239.741259650665	180
2	5808	166275.033131049874	181
2	5811	166554.778819739021	182
2	5813	166988.050045008725	181
2	5823	167406.612689630108	182
2	5825	167594.938400994009	181
2	5831	167596.962688539545	182
2	5857	168538.529316625512	181
2	5863	168619.454306355426	182
2	5870	168786.480532967742	183
2	5873	168813.288717182708	184
2	5876	168981.703118631311	185
2	5884	169166.435136730737	184
2	5896	169644.02791745118	183
2	5917	170219.630330409809	184
2	5920	170414.475199778774	185
2	5922	170508.463013852901	184
2	5928	170720.501971431521	185
2	5940	171362.336038528896	184
2	5949	171577.643409282676	185
2	5952	171591.03734858188	186
2	5957	171975.170918620146	185
2	5967	172184.66729306807	186
2	5983	172567.638656116045	185
2	5995	172684.528269130283	186
2	6008	172993.852948165453	185
2	6019	173255.707170805848	184
2	6040	173559.421684296504	185
2	6048	173772.241287781811	184
2	6055	173828.18004438892	185
2	6065	174167.641916616087	186
2	6075	174275.523140516377	187
2	6078	174342.76116309844	188
2	6083	174504.462348754472	187
2	6089	174510.047522282749	188
2	6098	174587.109281530515	189
2	6117	174938.002263830757	190
2	6119	175153.761859397358	189
2	6130	175454.581660601265	188
2	6140	175489.165476399456	189
2	6144	175536.750289943268	190
2	6147	175564.088663898653	191
2	6154	175669.076511598308	192
2	6157	175793.682902356932	193
2	6167	176276.148007374039	194
2	6169	176296.343699200965	193
2	6178	176495.97567552348	194
2	6181	176550.772136414025	195
2	6188	177076.500782123433	196
2	6191	177112.739166838099	197
2	6193	177237.235831442244	196
2	6211	177809.805193330116	195
2	6217	178485.43865867406	196
2	6227	178635.654806840188	195
2	6233	178672.788573869007	196
2	6246	179388.619853031249	197
2	6249	179397.238184674337	198
2	6254	179524.516511513806	197
2	6265	180106.433491847432	196
2	6274	180366.298095594114	195
2	6284	180436.459178328977	196
2	6293	180613.139884575224	195
2	6307	181141.727796860635	196
2	6310	181485.482528135456	197
2	6312	181532.268601703411	196
2	6318	181535.712195003721	197
2	6328	181656.465157533663	198
2	6334	181821.589935299274	199
2	6339	182465.323286346113	198
2	6353	182784.665062296513	199
2	6361	182983.016108228778	198
2	6375	183440.151555618578	199
2	6377	183572.85976168788	198
2	6383	183675.745137086693	199
2	6389	183738.729817396229	200
2	6392	184088.503971625578	201
2	6397	184204.711074541276	200
2	6402	184464.405827905005	199
2	6418	184952.476619082457	198
2	6430	185490.601692172653	197
2	6436	185510.617539068534	198
2	6443	185850.143218556358	199
2	6448	186134.326552572615	198
2	6453	186452.831489696122	197
2	6469	186933.129730076142	198
2	6472	186965.910954885036	199
2	6474	187039.143734193362	198
2	6479	187455.903914879031	197
2	6485	187502.151306958823	198
2	6502	188069.672046798236	197
2	6508	188402.013484077571	198
2	6511	188667.668772344385	199
2	6514	188791.082890198402	200
2	6519	188962.646637531883	199
2	6535	189775.135111651338	198
2	6543	190240.136641181029	197
2	6553	190520.436285471685	198
2	6555	190560.946313506879	197
2	6561	190592.415094156367	198
2	6573	191317.947501084723	197
2	6578	191564.699864882	196
2	6587	191992.36783978618	195
2	6593	192107.711934659673	196
2	6599	192595.243567834564	195
2	6605	192755.784296179515	196
2	6610	193276.126770405986	195
2	6616	193323.712520444669	196
2	6622	193467.390910659517	197
2	6630	193811.807963001498	196
2	6646	194555.784424907484	195
2	6652	194758.481126873186	196
2	6658	194826.204446992793	195
2	6663	195093.409227180251	194
2	6680	195832.483921611219	195
2	6682	195925.624033651271	194
2	6688	195971.469597381467	195
2	6695	196312.291112834272	196
2	6698	196471.13214723088	197
2	6703	196622.152560400733	196
2	6711	197152.664327706167	195
2	6717	197209.19592350239	196
2	6722	197855.93469946734	195
2	6731	198224.107688284436	194
2	6750	198615.877746353814	193
2	6756	198764.319420516045	194
2	6768	199204.116472556213	193
2	6779	199557.229871964971	192
2	6785	199591.69642253296	193
2	6788	199647.770265106608	194
2	6799	199910.814842242417	195
2	6814	200295.564585654954	194
2	6826	200518.294698094282	195
2	6848	201056.868383369538	196
2	6850	201123.974066759417	195
2	6856	201302.340867182968	196
2	6862	201396.633689115713	195
2	6879	201565.418082085575	196
2	6883	201622.54697325047	197
2	6886	201772.314155143245	198
2	6891	202073.57997865505	197
2	6897	202194.377265554079	198
2	6900	202217.633101201089	199
2	6903	202346.092681878841	200
2	6906	202375.578259050251	201
2	6911	202958.661311726043	200
2	6917	203054.237635704826	201
2	6923	203375.135072722057	200
2	6933	204119.812603081224	201
2	6935	204121.099563642362	200
2	6940	204728.809549651066	199
2	6945	205061.383587690959	198
2	6951	205064.617401982502	199
2	6953	205383.322903356472	198
2	6958	205679.831080391029	197
2	6972	206107.726862180004	196
2	6985	206462.029846432576	195
2	6990	206850.44662372298	194
2	6996	206850.59493285938	195
2	7006	207342.588410879695	196
2	7011	207497.453644453505	195
2	7017	207762.921465063108	196
2	7029	208153.09857145972	195
2	7044	208758.767214185516	194
2	7054	208897.038305627305	195
2	7063	209199.483698076526	194
2	7079	209589.573361585806	193
2	7085	209673.570779159247	194
2	7088	209908.456366399363	195
2	7091	209935.636412812296	196
2	7097	210182.516234961879	197
2	7107	210451.490495215128	196
2	7116	210723.539185459683	195
2	7122	210829.11264247131	196
2	7124	211053.628451554993	195
2	7130	211094.975631351689	196
2	7142	211303.816053870864	197
2	7148	211506.068690635031	198
2	7154	211743.183723027775	197
2	7169	212398.777505504856	196
2	7174	212740.335240709553	195
2	7187	212913.586580823312	196
2	7190	212968.193701907129	197
2	7207	213356.305708131711	196
2	7219	213756.861816245089	195
2	7225	213801.862023417613	196
2	7230	214161.535983393858	195
2	7244	214258.734279897208	196
2	7253	214541.852686470458	197
2	7256	214590.326512802063	198
2	7270	214867.494443854939	199
2	7272	214880.031561079393	198
2	7278	214927.382362029278	199
2	7281	215401.727691122582	200
2	7290	215503.408382998061	201
2	7292	215510.055778297554	200
2	7300	215840.401731963228	199
2	7310	215877.703626554045	200
2	7320	216255.292159329127	199
2	7336	216872.410855620127	198
2	7345	216933.317560553071	199
2	7348	216951.582134641354	200
2	7357	217272.783409394413	201
2	7359	217813.288308299106	200
2	7383	218164.881436358055	201
2	7386	218191.995217195578	202
2	7388	218551.654070067179	201
2	7422	218966.381355193141	202
2	7428	219352.585863678274	203
2	7431	219373.750690301201	204
2	7433	219413.61581134699	203
2	7445	219693.219707723995	204
2	7451	219724.868362627175	205
2	7454	219734.995456048404	206
2	7459	219781.447454701138	205
2	7495	220397.801529694977	206
2	7500	220416.524755219889	205
2	7507	220597.466552078444	206
2	7520	220932.153055290881	207
2	7522	220934.22148843385	206
2	7529	221028.345305956971	207
2	7532	221081.699319448951	208
2	7539	221481.221289412948	209
2	7542	221604.840325016603	210
2	7544	221704.304016745609	209
2	7560	222082.048388791922	210
2	7563	222304.991463455561	211
2	7565	222329.972655429465	210
2	7571	222397.226819541984	211
2	7580	222590.565534923297	212
2	7583	222614.25652098846	213
2	7589	223110.655478957069	212
2	7602	223466.840144648177	211
2	7618	224013.093826443337	212
2	7627	224229.554281356705	211
2	7633	224558.300383001643	212
2	7635	224687.439613818152	211
2	7641	224794.780587800321	212
2	7648	224949.252174696734	213
2	7653	225128.384356881453	212
2	7668	225469.732294055594	211
2	7674	225473.66897445357	212
2	7687	225929.409139015546	213
2	7696	226231.662832855094	214
2	7698	226247.192013795448	213
2	7732	226989.795759013814	212
2	7741	227023.98644348375	213
2	7747	227062.289872913723	214
2	7758	227335.284586373719	215
2	7760	227534.890119052452	214
2	7769	227589.864180285471	215
2	7774	227797.928966796917	214
2	7780	227815.154756832146	215
2	7790	228140.984433321701	216
2	7812	228532.433776509717	217
2	7814	228671.787269814831	216
2	7827	228804.507622952842	217
2	7837	229011.726361635245	218
2	7840	229023.210873980996	219
2	7843	229046.439319945795	220
2	7859	229405.29615555979	219
2	7868	229556.253598782825	220
2	7875	229730.055800835871	221
2	7877	229791.361018764746	220
2	7887	230106.547727425352	221
2	7894	230309.863889777206	222
2	7897	230380.227362498724	223
2	7906	230687.451949465048	222
2	7912	230732.266804867568	223
2	7915	230746.012709223368	224
2	7924	231576.784610441643	225
2	7926	231603.501315127086	224
2	7935	231875.287557155236	225
2	7938	232043.471634655182	226
2	7947	232160.222128900658	225
2	7984	233042.741578864824	224
2	7990	233112.318298304491	225
2	8002	233377.32436128981	224
2	8015	233485.0332697808	225
2	8022	233664.131212464655	226
2	8025	233782.761340796427	227
2	8031	233976.55108529232	226
2	8037	234004.23547041162	227
2	8044	234149.764633891083	228
2	8047	234529.020245144809	229
2	8056	234858.616415812592	228
2	8062	234911.073476229906	229
2	8065	235115.257937576205	230
2	8067	235184.088786310474	229
2	8076	235303.424656843304	230
2	8082	235330.864677352021	231
2	8087	235752.540559555362	230
2	8093	235817.882024660235	231
2	8113	236127.690274930517	230
2	8126	236601.652034000495	231
2	8129	236724.551019917182	232
2	8139	236863.640935618945	233
2	8141	236896.966746459673	232
2	8150	237323.504281408111	231
2	8156	237716.739900136957	232
2	8165	237957.240036866585	231
2	8171	238063.471849651784	232
2	8182	238619.565438519569	233
2	8184	238773.91623017467	232
2	8190	238801.078651953762	233
2	8193	239224.923113291788	234
2	8196	239339.786354453077	235
2	8201	239634.772904693106	234
2	8206	240215.902063242117	233
2	8224	240997.532793517182	232
2	8233	241407.101589786778	231
2	8239	241792.272787049599	232
2	8242	241798.081541488537	233
2	8251	242333.90029230244	232
2	8263	243159.896170861046	231
2	8276	243596.71890986241	230
2	8282	243598.152150708743	231
2	8287	243980.117269224446	230
2	8293	244204.379195977974	231
2	8301	244364.20989039443	230
2	8307	244445.816160385951	231
2	8316	244633.897820795845	230
2	8324	244918.122785772156	229
2	8330	244942.385536807775	230
2	8350	245833.937308109325	229
2	8356	245855.785649216145	230
2	8369	246154.347934736578	231
2	8372	246166.014249195583	232
2	8386	246476.442082966671	233
2	8388	246611.517615104985	232
2	8402	247149.926081682515	231
2	8430	247665.314876541196	232
2	8437	247799.255346214174	233
2	8441	247823.609740406068	234
2	8446	248065.635887394619	233
2	8452	248175.574532692485	234
2	8459	248237.823654489067	235
2	8470	248402.537665321451	234
2	8476	248520.217641491144	235
2	8485	248783.031813405051	236
2	8488	248830.59906472057	237
2	8502	249213.42547607488	238
2	8511	249336.732883575332	237
2	8517	249439.608404792639	238
2	8534	250038.820235391814	239
2	8544	250117.005952391191	240
2	8546	250179.456046177965	239
2	8562	250569.258909459185	238
2	8572	250670.280310257161	239
2	8579	250788.51366692926	240
2	8584	250901.111651371192	239
2	8594	251056.622862105846	240
2	8601	251379.269367179192	241
2	8609	251571.47160098977	240
2	8615	251641.615863864412	241
2	8618	251648.707949918647	242
2	8621	251733.841928091655	243
2	8628	252080.817035154954	244
2	8631	252120.702390528872	245
2	8634	252133.309368009038	246
2	8643	252514.545840184163	245
2	8649	252608.141332035031	246
2	8662	253163.037827051049	247
2	8668	253280.941111623268	246
2	8684	253937.136177803348	245
2	8690	254069.327519095068	246
2	8700	254220.469590647475	247
2	8709	254749.004684797352	248
2	8715	254777.15058975942	247
2	8724	255045.797027698571	248
2	8743	255664.2168626105	247
2	8749	255716.031198724582	248
2	8752	255745.711872279554	249
2	8769	256240.831806990294	250
2	8772	256352.261339389485	251
2	8774	256529.082528325688	250
2	8787	256890.915326560806	249
2	8799	257180.461664638441	248
2	8808	257523.360275671616	249
2	8814	257610.83399978045	250
2	8821	257705.990221211412	251
2	8823	257714.028178165626	250
2	8835	258140.371075264137	249
2	8841	258241.265586478091	250
2	8844	258265.043937098819	251
2	8846	258490.362722679	250
2	8866	258867.702731512565	251
2	8869	259027.71651700761	252
2	8879	259215.919718342792	251
2	8895	259688.343770465294	252
2	8898	259825.034110474148	253
2	8904	259934.523617358591	254
2	8910	260050.559959924739	253
2	8916	260135.782966459106	254
2	8929	260503.86006678906	255
2	8931	260583.167835018557	254
2	8948	260842.252662670928	255
2	8951	261026.438870227179	256
2	8957	261067.392851441127	255
2	8970	261411.757915452902	256
2	8973	261501.417926117176	257
2	8975	261680.111139426899	256
2	9004	262454.494916697908	257
2	9013	262537.24712166093	256
2	9019	262838.116936036649	257
2	9043	263170.710165634591	258
2	9045	263380.69719056688	257
2	9065	263764.167395817074	258
2	9069	263795.539528675769	259
2	9071	263958.603809430224	258
2	9077	263967.833684408361	259
2	9080	264022.942598644633	260
2	9091	264241.509405012203	259
2	9097	264337.790170576902	260
2	9115	264575.721593085635	261
2	9121	264709.346649241094	262
2	9126	264953.872317812366	261
2	9132	264958.771945477075	262
2	9142	265214.425414164435	263
2	9159	265730.05565675996	262
2	9165	265837.894115525335	263
2	9172	266069.070839886867	264
2	9175	266124.183740928073	265
2	9189	266677.518753421501	266
2	9191	266678.934233142955	265
2	9197	266927.054456181671	266
2	9200	266954.562475048066	267
2	9203	266989.315495446769	268
2	9206	267017.657544894316	269
2	9208	267048.880801993383	268
2	9219	267509.621676365806	267
2	9225	267735.835073706421	268
2	9237	268338.139807722492	267
2	9264	269066.802785089822	268
2	9273	269165.605899087114	267
2	9283	269360.743855666498	268
2	9285	269524.633250861389	267
2	9295	269852.522756996502	268
2	9302	269960.764918797396	269
2	9305	270063.648260757824	270
2	9307	270179.268206982834	269
2	9313	270258.007677192965	270
2	9320	270750.297827368664	271
2	9328	271055.596290240956	270
2	9337	271267.267344648897	271
2	9339	271445.639291024727	270
2	9354	271870.761419414503	269
2	9371	272244.700403635101	270
2	9382	272564.80519429499	271
2	9384	272659.531359608246	270
2	9394	272947.225884865221	271
2	9397	273000.336830046177	272
2	9402	273185.158175202979	271
2	9408	273277.262443426313	272
2	9411	273498.353820771617	273
2	9418	273931.746080831257	274
2	9420	273979.917728855236	273
2	9428	274615.059560473038	272
2	9444	275234.124713512639	273
2	9453	275435.982124331368	272
2	9473	276088.861876757442	273
2	9475	276277.479179120583	272
2	9487	276548.668417942136	273
2	9498	276808.964369884453	274
2	9504	276981.153711668176	273
3	59	2950.501953001694	2647.5588934589
3	71	3746.211437872555	2994.8608332686
3	106	4153.341085902359	2180.3075656639
3	128	4481.733250795807	2941.8944407148
3	143	4841.129821381475	3142.3532013928
3	177	5581.632652292903	3369.0872288818
3	216	6397.182882755007	3817.8131974307
3	251	7161.63999700075	3347.408283709
3	311	8429.957332304623	5581.2441887012
3	337	9247.142432863768	5282.4021898166
3	376	10604.943411416318	6460.5087110908
3	413	11933.44099043956	7478.8354727808
3	439	13192.811719338353	7793.108655422
3	447	13567.289863220359	7773.3669378614
3	469	13951.95875465026	8666.3218521055
3	543	15382.128272979463	8949.6873498408
3	557	16029.6560766091	9941.7004152262
3	580	16747.799561387802	10691.897178087
3	598	17279.121233439947	10837.467480059
3	613	17589.461540068442	11654.426460936
3	624	17993.427555422241	10468.457146062
3	642	18337.67903179949	10963.883470476
3	669	19478.294855310524	12529.403762875
3	703	20318.261504220719	10636.518333643
3	725	20723.068694855029	11670.004464513
3	743	21378.62098523503	10621.726997069
3	765	22273.487007236982	11823.160289243
3	792	22984.316471974308	11753.32816252
3	811	23596.98660240596	10699.126127872
3	823	24234.211484315748	10508.047448654
3	848	25081.983603472764	11197.856280046
3	871	26020.759279682244	13639.694963845
3	885	26467.569056815411	13076.867844495
3	909	27218.368411707635	12822.401093315
3	925	28099.5557040078	14267.036519999
3	936	28423.812476760651	14417.410469452
3	950	29317.93608325621	15068.763075646
3	968	29909.443299240376	14709.349535468
3	999	30815.133718206491	15823.902431411
3	1050	31619.207870132234	16267.664229183
3	1081	32531.587954918798	15865.590923834
3	1128	33594.547230387983	15519.716450102
3	1156	34323.973907838521	16384.399622957
3	1165	34621.717706817148	17562.479831673
3	1192	35571.045325892923	16454.361619856
3	1204	35868.835567823557	16798.472744047
3	1245	36842.038888606189	17723.14473436
3	1253	37246.808705340086	17279.897808846
3	1285	37754.281703188031	17109.215576034
3	1302	38059.012197489797	17212.107999926
3	1348	39089.651306281744	17386.716256257
3	1371	39422.672497565805	16763.428086406
3	1392	39747.327279793977	16921.738615201
3	1448	40475.514318692445	17944.644558974
3	1470	41268.654984525352	17273.000231643
3	1499	41953.347925702988	18544.770620297
3	1507	42341.128294422238	16981.513935781
3	1512	42591.289140871673	17920.149413892
3	1529	43401.826049937814	18237.839472041
3	1568	44994.34514873749	18361.381124431
3	1581	45491.720052259922	15901.653932773
3	1598	46033.898420604825	16254.217321307
3	1624	46743.323851852626	18388.764866045
3	1657	47478.922787840427	18605.89738319
3	1672	48083.218666772307	17700.479198449
3	1690	48583.044205262275	19277.781807163
3	1715	49468.353177915277	18601.479916404
3	1720	49711.265010508658	18356.034614412
3	1737	50419.56970117143	19483.357620081
3	1756	50824.883684470268	19605.896567224
3	1777	51680.801810539277	21253.412509817
3	1803	52453.842254142226	21145.462093149
3	1819	53156.269202596457	21397.117508131
3	1837	53875.278149890662	21406.870036026
3	1848	54407.127525276453	22644.658393359
3	1853	54858.690368729592	22018.884817364
3	1867	55635.234787660599	22562.458135718
3	1876	56105.276615406335	23410.202847648
3	1898	56723.492536853016	22896.105676712
3	1944	58160.219263798506	22679.641707093
3	1956	58851.301041944833	22823.175043678
3	1992	60581.197572807731	25411.619389464
3	2018	61477.841091538729	24694.074489054
3	2057	62367.808309226246	25453.918854003
3	2068	62679.586389689655	25333.189454014
3	2093	63278.166995692016	25559.162296689
3	2167	65071.678415696086	27236.289653638
3	2178	65582.62810359797	26821.12298092
3	2221	66545.700886725397	27786.314600553
3	2249	67250.584932762147	29424.380099336
3	2278	68159.832438985766	28653.667378259
3	2303	68595.422467580945	29041.984926385
3	2338	69462.850934388996	30827.902225586
3	2380	70402.107216018201	32002.559370152
3	2402	71244.184711567075	31612.82948934
3	2433	71975.366639002175	33098.662934459
3	2452	72385.94961236319	33276.299357345
3	2467	73180.892124689133	33072.93446329
3	2513	74640.404335065694	34421.429504807
3	2534	75504.953476368399	32587.806415793
3	2554	76210.866610064121	32314.419649751
3	2559	76528.80180492154	32710.104107703
3	2571	77127.798939376088	32708.581999233
3	2580	77482.589411429079	33525.332313928
3	2588	77823.438674817743	31354.384762577
3	2621	78702.388053453477	32651.666702366
3	2652	79580.907828203352	33387.724785048
3	2674	80015.175702600689	34465.682795174
3	2696	80760.277364264192	34446.540828749
3	2716	81190.202081772448	34709.128948007
3	2736	81838.014274827154	34192.703949633
3	2767	82305.196579090269	35151.439263908
3	2792	83015.603733538599	34884.035429668
3	2809	83629.687170191617	34201.603389489
3	2841	84404.062407567115	34480.540947422
3	2870	85059.921132112802	34035.611610491
3	2897	86026.96893257177	34209.134003064
3	2938	87584.350526603819	36165.40477912
3	2951	87935.287323119999	36581.81174716
3	2984	88545.004130369933	36241.361750815
3	2992	88872.135692062737	33999.527417165
3	3069	90287.363951495798	33997.527099524
3	3102	91081.817410449447	35828.843911625
3	3189	92656.867496791245	36389.328067827
3	3220	93133.15477279103	36313.729182175
3	3268	94407.387134349855	34310.238417843
3	3352	96166.914704955133	35592.885844941
3	3366	96936.787873609873	37415.85287264
3	3384	97350.598894908043	35813.441028116
3	3396	97649.856123450162	36669.028531785
3	3410	98222.209958276661	36788.707918966
3	3419	98527.619298892977	37504.858476879
3	3439	99133.114804188671	36727.199057215
3	3456	99550.886380179735	36292.871596206
3	3482	101042.978356341781	37745.809975163
3	3516	102252.38259873441	38392.864583516
3	3544	102806.612759317221	38811.57211551
3	3557	103209.354660241814	39362.621571091
3	3595	103947.59079403332	40459.955355796
3	3614	104457.641607142003	39847.832021172
3	3641	104953.710709894957	40749.564597307
3	3659	105666.248804303767	40720.85400091
3	3691	106400.724235298993	41204.189954845
3	3750	107637.339644721659	41333.749840353
3	3777	108433.184344368937	40999.706913281
3	3796	109139.111400405827	41994.500335671
3	3823	109967.052217955652	42830.553777791
3	3841	110667.132268055293	42932.810488965
3	3866	111404.719405836377	43030.216251391
3	3881	112101.043021875385	44103.697622805
3	3903	112855.217443789307	44660.539461456
3	3970	114882.534562415395	45937.170772429
3	4000	115784.480266059701	45766.126532239
3	4016	116284.177262532477	46399.990973621
3	4043	117136.54568026862	47365.991255578
3	4054	117392.541915840422	47056.405620034
3	4072	117661.111483267461	46262.765609581
3	4088	118588.781541111832	48149.452228967
3	4110	119148.885707586025	47134.301066472
3	4158	120459.012720390176	48116.327876125
3	4219	122216.665963000571	48252.208486537
3	4241	122875.452400996303	49342.743766358
3	4283	124065.720945364749	48000.955218425
3	4303	124791.454127627378	48104.66126128
3	4326	125600.384741007304	47667.953556386
3	4346	126275.51755030728	48238.607799461
3	4374	127169.401771157003	49598.460138114
3	4420	128573.873149408913	49789.619502247
3	4449	129598.053355059541	51079.598900421
3	4475	129922.474382772065	50990.780280145
3	4496	130696.003873209424	50522.672873287
3	4515	131124.424712668128	49798.649544088
3	4557	132029.841656955845	51103.224969985
3	4584	132704.756559572137	51302.638595817
3	4618	133298.853528826452	52122.128281912
3	4680	134353.761853865302	52734.239517982
3	4692	134935.999753969676	53615.832815695
3	4749	136271.967204186089	52893.174634254
3	4763	136673.642056650437	53825.27062759
3	4821	138149.736700384833	53418.992958993
3	4853	138936.72998522497	54834.029098435
3	4881	139582.938640239604	54775.209408383
3	4912	140352.339405502148	54317.114481949
3	4927	140671.452683388211	54351.984077061
3	4982	141899.748215219892	55005.280737975
3	5008	142672.365040509916	54626.818297087
3	5023	143445.232597972221	56507.854739863
3	5034	144123.599045100577	55191.677720586
3	5048	144922.115966222204	56183.138885947
3	5087	145557.04998833216	57388.687271969
3	5113	146325.365224714346	56562.74426476
3	5142	147107.284211321689	57298.018872552
3	5159	147593.673417708792	58106.946499735
3	5190	148294.766265909143	58782.191348717
3	5223	149216.663189205297	59502.393013251
3	5293	150466.254307600625	60404.787060545
3	5318	151316.470394927032	61637.202225571
3	5360	152651.808538838245	62520.441268092
3	5380	153520.081810961433	63574.207943373
3	5406	154883.981769206889	64656.816224888
3	5414	155444.573355923362	65014.660925724
3	5436	156117.364329035349	64203.573415836
3	5461	156943.797307918735	64966.406986529
3	5477	157333.964727829166	65412.598951674
3	5498	157926.387306648262	66422.848474709
3	5523	158677.550253245004	65834.624138519
3	5556	159771.01473943419	67065.567715949
3	5582	160552.133789948143	66848.065773414
3	5604	161333.266640706874	66912.932771981
3	5623	162000.32911743126	67087.229787433
3	5651	162782.250126088924	68508.067118172
3	5698	163901.852740469343	69316.316974872
3	5742	164713.317881106353	68774.171747651
3	5758	164977.08390907473	68381.128328618
3	5774	165481.557937405026	68256.837154518
3	5796	166121.35517074815	69016.935885774
3	5816	166988.050045008725	69212.013359849
3	5828	167594.938400994009	69837.010107037
3	5860	168538.529316625512	69269.360345655
3	5887	169166.435136730737	68876.613572596
3	5899	169644.02791745118	70088.679067131
3	5960	171975.170918620146	69613.103217236
3	5986	172567.638656116045	70572.512141916
3	6086	174504.462348754472	70816.702012814
3	6122	175153.761859397358	71438.79030248
3	6172	176296.343699200965	71626.169473879
3	6196	177237.235831442244	73659.327002776
3	6257	179524.516511513806	73574.161800115
3	6268	180106.433491847432	74665.001108199
3	6296	180613.139884575224	74875.911448545
3	6315	181532.268601703411	74213.742289244
3	6364	182983.016108228778	75511.968320205
3	6380	183572.85976168788	76765.432452048
3	6400	184204.711074541276	77413.286369763
3	6405	184464.405827905005	76991.236915681
3	6433	185490.601692172653	76742.292882386
3	6451	186134.326552572615	76962.599660466
3	6456	186452.831489696122	75856.654303245
3	6482	187455.903914879031	76353.15487681
3	6505	188069.672046798236	77050.359525397
3	6538	189775.135111651338	76982.877838485
3	6546	190240.136641181029	77608.508356927
3	6581	191564.699864882	77398.018586647
3	6590	191992.36783978618	78664.41912195
3	6602	192595.243567834564	78337.876350926
3	6613	193276.126770405986	78676.405962543
3	6633	193811.807963001498	79573.472660485
3	6661	194826.204446992793	79416.779796225
3	6685	195925.624033651271	78488.094627313
3	6706	196622.152560400733	79356.654472018
3	6714	197152.664327706167	78360.357819394
3	6734	198224.107688284436	79589.337814688
3	6782	199557.229871964971	79417.260155068
3	6817	200295.564585654954	80889.569463238
3	6853	201123.974066759417	80630.886304061
3	6894	202073.57997865505	81964.274016694
3	6914	202958.661311726043	80852.128036664
3	6926	203375.135072722057	81831.400175674
3	6938	204121.099563642362	82058.690564857
3	6943	204728.809549651066	82412.575466847
3	6956	205383.322903356472	81352.80121879
3	6975	206107.726862180004	81656.704118754
3	6993	206850.44662372298	83310.55116152
3	7014	207497.453644453505	81460.33229778
3	7032	208153.09857145972	81861.367661995
3	7066	209199.483698076526	82103.074008434
3	7082	209589.573361585806	82007.62740617
3	7110	210451.490495215128	82549.343948205
3	7119	210723.539185459683	82276.01731513
3	7127	211053.628451554993	81556.662804895
3	7157	211743.183723027775	81964.213472093
3	7172	212398.777505504856	82672.624563371
3	7177	212740.335240709553	83699.340139881
3	7210	213356.305708131711	83822.562451613
3	7222	213756.861816245089	83901.242026415
3	7233	214161.535983393858	84391.765260885
3	7295	215510.055778297554	84740.336088774
3	7303	215840.401731963228	84767.735620862
3	7323	216255.292159329127	86375.179606318
3	7339	216872.410855620127	84253.632686999
3	7362	217813.288308299106	84778.73971677
3	7436	219413.61581134699	87574.011176206
3	7503	220416.524755219889	88377.660576548
3	7525	220934.22148843385	87296.790963346
3	7568	222329.972655429465	88407.951701169
3	7605	223466.840144648177	90363.700419465
3	7630	224229.554281356705	90182.654753094
3	7638	224687.439613818152	89056.002241383
3	7656	225128.384356881453	89017.963319329
3	7671	225469.732294055594	89638.893607333
3	7701	226247.192013795448	90975.890285368
3	7735	226989.795759013814	90521.711301852
3	7763	227534.890119052452	90704.184581894
3	7817	228671.787269814831	91763.477997189
3	7880	229791.361018764746	92289.022444397
3	7909	230687.451949465048	92583.477312365
3	7929	231603.501315127086	92560.015698511
3	7950	232160.222128900658	93910.901315003
3	7987	233042.741578864824	93817.966137043
3	8005	233377.32436128981	94485.698397035
3	8034	233976.55108529232	94538.338754622
3	8059	234858.616415812592	95025.972025735
3	8070	235184.088786310474	95037.432375678
3	8090	235752.540559555362	95910.26544434
3	8116	236127.690274930517	95465.986642055
3	8153	237323.504281408111	95796.514428792
3	8168	237957.240036866585	95388.225539692
3	8187	238773.91623017467	94835.768939312
3	8204	239634.772904693106	95319.594167845
3	8209	240215.902063242117	95724.485649855
3	8236	241407.101589786778	96141.381306105
3	8254	242333.90029230244	97188.726447131
3	8279	243596.71890986241	98652.993170408
3	8290	243980.117269224446	98838.419030869
3	8304	244364.20989039443	99438.93247116
3	8319	244633.897820795845	97308.36338159
3	8327	244918.122785772156	97868.564702285
3	8353	245833.937308109325	97694.106282898
3	8391	246611.517615104985	99399.183599113
3	8405	247149.926081682515	99378.351304477
3	8449	248065.635887394619	100357.83316292
3	8473	248402.537665321451	99863.436246659
3	8514	249336.732883575332	100853.81825797
3	8549	250179.456046177965	102012.68958543
3	8587	250901.111651371192	102093.15300668
3	8612	251571.47160098977	101917.06370926
3	8646	252514.545840184163	102805.86126684
3	8687	253937.136177803348	103507.73768622
3	8718	254777.15058975942	104534.55732914
3	8790	256890.915326560806	104406.15994966
3	8802	257180.461664638441	104877.58279137
3	8826	257714.028178165626	103146.76237107
3	8838	258140.371075264137	102395.57468794
3	8849	258490.362722679	102886.93878784
3	8882	259215.919718342792	104450.26912838
3	8913	260050.559959924739	103870.23077847
3	8960	261067.392851441127	104556.03604279
3	8978	261680.111139426899	104839.91306879
3	9016	262537.24712166093	104675.11630181
3	9048	263380.69719056688	104962.58183616
3	9074	263958.603809430224	105292.97944547
3	9129	264953.872317812366	104616.8693333
3	9162	265730.05565675996	106434.62282031
3	9211	267048.880801993383	106623.42159474
3	9222	267509.621676365806	106519.9160955
3	9240	268338.139807722492	106722.73361277
3	9276	269165.605899087114	106731.67387632
3	9288	269524.633250861389	106767.27168914
3	9331	271055.596290240956	108164.40923934
3	9342	271445.639291024727	107681.35102428
3	9357	271870.761419414503	107802.45371181
3	9387	272659.531359608246	109537.31140895
3	9405	273185.158175202979	108915.65458298
3	9423	273979.917728855236	109685.24445383
3	9478	276277.479179120583	111907.02523858
3	9507	276981.153711668176	112092.00127634
4	290	7751.600847571101	5192.3665645481
4	361	9687.6252237623	5469.9876834961
4	394	11310.908701839801	6929.0360705511
4	421	12524.284480391945	7780.467664774
4	508	14907.130082557852	9592.3168031574
4	655	18940.078985589499	11880.24641374
4	691	19718.471266041452	10437.172800293
4	1103	32881.704187254366	16321.281164359
4	1220	36385.227405345945	18163.778618576
4	1317	38402.052462204306	17518.536136216
4	1534	43783.693235750258	17393.135354476
4	1548	44074.021003070235	17905.010680235
4	1640	47166.577511533112	17401.388715568
4	1923	57577.098012185604	22294.057803939
4	1971	59643.788931696625	24666.587829816
4	2127	64173.875864661248	27594.900351118
4	2200	65848.674259177358	27991.300679285
4	2500	73978.501130464436	33552.914458633
4	2518	74900.380225843699	34446.802706294
4	2882	85731.210152163119	35791.28114961
4	2914	86704.765023208172	35991.645786837
4	3020	89511.986766225608	33280.825415502
4	3140	91895.787618803741	34988.60166145
4	3246	93805.170342746141	35811.254209492
4	3310	95220.294163498046	36025.253956826
4	3468	100211.659788052501	38330.138682172
4	3501	101745.66702653742	37955.900900918
4	3713	106822.295714906367	41192.909836904
4	3925	113744.482214405153	44854.882417666
4	3954	114581.94432226098	45345.496117609
4	4131	119943.379897727584	48182.554145618
4	4192	121366.365144188469	47502.54209948
4	4252	123150.366169410711	49518.119246842
4	4379	127431.067337105936	48970.088488434
4	4401	128089.674316040194	49394.657432908
4	4438	129289.599656752265	50886.12645979
4	4647	134039.098154707766	52199.430179926
4	4713	135596.863632081962	52468.42533908
4	4734	135915.672389223195	53115.227847679
4	4785	137197.429111051328	53297.12655019
4	4946	141009.041787433393	53621.250676356
4	5000	142335.111681810535	55071.549992671
4	5279	150052.344427118965	60198.471474234
4	5343	152128.781852471597	62227.143726885
4	5389	154201.237112070389	62547.171106395
4	5535	158977.659177361943	66116.673747201
4	5565	160018.702835096933	65391.353793673
4	5686	163646.051864932246	69388.332692837
4	5925	170508.463013852901	69526.535906939
4	5943	171362.336038528896	69812.394816995
4	6011	172993.852948165453	69434.069061176
4	6022	173255.707170805848	70535.810866352
4	6051	173772.241287781811	71575.143266397
4	6133	175454.581660601265	73044.365387592
4	6214	177809.805193330116	73456.729584665
4	6230	178635.654806840188	73769.951699747
4	6277	180366.298095594114	74488.15782913
4	6342	182465.323286346113	75215.879913561
4	6421	184952.476619082457	77833.05443479
4	6477	187039.143734193362	76566.354842368
4	6522	188962.646637531883	76951.75792912
4	6558	190560.946313506879	76303.891590347
4	6576	191317.947501084723	77544.921327791
4	6649	194555.784424907484	79186.136808749
4	6666	195093.409227180251	78132.86386381
4	6725	197855.93469946734	80420.365027191
4	6753	198615.877746353814	78948.999945282
4	6771	199204.116472556213	79486.211614126
4	6865	201396.633689115713	81420.310427119
4	6948	205061.383587690959	82073.411376329
4	6961	205679.831080391029	82151.482740561
4	6988	206462.029846432576	82489.127787903
4	7047	208758.767214185516	81715.473036933
4	7275	214880.031561079393	83732.423444969
4	7391	218551.654070067179	86222.161762551
4	7462	219781.447454701138	86765.633926547
4	7547	221704.304016745609	88566.145837719
4	7592	223110.655478957069	89899.464284382
4	7777	227797.928966796917	91228.066809392
4	7862	229405.29615555979	90923.61055628
4	8144	236896.966746459673	95957.646572511
4	8227	240997.532793517182	97380.789558847
4	8266	243159.896170861046	97972.77759127
4	8565	250569.258909459185	102174.38520022
4	8671	253280.941111623268	103368.56063427
4	8746	255664.2168626105	103052.46623157
4	8777	256529.082528325688	104920.7201728
4	8934	260583.167835018557	103873.56769846
4	9094	264241.509405012203	105309.33537606
4	9194	266678.934233142955	106985.47557379
4	9310	270179.268206982834	107776.47056337
4	9431	274615.059560473038	111245.62832849
4	9456	275435.982124331368	111373.35587562

