version 2
run Iteration-37-20200521-09:53:00-65420
attr configname Iteration
attr datetime 20200521-09:53:00
attr experiment Iteration
attr inifile omnetpp.ini
attr iterationvars "$i=4, $j=2, $0=15-(4+2)"
attr iterationvarsf i=4,j=2,15-(4+2)-
attr measurement "$i=4, $j=2, $0=15-(4+2)"
attr network Network
attr processid 65420
attr repetition 0
attr replication #0
attr resultdir results
attr runnumber 37
attr seedset 37
itervar i 4
itervar j 2
param **.resourcePool.amount 4
param **.resourcePool1.amount 2
param **.resourcePool2.amount 15-(4+2)
param **.source.interArrivalTime exponential(6min)
param **.delay.delay uniform(4min,28min)
param **.delay1.delay uniform(10min,28min)
param **.delay2.delay uniform(4min,16min)
param **.allocate.resourceModuleName "\"Network.resourcePool\""
param **.allocate1.resourceModuleName "\"Network.resourcePool1\""
param **.allocate2.resourceModuleName "\"Network.resourcePool2\""
param **.deallocate.resourceModuleName "\"Network.resourcePool\""
param **.deallocate1.resourceModuleName "\"Network.resourcePool1\""
param **.deallocate2.resourceModuleName "\"Network.resourcePool2\""
param **.router.randomGateIndex "uniform(0, 1) > 0.2 ? 0 : 1"

vector 0 Network.allocate queueLength:vector ETV
attr interpolationmode sample-hold
attr title "queue length, vector"
vector 1 Network.allocate1 queueLength:vector ETV
attr interpolationmode sample-hold
attr title "queue length, vector"
vector 2 Network.allocate2 queueLength:vector ETV
attr interpolationmode sample-hold
attr title "queue length, vector"
vector 3 Network.sinkStat lifeTime:vector ETV
attr interpolationmode none
attr title "lifetime of arrived jobs, vector"
attr unit s
vector 4 Network.sink lifeTime:vector ETV
attr interpolationmode none
attr title "lifetime of arrived jobs, vector"
attr unit s
0	0	0	0
0	45	2777.671671728594	1
0	51	3084.688939313755	2
0	58	3346.217525302932	1
0	62	3395.672345584451	2
0	68	3557.278007471975	1
0	72	3731.754836311956	2
0	74	3810.65130970583	3
0	81	3921.495764201693	2
0	85	3998.504388881534	3
0	87	4027.746844435595	2
0	100	4812.5186759029	1
0	104	4865.530744250752	2
0	106	4963.913817754018	3
0	108	4973.607634976075	2
0	112	4987.158559283428	1
0	116	5016.04485443317	2
0	123	5097.360941861504	3
0	125	5126.289627606091	2
0	133	5282.873907903694	1
0	137	5395.679616315477	0
0	141	5682.95105833671	1
0	147	5890.866157988128	0
0	156	6017.021121634864	1
0	163	6115.169746039622	0
0	285	9911.831707483654	1
0	291	9944.148946123713	2
0	293	9963.794290866884	1
0	302	10232.429986099783	2
0	309	10472.431836153153	1
0	313	10624.239870728542	0
0	317	11010.208311692168	1
0	328	11055.525281718724	0
0	428	15078.676234644314	1
0	430	15156.976156915949	0
0	434	15186.769309434244	1
0	441	15407.711816328525	2
0	443	15434.368067339761	3
0	458	15714.107478738649	4
0	464	15903.037100587031	3
0	468	15960.240387723233	2
0	472	15984.848263311611	1
0	480	16260.586847086075	0
0	484	16261.342058836156	1
0	486	16581.52013986596	0
0	518	17187.726033117073	1
0	520	17428.49210267689	2
0	522	17447.041683972265	1
0	526	17481.684889093357	0
0	657	21513.40208032486	1
0	664	21575.28681095506	2
0	666	21609.662323360533	3
0	668	21624.395891949567	2
0	676	21794.037866280665	3
0	683	21870.314987450871	2
0	687	21925.563459140741	1
0	691	21967.336473852537	0
0	701	22065.20505914831	1
0	711	22635.412019328297	0
0	777	24914.067763689952	1
0	779	25013.794950625174	0
0	927	29859.293715837696	1
0	933	30177.515224595157	0
0	937	30182.822025772403	1
0	939	30423.62615251135	2
0	941	30498.455928866354	1
0	945	30514.343027069647	2
0	947	30544.963239158456	3
0	949	30647.70426950049	4
0	961	30776.695552701877	3
0	965	30778.672412575802	4
0	967	30851.550898861251	3
0	975	31204.330239933518	2
0	979	31206.845812344908	1
0	983	31369.28228905562	2
0	989	31839.82013699796	1
0	993	31859.376188622983	2
0	1000	32043.221334027111	1
0	1004	32147.698609430454	0
0	1013	32284.022016424304	1
0	1015	32428.234124149575	2
0	1017	32430.568213025855	1
0	1025	32484.693254832712	0
0	1033	32919.145623961542	1
0	1035	33091.299289408799	2
0	1037	33092.457566570602	1
0	1041	33155.665544712901	0
0	1140	35840.878182590745	1
0	1142	36066.997461294682	0
0	1236	38904.18518591263	1
0	1243	39288.556383322159	2
0	1245	39315.928705546471	1
0	1249	39488.226436771233	0
0	1554	50069.93412168589	1
0	1556	50171.136670529884	0
0	1603	51090.415374725042	1
0	1610	51193.368518335664	2
0	1612	51211.190901067769	1
0	1621	51316.172742922035	0
0	1625	51434.725326771979	1
0	1635	51984.765855776163	2
0	1637	52176.034371490843	1
0	1641	52197.59834350207	2
0	1653	52389.29341623912	1
0	1657	52530.238778520552	0
0	1707	53965.889220657743	1
0	1709	53991.834153943577	2
0	1711	54009.821644982421	3
0	1717	54172.604484063141	2
0	1721	54216.144079532662	3
0	1733	54291.072542532559	2
0	1741	54709.125843174036	1
0	1745	54756.515766739784	0
0	1807	56414.086288755504	1
0	1813	56660.439317326564	0
0	1817	56755.495051687694	1
0	1823	57005.125697025289	0
0	1939	60751.285346197601	1
0	1946	60971.201266589562	0
0	1955	60981.518731388063	1
0	1957	61053.337181898027	2
0	1959	61110.378485677281	3
0	1961	61174.670145340891	2
0	1965	61263.455292523278	1
0	1969	61397.218456343613	2
0	1975	61724.64861068702	1
0	1979	61770.706424803169	0
0	1987	61998.039100204784	1
0	1989	62014.896710270398	2
0	1996	62250.231702855414	3
0	1998	62332.55903260688	2
0	2007	62465.608988568814	1
0	2015	62840.613489931586	0
0	2566	81479.291711531025	1
0	2573	81534.701712451276	2
0	2580	81813.591079964639	1
0	2584	81972.372716707204	0
0	2660	84638.607697394562	1
0	2662	84653.382570684183	0
0	2780	88564.123669275352	1
0	2792	88900.665285649157	0
0	2800	88906.68952352326	1
0	2802	88969.01539149092	2
0	2804	89050.690245707136	3
0	2810	89148.992765912241	2
0	2814	89195.10012269029	1
0	2818	89282.133140967998	0
0	2953	94414.833963316615	1
0	2960	94482.834824550903	2
0	2962	94615.179471560006	1
0	2975	95123.820111433103	0
0	3120	100315.635705406947	1
0	3126	100513.234476684491	2
0	3133	100582.641016158802	1
0	3142	101131.15644938042	0
0	3146	101178.38966009271	1
0	3148	101211.139469956906	0
0	3476	111877.571823884655	1
0	3482	111923.907767796688	2
0	3484	111939.582119082239	3
0	3495	112273.355940346095	2
0	3499	112410.141712135603	3
0	3501	112474.549107227882	2
0	3505	112523.892004573322	3
0	3507	112537.738801708626	4
0	3509	112575.458255617296	3
0	3517	112812.59330235087	2
0	3521	112835.356606833882	3
0	3523	113090.432256568602	2
0	3532	113209.994424161102	3
0	3534	113320.532344717953	2
0	3543	113562.682576200342	1
0	3551	113878.272349302146	0
0	3561	114193.170676151052	1
0	3567	114216.882830181017	2
0	3569	114332.287015606138	1
0	3578	114457.087734324981	0
0	3711	118612.659187661665	1
0	3713	118614.702284818764	0
0	3736	119315.045668642188	1
0	3738	119443.954710927442	0
0	3752	119651.335466951299	1
0	3754	119706.507078162199	0
0	3758	119713.753013885047	1
0	3760	119741.056588029738	0
0	3800	120631.429713317944	1
0	3806	120731.949657116128	2
0	3808	120886.369976057377	1
0	3812	120946.293891256924	0
0	3831	121144.408397657528	1
0	3833	121533.175961148987	2
0	3835	121595.373731049292	1
0	3848	121887.824786578977	0
0	3873	122565.17668222357	1
0	3875	122688.858337605886	0
0	3879	122823.467916132498	1
0	3890	122970.207526425848	2
0	3892	123031.064130718402	1
0	3896	123183.355437334228	2
0	3898	123258.102915878564	1
0	3902	123392.638220203781	0
0	3954	125007.58093876558	1
0	3965	125245.566080011299	2
0	3967	125336.460770708464	1
0	3975	125408.744276434163	0
0	4080	128469.728565440581	1
0	4082	128733.067308522756	0
0	4346	138188.948282063519	1
0	4348	138300.716207616609	0
0	4431	141698.000730119727	1
0	4447	142004.087461512193	2
0	4453	142081.288548988426	3
0	4455	142105.177325541548	2
0	4464	142490.369437488875	1
0	4477	142889.956882751568	0
0	4481	143019.231266976739	1
0	4483	143242.103927978805	0
0	4487	143252.83359542949	1
0	4489	143288.129889788501	0
0	4493	143320.391252069362	1
0	4499	143460.003796375378	0
0	4548	144517.42465081198	1
0	4550	144536.406230578967	2
0	4557	144749.667381762548	1
0	4561	144760.135989306812	2
0	4563	144907.286295484029	3
0	4565	144962.088287333314	2
0	4573	145161.075428388444	3
0	4579	145562.838302123484	4
0	4581	145574.626924475054	5
0	4583	145831.449927629339	4
0	4592	145938.651536075534	3
0	4596	146059.139721870568	4
0	4603	146279.9031297652	3
0	4607	146293.99128203003	2
0	4611	146322.728752772365	3
0	4613	146480.670122224897	4
0	4615	146598.463752279346	3
0	4619	146726.989931768759	2
0	4627	146884.509490921657	3
0	4638	147412.209546124698	2
0	4642	147486.810963214931	3
0	4644	147723.570245420939	4
0	4651	147861.497335822689	3
0	4659	148115.933716944355	4
0	4661	148124.663255632258	5
0	4668	148223.101233958288	4
0	4672	148237.97133293963	3
0	4676	148266.684060493194	4
0	4678	148447.54929040635	5
0	4689	148838.561707815291	4
0	4698	148980.32274404298	3
0	4710	149099.407114057823	2
0	4714	149262.015149133482	3
0	4716	149431.186238492831	4
0	4718	149545.139243016308	3
0	4731	150369.363409249248	2
0	4735	150378.059150756881	3
0	4742	150462.978509345459	2
0	4746	150483.530903912171	1
0	4750	150495.388724254733	0
0	4754	150542.255597756083	1
0	4756	150628.378798280646	2
0	4758	150910.726566851272	3
0	4760	150945.375060371145	2
0	4764	151038.662616291451	1
0	4776	151184.00024791277	0
0	4785	151487.832562485093	1
0	4787	151605.459304904701	0
0	4802	151924.421787177611	1
0	4812	152115.746203149026	0
0	4848	153058.141589450291	1
0	4854	153067.642472972467	0
0	4870	153734.392342501985	1
0	4877	153848.337724189112	0
0	4886	154152.54743514962	1
0	4888	154249.140642242048	0
0	5302	168811.808821852881	1
0	5304	168938.508676331942	0
0	5308	169095.895868997039	1
0	5310	169292.204280052786	0
0	5400	172401.928519221859	1
0	5402	172565.439912394262	0
0	5406	172726.990283260761	1
0	5408	172805.608916675333	0
0	5630	180300.819075776887	1
0	5636	180545.434604059377	0
0	5667	181192.119387659751	1
0	5674	181366.832581175457	2
0	5680	181542.832611383296	1
0	5684	181784.513197276214	0
0	5698	182114.167510700052	1
0	5705	182191.106226698853	0
0	6003	194145.623227309794	1
0	6010	194261.732069859822	0
0	6060	195558.547248271018	1
0	6062	195789.061077033064	0
0	6072	195877.952733894749	1
0	6079	195963.163664201317	2
0	6081	196082.2502927232	3
0	6083	196111.465087178746	2
0	6100	196475.468312707624	1
0	6104	196640.463898498216	0
0	6174	199177.25667223062	1
0	6176	199181.859171118193	0
0	6375	206257.933670002674	1
0	6377	206294.775393590073	0
0	6381	206324.228046512643	1
0	6387	206583.149927864584	0
0	6408	207211.467272536287	1
0	6410	207361.079916231076	0
0	6573	213308.044727771767	1
0	6575	213308.298160670344	0
0	6636	214987.316290462173	1
0	6638	215098.173893483627	0
0	6647	215600.615401644746	1
0	6653	215634.044390187384	2
0	6659	215921.464183664271	1
0	6663	216219.855247246463	0
0	6756	218974.359034341125	1
0	6767	219176.310576777423	2
0	6774	219353.267017034278	1
0	6786	219801.49871998979	2
0	6788	219831.376712573156	1
0	6792	219941.609907645139	0
0	6801	220177.538088503905	1
0	6803	220180.548907814278	2
0	6805	220180.638200750938	1
0	6809	220186.870559471463	2
0	6811	220337.926718700746	3
0	6813	220434.587325963806	4
0	6815	220518.843524073646	3
0	6819	220520.314414010024	2
0	6823	220589.926543467541	3
0	6825	220616.413119222376	2
0	6829	220655.375711469343	1
0	6847	220865.744804022298	0
0	6851	220920.256897349141	1
0	6853	220965.405259099315	2
0	6855	220972.523584669805	3
0	6857	221056.551983706978	4
0	6859	221067.501115999285	5
0	6865	221380.68003087548	4
0	6869	221441.416958624877	5
0	6875	221607.211932157562	4
0	6879	221612.949186808493	5
0	6881	221626.640843803556	6
0	6888	221713.152209513461	5
0	6892	221754.914898610106	4
0	6901	221892.858510754053	5
0	6903	222022.504231754098	4
0	6907	222121.524409935419	5
0	6909	222243.58594957956	6
0	6920	222385.134758512828	5
0	6924	222427.625385366063	6
0	6934	223119.969382279193	5
0	6943	223195.592194748507	4
0	6952	223405.974769870322	5
0	6954	223416.141566856197	4
0	6958	223488.120258652076	5
0	6960	223631.761981808643	6
0	6962	223686.747326559547	7
0	6964	223885.896886784138	8
0	6966	223901.964108656499	7
0	6979	224107.782179024282	8
0	6985	224243.772824921286	7
0	6989	224391.958334503481	8
0	6995	224573.663384817163	9
0	6997	224692.284158056966	8
0	7006	224837.123263729201	7
0	7010	225120.396982128494	8
0	7012	225203.489689556347	7
0	7020	225263.934279318306	6
0	7024	225367.752028462753	7
0	7031	225637.579672627723	6
0	7035	225733.468235344496	7
0	7037	225819.438579540107	6
0	7045	225902.50566429702	5
0	7049	225964.259746340544	6
0	7051	225989.326848460726	5
0	7060	226088.952324438247	4
0	7064	226170.255647962378	3
0	7068	226332.648011705271	2
0	7076	226523.884614211904	1
0	7080	227011.405216755758	2
0	7087	227100.005894309002	3
0	7089	227148.58699668049	2
0	7098	227184.562858969545	1
0	7102	227213.584745431996	2
0	7104	227323.542534581187	3
0	7106	227727.051066485842	4
0	7108	227747.054445158097	3
0	7116	227902.674334896194	2
0	7120	228058.438667424595	1
0	7129	228090.734543059003	2
0	7131	228097.10459021047	1
0	7144	228391.774320165964	0
0	7190	229267.972796186886	1
0	7192	229282.979141910957	0
0	7196	229527.657139454482	1
0	7198	229560.640501145632	2
0	7204	229779.982713242973	3
0	7206	229804.688304058741	2
0	7219	230100.647990530898	3
0	7221	230133.947207967259	4
0	7223	230138.909749869885	5
0	7225	230238.232425553189	4
0	7233	230242.204581333792	3
0	7242	230665.398183212756	2
0	7246	230807.912945553194	1
0	7255	230950.908355125367	0
0	7341	233434.925277886797	1
0	7347	233745.801868300569	0
0	7440	236817.663559067972	1
0	7442	236843.085422326036	2
0	7453	237027.855421893621	1
0	7466	237265.159458195696	2
0	7468	237345.001439286235	1
0	7472	237352.591797136233	0
0	7476	237371.92874248834	1
0	7478	237508.141200726905	2
0	7480	237527.300734289313	1
0	7484	237548.199833241293	2
0	7490	237717.818229054767	1
0	7499	238046.227738127858	2
0	7501	238094.610788554276	1
0	7509	238141.905031850473	2
0	7516	238263.223440183166	1
0	7520	238358.895216752448	2
0	7522	238708.857430913017	1
0	7526	238823.796889095582	2
0	7528	238837.556868772516	3
0	7530	238958.512781210706	2
0	7538	239254.477050513491	1
0	7542	239260.33304023775	0
0	7572	239769.317723599533	1
0	7578	240100.075608302316	0
0	7686	243133.144932103157	1
0	7688	243283.524490919321	0
0	7692	243432.376133066461	1
0	7694	243432.550714014548	0
0	7728	244168.391514833276	1
0	7730	244359.667552698761	0
0	7761	245367.08290622557	1
0	7763	245532.415332469156	0
0	7794	246405.963702981718	1
0	7805	246628.825147182775	2
0	7807	246693.812487744234	3
0	7809	246861.731028139368	4
0	7811	247028.043486337176	3
0	7815	247187.185067387814	2
0	7828	247604.93044516113	1
0	7832	247635.956196787352	0
0	7836	247653.650070562817	1
0	7838	247847.31044058781	0
0	8115	257476.610005439099	1
0	8117	257524.384347538622	2
0	8119	257712.497876100214	3
0	8125	257905.884584419523	2
0	8134	258136.709574235243	3
0	8136	258280.296751327552	2
0	8140	258360.672989864813	1
0	8148	258575.932711806068	0
0	8218	259981.095110095391	1
0	8220	260009.043821442951	2
0	8222	260092.11006407589	1
0	8226	260101.146461134261	0
0	8294	262264.399085924608	1
0	8296	262359.349000313684	2
0	8302	262668.182034002275	3
0	8304	262707.246646700182	4
0	8306	262741.745789953154	5
0	8308	262759.528108790737	4
0	8312	262779.765832123923	3
0	8321	262826.417698267569	2
0	8325	262843.42159429535	3
0	8327	263064.185738658595	4
0	8333	263255.043841045072	3
0	8337	263396.181628940615	2
0	8346	263445.206751411654	3
0	8352	263709.450306219625	2
0	8356	263713.026372587203	3
0	8358	263903.833718441647	2
0	8366	264151.330295495909	1
0	8375	264717.156296599379	0
0	8385	264942.972857998558	1
0	8392	265068.720523377525	0
0	8452	266979.748755394543	1
0	8454	266999.848939055701	0
0	8500	268464.32898068549	1
0	8502	268520.965261152459	2
0	8504	268649.08314600591	3
0	8506	268657.109702642726	2
0	8515	268830.999419038397	1
0	8524	269014.807463939977	2
0	8530	269203.429059815806	1
0	8534	269288.630433125642	2
0	8536	269341.816039828685	1
0	8540	269447.170920143436	0
0	8560	270130.13039616256	1
0	8562	270214.035093720902	2
0	8569	270400.739992966977	1
0	8582	270603.155316444646	0
0	8630	272111.369482796235	1
0	8632	272290.354441401515	0
0	8703	274209.517789451263	1
0	8714	274591.837451414918	0
0	8718	274598.138359494167	1
0	8720	274626.841669052407	2
0	8722	274641.7715672061	1
0	8730	275048.000545854475	0
0	8734	275105.638606577105	1
0	8736	275355.877629512703	0
1	0	0	0
1	29	2440.07922854849	1
1	31	2546.915287591093	0
1	40	2607.800281550501	1
1	53	3288.135304276188	0
1	60	3346.217525302932	1
1	70	3557.278007471975	2
1	76	3827.051407137462	1
1	83	3921.495764201693	2
1	89	4027.746844435595	3
1	95	4367.103259034743	2
1	102	4812.5186759029	3
1	110	4973.607634976075	4
1	114	4987.158559283428	5
1	118	5070.67863524104	4
1	127	5126.289627606091	5
1	135	5282.873907903694	6
1	139	5395.679616315477	7
1	149	5890.866157988128	8
1	151	5970.706239298274	7
1	158	6064.581372711384	6
1	165	6115.169746039622	7
1	168	6390.350471692645	8
1	171	6450.904922335909	9
1	177	6763.958678061431	8
1	190	6908.276680426714	9
1	192	7169.934762205505	8
1	201	7227.698755769246	9
1	208	7619.984572530578	10
1	217	7813.236572697335	9
1	226	7918.868520302954	10
1	228	7991.983462378671	9
1	237	8199.439793836125	10
1	243	8301.743388615127	11
1	252	8595.875663154116	10
1	265	9254.772324249629	11
1	267	9283.75801318469	10
1	280	9829.296364169357	11
1	295	9963.794290866884	12
1	297	10118.971407844043	11
1	304	10385.953881332227	10
1	311	10472.431836153153	11
1	315	10624.239870728542	12
1	319	11026.585371244988	11
1	330	11055.525281718724	12
1	337	11236.02918048351	13
1	340	11503.910472389492	14
1	343	11548.60288879532	15
1	350	11772.671200661712	16
1	352	11952.830249231598	15
1	357	12041.169219195419	14
1	377	12814.355012560914	15
1	382	13305.421431736597	14
1	387	13376.958909521169	13
1	393	13490.03564669553	14
1	410	14493.966640030138	15
1	412	14532.960938999719	14
1	417	14599.001803446138	13
1	432	15156.976156915949	14
1	436	15385.109201503495	13
1	453	15578.56955951295	12
1	466	15903.037100587031	13
1	470	15960.240387723233	14
1	474	15984.848263311611	15
1	482	16260.586847086075	16
1	488	16581.52013986596	17
1	490	16687.252236923493	16
1	496	16690.830383423196	17
1	499	16698.513948266032	18
1	502	16841.832899566731	19
1	507	17032.600333123977	18
1	524	17447.041683972265	19
1	528	17481.684889093357	20
1	539	17703.487487336485	21
1	541	17707.632563190113	20
1	546	17715.782480698369	19
1	555	17897.68762315848	20
1	561	17999.870082408505	21
1	571	18264.048420249399	22
1	578	18596.538445583363	23
1	580	18843.10897143773	22
1	589	19065.839918349647	23
1	592	19107.661514779542	24
1	594	19219.95307237054	23
1	610	19849.839681097231	24
1	617	19995.983512910738	25
1	619	20208.814220244356	24
1	627	20291.693341025661	23
1	636	20537.88814996422	24
1	652	21167.920394039073	23
1	659	21572.216267466124	22
1	670	21624.395891949567	23
1	678	21862.98342221632	22
1	685	21870.314987450871	23
1	689	21925.563459140741	24
1	693	21967.336473852537	25
1	696	21982.542887771824	26
1	713	22635.412019328297	27
1	716	22652.921317756317	28
1	722	22836.59248523929	29
1	724	22886.137492928946	28
1	729	22909.221795910548	27
1	735	23266.296728141639	28
1	746	23749.808839701036	29
1	748	23911.088108170356	28
1	757	24262.902954579414	29
1	766	24483.99833223998	28
1	781	25013.794950625174	29
1	783	25104.377399433697	28
1	789	25187.724422681919	29
1	792	25292.958095157498	30
1	798	25314.254972330804	29
1	808	25593.418673431747	30
1	817	25961.905769995923	29
1	823	26218.299994030153	30
1	826	26231.305125032289	31
1	828	26267.188276762436	30
1	848	27460.660084908977	31
1	850	27547.965864867265	30
1	855	27577.007114516149	29
1	864	28016.183343997492	30
1	874	28327.562618546481	29
1	882	28710.787147247742	28
1	892	28916.328954156365	29
1	900	29426.214040025647	28
1	905	29454.898823576341	27
1	911	29456.559359091743	28
1	935	30177.515224595157	29
1	943	30498.455928866354	30
1	951	30683.449992334763	29
1	956	30759.966951582159	28
1	963	30776.695552701877	29
1	969	30851.550898861251	30
1	977	31204.330239933518	31
1	981	31206.845812344908	32
1	991	31839.82013699796	33
1	995	31948.671568708787	32
1	1002	32043.221334027111	33
1	1006	32147.698609430454	34
1	1008	32173.772644830446	33
1	1019	32430.568213025855	34
1	1027	32484.693254832712	35
1	1039	33092.457566570602	36
1	1043	33155.665544712901	37
1	1045	33215.720252209853	36
1	1051	33237.151885409442	37
1	1053	33251.798740627537	36
1	1063	33587.272021370756	37
1	1070	33943.390308629833	38
1	1072	33960.3994408078	37
1	1077	34049.325580114792	36
1	1083	34430.006892750025	37
1	1099	34825.369452500294	36
1	1108	35128.082154533836	37
1	1117	35261.336536083664	36
1	1123	35522.159641074218	37
1	1128	35732.010706431742	36
1	1144	36066.997461294682	37
1	1150	36514.466052970211	36
1	1155	36609.728720543484	35
1	1161	36816.982147308871	36
1	1175	36960.469330897481	37
1	1178	37264.481128576445	38
1	1181	37502.430890229041	39
1	1183	37586.156573353629	38
1	1198	37962.811729928057	37
1	1204	38119.108069405327	38
1	1207	38133.133027735095	39
1	1215	38301.583228253122	38
1	1231	38873.182564314033	37
1	1238	39234.186261251863	36
1	1247	39315.928705546471	37
1	1251	39488.226436771233	38
1	1258	39556.156846745233	39
1	1265	39749.830105896402	40
1	1274	39880.584703780491	41
1	1276	40208.746979313266	40
1	1281	40332.491462520833	39
1	1287	40607.751649746052	40
1	1290	40769.635207231554	41
1	1297	40898.773006610746	42
1	1309	41279.468301322606	41
1	1317	41539.62901829886	40
1	1323	41546.764080103772	41
1	1333	41910.115301351615	42
1	1346	42172.559852324214	43
1	1348	42285.964596012902	42
1	1354	42369.686886835335	43
1	1367	42729.261968918501	44
1	1369	42933.627065263267	43
1	1374	43041.355271723416	42
1	1380	43289.895411405515	43
1	1383	43410.998492402848	44
1	1389	43699.388375778046	43
1	1395	43953.797860322561	44
1	1405	44236.068091235633	43
1	1420	44836.226517299485	42
1	1436	45603.367389267566	43
1	1438	45646.431838108522	42
1	1443	45827.28149753208	41
1	1453	46146.892613416378	42
1	1456	46265.469189183482	43
1	1458	46368.445580594537	42
1	1467	46603.708365467887	41
1	1473	46772.931439134787	42
1	1483	47594.224234467668	41
1	1491	48151.7702634647	40
1	1504	48606.983463421014	41
1	1511	48653.087625829667	42
1	1513	48849.96773752528	41
1	1518	48882.654780961869	40
1	1540	49636.086661971521	41
1	1549	49843.026326338125	40
1	1558	50171.136670529884	41
1	1561	50185.338282600858	42
1	1564	50200.445628520811	43
1	1567	50215.825612470278	44
1	1572	50408.741435447286	43
1	1578	50423.093215346378	44
1	1598	50960.90240035438	45
1	1605	51133.456785941075	44
1	1614	51211.190901067769	45
1	1616	51313.689690215809	44
1	1623	51316.172742922035	45
1	1639	52176.034371490843	46
1	1643	52229.263407915409	45
1	1648	52370.989945160521	44
1	1655	52389.29341623912	45
1	1659	52530.238778520552	46
1	1662	52771.452716573872	47
1	1665	52780.166750033116	48
1	1668	52792.431338812477	49
1	1671	52884.200396690694	50
1	1687	53266.117091757755	49
1	1692	53404.566308969928	48
1	1719	54172.604484063141	49
1	1723	54232.954181927766	48
1	1728	54267.516391717194	47
1	1735	54291.072542532559	48
1	1743	54709.125843174036	49
1	1747	54756.515766739784	50
1	1750	55027.518790564253	51
1	1753	55060.26053430879	52
1	1763	55354.981635686509	53
1	1765	55519.824659937571	52
1	1771	55586.509735933717	53
1	1776	55706.283046437724	52
1	1792	56118.46665548771	53
1	1797	56317.466426233126	52
1	1802	56345.405121400531	51
1	1815	56660.439317326564	52
1	1825	57005.125697025289	53
1	1827	57052.813482686456	52
1	1837	57123.151158076244	53
1	1840	57445.639623421886	54
1	1846	57559.006842251438	55
1	1852	57956.047775663732	54
1	1861	58272.306891449918	55
1	1863	58362.328052820217	54
1	1883	59095.012447914614	55
1	1889	59142.896098490917	56
1	1891	59218.020016114738	55
1	1896	59318.500691477506	54
1	1906	59659.835528293321	55
1	1912	59713.594550192945	56
1	1918	59852.25942278425	55
1	1934	60381.548340578662	56
1	1941	60866.444257285743	55
1	1948	60971.201266589562	56
1	1950	60979.288907741707	55
1	1963	61174.670145340891	56
1	1967	61263.455292523278	57
1	1977	61724.64861068702	58
1	1981	61770.706424803169	59
1	1991	62175.303340630903	58
1	2000	62332.55903260688	59
1	2002	62426.626091563654	58
1	2009	62465.608988568814	59
1	2017	62840.613489931586	60
1	2020	62908.464896247162	61
1	2026	63129.891033413808	62
1	2029	63163.41528599772	63
1	2032	63196.395869700375	64
1	2034	63216.542628585872	63
1	2044	63305.177161128011	64
1	2046	63437.513416039123	63
1	2062	63961.04269272792	62
1	2067	64104.612897944002	61
1	2073	64130.325049418576	62
1	2083	64747.309546770107	61
1	2088	65244.292112870439	60
1	2107	66124.267589843198	59
1	2112	66186.031463250097	58
1	2126	66609.133392415606	59
1	2131	66742.2045728679	58
1	2140	66773.248349890189	59
1	2146	67283.032250257874	60
1	2148	67283.328018301677	59
1	2161	67485.409015279373	60
1	2166	67545.772637885362	59
1	2172	67698.986963423453	60
1	2175	67857.996159737251	61
1	2195	68395.823930517572	62
1	2200	68666.179770614531	61
1	2206	69003.618992540559	62
1	2208	69011.94808529906	61
1	2214	69131.902266921654	62
1	2230	69621.85352840605	61
1	2236	69655.081906717128	62
1	2239	69712.930374779972	63
1	2242	69760.920024495437	64
1	2251	70261.696251586378	63
1	2260	70396.981132362496	64
1	2272	71249.37350577819	63
1	2277	71269.627205815465	62
1	2283	71313.735005035997	63
1	2289	71587.410374946526	64
1	2300	71780.310676763212	65
1	2303	71783.898504340312	66
1	2306	71946.526578944414	67
1	2308	72087.974658582658	66
1	2313	72382.488968839448	65
1	2325	72978.67993829988	64
1	2334	73185.795575307261	63
1	2346	73726.363667279781	62
1	2356	73882.012136932714	63
1	2368	74045.689467497682	64
1	2371	74427.75148493198	65
1	2378	74435.462406746318	66
1	2381	74489.949395923272	67
1	2383	74677.684022711169	66
1	2391	74846.326772339941	65
1	2413	75773.902440631341	64
1	2419	75872.460342966283	65
1	2426	76174.036000466555	66
1	2428	76253.30130569853	65
1	2434	76269.700527787011	66
1	2440	76568.508068357318	67
1	2446	77013.934507939544	66
1	2452	77334.680283624483	67
1	2460	77684.146593708844	66
1	2466	77695.775121510695	67
1	2479	78155.141281468373	66
1	2489	78760.228897588819	67
1	2492	78862.865066682568	68
1	2494	79010.517724242361	67
1	2499	79043.732546550732	66
1	2522	79935.476203162788	67
1	2524	80005.949412082832	66
1	2529	80012.753082730176	65
1	2535	80013.791621359916	66
1	2548	80642.087998795778	67
1	2555	81168.039202451452	68
1	2568	81481.822817905175	67
1	2575	81679.700173699807	66
1	2582	81813.591079964639	67
1	2586	81972.372716707204	68
1	2589	82271.318789898876	69
1	2600	82440.365008923697	70
1	2605	82720.037953761916	69
1	2613	82972.785376899245	68
1	2623	83196.893340875421	69
1	2626	83343.510034560563	70
1	2629	83484.200518139026	71
1	2639	83764.680961544725	72
1	2641	83801.311525211039	71
1	2646	83963.046869488012	70
1	2664	84653.382570684183	71
1	2667	84664.90577028265	72
1	2673	84835.911232644993	71
1	2686	85088.810851568414	72
1	2689	85184.562923818611	73
1	2692	85357.421247638989	74
1	2698	85448.035413661551	73
1	2706	85732.756461456719	72
1	2712	85902.873429863246	73
1	2718	86406.138563679832	72
1	2723	86453.084470929157	71
1	2733	86673.307266288858	72
1	2746	87427.234238295185	71
1	2752	87748.892017336855	72
1	2764	88115.028930913236	71
1	2769	88136.338385746183	70
1	2782	88816.487725453751	69
1	2787	88824.353172976103	68
1	2794	88900.665285649157	69
1	2812	89148.992765912241	70
1	2816	89195.10012269029	71
1	2820	89282.133140967998	72
1	2826	89441.665148829621	71
1	2832	89516.473118501163	72
1	2839	89645.698089897722	73
1	2845	90197.508622177245	72
1	2850	90253.044164238077	71
1	2856	90385.830688508067	72
1	2866	90735.106490807063	73
1	2879	91327.789147518415	74
1	2884	91505.990343356805	73
1	2893	91879.444344484938	74
1	2895	91894.705336533066	73
1	2905	92195.022922355966	74
1	2912	92446.699811739114	75
1	2917	92819.394726932349	74
1	2923	93140.220817349135	75
1	2930	93509.635702955113	76
1	2932	93545.911311210644	75
1	2955	94449.14643631533	74
1	2964	94615.179471560006	75
1	2970	95104.306517673236	74
1	2977	95123.820111433103	75
1	2980	95335.524174533968	76
1	2987	95462.343523356523	77
1	2990	95486.376595016112	78
1	2992	95542.692303100901	77
1	3004	95973.826699565676	76
1	3010	96023.811709636881	77
1	3013	96029.540772013289	78
1	3019	96462.724829278047	79
1	3021	96579.946268920156	78
1	3033	96984.881271181208	77
1	3039	97093.055704416109	78
1	3052	98133.745566143024	77
1	3057	98144.828076839027	76
1	3063	98479.206247808574	77
1	3073	98971.926357216713	76
1	3089	99331.914622566163	77
1	3091	99401.912732806358	76
1	3102	99995.508720717904	75
1	3108	100077.827352378422	76
1	3128	100519.823260737884	75
1	3135	100582.641016158802	76
1	3137	101021.193600726825	75
1	3144	101131.15644938042	76
1	3150	101211.139469956906	77
1	3153	101314.40109080038	78
1	3164	101492.993892906161	79
1	3169	101787.258933933753	78
1	3182	102109.97219259624	79
1	3187	102450.414695927453	78
1	3193	102537.353280174635	79
1	3199	103073.350410467598	80
1	3208	103373.062982579273	79
1	3213	103451.101603295955	78
1	3219	103526.061223990978	79
1	3225	103928.711748688492	80
1	3235	104164.80803152119	81
1	3237	104241.101680400151	80
1	3243	104282.762015662749	81
1	3253	104401.376084682793	82
1	3256	104411.749590976416	83
1	3258	104545.742452779365	82
1	3271	104917.598972699716	83
1	3277	105199.327437981543	82
1	3288	105547.470456643331	81
1	3294	105882.250257306295	82
1	3297	106031.124108354307	83
1	3313	106582.949323162016	82
1	3319	106587.915767201073	83
1	3321	106669.813782397959	82
1	3330	106807.481427980606	83
1	3333	106858.037912605896	84
1	3346	107076.601813997997	85
1	3356	107543.803004428037	86
1	3358	108124.740489527885	85
1	3364	108129.807688760261	86
1	3366	108161.039579959166	85
1	3372	108191.367584062464	86
1	3385	108991.168552453612	87
1	3391	109098.320861320522	86
1	3406	109242.657676966788	87
1	3408	109399.177967936103	86
1	3414	109506.27529631205	87
1	3425	110142.276973448643	88
1	3428	110284.858968456405	89
1	3430	110381.108317069289	88
1	3438	110495.116261646454	87
1	3460	111184.6388538755	86
1	3466	111249.160030607241	87
1	3471	111861.227884732489	86
1	3486	112082.078719373372	85
1	3497	112273.355940346095	86
1	3503	112474.549107227882	87
1	3511	112575.458255617296	88
1	3519	112812.59330235087	89
1	3525	113090.432256568602	90
1	3527	113191.323665158403	89
1	3536	113320.532344717953	90
1	3538	113459.225440008868	89
1	3545	113562.682576200342	90
1	3553	113878.272349302146	91
1	3556	113894.082222219964	92
1	3571	114332.287015606138	93
1	3573	114456.204704001126	92
1	3580	114457.087734324981	93
1	3583	114485.271314192942	94
1	3589	114635.732273144996	95
1	3591	114973.112269902904	94
1	3600	115144.772098575208	95
1	3603	115205.270460429143	96
1	3609	115511.011401760903	95
1	3615	115518.075268102933	96
1	3624	115901.708258150448	95
1	3630	115967.805503544608	96
1	3642	116246.814639854281	97
1	3652	116492.929466432183	98
1	3659	116547.888323036304	99
1	3662	116566.884967640872	100
1	3664	116622.981247512926	99
1	3672	117049.826428770599	98
1	3682	117231.248521855051	99
1	3684	117551.620333997835	98
1	3706	118414.446770969358	97
1	3715	118614.702284818764	98
1	3717	118626.536267383326	97
1	3723	118640.629718258248	98
1	3740	119443.954710927442	99
1	3742	119487.729770896536	98
1	3747	119575.029294660617	97
1	3756	119706.507078162199	98
1	3762	119741.056588029738	99
1	3765	119745.719490186149	100
1	3771	119953.576440340644	101
1	3781	120275.400704277259	100
1	3786	120278.036345832352	99
1	3792	120355.440469520585	100
1	3810	120886.369976057377	101
1	3814	120946.293891256924	102
1	3816	120996.809265978214	101
1	3822	121003.046354469493	102
1	3837	121595.373731049292	103
1	3843	121808.305488547613	102
1	3850	121887.824786578977	103
1	3853	122053.383712357159	104
1	3855	122090.282628630799	103
1	3861	122106.380510358777	104
1	3877	122688.858337605886	105
1	3881	122894.308715697681	104
1	3894	123031.064130718402	105
1	3900	123258.102915878564	106
1	3904	123392.638220203781	107
1	3907	123425.670749039789	108
1	3914	123535.449135693304	109
1	3919	123731.937386758205	108
1	3928	124212.605018106961	109
1	3937	124397.528901325842	108
1	3943	124424.236011407437	109
1	3949	124846.276303711504	110
1	3956	125034.074412418109	109
1	3969	125336.460770708464	110
1	3977	125408.744276434163	111
1	3979	125589.134645855358	110
1	3985	125592.637626235329	111
1	3988	125622.781014166441	112
1	3991	125840.53731274452	113
1	4000	126602.282537642446	112
1	4008	126762.228746174207	111
1	4017	126863.693150424795	112
1	4020	126890.054906539599	113
1	4023	126914.21080716659	114
1	4032	127274.509703201169	115
1	4049	127791.784134709497	116
1	4052	127856.093440001253	117
1	4054	127860.928743073297	116
1	4060	127941.010266953633	117
1	4068	128257.261080669543	116
1	4084	128733.067308522756	117
1	4087	128881.409255052881	118
1	4093	129148.389290554029	117
1	4099	129267.262843938849	118
1	4101	129274.932430668107	117
1	4107	129377.639248226822	118
1	4121	130065.739554569774	119
1	4124	130250.814093507822	120
1	4126	130295.834640229425	119
1	4131	130710.168363695544	118
1	4153	131714.606733817911	117
1	4158	132234.222956534055	116
1	4167	132259.366639227196	117
1	4177	132392.767574694883	118
1	4180	132499.450677144591	119
1	4186	132931.518962581128	120
1	4192	133200.725908755836	119
1	4197	133261.505945001101	118
1	4203	133427.690062450047	119
1	4218	134010.934531447989	118
1	4228	134148.820406393118	119
1	4231	134259.534728513061	120
1	4238	134454.833581949841	121
1	4243	134567.528228203138	120
1	4248	134813.286769726825	119
1	4261	135074.411105095152	120
1	4267	135603.559168830094	119
1	4276	135776.538347442277	120
1	4278	135846.522803699901	119
1	4284	136132.182259331475	120
1	4286	136251.321418817666	119
1	4307	137011.112232507852	120
1	4309	137318.241741463845	119
1	4314	137386.560431515378	118
1	4336	138155.593281017196	117
1	4341	138181.315759869595	116
1	4350	138300.716207616609	117
1	4357	138542.967514741644	118
1	4360	138805.028926052731	119
1	4367	138969.018945175396	120
1	4372	139525.691389219415	119
1	4378	139634.509298564526	120
1	4381	139705.082411905522	121
1	4383	139833.037734564697	120
1	4388	140175.972235986543	119
1	4401	140589.209403071856	118
1	4416	141129.970994313759	117
1	4433	141721.981939759409	116
1	4442	141936.968448293907	115
1	4457	142105.177325541548	116
1	4459	142468.401749573952	115
1	4466	142490.369437488875	116
1	4472	142859.958980373619	115
1	4479	142889.956882751568	116
1	4485	143242.103927978805	117
1	4491	143288.129889788501	118
1	4501	143460.003796375378	119
1	4504	143530.114883373639	120
1	4506	143571.658831156371	119
1	4515	143768.448426986417	118
1	4521	143959.379750090115	119
1	4531	144269.124341966144	120
1	4543	144492.446140676318	119
1	4552	144621.101321822336	118
1	4559	144749.667381762548	119
1	4567	144962.088287333314	120
1	4585	145831.449927629339	121
1	4587	145852.912596484227	120
1	4594	145938.651536075534	121
1	4598	146146.881952623209	120
1	4605	146279.9031297652	121
1	4609	146293.99128203003	122
1	4617	146598.463752279346	123
1	4621	146726.989931768759	124
1	4633	147173.767936426727	123
1	4640	147412.209546124698	124
1	4646	147787.137477744674	123
1	4653	147861.497335822689	124
1	4663	148130.69704473163	123
1	4670	148223.101233958288	124
1	4674	148237.97133293963	125
1	4684	148825.186107077008	124
1	4691	148838.561707815291	125
1	4693	148922.483156455262	124
1	4700	148980.32274404298	125
1	4712	149099.407114057823	126
1	4720	149545.139243016308	127
1	4726	150250.280987659051	126
1	4733	150369.363409249248	127
1	4737	150426.642316898635	126
1	4744	150462.978509345459	127
1	4748	150483.530903912171	128
1	4752	150495.388724254733	129
1	4762	150945.375060371145	130
1	4766	151038.662616291451	131
1	4778	151184.00024791277	132
1	4780	151362.325810130267	131
1	4789	151605.459304904701	132
1	4791	151660.530121114409	131
1	4797	151862.224979752111	132
1	4814	152115.746203149026	133
1	4817	152116.24555644302	134
1	4819	152305.836356712809	133
1	4827	152627.227015329106	132
1	4833	152792.833891367676	133
1	4839	152816.960968980854	134
1	4856	153067.642472972467	135
1	4859	153237.530219132398	136
1	4862	153327.904338369551	137
1	4872	153764.46063129448	136
1	4879	153848.337724189112	137
1	4881	153877.455646471633	136
1	4890	154249.140642242048	137
1	4897	154438.027377379432	138
1	4907	154947.998087822312	139
1	4909	155152.669289775497	138
1	4914	155159.891635609372	137
1	4920	155162.450998419438	138
1	4923	155322.338255810389	139
1	4930	155797.528377185446	140
1	4932	155987.137520874223	139
1	4948	156665.407742449595	138
1	4953	156811.245725184983	137
1	4972	157227.715735121646	138
1	4975	157604.193140782864	139
1	4984	157639.64708023849	138
1	4990	157729.790188498225	139
1	4996	158116.250305736399	140
1	5002	158222.533652053636	141
1	5004	158302.715380100837	140
1	5010	158339.372535612672	141
1	5016	158803.711566991686	140
1	5022	158900.949464880517	141
1	5028	159116.035913594371	140
1	5044	159667.824390551551	141
1	5057	160235.409197661512	142
1	5059	160309.560976570776	141
1	5064	160477.696054961114	140
1	5070	160531.673825622564	141
1	5081	161153.20699811541	142
1	5086	161498.157134477353	141
1	5098	161719.773057295137	142
1	5100	161732.356831647037	141
1	5114	162181.028943904838	142
1	5116	162211.966340394995	141
1	5131	162913.412892372427	142
1	5134	162930.817244013281	143
1	5140	163222.276959159924	142
1	5149	163570.626554820491	143
1	5151	163814.443279693208	142
1	5157	163883.750572240185	143
1	5164	164224.228651349456	144
1	5178	164576.508798563434	143
1	5187	164771.047439046509	142
1	5193	164963.09313780173	143
1	5196	165116.879742488029	144
1	5202	165373.628273720227	143
1	5208	165386.551505108694	144
1	5214	165528.486157927243	143
1	5220	165635.784511594013	144
1	5237	166566.415002258359	145
1	5239	166637.050437770365	144
1	5247	166772.48708415062	143
1	5264	167670.218650258475	144
1	5267	167769.291410692944	145
1	5272	168039.046339664189	144
1	5278	168250.845966226551	145
1	5280	168270.120041735776	144
1	5306	168938.508676331942	145
1	5312	169292.204280052786	146
1	5314	169392.732427839496	145
1	5319	169420.233642646624	144
1	5325	169467.854322964346	145
1	5328	169668.876731690224	146
1	5339	169862.886925828164	147
1	5345	170005.583551852159	148
1	5350	170199.745257982565	147
1	5356	170439.928643847513	148
1	5358	170550.811011132159	147
1	5364	170773.265020679705	148
1	5380	171565.034696079372	147
1	5392	172196.38027251915	146
1	5404	172565.439912394262	147
1	5410	172805.608916675333	148
1	5413	172909.618217407815	149
1	5420	172940.081410684264	150
1	5422	173102.575776066213	149
1	5428	173157.495377791707	150
1	5431	173215.046310767023	151
1	5436	173659.787959346854	150
1	5449	173715.031379686815	151
1	5461	174127.061136580586	150
1	5469	174413.288076261365	149
1	5483	174947.40374136535	150
1	5485	175061.044751445138	149
1	5494	175090.725193522321	150
1	5497	175208.60762053693	151
1	5499	175219.906311884105	150
1	5509	175590.6379113238	151
1	5519	175849.372382528672	152
1	5522	176049.949234140063	153
1	5524	176088.443200664901	152
1	5532	176455.466404856697	151
1	5545	177095.101966375068	150
1	5550	177266.556936551192	149
1	5563	177448.638192817987	150
1	5573	178135.719535515522	151
1	5575	178566.56758996875	150
1	5580	178580.285000038848	149
1	5593	178864.098523795764	150
1	5603	179595.661776656306	151
1	5615	179994.274626980555	152
1	5617	180025.935650246525	151
1	5625	180243.734611786486	150
1	5638	180545.434604059377	151
1	5641	180646.471455009474	152
1	5648	180745.863446867125	153
1	5654	180929.214865640665	154
1	5662	181145.529512000786	153
1	5669	181283.932812476838	152
1	5682	181542.832611383296	153
1	5686	181784.513197276214	154
1	5693	181934.383083915626	155
1	5700	182136.044235761793	154
1	5707	182191.106226698853	155
1	5714	182429.590692242121	156
1	5716	182655.710581906447	155
1	5722	182845.592451401152	156
1	5724	182887.462284911008	155
1	5740	183358.065124485115	156
1	5746	183526.826507376091	155
1	5752	183629.84238679836	156
1	5755	183706.670312433406	157
1	5764	184162.530294379527	156
1	5780	184880.922688969276	157
1	5783	184933.330668224167	158
1	5785	184935.827301621021	157
1	5790	185527.137302562902	156
1	5795	185572.719645017342	155
1	5805	185873.981327229958	156
1	5811	186308.410711303125	157
1	5821	186800.060180707211	156
1	5832	186999.111357807697	155
1	5846	187692.301173391004	156
1	5849	187785.517200278924	157
1	5852	187796.84892842212	158
1	5863	188446.947431072901	157
1	5868	188500.389787220911	156
1	5885	189024.265301899332	157
1	5887	189080.520387927379	156
1	5896	189505.03862960923	157
1	5903	189958.190714122205	158
1	5906	189982.98949129047	159
1	5908	190151.844097656713	158
1	5913	190521.211950483109	157
1	5918	191013.756857273684	156
1	5931	191068.203798182983	157
1	5937	191278.787885664339	156
1	5943	191344.175037360023	157
1	5956	192105.007313436205	156
1	5962	192241.833936243942	157
1	5968	192683.685575902046	156
1	5976	193150.519447096	155
1	5998	194007.87712964374	154
1	6005	194180.144443281303	153
1	6012	194261.732069859822	154
1	6015	194282.885323727709	155
1	6025	194619.899932565708	156
1	6032	194718.929997011401	157
1	6034	194876.343397453735	156
1	6040	194883.845842247369	157
1	6045	195277.534080773177	156
1	6064	195789.061077033064	157
1	6067	195789.76771270439	158
1	6074	195930.495797816972	157
1	6085	196111.465087178746	158
1	6095	196449.682974993768	157
1	6102	196475.468312707624	158
1	6106	196640.463898498216	159
1	6113	196936.368059169499	160
1	6116	197022.867295611301	161
1	6118	197138.78759270751	160
1	6124	197204.648351752898	161
1	6130	197630.848848541162	162
1	6132	197757.768403303186	161
1	6144	197893.9088759027	160
1	6164	198617.164189230502	161
1	6169	199116.20416302451	160
1	6178	199181.859171118193	161
1	6181	199203.818517662815	162
1	6187	199473.016725012063	163
1	6189	199532.755069752741	162
1	6199	199849.779630500142	163
1	6205	200191.030022466863	162
1	6217	200475.429541121774	163
1	6220	200585.584214361111	164
1	6222	200675.638060804042	163
1	6231	200798.370138443414	164
1	6234	200933.879593256118	165
1	6240	201044.91886840419	164
1	6253	201214.287688987015	165
1	6262	201701.946170840221	166
1	6264	201707.042254537652	165
1	6269	201808.798981273132	164
1	6283	202497.326296948349	165
1	6286	202559.783613377948	166
1	6292	202752.272686298522	165
1	6297	203039.471580937813	164
1	6310	203595.413309756252	163
1	6325	204264.544106575037	162
1	6331	204416.995201176789	163
1	6334	204546.599376393165	164
1	6343	205018.766693874779	163
1	6354	205632.061718564789	162
1	6367	206066.136059715929	161
1	6379	206294.775393590073	162
1	6389	206583.149927864584	163
1	6392	206595.082990783073	164
1	6398	206749.953307143768	165
1	6400	206906.551910175319	164
1	6412	207361.079916231076	165
1	6415	207364.332667375716	166
1	6421	207725.615305501553	165
1	6430	208088.956360690038	166
1	6437	208279.873874389283	167
1	6440	208360.655288275806	168
1	6443	208368.41531418637	169
1	6445	208402.21902748787	168
1	6450	208439.880048829648	167
1	6466	209391.119298386905	166
1	6471	209398.783819267835	165
1	6480	209510.063550093999	166
1	6486	210084.504206768755	165
1	6496	210165.5133866328	166
1	6508	210711.735360550072	165
1	6521	211153.290224232958	166
1	6523	211357.203219953511	165
1	6529	211395.545705777743	166
1	6536	212032.191750263958	167
1	6538	212243.82870058674	166
1	6546	212311.386896997999	165
1	6568	213056.718997966807	164
1	6577	213308.298160670344	165
1	6583	213522.52658361714	164
1	6589	213588.129377777065	165
1	6595	213950.401191537236	166
1	6602	214271.876453807596	167
1	6608	214301.823484196629	168
1	6611	214424.382246458073	169
1	6613	214530.909464268323	168
1	6624	214800.481069704105	167
1	6640	215098.173893483627	168
1	6642	215202.897507969599	167
1	6661	215921.464183664271	168
1	6665	216219.855247246463	169
1	6668	216301.797961467516	170
1	6671	216336.300921084631	171
1	6673	216430.382132028748	170
1	6679	216523.150107262978	171
1	6687	216866.823199915077	170
1	6704	217430.085370572645	171
1	6709	217717.117828029726	170
1	6715	217746.44444472176	171
1	6718	218019.592545043658	172
1	6723	218286.617855096545	171
1	6731	218343.091307395656	170
1	6737	218372.706447784668	171
1	6747	218681.810277209677	172
1	6762	219086.232693029154	171
1	6769	219278.215591239121	170
1	6776	219353.267017034278	171
1	6790	219831.376712573156	172
1	6794	219941.609907645139	173
1	6796	219991.98847147781	172
1	6807	220180.638200750938	173
1	6817	220518.843524073646	174
1	6821	220520.314414010024	175
1	6827	220616.413119222376	176
1	6831	220655.375711469343	177
1	6833	220707.311989117723	176
1	6838	220713.981565313	175
1	6849	220865.744804022298	176
1	6867	221380.68003087548	177
1	6877	221607.211932157562	178
1	6883	221656.709945724863	177
1	6890	221713.152209513461	178
1	6894	221754.914898610106	179
1	6896	221774.928784614738	178
1	6905	222022.504231754098	179
1	6911	222350.411176571208	178
1	6922	222385.134758512828	179
1	6936	223119.969382279193	180
1	6938	223137.711013845685	179
1	6945	223195.592194748507	180
1	6947	223245.93381858648	179
1	6956	223416.141566856197	180
1	6968	223901.964108656499	181
1	6974	224006.445786097604	180
1	6987	224243.772824921286	181
1	6999	224692.284158056966	182
1	7001	224743.871663373273	181
1	7008	224837.123263729201	182
1	7014	225203.489689556347	183
1	7022	225263.934279318306	184
1	7026	225536.605977231222	183
1	7033	225637.579672627723	184
1	7039	225819.438579540107	185
1	7047	225902.50566429702	186
1	7053	225989.326848460726	187
1	7055	226073.253466070008	186
1	7062	226088.952324438247	187
1	7066	226170.255647962378	188
1	7070	226332.648011705271	189
1	7078	226523.884614211904	190
1	7082	227076.082098346513	189
1	7091	227148.58699668049	190
1	7093	227151.577579948637	189
1	7100	227184.562858969545	190
1	7110	227747.054445158097	191
1	7118	227902.674334896194	192
1	7122	228058.438667424595	193
1	7124	228071.136050906342	192
1	7133	228097.10459021047	193
1	7139	228259.358267934579	192
1	7146	228391.774320165964	193
1	7149	228459.763049034766	194
1	7155	228745.24106859473	195
1	7157	228993.11965943459	194
1	7170	229107.074664067038	195
1	7180	229133.349862519058	196
1	7182	229184.702993465897	195
1	7194	229282.979141910957	196
1	7208	229804.688304058741	197
1	7210	229871.9986952863	196
1	7227	230238.232425553189	197
1	7235	230242.204581333792	198
1	7237	230540.845564232725	197
1	7244	230665.398183212756	198
1	7248	230807.912945553194	199
1	7250	230942.812585944619	198
1	7257	230950.908355125367	199
1	7264	231079.791380904149	200
1	7267	231310.337175921678	201
1	7273	231439.660270831084	202
1	7280	231647.787814204977	203
1	7282	231869.624062899809	202
1	7287	232166.531550848443	201
1	7293	232324.91696234849	202
1	7301	232572.878935600009	201
1	7314	232815.952320484024	202
1	7324	232948.232344111014	201
1	7336	233192.06836654066	202
1	7349	233745.801868300569	203
1	7351	234067.639297621634	202
1	7357	234196.725203219485	203
1	7363	234370.317880777767	204
1	7365	234407.425374660227	203
1	7371	234431.048818061952	204
1	7374	234708.219885323687	205
1	7376	234729.809383360978	204
1	7385	234838.943450257641	205
1	7406	235356.4696046119	206
1	7409	235583.198213649459	207
1	7411	235633.3803653359	206
1	7424	236121.31838673227	207
1	7429	236366.625427037787	206
1	7444	236878.269870338548	205
1	7455	237027.855421893621	206
1	7461	237184.120650470566	205
1	7470	237345.001439286235	206
1	7474	237352.591797136233	207
1	7482	237527.300734289313	208
1	7492	237717.818229054767	209
1	7494	237794.444951807667	208
1	7503	238094.610788554276	209
1	7511	238249.563775902923	208
1	7518	238263.223440183166	209
1	7524	238708.857430913017	210
1	7532	238958.512781210706	211
1	7540	239254.477050513491	212
1	7544	239260.33304023775	213
1	7547	239350.641136323768	214
1	7549	239359.546335937042	213
1	7558	239440.994077196184	214
1	7567	239755.644720254775	213
1	7580	240100.075608302316	214
1	7583	240150.020695805873	215
1	7586	240516.384475179479	216
1	7588	240637.526773904968	215
1	7594	240642.106385271231	216
1	7599	240655.163105206873	215
1	7605	240856.726924177667	216
1	7618	241114.497370325175	217
1	7624	241421.470043121215	216
1	7632	241520.391933956701	215
1	7641	241806.743604273736	216
1	7647	242096.012748255903	217
1	7653	242305.11178314903	216
1	7666	242382.998573780037	217
1	7672	242600.788919245778	218
1	7674	243016.547177267778	217
1	7690	243283.524490919321	218
1	7696	243432.550714014548	219
1	7699	243498.484103678974	220
1	7704	243603.501014311176	219
1	7714	243637.746276853152	220
1	7723	244130.493009846243	219
1	7732	244359.667552698761	220
1	7735	244631.816710821617	221
1	7738	244775.979092043623	222
1	7741	244818.314642494994	223
1	7746	244920.155484864798	222
1	7765	245532.415332469156	223
1	7771	245602.189616711396	222
1	7777	245902.773639863899	223
1	7783	246003.087326184146	224
1	7786	246019.570388187081	225
1	7800	246592.065522961628	224
1	7813	247028.043486337176	225
1	7817	247187.185067387814	226
1	7819	247202.933554445911	225
1	7830	247604.93044516113	226
1	7834	247635.956196787352	227
1	7840	247847.31044058781	228
1	7842	247848.93068620221	227
1	7848	247858.44799015437	228
1	7855	247990.259897860283	229
1	7862	248220.312686209049	230
1	7864	248455.478661154915	229
1	7869	248486.023100430456	228
1	7875	248615.657600956968	229
1	7888	249542.583683265683	228
1	7894	249817.98073816312	229
1	7900	249891.800409351994	228
1	7905	250194.874992875692	227
1	7924	250778.453163677905	228
1	7933	251004.417456138466	227
1	7939	251173.794233354779	228
1	7941	251354.130522359472	227
1	7951	251463.200878371723	228
1	7954	251524.871830490878	229
1	7960	252190.35637287568	228
1	7965	252416.614766486299	227
1	7977	253070.26535352837	226
1	7993	253935.493615169388	225
1	8009	254261.775537618853	226
1	8011	254409.786445676868	225
1	8017	254523.595173691985	226
1	8020	254692.324425602295	227
1	8022	254864.103247227457	226
1	8027	255037.733660565277	225
1	8044	255442.201792546092	226
1	8053	255660.278581279849	225
1	8058	255715.535552978825	224
1	8070	256254.801313799178	225
1	8081	256742.603904146614	226
1	8083	256813.89850035527	225
1	8092	256822.73827915509	226
1	8095	256887.607530908459	227
1	8103	257171.341804733088	226
1	8127	257905.884584419523	227
1	8129	257917.993175342989	226
1	8138	258280.296751327552	227
1	8142	258360.672989864813	228
1	8150	258575.932711806068	229
1	8152	258621.444509664139	228
1	8157	258632.517764374924	227
1	8167	259009.704028848478	228
1	8174	259267.338873934911	229
1	8179	259319.463708439431	228
1	8185	259428.700064226724	229
1	8194	259473.109524555598	230
1	8199	259613.7264359671	229
1	8205	259765.809326694815	230
1	8224	260092.11006407589	231
1	8228	260101.146461134261	232
1	8230	260103.684928586296	231
1	8236	260571.549482838812	232
1	8239	260855.895600086456	233
1	8245	260994.78747141977	234
1	8251	261116.287503263292	233
1	8260	261341.533563886313	234
1	8269	261713.346598883575	235
1	8271	261754.739841419793	234
1	8284	262115.706135669472	235
1	8289	262252.193394007472	234
1	8310	262759.528108790737	235
1	8314	262779.765832123923	236
1	8316	262802.514385358951	235
1	8323	262826.417698267569	236
1	8335	263255.043841045072	237
1	8339	263396.181628940615	238
1	8341	263424.591676082773	237
1	8354	263709.450306219625	238
1	8360	263903.833718441647	239
1	8368	264151.330295495909	240
1	8370	264387.787124320454	239
1	8377	264717.156296599379	240
1	8380	264933.041293559584	241
1	8387	265042.347681319652	240
1	8394	265068.720523377525	241
1	8401	265422.76156745128	242
1	8408	265598.741859178658	243
1	8410	265839.128276818953	242
1	8416	265847.545069981089	243
1	8424	266387.299292192174	242
1	8430	266530.906453695557	243
1	8443	266715.133462546038	244
1	8456	266999.848939055701	245
1	8459	267241.632018315706	246
1	8461	267322.927094494514	245
1	8466	267556.043407304524	244
1	8472	267745.008730055888	245
1	8479	267873.62512662551	246
1	8489	268111.493876731645	247
1	8508	268657.109702642726	248
1	8510	268687.004700500108	247
1	8517	268830.999419038397	248
1	8519	268949.792985489904	247
1	8532	269203.429059815806	248
1	8538	269341.816039828685	249
1	8542	269447.170920143436	250
1	8545	269587.132820713984	251
1	8555	269965.193248448175	252
1	8564	270226.123001865633	251
1	8571	270400.739992966977	252
1	8577	270576.753660926907	251
1	8584	270603.155316444646	252
1	8587	270614.127876517966	253
1	8593	270885.9820850888	254
1	8596	271344.638170901284	255
1	8602	271462.693310415474	256
1	8608	271603.394872454517	255
1	8617	271634.399999875101	256
1	8625	271963.420300765275	255
1	8634	272290.354441401515	256
1	8641	272400.841390841945	257
1	8651	272692.272894492822	258
1	8657	272941.944085533145	259
1	8660	273071.462276873145	260
1	8663	273074.520701516588	261
1	8666	273079.738347922343	262
1	8668	273237.893139777296	261
1	8673	273359.334247365906	260
1	8698	274198.118535571112	259
1	8705	274235.755147916787	258
1	8716	274591.837451414918	259
1	8724	274641.7715672061	260
1	8732	275048.000545854475	261
1	8738	275355.877629512703	262
1	8741	275356.973567395771	263
1	8743	275388.267558926307	262
1	8749	275574.32507589759	263
1	8752	275806.395620460417	264
1	8754	275856.722794903754	263
1	8768	276643.218845011449	264
1	8773	276821.351340377294	263
1	8778	277136.337997189103	262
2	0	0	0
3	49	2989.94022254976	1895.095823966
3	66	3531.939773012241	2491.067778971
3	93	4135.785263685086	2773.6346618974
3	131	5202.149457309683	2983.2992586797
3	145	5833.814098203131	3963.3739305306
3	184	6854.355865727687	4257.7915064146
3	205	7267.252718994682	4621.0019759906
3	212	7770.932765744203	4686.2438264304
3	247	8355.887952924063	5578.2162811955
3	259	8722.391929450953	5326.7195838665
3	289	9923.753119624728	6113.1018099189
3	326	11039.48777837894	6173.9570341282
3	334	11100.177414530464	6136.2635967764
3	347	11689.430491209319	6592.0695493478
3	374	12806.803206122988	7790.7583516898
3	397	13764.315946029789	8081.3648876931
3	447	15444.009417883629	8588.815887748
3	451	15468.121546304143	8287.0175107718
3	478	16219.56848100043	8411.7599665658
3	568	18173.470918398641	9798.6565240995
3	575	18341.889397428881	9445.3411592681
3	601	19340.474915879138	9503.7194784838
3	614	19899.608393853109	10500.994647231
3	640	20636.607635861554	10404.177649762
3	674	21773.280283997127	11829.131337873
3	705	22159.466924269044	9615.9434366241
3	739	23604.437638504009	11261.072530629
3	743	23723.062888246322	10463.779385491
3	764	24431.990683648314	10122.525784902
3	796	25313.023691617245	11256.477322859
3	838	26695.624015397902	11287.912199069
3	872	28310.898780656556	12876.530713317
3	889	28829.106965020592	13642.337655586
3	918	29500.153440238486	13238.811381402
3	922	29779.569071095015	12632.948398886
3	931	29931.512650812338	12841.970556485
3	987	31688.879931170072	14501.153898053
3	1023	32437.270942406307	14615.417031119
3	1031	32700.385835489551	15817.753189876
3	1067	33774.874526674221	15742.308438403
3	1090	34698.603364118885	15745.729081922
3	1097	34778.620115688364	15106.522726263
3	1135	35773.917650126214	15559.729048006
3	1148	36302.836406819101	14789.434326494
3	1165	36851.161094608079	16193.480655362
3	1169	36914.005306122402	16393.37255728
3	1225	38747.115772833626	16690.957179923
3	1229	38809.11895995244	17015.081093672
3	1255	39531.364095612939	17921.701772252
3	1262	39649.220440436449	18073.933629481
3	1294	40862.932856373067	18199.101260677
3	1304	41054.112342598212	18988.90728345
3	1330	41799.290048081006	17007.440903775
3	1364	42721.831804925871	18300.798996717
3	1387	43506.097833841618	18592.030070152
3	1399	43966.077077605125	18329.719520084
3	1427	45126.974523740184	18555.198864434
3	1477	47069.221514297228	17209.92779846
3	1501	48382.747274639381	18886.394796289
3	1531	49275.854769416449	19093.032743644
3	1547	49766.647534455683	19910.764433534
3	1588	50581.614746155513	19933.910476655
3	1592	50795.782011357646	20281.438984288
3	1633	51934.945325946731	21156.272913371
3	1678	53094.760139176918	21235.383950554
3	1682	53103.373762305404	22558.410523147
3	1702	53662.525340674741	21234.291216525
3	1739	54492.657685327853	22208.635668904
3	1789	56077.813944501381	22986.514655093
3	1811	56548.066370880528	22002.125869572
3	1821	56994.479717856569	21990.769219965
3	1834	57084.25989563721	22355.902332519
3	1850	57828.854247975673	21987.976065385
3	1870	58383.955805927812	23193.54029425
3	1877	58775.928839223039	23150.54332546
3	1903	59659.131243519782	23827.797340829
3	1916	59715.814859188672	22798.919757842
3	1931	60269.933543225329	22529.172722946
3	1973	61481.858586111617	23198.672042319
3	2013	62805.535714200064	24535.922783583
3	2041	63259.50940711568	24799.957727032
3	2060	63935.974849241151	24647.418465919
3	2077	64405.773594502656	24621.892834652
3	2081	64406.640600889501	25502.455414977
3	2098	65463.680386935871	24249.260838137
3	2105	65543.703031486197	24618.672307077
3	2119	66490.080417125996	24910.106625601
3	2158	67464.635909732729	26083.919116568
3	2182	67938.591360386759	25864.514219573
3	2224	69260.272656420544	24919.340879459
3	2246	70100.070027999159	25595.403940463
3	2293	71634.978371310558	26292.835946687
3	2297	71713.45947395295	23419.623622895
3	2323	72961.004590300422	24861.006494715
3	2332	72987.526874069423	23705.325782937
3	2344	73242.643418928907	24182.955627194
3	2353	73812.904923671435	24393.487283722
3	2375	74433.987006612421	25386.353673312
3	2398	75113.366293480199	25406.170527844
3	2405	75334.578143406958	25264.644021721
3	2423	76079.528532234531	25572.465326729
3	2444	76911.793762689756	26552.341143468
3	2477	78130.055886388124	27601.78386571
3	2486	78625.943474398505	27722.110694589
3	2512	79534.352542032998	27549.586686257
3	2519	79651.738657869698	28458.370139534
3	2545	80635.295371108057	29544.879996383
3	2552	80778.915441484701	29344.190114713
3	2597	82416.007415821355	30218.409072319
3	2620	83041.545135547917	29049.710981604
3	2636	83726.273804746869	30532.807514087
3	2671	84757.552623853388	31173.808446915
3	2680	84890.269277208995	31800.111331733
3	2696	85419.197509514469	31203.053429982
3	2716	86175.466285703283	32209.577065046
3	2737	87099.553286658901	30804.173972285
3	2744	87222.305900008928	32112.457088172
3	2756	87809.113468064296	32061.454649148
3	2798	88901.701846506026	33299.490976176
3	2808	89079.182668432893	33126.372983654
3	2836	89612.054191848563	32856.559140161
3	2843	89773.727829420519	32219.802982402
3	2863	90666.785206032496	31618.998742338
3	2870	90870.203561645301	32272.301328486
3	2909	92270.914282838183	34107.509573066
3	2927	93210.05586373836	33223.614278448
3	2942	94012.012689766985	33456.209259634
3	2968	95071.028511852326	35404.673014186
3	2984	95359.840727319521	35121.130980871
3	3002	95935.58884084441	34954.070109456
3	3031	96821.554388768551	36070.269042571
3	3046	97375.293298160237	36264.914812483
3	3050	97411.622974139008	36014.404517795
3	3067	98526.232627026317	36528.193526822
3	3071	98573.193896247375	37519.856714349
3	3083	99288.424231700179	37038.192528845
3	3112	100087.069539066705	38072.172828796
3	3124	100447.512508436617	37508.607299029
3	3161	101480.363451970321	36203.790479926
3	3179	102040.575226454365	36554.755907251
3	3206	103342.718799786222	36715.786422266
3	3229	104105.929734577936	37362.976006645
3	3250	104355.663895376328	37203.073948492
3	3265	104578.998252267319	36651.523332955
3	3275	104977.55671495716	37636.09910354
3	3301	106084.509679443714	38552.425572572
3	3308	106166.466608720201	37626.743145539
3	3340	106948.8796415481	38808.451983548
3	3353	107341.061480875638	39209.599888608
3	3382	108930.074003126774	39689.958997011
3	3389	109089.510799722326	39903.47694209
3	3418	109643.730555932548	39008.815235775
3	3422	109886.524376266007	39356.969179243
3	3455	111102.436595104937	40715.995625771
3	3493	112131.222988248174	38927.892667551
3	3515	112754.875811945227	40141.467683057
3	3549	113826.971010865224	39851.835198904
3	3565	114208.640754597564	40259.410173663
3	3619	115524.046282435138	40177.195865864
3	3649	116283.758150014606	40880.357998972
3	3656	116535.148937089671	41739.294595218
3	3679	117088.236344700982	40639.003032545
3	3695	118061.431301797111	40623.749376254
3	3727	118769.431538052437	40716.253128682
3	3779	120134.696794190955	41047.935180766
3	3804	120653.050694094551	41025.157599492
3	3826	121072.063299522106	41034.04230316
3	3841	121662.632628019479	40326.446097885
3	3865	122389.307013007184	42024.313095955
3	3888	122949.754929581237	41528.008067356
3	3935	124352.333133436319	42817.631420985
3	3963	125046.707469823142	43567.415758292
3	3973	125382.213231084448	42506.875850012
3	3995	126139.927590286663	43581.653099503
3	4036	127322.092690153351	43715.224939707
3	4040	127357.972300361422	43388.20274293
3	4078	128436.429213584912	43892.422643832
3	4091	129030.745263567498	44977.846235632
3	4118	129614.220755027911	44110.773922708
3	4141	130860.974651614508	43639.862665914
3	4151	131595.041627419692	46520.73830713
3	4171	132300.676357087052	44047.610932948
3	4190	132974.115440558222	44686.801529544
3	4210	133651.071010504221	45548.371451769
3	4225	134122.825440588919	46151.51089398
3	4235	134340.451995843602	45776.328326568
3	4255	134864.576420413634	45895.561028923
3	4265	135386.572846529585	46335.882600822
3	4293	136347.044263782283	47440.354740259
3	4297	136383.642936899838	45884.867675274
3	4301	136756.906064405617	45280.303945018
3	4321	137665.142459051264	46420.750528019
3	4328	137765.918851618027	46713.995597288
3	4354	138520.483924283017	46671.67202115
3	4364	138870.549624060792	46200.640092152
3	4395	140263.014809798753	46412.694590161
3	4399	140339.531043396842	46228.899375835
3	4408	140749.330148884607	46334.496185568
3	4423	141343.718781762129	47002.669120346
3	4440	141739.740418122662	47329.952265358
3	4451	142020.238321956551	47537.403497406
3	4577	145200.26100453206	45737.964274562
3	4625	146766.330893972469	46616.645820117
3	4631	147057.522116752645	47315.478057165
3	4704	149017.919096594257	48702.283391187
3	4724	149828.340212015016	48174.502341314
3	4770	151061.165170037701	48707.511697593
3	4774	151175.760723857513	49214.210190995
3	4806	152008.731379687368	49350.593989916
3	4810	152064.538585108078	48388.572562893
3	4846	153028.58930897112	49781.302210767
3	4852	153059.87986117818	48949.050990861
3	4894	154293.342714981689	48790.638129727
3	4901	154439.585017787597	50095.131249423
3	4927	155438.155224241621	50858.710737263
3	4939	156048.889725079341	49951.980644081
3	4966	157047.592388821347	50669.657247177
3	4979	157620.288058437711	50821.365755413
3	5014	158513.291210375308	51614.050412774
3	5026	158902.956095954707	51899.927706089
3	5038	159366.319154940849	50981.576385712
3	5051	159715.995549235075	52531.51774705
3	5074	160969.283375425568	51784.151849741
3	5107	161991.093650453097	52886.985184819
3	5111	162169.639490369289	53057.893754764
3	5138	163141.655524282089	52724.954319643
3	5161	163940.513136053039	52914.179443617
3	5185	164600.456091409854	53479.024410667
3	5200	165292.969561965717	54195.625933203
3	5212	165511.631612640179	54041.862140089
3	5234	166433.746639407752	54023.604927272
3	5254	167016.60015712709	55077.018038045
3	5261	167275.992955538957	54738.25415383
3	5287	168305.180192749528	56381.272424953
3	5297	168539.57601922781	55329.581595067
3	5332	169695.546220943638	57171.65421637
3	5336	169749.974588026805	55824.917149953
3	5368	170805.923306347383	56612.752630196
3	5375	171440.4553812112	58605.098774377
3	5387	172066.963075540541	57447.240527605
3	5417	172916.745222818413	58699.862392637
3	5443	173695.235561739235	57974.690806715
3	5456	173971.631447488748	58917.245120122
3	5476	174713.193492295527	58652.422106897
3	5480	174869.706489901572	58871.923970861
3	5506	175503.221860650509	59420.472076553
3	5513	175645.165553896063	59363.039417535
3	5543	177051.289452390328	60004.994049454
3	5560	177401.692480930641	59199.764305713
3	5600	179359.007135082343	61248.821014229
3	5634	180398.685556670958	60747.35008972
3	5645	180664.251619476409	60827.844020897
3	5678	181468.681588975297	61754.92857509
3	5690	181893.136358244652	61417.844072237
3	5711	182395.12264515418	63080.076976512
3	5734	183192.752800315203	62830.573844256
3	5762	183903.884820324884	63272.455107007
3	5777	184803.658444362069	64071.708787246
3	5839	187331.838504552425	64794.878500937
3	5843	187487.231776548857	65954.0558154
3	5879	188814.382382595495	65631.026945261
3	5900	189790.571920352365	66117.873417649
3	5928	191036.44064609106	68066.233119665
3	5935	191154.350463992293	66265.144256109
3	5947	191352.630793416456	67596.21913738
3	5951	191662.593415754224	66655.012476989
3	5966	192412.581245845492	67679.970705003
3	5986	193483.144967604013	69176.870584067
3	5990	193734.821364704827	67402.456774245
3	6019	194530.936731576504	69285.370651565
3	6029	194686.954057079117	68075.959970657
3	6052	195320.973239720175	67814.256354026
3	6089	196174.136593725117	69401.377247079
3	6110	196696.737965728673	69006.535557741
3	6151	198259.187266828078	70209.411326564
3	6158	198408.679597854922	70157.601283206
3	6196	199557.744624207104	71176.182842066
3	6203	200048.688981441367	70562.864870754
3	6238	200951.223175397451	72481.494609957
3	6247	201172.764562099758	69629.933892398
3	6276	201899.619296223233	71084.327020805
3	6280	202482.367512194025	70912.526653545
3	6290	202630.930969987373	70389.455101453
3	6308	203514.425084955576	69708.22987864
3	6320	204002.550901148054	71156.806910808
3	6338	204723.188700827147	71086.592761002
3	6361	205641.030504248622	71668.36785581
3	6365	206060.834697030793	71155.235271942
3	6385	206511.123676813724	72011.095859256
3	6434	208166.448700680914	71180.456711984
3	6460	208839.893347567256	71123.670424717
3	6464	208877.916803910914	70688.968521847
3	6484	210015.343994817074	72086.919212508
3	6503	210568.594599768106	71259.705957437
3	6518	210982.727037148859	70037.841674231
3	6533	211777.844416603033	70794.213921305
3	6559	212682.245807510178	71294.667200935
3	6563	212744.413632127974	71154.487805503
3	6651	215605.279092678388	72352.445497249
3	6657	215918.663137678366	72899.431870702
3	6694	217065.296504610737	73744.905252541
3	6754	218904.764713516768	74632.871645294
3	6784	219554.36186084741	75036.937210035
3	6863	221251.04927305277	76089.973844664
3	6873	221600.106458116632	76692.820162633
3	6918	222351.585097277846	76292.445375407
3	6928	222568.578295876789	76993.951371402
3	6932	222640.643560180026	76317.914807408
3	6972	223968.294933300051	77083.785442378
3	6993	224449.019074776727	76962.208111562
3	7018	225205.030662615162	77481.460417194
3	7043	225847.747166493493	77731.813449549
3	7074	226503.509163309198	78378.845907677
3	7114	227803.61769908325	78372.43146059
3	7137	228104.65070828009	79837.966647787
3	7164	229017.983646050405	79755.968496917
3	7177	229132.06437576707	78754.00522501
3	7202	229569.809739759501	81122.260449353
3	7217	229900.97947587404	79272.600677593
3	7231	230238.904033733841	79696.648435978
3	7311	232808.265943315189	80010.462686888
3	7318	232849.396017400134	80924.974230223
3	7322	232914.764579071041	80007.944515344
3	7345	233601.63048621412	81716.562117062
3	7389	234857.257009486046	82414.4553653
3	7396	235057.828858832206	81999.687269382
3	7400	235144.940390187833	81598.249753507
3	7507	238137.661829256971	81846.398354227
3	7536	239103.942293880816	82145.727691343
3	7565	239639.0312314048	82592.449055674
3	7576	240041.692663507845	82916.898390465
3	7609	241011.394324974675	83384.345497586
3	7651	242215.983796773065	84031.259178248
3	7663	242364.425965382096	83088.364114836
3	7681	243060.0688111245	83124.983038696
3	7769	245590.926700944391	83976.397601792
3	7826	247494.913753226709	85118.760195742
3	7852	247908.016512432653	85489.40170229
3	7859	248211.944398705226	85351.613700403
3	7879	248897.202810144362	84354.687599872
3	7886	249277.49900303926	86022.572921094
3	7898	249863.294038420853	85307.073808626
3	7912	250242.664811370481	85677.954723475
3	7931	250944.587571995643	86380.15769915
3	7948	251459.240032128577	85711.366490839
3	7958	251728.209637023818	85063.258919329
3	7975	253064.265368805786	86631.986932956
3	7984	253125.067117449206	85329.362492499
3	7991	253720.564856903215	86458.000544083
3	8006	254201.796677589726	85389.987855737
3	8034	255213.725469421183	86694.642003314
3	8051	255594.696615116259	86498.800746119
3	8074	256543.071287732881	87888.717318719
3	8078	256582.11663494963	86507.351552804
3	8110	257248.519293109264	85907.41916834
3	8123	257877.399297935476	87932.883171962
3	8146	258521.247593585712	86286.426894433
3	8164	258935.301382962925	86533.372863741
3	8171	259049.513215815237	86875.094602703
3	8216	259899.543617499581	87172.553334239
3	8278	261774.391364997563	88071.917765275
3	8300	262560.212693430073	88794.652390421
3	8331	263117.229409667043	89014.265280652
3	8350	263500.892681127003	89363.834615567
3	8398	265092.736531432307	89353.651206827
3	8405	265577.204038651971	89294.305164413
3	8434	266625.882031341604	88733.973302622
3	8447	266746.466760218454	89389.78498289
3	8476	267819.764559904425	88907.40957304
3	8486	267975.393101071529	89314.923067305
3	8528	269037.191812723465	89427.804712687
3	8552	269874.312471004515	89890.614451409
3	8606	271504.952234311341	91603.331240622
3	8638	272377.726166026257	91585.284144066
3	8645	272529.071943519949	92228.252867743
3	8686	273903.019922582024	92924.903552405
3	8693	273938.367109030797	92746.247721371
3	8712	274565.022191555761	93434.443279151
3	8761	275931.702800524943	93817.535289825
3	8765	276488.315838521658	95121.483257346
4	175	6685.690331470509	4441.8974277324
4	277	9466.995012007943	5735.240175696
4	367	12511.914294001004	8513.4099051195
4	401	13846.817607583055	7829.7964859482
4	462	15751.988912282089	7750.3794531804
4	532	17507.6687556799	9692.90414334
4	536	17627.756848970718	9400.8144146414
4	647	21028.451416717421	11116.619709234
4	709	22295.915433235045	11285.707121543
4	805	25368.653297901446	10289.977063257
4	815	25790.405097260649	10911.344575285
4	842	26747.795366721521	12059.991532622
4	868	28208.958153568501	12494.85067483
4	973	30923.689069694201	13495.196967017
4	1060	33521.301444639962	15541.690124094
4	1115	35197.919182145546	15424.651264465
4	1196	37843.331314904909	16781.474048745
4	1343	42075.620095797178	18075.065475317
4	1403	44063.137071553913	17218.662550969
4	1418	44568.834956634368	19751.515812798
4	1450	45945.862843117041	17964.406203727
4	1465	46408.382253331642	17806.153833681
4	1481	47178.324709751007	18194.455084678
4	1508	48613.559718282472	19414.005491128
4	1629	51843.971515914004	21420.345363403
4	1715	54145.825900492768	22776.543611437
4	1760	55140.239183895586	22221.093559934
4	1985	61819.83392031148	24083.554999665
4	2056	63735.503258082595	23901.307118381
4	2123	66564.676704148128	24631.710948034
4	2192	68220.92689626063	25527.317695906
4	2228	69291.683448079553	26700.573587624
4	2270	71043.039583333135	25522.140934339
4	2470	77850.632905058142	26872.123487431
4	2593	82294.706597665625	28451.808263188
4	2730	86662.626929983798	32652.805285001
4	2824	89381.485994841483	32967.399706086
4	2902	92157.742229282435	33015.656652371
4	3157	101415.839977899867	37973.470502502
4	3445	110834.041096765128	40670.93500925
4	3480	111912.637834550393	40394.539538195
4	3607	115371.061569593427	41363.030600981
4	3691	117631.176416605291	42497.336318116
4	3731	118998.541175334085	41522.845044263
4	3775	119970.733346848119	40837.995495747
4	3911	123471.816169388895	42212.26326291
4	4114	129569.307178856385	44930.699481462
4	4470	142808.130267245275	47120.837697757
4	4497	143424.309658680415	47352.097961244
4	4513	143630.823313604621	46982.184214832
4	4528	144067.880181960342	45013.765390576
4	4538	144444.28572401621	47303.462596171
4	4571	145055.900900858967	45766.849105723
4	4657	148012.43053347948	47728.198046524
4	4682	148455.501420453494	47277.111760361
4	4708	149076.90280708701	48563.668330403
4	4946	156331.496896820447	50836.839724217
4	5078	160978.950145683764	52631.180494053
4	5227	166073.427642884038	54195.855818999
4	5539	176878.436597140812	58597.42655978
4	5570	177939.874151025274	58850.826990574
4	5590	178840.16554381843	60227.506356157
4	5744	183495.509513236889	62366.763402274
4	5802	185858.628455746503	64714.220058089
4	5815	186416.290494465785	63854.897598518
4	5819	186467.711040668497	63902.534358445
4	5875	188811.058400079916	65987.590483947
4	6093	196447.15184650601	69252.069725479
4	6139	197770.169621242518	70708.091908967
4	6304	203423.648921188275	71102.018798413
4	6419	207407.348676046665	71787.907735203
4	6493	210121.181590977642	72132.185981112
4	6581	213324.048711259227	71242.760162271
4	6599	214014.384500199516	72316.38377008
4	6634	214852.019391620841	72847.931930109
4	6698	217128.507671917166	73108.139792189
4	6741	218623.345559510921	74166.804171311
4	6760	219073.313719482679	74313.177730176
4	6780	219464.28223023336	74927.875999654
4	6845	220814.453428230766	75251.615126107
4	6983	224189.189382989269	77708.519260764
4	7261	230961.933166628289	80051.206599777
4	7277	231440.639477728244	79952.806915243
4	7421	235902.719791290868	82342.030628933
4	7451	236966.940004054767	82814.392568905
4	7459	237141.493194887001	83407.100852385
4	7488	237672.603631794762	82961.828256493
4	7622	241414.563498406049	83400.005358251
4	7711	243605.850661156285	83890.154934828
4	7721	243935.347362675082	84461.65245297
4	7756	245081.138680178258	83869.238453103
4	7798	246509.787485600966	84806.798849814
4	8038	255295.740439186182	86841.228514357
4	8212	259861.624536861045	88317.288658363
4	8249	261052.566569728366	87585.213584992
4	8364	264082.6325261894	88995.07763818
4	8575	270553.250948778875	90358.025860579
4	8728	274812.993781950637	92850.615351279

