version 2
run Iteration-45-20200521-09:53:24-68488
attr configname Iteration
attr datetime 20200521-09:53:24
attr experiment Iteration
attr inifile omnetpp.ini
attr iterationvars "$i=4, $j=10, $0=15-(4+10)"
attr iterationvarsf i=4,j=10,15-(4+10)-
attr measurement "$i=4, $j=10, $0=15-(4+10)"
attr network Network
attr processid 68488
attr repetition 0
attr replication #0
attr resultdir results
attr runnumber 45
attr seedset 45
itervar i 4
itervar j 10
param **.resourcePool.amount 4
param **.resourcePool1.amount 10
param **.resourcePool2.amount 15-(4+10)
param **.source.interArrivalTime exponential(6min)
param **.delay.delay uniform(4min,28min)
param **.delay1.delay uniform(10min,28min)
param **.delay2.delay uniform(4min,16min)
param **.allocate.resourceModuleName "\"Network.resourcePool\""
param **.allocate1.resourceModuleName "\"Network.resourcePool1\""
param **.allocate2.resourceModuleName "\"Network.resourcePool2\""
param **.deallocate.resourceModuleName "\"Network.resourcePool\""
param **.deallocate1.resourceModuleName "\"Network.resourcePool1\""
param **.deallocate2.resourceModuleName "\"Network.resourcePool2\""
param **.router.randomGateIndex "uniform(0, 1) > 0.2 ? 0 : 1"

vector 0 Network.allocate queueLength:vector ETV
attr interpolationmode sample-hold
attr title "queue length, vector"
vector 1 Network.allocate1 queueLength:vector ETV
attr interpolationmode sample-hold
attr title "queue length, vector"
vector 2 Network.allocate2 queueLength:vector ETV
attr interpolationmode sample-hold
attr title "queue length, vector"
vector 3 Network.sinkStat lifeTime:vector ETV
attr interpolationmode none
attr title "lifetime of arrived jobs, vector"
attr unit s
vector 4 Network.sink lifeTime:vector ETV
attr interpolationmode none
attr title "lifetime of arrived jobs, vector"
attr unit s
0	0	0	0
0	74	4899.066879228837	1
0	76	5018.664422424647	2
0	83	5117.802929257935	3
0	85	5132.034502914822	2
0	93	5253.680974495807	1
0	98	5461.595982598037	0
0	110	5563.233009403644	1
0	112	5655.903398749192	2
0	114	5729.212127899068	3
0	119	5963.62479972614	4
0	126	5972.204355028655	3
0	131	5986.228104873658	4
0	139	6283.496080255783	3
0	152	6601.309407444452	4
0	157	6621.75472191152	3
0	165	6770.899182883288	2
0	173	7076.073572412331	3
0	175	7088.803776324079	2
0	180	7118.254544087893	3
0	182	7185.605085628003	2
0	195	7909.539487444148	1
0	200	7916.548365681148	0
0	395	13749.499105529641	1
0	397	13824.358170267748	2
0	399	13852.083323066869	3
0	401	13978.633189719665	4
0	408	14200.688370205525	3
0	413	14278.75607097958	2
0	423	14363.082881148674	1
0	428	14577.156684845749	0
0	433	14793.483645706917	1
0	435	14829.136331540619	0
0	440	14924.422372699619	1
0	445	15049.398181811038	0
0	501	16476.019162444421	1
0	503	16488.903375490059	2
0	505	16586.052967017048	1
0	513	16643.436852656368	0
0	521	17007.49086084545	1
0	528	17091.502058841351	0
0	533	17304.498753980944	1
0	535	17387.723605228286	0
0	551	17720.04771538445	1
0	553	18022.84883454954	0
0	713	22039.874831120944	1
0	715	22050.694081293277	0
0	725	22228.127184560345	1
0	733	22363.710155890072	2
0	735	22421.22425797395	3
0	737	22481.413293120376	2
0	748	22763.535111532864	1
0	758	23068.153171007969	2
0	760	23082.788643339966	1
0	765	23269.63554417055	0
0	829	24797.060953124973	1
0	834	24914.637385952134	0
0	839	24993.780117903659	1
0	846	25126.858612718011	2
0	848	25133.181425422518	1
0	853	25312.310659671981	0
0	896	26334.118359840139	1
0	898	26370.719498797409	2
0	905	26429.951554112475	3
0	910	26633.246826725859	2
0	915	26647.855047222691	3
0	917	26691.792801611124	4
0	919	26808.588737559075	3
0	927	26954.749539337853	2
0	932	27014.603629143273	1
0	937	27036.180251284171	2
0	947	27340.307517026121	1
0	952	27373.410041830056	2
0	954	27476.851600753922	1
0	959	27591.094494269525	0
0	964	27666.199127311858	1
0	980	28289.225484790033	2
0	988	28423.441971779471	3
0	990	28460.359052933553	2
0	995	28558.707327851495	3
0	1000	28575.742944696282	2
0	1013	28732.880915023187	1
0	1018	28766.341597261686	0
0	1023	28803.620343256902	1
0	1025	28859.812343169505	0
0	1062	29587.927214787405	1
0	1064	29724.673963312715	2
0	1066	29726.33137726007	3
0	1068	29774.581344738242	4
0	1079	30186.234105184584	5
0	1084	30328.719164665869	4
0	1089	30355.425119298358	3
0	1094	30430.818725929615	2
0	1099	30454.425639871033	1
0	1115	30770.237828987498	0
0	1120	30777.564676313811	1
0	1122	30832.843093338879	0
0	1127	30889.316507781538	1
0	1129	31017.93621980663	0
0	1304	36609.542662887173	1
0	1306	36618.272572818854	2
0	1308	36692.509955690896	3
0	1313	36853.825392091041	4
0	1315	37013.871362535794	5
0	1317	37093.308368394487	4
0	1325	37280.82829517088	3
0	1335	37503.454821943708	4
0	1337	37611.7748369224	3
0	1342	37743.756416557564	2
0	1347	37779.408926525838	1
0	1355	37918.693382287734	0
0	1399	38907.277856144499	1
0	1409	39235.729575290046	2
0	1426	39561.725960784505	1
0	1431	39578.595414885465	0
0	1439	39712.482583477849	1
0	1441	39824.55735785917	0
0	1606	44993.561299992468	1
0	1611	45014.119981781757	2
0	1624	45138.177031907359	1
0	1629	45170.696902858257	2
0	1631	45248.860878202807	3
0	1633	45262.935436390625	2
0	1638	45431.952905047416	3
0	1640	45617.635684791511	2
0	1645	45628.258289884376	1
0	1658	45903.041644840227	2
0	1663	46111.119258697251	1
0	1668	46296.362366672164	0
0	1781	49663.898243391097	1
0	1783	49730.499944043376	2
0	1785	49936.48235262102	1
0	1790	49989.257422690762	0
0	1795	50051.874910613153	1
0	1797	50234.166009509576	2
0	1804	50405.200548140995	1
0	1809	50430.906768935989	0
0	1814	50485.092359750115	1
0	1827	50773.892530422123	2
0	1843	51314.607548953988	3
0	1845	51472.01968577273	2
0	1850	51549.904219812812	1
0	1855	51563.79683432288	0
0	1878	51864.058415628569	1
0	1880	51904.448944452475	0
0	1919	52963.018733814003	1
0	1921	53152.266173298727	0
0	1936	53487.795369541102	1
0	1938	53519.826022344618	2
0	1945	53713.695577942101	1
0	1950	53774.551531957886	2
0	1955	53985.639642804445	3
0	1957	53986.647278349663	2
0	1965	54118.405584895362	3
0	1972	54151.149528213885	2
0	1977	54262.816159027885	1
0	1982	54376.1693288016	0
0	2008	55033.744280123299	1
0	2018	55369.445954114465	0
0	2033	55523.048666895188	1
0	2038	55758.189364039448	0
0	2186	60269.119763766137	1
0	2188	60277.59432681516	0
0	2200	60462.669794148166	1
0	2213	60625.160561148767	2
0	2215	60656.176498067366	3
0	2225	60836.554467950329	2
0	2230	61071.825648068043	1
0	2240	61196.134150655116	2
0	2245	61296.854109813695	3
0	2247	61303.167130890606	2
0	2252	61534.504512671694	1
0	2257	61618.335775254818	0
0	2300	62671.06030414623	1
0	2313	62909.157721753536	0
0	2339	63497.559587913206	1
0	2341	63542.101776282607	0
0	2349	63705.84984175776	1
0	2351	63732.763318764089	2
0	2353	63840.232353645154	1
0	2366	64157.759159346322	2
0	2368	64161.559468831343	3
0	2370	64196.884657134745	4
0	2372	64277.742027567662	3
0	2377	64351.53080293846	2
0	2382	64476.679075599475	3
0	2384	64505.658203973197	4
0	2386	64506.196988577925	5
0	2388	64705.943967799433	4
0	2401	64956.685290842376	3
0	2406	65020.560380953141	2
0	2417	65351.302135194956	1
0	2422	65377.51011906477	0
0	2430	65410.216834405406	1
0	2432	65476.52193807248	0
0	2437	65484.947009896893	1
0	2444	65763.32924442526	2
0	2446	65788.038695550583	1
0	2451	65901.735456028916	0
0	2472	66311.3637326531	1
0	2488	66680.98945943576	0
0	2496	66993.539873869855	1
0	2506	67377.573777533196	0
0	2543	68157.971809831104	1
0	2553	68372.431804716535	2
0	2558	68420.585669407673	1
0	2563	68423.415486594585	2
0	2565	68464.220747767325	3
0	2567	68520.399042974451	4
0	2569	68522.866013302519	3
0	2574	68547.108224726342	2
0	2585	68898.829980774843	1
0	2598	69182.836962833528	0
0	2611	69424.831460339823	1
0	2616	69648.008102520828	0
0	2621	69677.91125813531	1
0	2623	69783.173444970562	0
0	2633	69919.455185151558	1
0	2635	69935.455890165694	0
0	2684	70891.091433116872	1
0	2694	71094.266767269983	0
0	2743	72558.656258100913	1
0	2745	72744.543987607513	0
0	2750	72860.965314753238	1
0	2758	72931.68253361478	2
0	2760	73033.199088796516	1
0	2765	73058.658214976529	0
0	2781	73426.360207588924	1
0	2783	73529.686032618108	2
0	2788	73690.915131016829	1
0	2798	73766.314653531702	2
0	2800	73802.3762025267	3
0	2802	73808.067212721263	2
0	2807	73834.576194732924	1
0	2812	74042.891842718371	2
0	2817	74375.077539048632	1
0	2827	74568.857781124751	0
0	2851	75123.846820078917	1
0	2853	75257.973848650688	2
0	2860	75306.136651543831	1
0	2868	75318.61470846919	2
0	2870	75323.666201352337	1
0	2878	75585.972266542637	2
0	2880	75847.444880674018	3
0	2887	75936.956643966889	2
0	2892	76053.234065731489	1
0	2903	76134.672542495172	0
0	2928	76668.935406520157	1
0	2930	76857.050750934575	2
0	2932	76925.328659077608	1
0	2943	76980.878799763958	0
0	2989	78327.851208532749	1
0	2994	78379.796101210158	0
0	2999	78413.302450084673	1
0	3001	78478.000636843466	0
0	3006	78547.772770057765	1
0	3011	78675.321631526094	0
0	3170	83508.669900252837	1
0	3178	83687.86828619333	0
0	3221	84722.790832872303	1
0	3228	84787.751111537818	0
0	3516	93811.255596161972	1
0	3518	93942.169794847993	2
0	3523	94112.662872904547	3
0	3525	94167.61283789704	4
0	3527	94202.070688546633	5
0	3529	94219.174098341844	4
0	3534	94410.570761592004	3
0	3547	94442.791327549155	4
0	3549	94444.457685768805	3
0	3554	94518.235579911007	2
0	3562	94705.81531022788	3
0	3572	94971.65541073404	4
0	3574	94976.823125021832	5
0	3576	95053.592025011979	4
0	3581	95113.49737453772	3
0	3586	95196.498073308847	2
0	3602	95570.445513949082	3
0	3604	95868.104287903144	2
0	3612	95973.484322310302	1
0	3625	96118.090048980046	2
0	3627	96131.829852547086	3
0	3629	96143.339062675021	2
0	3637	96434.315099823608	1
0	3642	96464.135638371311	0
0	3647	96515.16170780042	1
0	3652	96765.438326816394	0
0	3680	97297.368409308874	1
0	3685	97323.989686749063	0
0	3738	98235.692009119	1
0	3743	98447.179460803862	0
0	3748	98762.245884274737	1
0	3756	98940.573819967802	0
0	3857	102577.490921065927	1
0	3859	102745.378767072901	0
0	3867	102781.66203969411	1
0	3874	103094.659796528851	0
0	3959	105522.273669376931	1
0	3966	105809.115855183747	2
0	3971	106192.483484709126	1
0	3984	106738.148639839972	0
0	4193	112932.645901132527	1
0	4195	112958.727908984188	2
0	4197	113114.479463045965	3
0	4199	113214.543180520298	2
0	4204	113303.946715950451	1
0	4220	113674.555520665427	2
0	4222	113685.480283500866	3
0	4229	113785.767997304546	4
0	4234	113928.941985409992	3
0	4242	114121.275616608045	2
0	4247	114162.046233473079	1
0	4260	114498.514202068212	0
0	4508	121605.621205453639	1
0	4515	121678.329914071173	2
0	4528	122153.319389899144	1
0	4533	122262.355446985989	2
0	4535	122282.662784416637	1
0	4540	122320.836094215082	2
0	4542	122455.306553529311	1
0	4547	122540.51269047173	2
0	4549	122591.050845381281	1
0	4554	122721.909978357026	0
0	4624	123795.004471895047	1
0	4626	123839.659777839145	0
0	4644	124560.709623438178	1
0	4646	124564.033588892049	2
0	4653	124852.173952133449	1
0	4658	124878.845404122433	0
0	4663	125005.411556156632	1
0	4665	125149.005833349801	0
0	4670	125193.553325396887	1
0	4675	125259.105627321692	0
0	4787	127406.553425510614	1
0	4792	127633.800123386201	0
0	4997	134480.464476994221	1
0	5004	134653.848643890908	2
0	5006	134919.535721619085	1
0	5011	134925.575237912435	2
0	5018	134992.49925222662	3
0	5020	135068.453166071575	2
0	5028	135360.25493329575	3
0	5030	135374.785541495497	2
0	5043	135835.278800769692	1
0	5048	135931.757003858532	2
0	5053	135967.955929733545	3
0	5060	136162.864546083568	4
0	5062	136251.079353425901	3
0	5067	136327.864537429467	2
0	5072	136470.23002218876	3
0	5074	136490.219832187707	2
0	5079	136542.420133333809	3
0	5081	136547.870937689193	4
0	5083	136565.624262883311	3
0	5088	136660.960813608892	4
0	5093	136778.210278519628	5
0	5095	136806.991549506282	6
0	5105	136934.41854858231	5
0	5110	137073.735167316144	4
0	5120	137213.383812694939	5
0	5128	137559.86641385074	4
0	5133	137625.435456369322	3
0	5138	137653.398214659637	2
0	5173	138612.126407189483	1
0	5178	138707.278392691568	0
0	5267	141091.798574547131	1
0	5269	141146.160947993502	0
0	5274	141150.194031862421	1
0	5276	141172.619998000545	2
0	5278	141268.399397726116	1
0	5283	141323.665456454764	0
0	5303	141774.001430849224	1
0	5316	142059.56127068723	2
0	5321	142342.528420607505	1
0	5326	142459.389285020676	0
0	5353	143078.874954177017	1
0	5355	143247.11351486856	0
0	5762	155503.354043396484	1
0	5764	155659.123667675177	0
0	5776	155753.710930578309	1
0	5781	155885.461239875502	2
0	5783	156073.980515125314	1
0	5793	156349.527871756989	0
0	5894	159507.579699926738	1
0	5896	159563.39498913266	2
0	5898	159760.24488005397	1
0	5903	160007.420292353554	0
0	5908	160279.565411857452	1
0	5910	160340.848364630212	0
0	5920	160482.140672747941	1
0	5922	160496.790283054156	2
0	5924	160504.722676496777	1
0	5929	160608.262184621264	0
0	5962	161223.22334417592	1
0	5970	161432.806693815074	0
0	6194	168713.838848029906	1
0	6196	168925.893456875808	2
0	6198	168944.24718390344	3
0	6200	168991.993119855672	2
0	6213	169233.807597804808	1
0	6218	169235.353530499026	2
0	6220	169403.636483618094	3
0	6222	169479.813476705423	4
0	6224	169488.041900831948	3
0	6229	169514.139862108969	2
0	6237	169658.386786287497	3
0	6239	169670.011424441501	2
0	6255	170237.397994778632	3
0	6257	170307.762397180985	2
0	6270	170411.705813472857	3
0	6272	170570.46233179912	2
0	6277	170627.629679057489	1
0	6293	170911.46611471846	0
0	6298	171101.209680667765	1
0	6300	171322.21435232149	0
0	6313	171643.881775370481	1
0	6321	171700.00390518838	2
0	6323	171815.137999958274	3
0	6325	171967.806673098349	2
0	6330	171994.815380694907	3
0	6332	171997.227502640079	2
0	6340	172237.087306444794	1
0	6353	172548.492786978051	0
0	6361	172940.48414275607	1
0	6363	173000.21655207561	0
0	6368	173181.019563636004	1
0	6375	173223.640506688499	0
0	6426	174382.465984516408	1
0	6436	174874.913411784911	0
0	6444	174990.926262935129	1
0	6446	175113.750548832185	0
0	6659	182643.361811571214	1
0	6661	182841.037091112493	2
0	6663	182860.036276310409	1
0	6668	182931.749575842553	2
0	6675	182952.85333717109	3
0	6677	183042.906373393563	4
0	6679	183121.357269093121	3
0	6684	183123.798330113149	4
0	6686	183156.453834796604	5
0	6691	183235.409304531066	6
0	6693	183291.75526690968	5
0	6698	183465.991918493927	4
0	6714	183743.465622377583	3
0	6719	183827.309699258706	4
0	6721	183845.150573005161	3
0	6726	183996.902055620874	2
0	6731	184104.689703526103	3
0	6736	184161.931178805611	2
0	6741	184339.349194926143	1
0	6754	184411.34123451707	2
0	6759	184538.577001032612	1
0	6767	184818.966594107176	0
0	6780	185050.138450949395	1
0	6785	185120.118554879912	0
0	6962	191404.658703081503	1
0	6964	191593.255428330027	0
0	6969	191678.752189542366	1
0	6976	191979.492731285692	0
0	7180	198818.439111901868	1
0	7182	198828.99182254269	0
0	7187	198992.487019090099	1
0	7194	199225.801240398423	0
0	7274	201109.762385355786	1
0	7279	201302.53319726747	0
0	7306	201879.583909848512	1
0	7308	202037.174756275909	0
0	7328	202430.663909635644	1
0	7338	202541.145664002376	0
0	7343	202552.646039827237	1
0	7356	203303.280709956482	2
0	7361	203347.703753370421	1
0	7366	203391.675239028828	0
0	7415	204746.229175450641	1
0	7420	204793.974282932642	2
0	7422	204838.244236228643	1
0	7435	205047.488207033492	2
0	7440	205116.166354553879	1
0	7445	205126.669707206445	0
0	7458	205456.564724596121	1
0	7460	205493.258099451381	2
0	7465	205539.444743457124	3
0	7467	205549.572986053408	2
0	7477	205602.921650925027	3
0	7479	205604.86612914525	4
0	7481	205799.855156866028	5
0	7483	205999.474583696854	6
0	7488	206186.81685750025	5
0	7501	206405.262026680289	4
0	7509	206523.686986101227	3
0	7514	206562.221345408176	4
0	7516	206705.929773548723	3
0	7521	206800.876371195788	2
0	7534	207014.576114831148	1
0	7539	207030.950423177231	2
0	7547	207379.244218157003	3
0	7554	207495.718316995746	4
0	7556	207505.895614383178	3
0	7569	207815.562473634363	2
0	7574	207826.760588033373	1
0	7582	207859.313428494293	2
0	7590	208338.255426665424	1
0	7600	208380.979160952963	2
0	7602	208542.770221342444	3
0	7604	208651.378448871552	2
0	7614	208731.848737654643	1
0	7622	208875.004463862412	2
0	7627	208971.514057261526	1
0	7635	209012.361463183112	2
0	7637	209032.240428613604	1
0	7642	209053.768868191416	0
0	7647	209177.191140823906	1
0	7654	209392.430743374873	2
0	7659	209459.318884877736	1
0	7667	209794.203409632325	0
0	7738	211400.835899050137	1
0	7748	211520.075547752542	0
0	7780	212070.928600247926	1
0	7787	212171.665767764754	2
0	7792	212417.772695443455	3
0	7794	212504.107346000338	2
0	7799	212512.117310332559	1
0	7820	213013.103088623091	2
0	7830	213480.490996626544	1
0	7841	213508.302590424383	0
0	7868	214002.196829100886	1
0	7873	214174.289501879512	2
0	7878	214339.142662287265	1
0	7888	214444.187621784735	0
0	7905	214884.934626968717	1
0	7910	215002.726592519142	2
0	7912	215098.29228047575	1
0	7925	215281.892590292692	2
0	7927	215367.481764555484	1
0	7932	215461.862884914413	0
0	8086	219937.564655926467	1
0	8088	220049.339408037846	2
0	8093	220200.597099906258	3
0	8095	220247.872976287604	2
0	8105	220298.021680589928	1
0	8118	220817.111449958313	0
0	8347	228968.17795966215	1
0	8349	229129.573177608171	2
0	8354	229527.98353490561	3
0	8356	229532.280735313005	2
0	8361	229732.413460712452	1
0	8371	229932.016490302093	0
0	8408	230512.602927410102	1
0	8410	230645.899317374776	2
0	8417	230789.645511639194	3
0	8419	230916.681274938188	2
0	8427	231120.76501158325	3
0	8429	231173.702029206226	4
0	8431	231193.232427482276	3
0	8442	231384.456499410699	4
0	8444	231402.586619200907	3
0	8449	231421.50670153559	2
0	8454	231435.138313063923	3
0	8461	231532.225822101596	4
0	8463	231539.658506307633	5
0	8468	231858.185729370906	4
0	8478	232157.72725021538	3
0	8489	232493.200436183705	2
0	8500	232617.724656849213	1
0	8505	232638.463400172792	0
0	8510	232669.954380761333	1
0	8512	232902.918212045658	2
0	8519	232937.469739916053	3
0	8521	233011.591829118101	2
0	8537	233463.89800673422	1
0	8547	233631.150948683522	0
0	8653	236237.997833346486	1
0	8660	236336.810946258894	0
0	8665	236374.920042824539	1
0	8673	236533.295980605765	0
0	8678	236587.111448640739	1
0	8688	236831.914748138193	0
0	8964	246048.218669254713	1
0	8977	246615.479335232218	2
0	8979	246672.529427872249	1
0	8984	246716.399271786619	0
0	9023	247696.237664707446	1
0	9025	247758.101513199914	0
0	9037	247822.927084092045	1
0	9039	247870.866859279922	2
0	9041	247903.2354263576	1
0	9046	247981.250602849845	2
0	9053	248125.101527087796	1
0	9067	248320.363493239573	2
0	9080	248755.946937686416	1
0	9088	249000.395740303141	2
0	9093	249123.174271025169	1
0	9103	249189.321344037101	0
0	9385	259253.745875494518	1
0	9387	259306.796479073427	0
0	9397	259362.281474846535	1
0	9399	259550.595134516327	0
0	9416	260321.881346866069	1
0	9421	260378.236572017127	0
0	9648	267150.03581690974	1
0	9650	267218.949493790129	0
0	9658	267421.025912843003	1
0	9660	267445.248329364784	0
0	9670	267739.721317248538	1
0	9672	267769.699854209853	2
0	9674	267788.808238955879	3
0	9687	268134.331629113384	2
0	9698	268271.598278873485	1
0	9708	268381.211469868282	0
0	9713	268467.653209100505	1
0	9720	268716.9684526558	0
0	9745	269292.734601076387	1
0	9755	269600.543428758243	0
0	9769	269806.584986352164	1
0	9771	270054.884674404295	2
0	9773	270076.767558161405	1
0	9781	270161.255904645749	0
0	9912	273612.22128730494	1
0	9914	273708.933034966465	2
0	9916	273715.77164663545	1
0	9929	274012.545707954031	0
0	9947	274707.618178941336	1
0	9949	274756.622289263578	2
0	9951	274778.596184133127	1
0	9956	274855.570005854148	0
0	9961	274872.661281004091	1
0	9968	275143.310537623085	0
0	9973	275211.14928125986	1
0	9983	275604.218766604103	2
0	9985	275605.424957407576	1
0	9996	276040.656694849509	0
0	10020	276468.047227059799	1
0	10033	276823.576847985664	0
0	10038	276844.620762937697	1
0	10040	276923.59348567308	0
0	10048	277017.566874888279	1
0	10050	277034.032039811772	0
1	0	0	0
2	0	0	0
2	38	3774.614902186574	1
2	41	3884.034156882495	2
2	51	3987.766128859725	3
2	59	4120.400574888356	2
2	78	5026.883404563434	1
2	91	5239.244033923489	2
2	117	5745.712844108973	3
2	121	5969.605793926187	2
2	134	6166.543304621452	3
2	137	6207.807865264541	4
2	144	6384.391667275943	3
2	150	6590.514628122758	4
2	155	6612.071637907893	5
2	163	6700.617855022871	6
2	171	6964.000124335936	7
2	187	7220.349284532733	6
2	193	7398.238725425571	7
2	214	8033.534490946576	8
2	216	8062.866486172445	7
2	222	8222.017187829326	8
2	225	8337.888225883529	9
2	227	8484.270630973644	8
2	240	8768.330258904672	9
2	242	8803.6443801888	8
2	261	9213.413663092897	9
2	267	9335.562137990512	8
2	273	9444.463151170224	9
2	276	9542.11035700357	10
2	283	9562.598399175979	11
2	286	9564.31286946797	12
2	298	10143.998031496324	11
2	315	10627.874530592392	12
2	321	10818.075848027386	11
2	327	10991.968723634111	12
2	330	11197.932271613619	13
2	333	11206.888984962277	14
2	335	11241.716714586385	13
2	344	11650.111744897419	14
2	346	11662.66441748596	13
2	360	11931.522125686673	14
2	362	12391.397086597301	13
2	367	12677.601137264885	12
2	373	12746.825033584912	13
2	379	12975.439780202517	14
2	387	13237.190505351193	13
2	403	13998.479411910541	12
2	418	14339.41751509092	11
2	443	15017.605092199582	12
2	454	15292.778183604844	11
2	460	15581.776982661977	12
2	463	15600.87483915291	13
2	469	16051.160116560079	12
2	475	16082.315160672267	13
2	478	16140.246418751839	14
2	491	16218.4837545362	15
2	493	16406.333070109852	14
2	511	16618.664072495594	15
2	519	16882.145055847012	16
2	523	17038.957727021791	15
2	540	17460.852947916158	14
2	546	17712.417969203641	15
2	549	17715.815649302739	16
2	559	18028.325119270075	17
2	561	18075.733649238267	16
2	571	18101.377316113259	17
2	577	18202.200917960608	18
2	583	18486.533185831525	17
2	596	18909.838358168953	18
2	598	19038.36535818062	17
2	618	19675.554578225758	18
2	621	19746.47791135834	19
2	626	19876.905915561386	18
2	636	20018.811301942978	19
2	653	20449.071390270719	20
2	655	20563.235500111499	19
2	668	20841.255162245492	20
2	671	20846.96637041575	21
2	673	20860.010342701593	20
2	679	20862.226012277484	21
2	699	21788.007689054379	20
2	705	21802.897729207666	21
2	720	22160.863098494032	20
2	728	22297.757668526905	21
2	731	22340.041223335762	22
2	743	22627.438435980547	23
2	746	22726.693517187468	24
2	753	23034.054787914524	23
2	771	23338.333171964561	24
2	774	23452.968881116566	25
2	781	23649.219253494329	26
2	784	23805.381990658437	27
2	790	23903.533718857238	26
2	809	24355.166844095893	27
2	811	24372.744799415836	26
2	821	24447.016888384632	27
2	827	24675.633359481898	28
2	832	24880.339103998934	29
2	841	25084.562392468819	28
2	863	25426.681184929721	29
2	869	25487.872654657134	28
2	875	25710.993091930483	29
2	881	25914.583162433315	30
2	888	26073.680173238827	31
2	900	26398.998513027349	30
2	908	26599.632842906702	31
2	925	26879.550351773339	32
2	940	27049.503621576442	33
2	942	27216.854802529582	32
2	967	27869.81226553287	33
2	970	27972.339057757815	34
2	972	27992.809183421799	33
2	978	28073.18766197356	34
2	983	28362.194201343263	35
2	986	28388.443809825291	36
2	998	28569.903708028177	37
2	1005	28637.510490278968	36
2	1011	28724.275322547961	37
2	1052	29443.865488163927	38
2	1055	29473.916798618917	39
2	1057	29585.512008286336	38
2	1071	29791.785819886754	39
2	1074	29798.849151489172	40
2	1077	29888.47212923857	41
2	1082	30287.358073679095	42
2	1105	30508.296864482145	43
2	1107	30525.520996890286	42
2	1113	30614.885852636571	43
2	1134	31049.695805675605	42
2	1140	31405.972510437329	43
2	1142	31428.373478177258	42
2	1148	31591.733385138993	43
2	1151	31631.787594228508	44
2	1162	31876.096408611244	45
2	1164	32009.896550133148	44
2	1174	32067.142735962603	45
2	1177	32095.249100563136	46
2	1182	32281.318341578612	45
2	1195	32446.392860326441	46
2	1197	32596.427129349926	45
2	1206	32902.021778973771	46
2	1209	33089.196926803175	47
2	1216	33398.306428205303	48
2	1222	33545.616925965318	47
2	1234	33929.592908091167	46
2	1240	33937.011356779831	47
2	1245	34663.619583557615	46
2	1251	34768.790529759297	47
2	1254	34876.067219047987	48
2	1260	35150.361531552788	49
2	1270	35378.684767793188	48
2	1279	36066.310165404597	47
2	1291	36269.075681484721	48
2	1296	36551.491002432326	47
2	1311	36712.76387194326	48
2	1323	37231.204423898973	49
2	1330	37284.2530676455	48
2	1353	37915.55361182835	49
2	1360	38104.993309687147	48
2	1366	38281.868777319408	49
2	1394	38779.601729788093	50
2	1402	38946.067351768129	51
2	1404	38984.75653893433	50
2	1412	39240.864987447611	51
2	1415	39339.940233824394	52
2	1418	39397.046646172517	53
2	1421	39408.69006314721	54
2	1424	39440.829956577844	55
2	1437	39627.570703808426	56
2	1446	39912.281724131922	55
2	1455	40168.704298335383	54
2	1468	40455.324220170412	55
2	1470	40968.828022416005	54
2	1484	41065.802905243735	55
2	1493	41192.498495513877	56
2	1496	41366.849868416	57
2	1502	41470.250342629174	56
2	1508	41529.264179765562	57
2	1510	41827.824395942757	56
2	1520	42396.653953712376	57
2	1523	42439.622988077725	58
2	1539	42718.445775984159	59
2	1541	42761.822859245608	58
2	1554	43493.69226422055	59
2	1557	43516.565614170875	60
2	1559	43554.692214439879	59
2	1586	44349.939927450637	58
2	1598	44805.421611879213	59
2	1601	44814.0790741724	60
2	1609	45000.238499601941	61
2	1613	45040.331749237398	60
2	1619	45085.465948651408	61
2	1622	45106.555945779804	62
2	1651	45787.898117578695	63
2	1653	45841.148015327076	62
2	1661	46007.40898438199	63
2	1674	46508.561813491887	64
2	1676	46683.12664733387	63
2	1682	46721.597380483123	64
2	1699	47231.398383016954	63
2	1709	47540.597493169004	64
2	1712	47711.991536752811	65
2	1718	47757.784689863744	66
2	1721	47870.583821586823	67
2	1727	48152.863782133232	66
2	1736	48384.206195999222	67
2	1742	48754.951316083799	68
2	1752	49036.981473672311	69
2	1754	49085.941196485679	68
2	1769	49395.851736619394	67
2	1799	50347.12968575887	66
2	1817	50563.449784221737	67
2	1819	50602.719702619385	66
2	1825	50721.861009155564	67
2	1830	50790.890715914764	68
2	1833	50820.034822118951	69
2	1836	50939.122652082802	70
2	1838	50987.941052160483	69
2	1861	51703.100822578441	70
2	1863	51754.067862975668	69
2	1869	51791.46610133975	70
2	1890	52428.182170796691	71
2	1896	52552.397678793664	72
2	1906	52684.760122803296	73
2	1908	52706.252390883189	72
2	1914	52780.659012884565	73
2	1917	52858.632677232014	74
2	1927	53163.282663347417	75
2	1940	53609.686590611261	74
2	1953	53883.15653566785	75
2	1963	54068.863554342749	76
2	1967	54125.077346257192	75
2	1987	54538.634926631373	74
2	1997	54739.53376338936	75
2	2000	54793.770002257345	76
2	2003	54829.763142495525	77
2	2010	55146.687779586089	76
2	2016	55162.932177092697	77
2	2028	55380.529221278872	78
2	2036	55541.220012774016	79
2	2044	55828.919956404982	80
2	2046	56098.281126666141	79
2	2056	56300.430561043139	80
2	2067	56825.068973639826	81
2	2070	56855.427904688088	82
2	2073	56912.780069952008	83
2	2075	56969.597229800445	82
2	2087	57269.232116892261	81
2	2093	57514.566615447985	82
2	2099	57603.227995272053	81
2	2105	57699.665316352888	82
2	2110	58238.512202735318	81
2	2116	58319.550356530693	82
2	2122	58378.786418554343	83
2	2142	59024.709820161833	82
2	2153	59399.29444170676	81
2	2159	59429.777051463438	82
2	2166	59521.775269344308	83
2	2171	59913.638612806125	82
2	2202	60523.829622204675	81
2	2208	60561.919076318291	82
2	2211	60619.814635427443	83
2	2218	60665.299135077	84
2	2220	60821.852161205633	83
2	2235	61164.111372187062	82
2	2243	61211.874363542014	83
2	2266	61796.871623984798	82
2	2272	61800.647024564969	83
2	2279	62018.578289497957	84
2	2282	62048.339833707141	85
2	2295	62654.804338923959	86
2	2302	62682.218971002176	85
2	2308	62808.94683271273	86
2	2311	62855.739252917992	87
2	2319	63091.244531723052	88
2	2321	63140.109855636283	87
2	2331	63231.083301382453	88
2	2334	63257.959195884469	89
2	2347	63556.637753396599	90
2	2359	63996.011375590519	91
2	2361	64028.463978070094	90
2	2393	64872.910621903165	89
2	2399	64933.174437370114	90
2	2412	65202.265873010574	91
2	2415	65270.06011699956	92
2	2428	65399.041144679605	93
2	2439	65687.728611986412	92
2	2457	65990.376063355304	93
2	2464	66123.813383180611	94
2	2467	66165.59314076487	95
2	2475	66364.722483449675	96
2	2478	66490.036142642387	97
2	2481	66544.632834357269	98
2	2483	66632.814942124559	97
2	2494	66713.550044074028	98
2	2498	67077.429409968926	97
2	2504	67107.830881822817	98
2	2516	67525.003542375528	99
2	2526	67728.665309055968	98
2	2541	68128.5879403719	99
2	2546	68203.333217104025	100
2	2548	68265.202177792116	99
2	2556	68373.982027572884	100
2	2580	68747.922437891327	101
2	2583	68808.894255437122	102
2	2590	68914.094167008325	101
2	2596	69163.498115130751	102
2	2604	69193.087134424649	103
2	2606	69197.882886278703	102
2	2614	69514.770373341688	103
2	2628	69905.673816065564	102
2	2641	69982.827030357965	103
2	2652	70250.373556900297	104
2	2654	70329.678427717908	103
2	2663	70503.019437284668	104
2	2666	70566.296621133625	105
2	2676	70776.951610304467	106
2	2679	70788.747443768655	107
2	2686	70956.56639375843	106
2	2692	71003.420932454117	107
2	2706	71751.119078184738	106
2	2712	71883.741237649747	107
2	2730	72400.071611247077	108
2	2738	72557.539034794345	107
2	2753	72912.32809858164	108
2	2756	72923.155748685017	109
2	2771	73163.855247619613	110
2	2774	73221.649910238112	111
2	2776	73327.730667992755	110
2	2786	73659.690429765661	111
2	2793	73755.440918031409	110
2	2815	74320.943894732262	111
2	2822	74418.264039858505	110
2	2837	74652.151712718894	111
2	2843	74784.669391496037	112
2	2846	74868.500572647442	113
2	2849	75114.389440826615	114
2	2855	75289.34268015556	113
2	2866	75312.39220538848	114
2	2876	75450.454277172227	115
2	2882	75930.258929590955	114
2	2898	76086.284099530359	115
2	2901	76090.350962589945	116
2	2912	76255.071306183263	115
2	2921	76544.926247920105	116
2	2923	76643.373934860601	115
2	2938	76943.318371649333	116
2	2941	76970.31056882993	117
2	2949	77182.439507014568	118
2	2951	77475.053364365621	117
2	2965	77681.880022322023	118
2	2968	77730.645212076123	119
2	2970	77778.565941817387	118
2	2976	77836.656085539111	119
2	2981	78287.776061772629	118
2	2992	78364.394838958396	119
2	3009	78563.542984073913	120
2	3034	79078.916890333667	119
2	3040	79267.284630370777	120
2	3051	79415.195360386246	121
2	3054	79514.546255805981	122
2	3056	79601.024961519315	121
2	3064	80058.561605300083	120
2	3070	80071.129680629901	121
2	3073	80085.695426424467	122
2	3080	80295.835811388883	123
2	3083	80613.094329773826	124
2	3089	80714.078839269116	125
2	3091	80795.187057490721	124
2	3103	81175.718166093602	123
2	3115	81800.153091243919	124
2	3118	81834.981905726663	125
2	3124	82121.175542465671	124
2	3129	82499.968691944405	123
2	3152	83082.880094397142	122
2	3173	83574.577995560955	123
2	3176	83669.664336632709	124
2	3187	83945.272525857463	123
2	3193	83957.466569507478	124
2	3196	84032.499023300905	125
2	3206	84090.795703940159	126
2	3209	84402.87096682841	127
2	3223	84725.240424509421	126
2	3238	84966.711807498601	127
2	3240	85340.321993614808	126
2	3246	85526.411384130497	127
2	3252	85671.898138285787	128
2	3266	85902.504821325634	129
2	3269	85966.232592984689	130
2	3279	86260.70129840754	129
2	3288	86961.100651654649	130
2	3291	86965.402134527122	131
2	3296	86987.501013643369	130
2	3309	87146.516963505696	131
2	3311	87282.388554561213	130
2	3317	87397.606904693548	131
2	3319	87753.533515027985	130
2	3325	87811.388444434757	131
2	3339	88552.22147558935	130
2	3345	88770.842570920249	131
2	3350	88954.382103431299	130
2	3356	88957.767408538	131
2	3364	89472.931048042401	130
2	3370	89526.187099665257	131
2	3379	90035.015355489477	130
2	3405	90880.688123396858	129
2	3411	90936.689477273384	130
2	3418	91108.11839962177	131
2	3428	91419.03532651588	132
2	3434	91529.52625020195	133
2	3440	91799.834133564755	132
2	3452	92139.943821068182	131
2	3458	92146.565646547003	132
2	3461	92199.746701598642	133
2	3474	92504.240757534102	134
2	3476	92688.912746693268	133
2	3503	93551.252397904494	134
2	3508	93629.751393172219	133
2	3514	93800.725427341777	134
2	3521	94093.518001022233	135
2	3539	94420.356901596561	134
2	3545	94422.244354397866	135
2	3560	94675.661279079494	136
2	3565	94819.840539355881	137
2	3567	94859.884636319503	136
2	3592	95451.031915557447	137
2	3595	95457.505587661026	138
2	3597	95556.547327499166	137
2	3610	95967.072236769103	138
2	3617	96008.210183318034	137
2	3623	96042.497609554059	138
2	3635	96277.29287844815	139
2	3650	96515.806342023744	140
2	3658	96908.102317803658	141
2	3664	96926.993161692545	140
2	3670	96930.692674494668	141
2	3675	97240.337172943428	140
2	3683	97322.484508084941	141
2	3691	97328.916077330097	142
2	3702	97766.656967669927	143
2	3716	97900.139975792605	144
2	3719	97931.953415093332	145
2	3728	98126.027763837136	146
2	3733	98195.712435572669	145
2	3741	98366.094953288168	146
2	3751	98822.044485039397	147
2	3754	98919.539662988044	148
2	3765	98991.058167397306	147
2	3771	99070.82416080765	148
2	3777	99365.934225871489	147
2	3783	99373.913682809301	148
2	3789	99659.894318926409	147
2	3795	99885.724641781975	148
2	3797	100072.128619916067	147
2	3803	100255.384744646843	148
2	3809	100594.710682529286	147
2	3818	100853.460379520442	148
2	3820	101043.57761574097	147
2	3826	101093.228631863161	148
2	3831	101513.406626294628	147
2	3837	101610.161555277999	148
2	3849	102429.179839092568	147
2	3865	102769.435172115033	148
2	3869	102844.11878644608	147
2	3879	103222.402835554704	146
2	3889	103415.180821323514	147
2	3895	103499.472611016855	146
2	3911	104136.932373687372	147
2	3913	104274.891386117116	146
2	3923	104442.694997093042	147
2	3926	104483.047357700252	148
2	3929	104871.950725342618	149
2	3938	105143.215143448934	148
2	3954	105432.736935079431	149
2	3961	105577.578729960397	148
2	3969	105926.817761898943	149
2	3977	106212.110099326508	150
2	3979	106420.466640713886	149
2	4004	107342.973103217111	148
2	4010	107425.872598207978	149
2	4013	107581.800709175775	150
2	4016	107680.656760122118	151
2	4018	107683.132012776361	150
2	4024	107853.638368646586	151
2	4029	107925.785657271073	150
2	4042	108286.108808501087	151
2	4048	108449.174324508087	150
2	4063	108797.639584440069	149
2	4072	108966.900695287521	150
2	4079	109503.687653591607	151
2	4081	109553.58697467603	150
2	4086	109862.47668483414	149
2	4095	109882.88919530042	150
2	4098	110218.519271415178	151
2	4115	110739.993714570331	150
2	4124	110960.21289433906	151
2	4126	110998.369407496678	150
2	4132	111004.343074227138	151
2	4139	111282.616327257477	152
2	4144	111577.497834760027	151
2	4160	112150.072844206618	150
2	4179	112500.456034665691	151
2	4188	112907.538287799137	150
2	4210	113398.806227405975	151
2	4213	113413.209215200492	152
2	4215	113478.851202401596	151
2	4224	113761.000275063592	150
2	4232	113799.33744590149	151
2	4240	114103.122426136	152
2	4252	114172.630522634166	151
2	4258	114325.210477773683	152
2	4277	114827.949437213547	153
2	4279	114900.568538709807	152
2	4293	115121.938758503379	153
2	4300	115210.330644391211	154
2	4303	115277.080351528066	155
2	4309	115494.813035012639	156
2	4315	115732.317713339465	157
2	4318	115763.08350694014	158
2	4321	115824.065129694945	159
2	4323	115828.538594591695	158
2	4329	115828.8723892293	159
2	4335	116359.399858257997	158
2	4341	116591.459153917271	159
2	4347	116801.46454176985	158
2	4356	116966.606754353912	159
2	4361	117049.133160404193	158
2	4379	117444.783067173588	157
2	4396	118136.573899023234	158
2	4398	118255.681257388818	157
2	4408	118351.874430838729	158
2	4418	118799.449658180851	157
2	4427	118922.745749499759	158
2	4430	119119.863666997419	159
2	4433	119426.342714276579	160
2	4435	119593.668924077678	159
2	4445	119950.469410359895	160
2	4448	120064.742115177834	161
2	4453	120180.61750539698	160
2	4471	120677.803338329571	159
2	4477	120716.720914970485	160
2	4479	120940.406237925666	159
2	4510	121651.232039771306	158
2	4518	121684.799555616154	159
2	4520	121989.843667439448	158
2	4526	122038.692492435731	159
2	4559	122727.421363509523	158
2	4565	122766.693514594269	159
2	4568	122805.629264907639	160
2	4578	123063.443556014184	161
2	4580	123073.125856715517	160
2	4590	123234.425060932002	161
2	4596	123362.430474753374	162
2	4598	123383.333505141811	161
2	4608	123709.604231151635	162
2	4610	123712.29906513475	161
2	4616	123715.125955423749	162
2	4622	123767.30586465902	163
2	4632	124288.03517615955	164
2	4635	124452.288090075769	165
2	4648	124671.99859301679	164
2	4673	125258.706854848599	165
2	4681	125317.941356073251	166
2	4683	125502.272474925296	165
2	4689	125556.99463986704	166
2	4692	125621.383428011498	167
2	4706	125990.599837395416	168
2	4711	126133.848281159328	167
2	4717	126194.459013396553	168
2	4720	126246.966453517265	169
2	4734	126651.538040294574	168
2	4763	127177.513650014327	167
2	4779	127217.358656170723	168
2	4785	127386.903503041393	169
2	4790	127485.835879135425	170
2	4798	127638.262674397843	171
2	4800	127790.876829057262	170
2	4810	127819.414064446215	171
2	4813	127903.952569162199	172
2	4816	127993.501084589578	173
2	4819	128097.834444966266	174
2	4821	128378.947373881266	173
2	4834	128550.072489115971	174
2	4845	129048.972774619353	175
2	4847	129230.7274847769	174
2	4853	129361.113909734979	175
2	4860	129583.662371563832	176
2	4863	129940.883716927957	177
2	4865	129973.345284602866	176
2	4876	130536.589145540521	175
2	4882	130585.580788976762	176
2	4904	131447.958502556459	175
2	4909	131834.022174860612	174
2	4914	132097.603540617303	173
2	4924	132182.211658865921	174
2	4927	132234.449611417595	175
2	4947	132962.58497164704	174
2	4957	133198.824923229565	175
2	4960	133395.812034914949	176
2	4962	133531.248963280843	175
2	4971	133940.141151516144	176
2	4974	133998.014046854672	177
2	4976	134013.98835291274	176
2	4985	134219.209456598038	177
2	4999	134618.009333751426	176
2	5013	134964.74287840657	175
2	5026	135294.082744090282	176
2	5035	135462.303323402331	175
2	5041	135810.146731077165	176
2	5051	135954.897314707067	177
2	5055	136072.467234107927	176
2	5091	136754.402187638174	177
2	5098	136911.013521902512	178
2	5100	136926.222532104031	177
2	5115	137181.690581544564	176
2	5123	137260.600456248021	177
2	5126	137383.063044507971	178
2	5144	137697.599522289077	179
2	5147	137704.458283841798	180
2	5149	137765.957203964964	179
2	5155	137775.808544051305	180
2	5157	138139.205350159929	179
2	5162	138430.968762646691	178
2	5168	138598.175603716617	179
2	5171	138604.361085209048	180
2	5184	138802.836946571496	181
2	5186	139048.720736197458	180
2	5192	139117.739784731001	181
2	5203	139265.988528788278	182
2	5205	139321.307592905389	181
2	5218	139688.576676278638	180
2	5233	139919.228909766551	181
2	5240	140176.937029570744	182
2	5243	140305.418223139813	183
2	5245	140336.103108126002	182
2	5251	140568.672782419438	183
2	5254	140710.039010312811	184
2	5259	140835.080719544815	183
2	5288	141336.287137690263	182
2	5298	141422.621628212916	183
2	5306	141843.685300579399	184
2	5309	141972.309371982646	185
2	5311	142038.251103843825	184
2	5319	142162.098208395327	185
2	5332	142538.330821921504	186
2	5334	142543.542643162685	185
2	5368	143463.864123845578	186
2	5370	143473.533548909503	185
2	5380	143707.761332489696	186
2	5383	143797.588494545726	187
2	5386	143896.429848754342	188
2	5388	143935.95422356509	187
2	5394	143966.108920024725	188
2	5397	144032.222923585159	189
2	5413	144593.201332587082	188
2	5425	145013.99451593988	187
2	5431	145026.800560023782	188
2	5434	145306.305221182272	189
2	5437	145409.313430709124	190
2	5447	145788.921494103301	189
2	5453	146129.353801259106	190
2	5459	146172.690601302328	191
2	5471	146578.233720130551	190
2	5481	147130.863805090445	191
2	5486	147307.378409906554	190
2	5496	147616.548958196054	191
2	5501	147666.050652462321	190
2	5514	148059.741978148637	191
2	5521	148501.952625131538	192
2	5527	148589.134060974496	191
2	5537	149285.530250127347	192
2	5543	149348.528348879134	193
2	5549	149371.509165962503	194
2	5551	149502.57978539102	193
2	5559	150034.374781503605	192
2	5577	150455.425858548911	193
2	5579	150610.092928531843	192
2	5587	151061.331351428556	191
2	5599	151241.886587707873	192
2	5602	151342.152032761339	193
2	5605	151390.494196289771	194
2	5607	151441.850686642605	193
2	5630	152038.322772766727	192
2	5641	152569.116957738328	191
2	5654	152742.796605389067	192
2	5661	152953.119167550789	193
2	5664	152998.094001783126	194
2	5683	153367.410901963043	193
2	5697	153606.324458865501	194
2	5704	153978.186561016131	195
2	5706	153979.923345661986	194
2	5718	154081.303008515405	195
2	5724	154278.921466025738	196
2	5735	154447.796457839811	197
2	5738	154514.603267770053	198
2	5743	154791.608099370527	197
2	5749	154944.395953685145	198
2	5754	155309.864797192889	197
2	5760	155386.638413152042	198
2	5779	155865.609083872385	199
2	5788	156264.968249957341	198
2	5803	156555.444709019798	199
2	5806	156638.262552415127	200
2	5815	157079.96372818135	199
2	5825	157214.961037618215	200
2	5832	157307.710198481673	201
2	5835	157324.071992644283	202
2	5842	157707.235007475435	203
2	5844	158019.254429760653	202
2	5850	158138.026875647269	203
2	5853	158323.161588170741	204
2	5856	158452.74770464814	205
2	5858	158734.739789582122	204
2	5882	159462.68139747091	203
2	5915	160381.193515985537	202
2	5935	160680.558385139682	203
2	5938	160684.781211433756	204
2	5940	160731.299193325717	203
2	5950	160793.464590647965	204
2	5965	161392.654769119172	205
2	5968	161421.575784436856	206
2	5976	161473.401038297881	207
2	5978	161530.409033513893	206
2	5984	161577.477502362627	207
2	6006	162198.726104410744	208
2	6012	162229.30721598797	207
2	6018	162291.344265646802	208
2	6021	162481.285532141401	209
2	6024	162651.454312159831	210
2	6027	162761.477449858059	211
2	6029	162949.591740585198	210
2	6041	163383.18527955324	211
2	6043	163425.354446909656	210
2	6049	163439.014866246289	211
2	6063	163531.249590800899	212
2	6068	164085.563889156361	211
2	6077	164419.043386266436	212
2	6080	164451.44198265591	213
2	6086	164819.520239449372	212
2	6099	165093.005750151205	213
2	6101	165217.229699521591	212
2	6107	165624.999035776274	213
2	6123	166161.105848468174	212
2	6129	166454.040004734019	213
2	6132	166634.945512585878	214
2	6141	166844.663918848415	213
2	6146	167205.019819709738	212
2	6159	167663.370415627984	213
2	6164	167976.034291434367	212
2	6184	168426.492190862818	213
2	6189	168630.603200841029	212
2	6206	169098.328885803171	213
2	6208	169160.166126146247	212
2	6235	169597.392827515359	213
2	6245	169889.996105916128	214
2	6247	169891.367207738837	213
2	6253	170064.536000063636	214
2	6263	170330.957531545053	215
2	6265	170349.127200070103	214
2	6283	170724.539826084539	215
2	6285	170750.30711858653	214
2	6291	170910.566245077171	215
2	6306	171405.117119922564	216
2	6308	171538.445962156435	215
2	6316	171654.162196738388	216
2	6319	171693.410424564027	217
2	6338	172053.924900216724	218
2	6346	172244.797803275898	219
2	6348	172260.021402771851	218
2	6359	172714.878093626092	219
2	6370	173204.417988444945	218
2	6385	173418.044934023165	219
2	6388	173418.680198202521	220
2	6391	173517.906384467408	221
2	6393	173689.433560996583	220
2	6413	174065.921870574349	221
2	6419	174135.187824825436	222
2	6421	174362.569082129082	221
2	6428	174832.689413103542	220
2	6434	174837.60447275886	221
2	6442	174976.229190414514	222
2	6456	175276.271019093022	223
2	6465	175559.898955459974	222
2	6475	175811.055985532695	223
2	6487	176043.418398360989	222
2	6505	176688.111719145475	223
2	6508	176706.95316152095	224
2	6511	176713.118349312347	225
2	6514	176715.338633315704	226
2	6516	176878.653223487816	225
2	6522	176934.148984180757	226
2	6525	177079.784060919993	227
2	6531	177562.606376678751	228
2	6534	177592.271095469529	229
2	6536	177725.654999307624	228
2	6544	178614.669271215132	227
2	6549	178951.377295582822	226
2	6568	179685.756535857251	225
2	6577	180078.815676152041	224
2	6583	180165.713769982579	225
2	6593	180601.099596988297	226
2	6602	180937.949094075044	225
2	6608	180942.524755229727	226
2	6614	181194.754169142623	227
2	6627	181702.609056915422	226
2	6639	181951.485108050795	227
2	6646	182140.58614775768	228
2	6654	182562.447831436326	227
2	6670	182943.959676354458	226
2	6689	183213.771131349935	227
2	6704	183521.342161430206	228
2	6706	183531.035252391627	227
2	6712	183698.127412471647	228
2	6734	184143.461674406851	229
2	6747	184369.050782540074	230
2	6749	184379.866455189219	229
2	6757	184424.10564318572	230
2	6765	184816.941178909696	231
2	6772	184967.281416832736	230
2	6778	185004.82101122216	231
2	6783	185070.000341090375	232
2	6798	185507.644675663939	231
2	6804	185527.382895286853	232
2	6810	185592.266623343274	233
2	6813	185719.530919914326	234
2	6815	185808.107348281225	233
2	6821	185847.870183327894	234
2	6824	185867.68146738569	235
2	6833	186204.009048092445	234
2	6842	186479.24795692128	235
2	6848	186505.813372387817	234
2	6854	186753.354282028043	235
2	6856	186881.548630084177	234
2	6866	187155.099837587407	235
2	6879	187417.246737025013	234
2	6884	187712.021926745107	233
2	6893	187873.849735893678	234
2	6896	187965.250519917347	235
2	6899	188226.002531333997	236
2	6909	188525.891964483341	235
2	6915	188569.021098541231	236
2	6918	189072.097314775413	237
2	6921	189300.42426774694	238
2	6923	189350.013545389553	237
2	6931	190208.061849336406	236
2	6936	190473.346012636354	235
2	6957	191355.795140109291	234
2	6971	191892.921185559859	233
2	6982	192072.572033209817	234
2	7000	192824.680081113508	233
2	7006	192840.544864661471	234
2	7009	192850.405117536881	235
2	7018	193054.193681902662	236
2	7020	193151.224069717607	235
2	7026	193166.46348347104	236
2	7032	193286.449287108105	237
2	7038	193426.124609776758	238
2	7040	193526.344154897413	237
2	7053	194022.921710099361	236
2	7063	194271.529513967606	237
2	7075	194712.453684072278	236
2	7092	194939.73819127782	237
2	7095	195361.953063487532	238
2	7098	195456.486282728618	239
2	7100	195509.159306931577	238
2	7105	195776.888858965866	237
2	7115	196294.37404462485	238
2	7117	196376.818096592359	237
2	7123	196457.623339634443	238
2	7128	196958.559347140871	237
2	7137	197574.831342091563	238
2	7143	197883.355591866456	237
2	7155	198355.911190427177	236
2	7167	198763.77634981875	237
2	7169	198771.420703652583	236
2	7178	198809.531709086474	237
2	7189	199154.667590624921	236
2	7225	200073.816926731996	235
2	7235	200241.445481253855	236
2	7238	200283.239243288399	237
2	7243	200410.071434817545	236
2	7252	200448.017371537231	237
2	7255	200646.159602428661	238
2	7261	200896.879760495971	239
2	7263	200924.766713782482	238
2	7269	200994.979341192703	239
2	7277	201228.584959128322	240
2	7292	201666.222381509178	239
2	7301	201824.483915385859	240
2	7313	202056.387180230849	239
2	7326	202334.806647705403	240
2	7331	202512.373469130199	241
2	7333	202520.041022944533	240
2	7346	202657.202192465471	241
2	7349	202708.010431454005	242
2	7351	202868.041082724266	241
2	7359	203328.265007012081	242
2	7375	203577.177315178596	241
2	7395	204071.645563106321	240
2	7401	204152.946788794922	241
2	7407	204265.276910137015	242
2	7418	204771.559269452097	243
2	7427	204866.748561217718	242
2	7433	204965.622126125218	243
2	7438	205048.236426031	244
2	7450	205140.63001175531	243
2	7456	205268.601847744516	244
2	7463	205518.417327767658	245
2	7472	205602.111176151119	244
2	7486	206134.882089855254	245
2	7494	206230.833072621031	246
2	7496	206291.21741884508	245
2	7507	206425.181612718286	246
2	7526	206830.593181020849	245
2	7532	206869.062910700322	246
2	7542	207074.96541803355	247
2	7545	207349.254276217548	248
2	7549	207400.22182979741	247
2	7561	207685.621484137409	246
2	7567	207702.746650200585	247
2	7580	207836.315520435008	248
2	7585	208059.903890803561	249
2	7588	208216.036086488171	250
2	7595	208361.41466469624	249
2	7609	208663.229757390254	248
2	7620	208800.073499042789	249
2	7625	208887.163284310507	250
2	7633	208983.046365749196	251
2	7649	209368.240402519041	250
2	7657	209431.958325892343	251
2	7665	209698.915380188852	252
2	7672	209818.718918721461	251
2	7682	209932.50264926012	252
2	7688	209991.097420375451	253
2	7699	210447.104968965159	254
2	7702	210456.038406199093	255
2	7708	210514.547197228546	256
2	7714	210671.464825860494	255
2	7730	211084.055114664385	256
2	7733	211094.221471227363	257
2	7740	211479.992685607904	256
2	7746	211481.65318565573	257
2	7754	211606.952446555824	258
2	7757	211756.846010932356	259
2	7782	212148.994252766752	258
2	7790	212236.998192060918	259
2	7804	212622.244889132017	258
2	7810	212809.437606997428	259
2	7812	212968.387729387069	258
2	7818	213009.584089676278	259
2	7822	213225.113742399299	258
2	7828	213477.770872611193	259
2	7836	213486.464688925497	260
2	7839	213496.401420748336	261
2	7855	213799.658697765509	262
2	7860	213864.326250489139	261
2	7871	214129.210768357107	262
2	7876	214298.22762867749	263
2	7883	214344.719052902692	262
2	7893	214751.24919503116	261
2	7908	214947.897824996401	262
2	7917	215167.849428049558	261
2	7923	215240.917236794212	262
2	7949	215873.364269464546	261
2	7955	215873.67559116647	262
2	7958	215931.042998824775	263
2	7961	215994.512261511946	264
2	7967	216541.918991062	265
2	7973	216666.506817705267	264
2	7982	216797.106877631083	265
2	7985	216879.037957392544	266
2	7987	216937.925560652547	265
2	7993	217019.751886067122	266
2	8004	217205.409146287054	267
2	8006	217223.558059065871	266
2	8012	217251.118763381022	267
2	8018	217821.017255079814	268
2	8024	217971.015764115258	269
2	8029	218174.95647627049	268
2	8034	218469.739519833856	267
2	8040	218708.233839204446	268
2	8042	218802.704111646198	267
2	8062	219367.135654735647	266
2	8081	219912.347295174147	267
2	8091	220180.078429774697	268
2	8100	220297.167687966756	267
2	8111	220326.095325247854	268
2	8113	220745.948737013421	267
2	8132	220909.590479739173	268
2	8135	221201.439460192689	269
2	8137	221327.314850959263	268
2	8147	221534.043048973531	269
2	8150	221623.97468916081	270
2	8157	221952.368080035635	271
2	8159	222058.586342047236	270
2	8165	222060.356055162404	271
2	8174	222499.432177720148	272
2	8180	222649.499597429565	271
2	8186	223091.749967996194	272
2	8188	223240.451712320826	271
2	8206	224037.189590755186	270
2	8212	224038.521281832694	271
2	8214	224296.246222622029	270
2	8231	225197.124335329316	269
2	8240	225437.115608440137	270
2	8243	225574.392402969843	271
2	8253	226001.587145240821	272
2	8256	226002.456687323734	273
2	8258	226068.236125047586	272
2	8263	226313.698246899328	271
2	8269	226487.725518093248	272
2	8271	226576.456656783155	271
2	8293	227439.204865667305	270
2	8306	228124.08873451591	271
2	8316	228382.897246415994	270
2	8325	228535.410615008121	271
2	8336	228909.980536374531	270
2	8342	228958.760531987909	271
2	8345	228964.293264689835	272
2	8352	229354.950348666482	273
2	8366	229757.935761559091	272
2	8380	230253.346865969978	271
2	8390	230371.946551452894	272
2	8403	230431.435557561971	273
2	8412	230675.142645976774	272
2	8425	230957.833714837052	273
2	8437	231310.185132140606	274
2	8440	231338.702303390063	275
2	8456	231527.52614208617	274
2	8466	231634.859361683522	275
2	8473	232110.482361569337	274
2	8484	232185.541194331623	275
2	8487	232186.789259566708	276
2	8495	232581.776114576541	277
2	8498	232595.923039315991	278
2	8514	232924.194462291233	277
2	8527	233015.273675560474	278
2	8530	233177.604280263899	279
2	8532	233225.382625173114	278
2	8542	233493.591431464337	277
2	8553	233645.1882205799	278
2	8560	233814.408468031369	279
2	8567	234027.833461133286	280
2	8573	234312.159783878146	281
2	8575	234376.756273723476	280
2	8581	234412.716492918102	281
2	8584	234519.709445075586	282
2	8587	234594.28714713899	283
2	8593	234708.163542124711	282
2	8619	235486.879946370654	283
2	8621	235605.041471842013	282
2	8627	235812.789026648519	283
2	8634	235867.791341551107	284
2	8655	236288.227543133579	283
2	8668	236507.253176316192	284
2	8671	236529.39544234573	285
2	8680	236656.375079128228	284
2	8686	236718.07571625223	285
2	8694	236914.591397571419	286
2	8707	237237.337927642547	285
2	8724	237646.422372356433	286
2	8726	237813.500573869132	285
2	8732	237826.790394260726	286
2	8735	237844.566446867216	287
2	8742	238030.977130933174	288
2	8745	238055.50869523315	289
2	8748	238101.997252750012	290
2	8751	238251.537623255691	291
2	8754	238615.086458993613	292
2	8756	238730.901427540266	291
2	8764	239008.841262321257	290
2	8773	239823.018909703278	289
2	8781	240379.451469659143	288
2	8787	240382.056866259379	289
2	8793	240633.625784582727	288
2	8798	240969.223345752143	287
2	8806	241342.413565955394	286
2	8825	241959.228691841745	285
2	8831	242038.800394092108	286
2	8837	242295.320349271679	285
2	8850	242579.864332731515	286
2	8853	242868.415244569532	287
2	8861	243125.919211815381	286
2	8867	243248.155047041693	287
2	8873	243392.891866308449	288
2	8879	243457.970104768211	287
2	8898	243926.950751385922	286
2	8912	244172.534804626962	287
2	8917	244560.478062323565	286
2	8927	244963.445203052449	287
2	8929	245023.583440064723	286
2	8942	245364.429182449979	287
2	8945	245380.340568818795	288
2	8951	245686.236158481194	289
2	8953	245762.208675212497	288
2	8967	246249.558600152347	289
2	8970	246290.998580906054	290
2	8972	246561.893628622675	289
2	8993	246914.157048902744	288
2	9009	247249.279551125401	287
2	9015	247358.725810209695	288
2	9048	248021.898656069571	287
2	9059	248130.413228447759	288
2	9062	248263.187550825277	289
2	9065	248278.892323724457	290
2	9069	248508.969521235013	289
2	9075	248536.874207046475	290
2	9078	248746.686947374079	291
2	9086	248963.648395827618	292
2	9091	249086.897001685981	293
2	9098	249159.453323214585	292
2	9109	249203.098172460336	293
2	9118	249834.32560988822	292
2	9124	249953.614293486285	293
2	9138	250246.864494158539	294
2	9149	250512.85427079399	295
2	9154	250619.701744477535	294
2	9160	250619.977254395068	295
2	9166	250676.450518938187	296
2	9168	251078.166219341839	295
2	9181	251376.886642809566	296
2	9187	251640.42500130021	295
2	9193	251695.689999692634	296
2	9200	251922.67602652678	297
2	9203	251927.499023255544	298
2	9212	252558.143529269183	297
2	9222	252714.950437595964	298
2	9225	252807.076038230614	299
2	9234	253164.79111840884	300
2	9239	253327.117852467382	299
2	9245	253348.18925166012	300
2	9264	254245.30386180737	299
2	9274	254385.92372011325	300
2	9283	254997.438354465449	299
2	9289	255158.217611803445	300
2	9300	255346.909453085304	301
2	9302	255403.971906184489	300
2	9317	256128.222404542649	299
2	9323	256164.169474834982	300
2	9326	256242.951468774074	301
2	9329	256365.688169194156	302
2	9339	256900.873961868966	301
2	9345	257103.631912275598	302
2	9348	257495.530191994908	303
2	9350	257569.175803057188	302
2	9356	257582.083210592175	303
2	9358	257873.786821040595	302
2	9366	258567.585415906543	301
2	9380	259044.645600105906	300
2	9392	259360.646813634122	299
2	9408	259671.709401264126	298
2	9419	260371.547758529968	299
2	9427	260404.209767851693	300
2	9429	260490.751161939735	299
2	9445	260927.896016138876	298
2	9451	261104.322036738588	299
2	9461	261293.480641405368	298
2	9467	261342.706713398152	299
2	9470	261388.589547836303	300
2	9480	261944.634682632914	301
2	9482	262116.607534150863	300
2	9488	262321.08935224002	301
2	9491	262337.119947501532	302
2	9493	262360.804491202617	301
2	9502	262574.790639307379	302
2	9508	262813.335554777915	301
2	9527	263486.147990255887	300
2	9538	263977.698605983788	299
2	9548	264236.854772622806	300
2	9551	264285.039326588725	301
2	9561	264850.982998993684	302
2	9566	264902.878449346209	301
2	9575	265234.664553116346	300
2	9581	265339.611417487712	301
2	9587	265383.74456159803	302
2	9600	265884.4996321679	301
2	9605	266250.730067148143	300
2	9617	266500.696714753462	301
2	9624	266655.369046069422	302
2	9634	266819.632612942988	301
2	9656	267257.364448994563	302
2	9665	267483.373478233153	301
2	9677	267967.599227136085	302
2	9679	268008.416270139897	301
2	9685	268057.753761968592	302
2	9693	268148.269130628644	303
2	9696	268217.316126270997	304
2	9703	268295.268335967595	303
2	9715	268567.277443177337	302
2	9730	268876.070506677848	303
2	9736	269085.945892925464	304
2	9747	269437.527898467416	303
2	9753	269559.982746332042	304
2	9761	269669.454194759109	305
2	9764	269736.347032493064	306
2	9767	269798.901156086406	307
2	9779	270100.392161480036	308
2	9786	270287.974863305027	307
2	9800	270494.760034984061	308
2	9807	270841.626259298154	309
2	9812	270997.258483815277	308
2	9818	271066.336735407126	309
2	9831	271280.061856018615	310
2	9834	271321.236846946264	311
2	9837	271354.236799061862	312
2	9846	271894.487637236053	311
2	9863	272531.869652840579	310
2	9869	272598.464843168153	311
2	9872	272673.557879473173	312
2	9875	272957.348437680374	313
2	9881	273077.001774871679	314
2	9883	273121.871935158307	313
2	9899	273412.544889769254	314
2	9907	273568.639767571623	313
2	9921	273826.648123759116	312
2	9927	273860.679381170367	313
2	9934	274308.203622876937	312
2	9940	274341.431435538299	313
2	9942	274664.900582107986	312
2	9963	274980.447573430176	311
2	9976	275229.963892942232	312
2	9978	275384.750600635345	311
2	9991	275624.974915800172	312
2	9994	275813.956100428983	313
2	10008	276184.014973278428	312
2	10023	276524.387247908798	313
2	10025	276753.011839791472	312
2	10031	276760.690884064727	313
2	10046	276946.266216044802	314
2	10056	277042.002705937095	315
3	62	4120.400574888356	1964.9940015469
3	81	5026.883404563434	3402.9567907749
3	124	5969.605793926187	3618.0114613957
3	147	6384.391667275943	4629.7214553356
3	190	7220.349284532733	3733.8754743758
3	219	8062.866486172445	4118.5399432457
3	230	8484.270630973644	4406.7371399533
3	245	8803.6443801888	4588.9149542903
3	324	10818.075848027386	5799.4114256027
3	338	11241.716714586385	6342.6498353575
3	349	11662.66441748596	6544.861488228
3	365	12391.397086597301	6662.1849586982
3	370	12677.601137264885	7114.3681278612
3	390	13237.190505351193	7716.9064670084
3	406	13998.479411910541	8342.5760131613
3	421	14339.41751509092	7738.1081076465
3	496	16406.333070109852	9288.078526022
3	543	17460.852947916158	8503.0915923602
3	564	18075.733649238267	8080.4851838904
3	601	19038.36535818062	10547.507953124
3	629	19876.905915561386	10667.237802689
3	658	20563.235500111499	10456.243304685
3	702	21788.007689054379	11276.236555301
3	723	22160.863098494032	9156.4091838814
3	756	23034.054787914524	9889.3886125335
3	793	23903.533718857238	10982.616944335
3	814	24372.744799415836	10850.671007371
3	844	25084.562392468819	11335.063286939
3	872	25487.872654657134	11509.239464937
3	903	26398.998513027349	12574.64034276
3	945	27216.854802529582	13364.771479463
3	975	27992.809183421799	13199.325537715
3	1008	28637.510490278968	12148.607114789
3	1110	30525.520996890286	14321.418302381
3	1137	31049.695805675605	14869.492748776
3	1145	31428.373478177258	14952.354315733
3	1185	32281.318341578612	15865.543739315
3	1225	33545.616925965318	15825.569210581
3	1248	34663.619583557615	15875.140822636
3	1282	36066.310165404597	16236.587177446
3	1299	36551.491002432326	17153.740067098
3	1333	37284.2530676455	15972.270716561
3	1363	38104.993309687147	17441.486632753
3	1407	38984.75653893433	18552.018568998
3	1449	39912.281724131922	19572.102936549
3	1458	40168.704298335383	18225.883115033
3	1473	40968.828022416005	19264.967898874
3	1505	41470.250342629174	19577.102542152
3	1513	41827.824395942757	19787.949564822
3	1544	42761.822859245608	20533.695674685
3	1562	43554.692214439879	21190.98205855
3	1589	44349.939927450637	21928.715669477
3	1616	45040.331749237398	21972.178578229
3	1656	45841.148015327076	21702.606910859
3	1679	46683.12664733387	21886.065694209
3	1702	47231.398383016954	23208.862320329
3	1730	48152.863782133232	24105.380007316
3	1757	49085.941196485679	24443.307805917
3	1772	49395.851736619394	24402.071618716
3	1802	50347.12968575887	25220.271073041
3	1822	50602.719702619385	24435.795180665
3	1841	50987.941052160483	24865.008890517
3	1866	51754.067862975668	25963.24811235
3	1943	53609.686590611261	27238.967091814
3	1970	54125.077346257192	27790.958986417
3	1990	54538.634926631373	28108.683372519
3	2013	55146.687779586089	27773.277737756
3	2078	56969.597229800445	29933.416978516
3	2090	57269.232116892261	29603.03298958
3	2102	57603.227995272053	29314.002510482
3	2113	58238.512202735318	29434.891859478
3	2145	59024.709820161833	30601.267848382
3	2156	59399.29444170676	29674.620478394
3	2205	60523.829622204675	31193.22419817
3	2223	60821.852161205633	31519.175164978
3	2238	61164.111372187062	30977.877267002
3	2269	61796.871623984798	32780.732960513
3	2305	62682.218971002176	32907.637626264
3	2324	63140.109855636283	33413.778478376
3	2364	64028.463978070094	33139.147470289
3	2396	64872.910621903165	35284.983407116
3	2442	65687.728611986412	34910.163935673
3	2486	66632.814942124559	34339.921338059
3	2501	67077.429409968926	34798.455547769
3	2529	67728.665309055968	35115.642930784
3	2551	68265.202177792116	33645.145136546
3	2593	68914.094167008325	35265.701061636
3	2609	69197.882886278703	34214.103706709
3	2631	69905.673816065564	33835.763351635
3	2657	70329.678427717908	33726.636462122
3	2689	70956.56639375843	34700.20112854
3	2709	71751.119078184738	35141.576415298
3	2741	72557.539034794345	36169.094572478
3	2779	73327.730667992755	36709.458095174
3	2825	74418.264039858505	37725.754084168
3	2858	75289.34268015556	38275.47131762
3	2885	75930.258929590955	39076.4335375
3	2926	76643.373934860601	37847.067431892
3	2954	77475.053364365621	38865.907331864
3	2973	77778.565941817387	38542.836366527
3	2984	78287.776061772629	39820.360504493
3	3037	79078.916890333667	38766.91637876
3	3094	80795.187057490721	39726.570667003
3	3106	81175.718166093602	39997.303881967
3	3127	82121.175542465671	39532.732497792
3	3132	82499.968691944405	39972.318616714
3	3155	83082.880094397142	40545.518769728
3	3190	83945.272525857463	40146.522356101
3	3226	84725.240424509421	41820.669066628
3	3243	85340.321993614808	41139.333642401
3	3314	87282.388554561213	42659.548277899
3	3322	87753.533515027985	42759.972215036
3	3353	88954.382103431299	43705.521225228
3	3367	89472.931048042401	43569.889403202
3	3382	90035.015355489477	45020.895373708
3	3408	90880.688123396858	43757.777025428
3	3455	92139.943821068182	43797.058308216
3	3479	92688.912746693268	44947.185240403
3	3511	93629.751393172219	44490.283492329
3	3570	94859.884636319503	45854.285133913
3	3600	95556.547327499166	45925.138723776
3	3620	96008.210183318034	46659.434350547
3	3667	96926.993161692545	47196.493217649
3	3678	97240.337172943428	45925.729623989
3	3736	98195.712435572669	47961.546426063
3	3768	98991.058167397306	48939.183256784
3	3780	99365.934225871489	49702.03598248
3	3792	99659.894318926409	47829.315810307
3	3800	100072.128619916067	49587.036260166
3	3812	100594.710682529286	49820.818152107
3	3834	101513.406626294628	48929.99294744
3	3852	102429.179839092568	49919.817697453
3	3872	102844.11878644608	49589.607716213
3	3882	103222.402835554704	49236.76319275
3	3898	103499.472611016855	50536.453877203
3	3916	104274.891386117116	50787.096016576
3	3964	105577.578729960397	50135.324041079
3	4007	107342.973103217111	53568.421571259
3	4021	107683.132012776361	52708.359333361
3	4032	107925.785657271073	52892.041377148
3	4051	108449.174324508087	52926.125657613
3	4066	108797.639584440069	51675.893467456
3	4084	109553.58697467603	51517.739046765
3	4089	109862.47668483414	51474.231732942
3	4118	110739.993714570331	52409.571016137
3	4129	110998.369407496678	51895.904675252
3	4147	111577.497834760027	52767.659753494
3	4218	113478.851202401596	53524.85110443
3	4282	114900.568538709807	54760.16948299
3	4326	115828.538594591695	55203.378033443
3	4350	116801.46454176985	55605.330391115
3	4382	117444.783067173588	56788.606569106
3	4401	118255.681257388818	55885.849036267
3	4421	118799.449658180851	56136.051892721
3	4438	119593.668924077678	56922.608619931
3	4482	120940.406237925666	57650.333857823
3	4513	121651.232039771306	57918.468721007
3	4523	121989.843667439448	58283.993825682
3	4562	122727.421363509523	58530.536706375
3	4583	123073.125856715517	58911.566387884
3	4601	123383.333505141811	58877.136516564
3	4613	123712.29906513475	59554.539905788
3	4651	124671.99859301679	59261.781758611
3	4686	125502.272474925296	61025.593399326
3	4714	126133.848281159328	61628.190077186
3	4737	126651.538040294574	61166.591030398
3	4766	127177.513650014327	60866.149917361
3	4803	127790.876829057262	62027.547584632
3	4824	128378.947373881266	62154.166097934
3	4850	129230.7274847769	61133.388483338
3	4868	129973.345284602866	62099.323594769
3	4907	131447.958502556459	64454.418628687
3	4912	131834.022174860612	63313.623131886
3	4917	132097.603540617303	64183.589716967
3	4950	132962.58497164704	64590.153166931
3	4965	133531.248963280843	65373.27715345
3	4979	134013.98835291274	64589.156892573
3	5016	134964.74287840657	65045.287693255
3	5038	135462.303323402331	65784.392065267
3	5058	136072.467234107927	65417.181164849
3	5103	136926.222532104031	66503.56883256
3	5118	137181.690581544564	66290.599148428
3	5152	137765.957203964964	66966.551000497
3	5160	138139.205350159929	66538.168319323
3	5165	138430.968762646691	65924.662860697
3	5208	139321.307592905389	66762.651334804
3	5248	140336.103108126002	66569.788454594
3	5262	140835.080719544815	68417.087783799
3	5291	141336.287137690263	67533.910935164
3	5337	142543.542643162685	69611.860109548
3	5373	143473.533548909503	70047.173341321
3	5391	143935.95422356509	69199.168357545
3	5416	144593.201332587082	69469.354512508
3	5474	146578.233720130551	70730.788839457
3	5530	148589.134060974496	73270.519352505
3	5554	149502.57978539102	72645.529034456
3	5582	150610.092928531843	72282.241719999
3	5590	151061.331351428556	72734.909783044
3	5610	151441.850686642605	73028.548236558
3	5633	152038.322772766727	73963.238806162
3	5644	152569.116957738328	73548.905788889
3	5709	153979.923345661986	75432.150575604
3	5746	154791.608099370527	75015.045237326
3	5757	155309.864797192889	74649.207556785
3	5791	156264.968249957341	74621.241971867
3	5818	157079.96372818135	75320.021711252
3	5847	158019.254429760653	75451.916764177
3	5861	158734.739789582122	77757.505772785
3	5885	159462.68139747091	76072.131378131
3	5918	160381.193515985537	77366.247343035
3	5943	160731.299193325717	77325.710586431
3	6032	162949.591740585198	78867.13420151
3	6046	163425.354446909656	78852.433930418
3	6071	164085.563889156361	79414.76176018
3	6089	164819.520239449372	79267.689753631
3	6104	165217.229699521591	80494.438866649
3	6144	166844.663918848415	80058.997913706
3	6149	167205.019819709738	80091.090672966
3	6167	167976.034291434367	81007.051635861
3	6192	168630.603200841029	79190.24302914
3	6211	169160.166126146247	80307.500818915
3	6250	169891.367207738837	80654.968405438
3	6268	170349.127200070103	80610.915998093
3	6288	170750.30711858653	80465.228497323
3	6351	172260.021402771851	80825.334099048
3	6373	173204.417988444945	82745.645284393
3	6396	173689.433560996583	82496.484939562
3	6431	174832.689413103542	82444.89291309
3	6468	175559.898955459974	83446.407869539
3	6490	176043.418398360989	83293.651524563
3	6519	176878.653223487816	83317.501039634
3	6539	177725.654999307624	84476.4227353
3	6547	178614.669271215132	84502.006398311
3	6552	178951.377295582822	86002.839503533
3	6580	180078.815676152041	85911.202838255
3	6630	181702.609056915422	87259.817729366
3	6657	182562.447831436326	88620.278036588
3	6673	182943.959676354458	87972.30426562
3	6709	183531.035252391627	89328.964563845
3	6752	184379.866455189219	89403.043330167
3	6801	185507.644675663939	89937.199161715
3	6818	185808.107348281225	88853.463149518
3	6836	186204.009048092445	89688.847340292
3	6851	186505.813372387817	89208.444963079
3	6859	186881.548630084177	88852.892656804
3	6887	187712.021926745107	89852.386797706
3	6912	188525.891964483341	90290.199955364
3	6926	189350.013545389553	91365.714003205
3	6934	190208.061849336406	92077.836350319
3	6939	190473.346012636354	91711.100128362
3	6960	191355.795140109291	90644.555366575
3	7003	192824.680081113508	90247.189160048
3	7056	194022.921710099361	91500.382568886
3	7103	195509.159306931577	91429.217923604
3	7108	195776.888858965866	91778.777541324
3	7131	196958.559347140871	91593.118127106
3	7146	197883.355591866456	92361.08192249
3	7158	198355.911190427177	93064.785973247
3	7172	198771.420703652583	93303.788422895
3	7228	200073.816926731996	92893.693094549
3	7295	201666.222381509178	92747.33617486
3	7316	202056.387180230849	93417.528093903
3	7336	202520.041022944533	93792.555939983
3	7378	203577.177315178596	93055.272052273
3	7398	204071.645563106321	92230.439192092
3	7430	204866.748561217718	93967.449987659
3	7453	205140.63001175531	93655.93469435
3	7475	205602.111176151119	93221.328379617
3	7529	206830.593181020849	93145.11289752
3	7552	207400.22182979741	94779.462235858
3	7564	207685.621484137409	95427.717072989
3	7598	208361.41466469624	95402.686755712
3	7612	208663.229757390254	95730.583856258
3	7652	209368.240402519041	94675.651692352
3	7675	209818.718918721461	96144.163398056
3	7717	210671.464825860494	97556.985362815
3	7743	211479.992685607904	97694.224688303
3	7785	212148.994252766752	96852.674583356
3	7815	212968.387729387069	97298.516894731
3	7896	214751.24919503116	97687.772672656
3	7920	215167.849428049558	97725.560797286
3	7952	215873.364269464546	97003.514602251
3	7976	216666.506817705267	96533.023562459
3	7990	216937.925560652547	96720.087939117
3	8009	217223.558059065871	96763.106475577
3	8032	218174.95647627049	97754.734837843
3	8045	218802.704111646198	97124.374197575
3	8065	219367.135654735647	98045.656308538
3	8103	220297.167687966756	97756.654997495
3	8116	220745.948737013421	99232.006455674
3	8140	221327.314850959263	99721.693645506
3	8162	222058.586342047236	99796.230895061
3	8183	222649.499597429565	101057.72574328
3	8209	224037.189590755186	101057.6405576
3	8217	224296.246222622029	101054.52294076
3	8234	225197.124335329316	101402.11986343
3	8261	226068.236125047586	101507.52650161
3	8266	226313.698246899328	102581.37542129
3	8274	226576.456656783155	102012.42306789
3	8296	227439.204865667305	102924.83551655
3	8319	228382.897246415994	103377.48569026
3	8339	228909.980536374531	102916.502631
3	8383	230253.346865969978	103553.48997903
3	8545	233493.591431464337	106394.02161734
3	8578	234376.756273723476	107130.10670455
3	8596	234708.163542124711	107301.61011661
3	8624	235605.041471842013	107108.38004383
3	8658	236288.227543133579	106156.95637635
3	8683	236656.375079128228	106265.93330069
3	8710	237237.337927642547	106391.97348154
3	8729	237813.500573869132	106673.37840536
3	8767	239008.841262321257	106373.79171644
3	8776	239823.018909703278	108535.8292102
3	8784	240379.451469659143	107580.10928288
3	8796	240633.625784582727	107036.4130159
3	8801	240969.223345752143	106737.11713215
3	8809	241342.413565955394	107201.20555686
3	8828	241959.228691841745	107305.38004795
3	8840	242295.320349271679	107821.05150376
3	8864	243125.919211815381	108133.41995959
3	8920	244560.478062323565	110080.01358533
3	8932	245023.583440064723	108860.71889398
3	8975	246561.893628622675	111201.63869533
3	8996	246914.157048902744	110982.40004504
3	9012	247249.279551125401	110779.04952894
3	9051	248021.898656069571	111360.93784246
3	9072	248508.969521235013	111961.09858355
3	9101	249159.453323214585	112381.24304469
3	9121	249834.32560988822	113027.33406038
3	9157	250619.701744477535	113406.31793178
3	9190	251640.42500130021	111785.25485841
3	9215	252558.143529269183	112830.00450829
3	9242	253327.117852467382	112288.93561072
3	9267	254245.30386180737	113523.49855663
3	9305	255403.971906184489	113746.50727157
3	9353	257569.175803057188	114731.17704682
3	9361	257873.786821040595	116099.78539019
3	9369	258567.585415906543	116508.02414522
3	9383	259044.645600105906	116148.77879626
3	9395	259360.646813634122	116025.20324923
3	9432	260490.751161939735	117411.87620776
3	9448	260927.896016138876	116779.65767594
3	9464	261293.480641405368	115124.10020886
3	9485	262116.607534150863	117162.14828877
3	9530	263486.147990255887	115732.87982488
3	9569	264902.878449346209	117244.22136438
3	9578	265234.664553116346	115939.83705638
3	9603	265884.4996321679	116522.56906072
3	9608	266250.730067148143	116514.45177948
3	9637	266819.632612942988	115671.33784298
3	9668	267483.373478233153	115944.52034129
3	9682	268008.416270139897	117097.26448387
3	9706	268295.268335967595	115853.38425312
3	9750	269437.527898467416	117433.94452297
3	9789	270287.974863305027	118228.86467317
3	9815	270997.258483815277	117759.3019255
3	9849	271894.487637236053	119272.63271047
3	9886	273121.871935158307	119127.7281747
3	9910	273568.639767571623	120245.72610185
3	9924	273826.648123759116	119691.47357056
3	9937	274308.203622876937	120293.28338413
3	9945	274664.900582107986	119161.54653871
3	9966	274980.447573430176	119226.73664285
3	9981	275384.750600635345	120711.66322462
3	10011	276184.014973278428	120906.05957914
3	10028	276753.011839791472	121012.5195578
4	270	9335.562137990512	4783.2133688797
4	301	10143.998031496324	6155.30420017
4	457	15292.778183604844	8216.7046111925
4	472	16051.160116560079	10064.932011686
4	526	17038.957727021791	11075.332927296
4	586	18486.533185831525	9312.4580330312
4	676	20860.010342701593	9428.5772259729
4	1060	29585.512008286336	14661.089635587
4	1167	32009.896550133148	14705.397796152
4	1200	32596.427129349926	15588.936268504
4	1237	33929.592908091167	14404.525337575
4	1273	35378.684767793188	17187.106728655
4	1911	52706.252390883189	26058.39734366
4	2049	56098.281126666141	29406.488325055
4	2174	59913.638612806125	31354.931284955
4	2796	73755.440918031409	36251.986096088
4	2915	76255.071306183263	37678.947458355
4	3059	79601.024961519315	40693.747105375
4	3067	80058.561605300083	40346.079021822
4	3282	86260.70129840754	41388.005019284
4	3299	86987.501013643369	42461.494292352
4	3342	88552.22147558935	43381.524572731
4	3443	91799.834133564755	46367.881228517
4	3542	94420.356901596561	45884.205841688
4	3823	101043.57761574097	49179.519200112
4	3941	105143.215143448934	51623.389121104
4	3982	106420.466640713886	52302.061055819
4	4163	112150.072844206618	52310.122045141
4	4191	112907.538287799137	53674.63381276
4	4227	113761.000275063592	53491.880511297
4	4255	114172.630522634166	53713.824673437
4	4338	116359.399858257997	55896.73006411
4	4364	117049.133160404193	55752.27905059
4	4456	120180.61750539698	57907.873486154
4	4474	120677.803338329571	57180.243750416
4	4879	130536.589145540521	62113.173658946
4	5002	134618.009333751426	66153.788585984
4	5189	139048.720736197458	66726.953543156
4	5221	139688.576676278638	66827.611361525
4	5314	142038.251103843825	68508.565071226
4	5428	145013.99451593988	70971.102673222
4	5450	145788.921494103301	70530.947645453
4	5489	147307.378409906554	71721.406143364
4	5504	147666.050652462321	71327.20020448
4	5562	150034.374781503605	73365.439374983
4	5686	153367.410901963043	74606.653686925
4	5981	161530.409033513893	78101.214316698
4	6015	162229.30721598797	78720.637315735
4	6126	166161.105848468174	80381.819241169
4	6311	171538.445962156435	81096.816833698
4	6424	174362.569082129082	82007.905549534
4	6571	179685.756535857251	85874.500939695
4	6605	180937.949094075044	86232.133783847
4	6775	184967.281416832736	88849.191367853
4	6882	187417.246737025013	91285.416884478
4	6974	191892.921185559859	90389.99492789
4	7023	193151.224069717607	91077.997622329
4	7043	193526.344154897413	91392.338389788
4	7078	194712.453684072278	91930.791644378
4	7120	196376.818096592359	91256.857661446
4	7192	199154.667590624921	93345.551735441
4	7246	200410.071434817545	92511.287836283
4	7266	200924.766713782482	92787.776901753
4	7354	202868.041082724266	93002.931580877
4	7499	206291.21741884508	94074.62224542
4	7807	212622.244889132017	95713.69347256
4	7825	213225.113742399299	96232.155289189
4	7863	213864.326250489139	96127.652281707
4	7886	214344.719052902692	97216.389467134
4	8037	218469.739519833856	96914.194251602
4	8191	223240.451712320826	100919.61561811
4	8369	229757.935761559091	104564.38243616
4	8415	230675.142645976774	104781.68593545
4	8459	231527.52614208617	104793.4889707
4	8476	232110.482361569337	105373.3949488
4	8517	232924.194462291233	105735.35098643
4	8535	233225.382625173114	106040.16707718
4	8759	238730.901427540266	107555.10046125
4	8882	243457.970104768211	108532.39486686
4	8901	243926.950751385922	107958.99482165
4	8956	245762.208675212497	109219.78854188
4	9171	251078.166219341839	111379.81494945
4	9286	254997.438354465449	113905.63977992
4	9320	256128.222404542649	114978.02837268
4	9342	256900.873961868966	115728.25396387
4	9411	259671.709401264126	115292.14562268
4	9496	262360.804491202617	115908.24871912
4	9511	262813.335554777915	116287.8154598
4	9541	263977.698605983788	116744.3795726
4	9718	268567.277443177337	117391.37247201
4	9866	272531.869652840579	119373.75928495

