version 2
run Iteration-26-20200521-09:52:19-65392
attr configname Iteration
attr datetime 20200521-09:52:19
attr experiment Iteration
attr inifile omnetpp.ini
attr iterationvars "$i=3, $j=2, $0=15-(3+2)"
attr iterationvarsf i=3,j=2,15-(3+2)-
attr measurement "$i=3, $j=2, $0=15-(3+2)"
attr network Network
attr processid 65392
attr repetition 0
attr replication #0
attr resultdir results
attr runnumber 26
attr seedset 26
itervar i 3
itervar j 2
param **.resourcePool.amount 3
param **.resourcePool1.amount 2
param **.resourcePool2.amount 15-(3+2)
param **.source.interArrivalTime exponential(6min)
param **.delay.delay uniform(4min,28min)
param **.delay1.delay uniform(10min,28min)
param **.delay2.delay uniform(4min,16min)
param **.allocate.resourceModuleName "\"Network.resourcePool\""
param **.allocate1.resourceModuleName "\"Network.resourcePool1\""
param **.allocate2.resourceModuleName "\"Network.resourcePool2\""
param **.deallocate.resourceModuleName "\"Network.resourcePool\""
param **.deallocate1.resourceModuleName "\"Network.resourcePool1\""
param **.deallocate2.resourceModuleName "\"Network.resourcePool2\""
param **.router.randomGateIndex "uniform(0, 1) > 0.2 ? 0 : 1"

vector 0 Network.allocate queueLength:vector ETV
attr interpolationmode sample-hold
attr title "queue length, vector"
vector 1 Network.allocate1 queueLength:vector ETV
attr interpolationmode sample-hold
attr title "queue length, vector"
vector 2 Network.allocate2 queueLength:vector ETV
attr interpolationmode sample-hold
attr title "queue length, vector"
vector 3 Network.sinkStat lifeTime:vector ETV
attr interpolationmode none
attr title "lifetime of arrived jobs, vector"
attr unit s
vector 4 Network.sink lifeTime:vector ETV
attr interpolationmode none
attr title "lifetime of arrived jobs, vector"
attr unit s
0	0	0	0
0	11	1002.836257303836	1
0	13	1040.502226970224	2
0	15	1120.430847153492	1
0	20	1516.669532999821	0
0	25	1776.541595027329	1
0	31	1928.373604622561	0
0	67	2899.810054359498	1
0	69	3098.290387289987	2
0	71	3164.776220620533	1
0	75	3211.43485970267	2
0	82	3336.520348887634	3
0	84	3341.752454061884	2
0	88	3409.433879755215	3
0	90	3422.534841166329	4
0	97	3724.839261612471	5
0	103	4177.652527665044	6
0	105	4232.878051595659	5
0	113	4368.898030171686	6
0	120	4679.688346200546	5
0	124	4896.781087388176	4
0	137	5245.624384889276	3
0	150	5953.620578908285	2
0	163	6333.860129350515	3
0	165	6523.124521532924	2
0	169	6541.273044553477	1
0	178	6703.023352452293	2
0	184	7057.810599469503	1
0	188	7293.316401105029	2
0	190	7419.485280478848	3
0	196	7645.540042743941	2
0	205	7730.876937216355	3
0	207	7779.537045697401	4
0	209	7831.662810617184	5
0	211	7880.992821799488	4
0	220	8110.824260544855	3
0	224	8135.422785506962	4
0	226	8293.66558067586	3
0	230	8491.512574405826	4
0	232	8517.89373409924	3
0	245	8897.168943593175	2
0	257	9078.493890903076	3
0	264	9157.807673272569	2
0	268	9471.184865292985	1
0	276	9763.92010532405	0
0	295	10144.324973530172	1
0	297	10539.18429647562	0
0	306	11041.462228661532	1
0	308	11047.452440382809	0
0	346	12281.847117747473	1
0	348	12333.581897749519	2
0	355	12484.649427717529	3
0	357	12525.872351928205	4
0	364	12659.624447794527	3
0	368	12905.378852587526	4
0	370	12979.14273965134	3
0	374	13008.507936729582	2
0	391	13356.230677451033	3
0	402	13977.100890902418	2
0	406	14270.386800141901	1
0	415	14538.203471696468	0
0	444	15431.745287277993	1
0	450	15904.933161570223	0
0	470	16350.038711044892	1
0	480	16464.099777138324	0
0	531	18071.406061446043	1
0	533	18197.957605882965	2
0	535	18516.542134799987	1
0	539	18618.916137183063	2
0	550	18681.815773216541	1
0	559	19121.491095816173	0
0	602	20148.020772182627	1
0	608	20476.267846962924	0
0	616	20676.266160039255	1
0	618	20676.967407596685	0
0	627	20800.821442431401	1
0	629	20875.642431653598	2
0	631	21113.171325801427	1
0	640	21170.442243825876	0
0	653	21416.745026913836	1
0	655	21432.855907251515	0
0	659	21607.386412547184	1
0	661	21731.230027555043	0
0	665	21777.866464166079	1
0	675	22003.595522651266	2
0	677	22506.621756416046	1
0	686	22673.803925385155	0
0	695	22834.517218078963	1
0	697	22909.527917063861	2
0	703	23235.093192747349	1
0	707	23463.310120685246	2
0	713	23544.200338443198	1
0	717	23954.609019097653	2
0	729	24170.970341947162	1
0	733	24261.43807620657	2
0	735	24272.732391087825	1
0	739	24312.759488716838	2
0	741	24356.11072352785	3
0	747	24793.59214509886	2
0	751	24928.835418356039	1
0	759	25252.957821657338	0
0	769	25418.286342934337	1
0	771	25473.610175599081	2
0	773	25509.874507086122	3
0	785	25664.072227750206	2
0	789	25833.145722640854	3
0	795	26134.735131059942	4
0	806	26298.690939416566	3
0	810	26319.413791971462	2
0	814	26378.97625376688	3
0	816	26660.803671518522	2
0	820	26667.67056973783	1
0	824	26710.761909757042	0
0	828	26736.58011477059	1
0	844	27024.823005872029	0
0	999	32829.269484439587	1
0	1001	32951.274359056392	0
0	1005	33029.57882230339	1
0	1012	33242.205844047724	0
0	1026	33860.89768338764	1
0	1038	34109.94136469219	0
0	1076	35653.967137585727	1
0	1078	35769.122248084882	0
0	1082	35797.163742877887	1
0	1084	35913.61528479341	2
0	1086	36189.470924527982	1
0	1090	36208.680196727839	2
0	1105	36409.67082662566	1
0	1109	36471.17848153355	2
0	1111	36640.753397391266	3
0	1113	36828.875905925074	2
0	1117	36968.387217920006	1
0	1135	37294.590512791315	0
0	1269	40485.768519262785	1
0	1275	40955.129258876341	0
0	1290	41503.421893815287	1
0	1292	41505.119232406514	0
0	1311	41924.584214015573	1
0	1318	42539.805234849872	2
0	1320	42584.69403611992	3
0	1331	42699.771377376696	2
0	1335	42734.026051134671	1
0	1339	42763.854273575185	2
0	1341	42871.123651286262	1
0	1349	43300.234289189476	0
0	1353	43313.03705171634	1
0	1360	43367.885277687987	0
0	1364	43440.864283535751	1
0	1375	43900.591486340064	0
0	1398	44767.70852146308	1
0	1404	44788.322298259045	2
0	1406	44902.156437245804	1
0	1410	45013.677364712333	2
0	1412	45026.926308690985	1
0	1416	45252.653810476559	0
0	1420	45360.412580044839	1
0	1432	45490.738687802429	0
0	1456	46320.744645004971	1
0	1458	46327.908562717034	2
0	1460	46378.429844778354	1
0	1464	46380.841102462372	2
0	1466	46461.867894133112	3
0	1478	46876.167713368417	2
0	1482	47122.242553633029	1
0	1486	47226.813638429644	0
0	1494	47405.974186225157	1
0	1510	47944.452155608838	2
0	1512	48048.334805036069	1
0	1516	48283.977252523557	2
0	1518	48409.128843429985	1
0	1522	48455.185012484075	0
0	1566	49612.04968792054	1
0	1568	49703.300892852602	2
0	1579	49945.288241582097	1
0	1583	50067.314325369778	2
0	1589	50279.819850723826	3
0	1591	50288.716801816703	2
0	1600	50391.283187062334	3
0	1602	50414.66206030869	4
0	1604	50425.184015863049	5
0	1606	50537.786455739367	4
0	1610	50717.593010245317	3
0	1618	50898.514872120799	2
0	1622	50962.901940148337	3
0	1629	51303.607793978306	4
0	1631	51426.40217669505	3
0	1635	51577.870494081133	2
0	1644	52044.404175493944	1
0	1648	52106.608460243531	2
0	1663	52298.491178928369	1
0	1667	52427.595391155707	2
0	1673	53019.989499488951	1
0	1677	53177.019398249206	2
0	1679	53224.121744882393	1
0	1693	53494.75895213716	0
0	1697	53495.906094129807	1
0	1699	53521.313494743425	2
0	1701	53579.225756332358	3
0	1703	53671.504825531	2
0	1707	53751.658407116414	1
0	1715	53897.88661741204	2
0	1717	53971.128974557146	3
0	1723	54469.157209049988	2
0	1732	54563.022210341355	3
0	1734	54629.346105309309	2
0	1743	54787.332837458778	1
0	1747	54811.495992681438	0
0	1751	54984.876340300262	1
0	1757	55138.6841857453	0
0	1765	55346.098756280212	1
0	1767	55573.028921587819	0
0	1842	57963.541518026275	1
0	1844	58147.98330580953	2
0	1846	58316.841985096771	1
0	1850	58469.149462059649	0
0	1863	58746.75032060452	1
0	1865	58799.425198814758	2
0	1876	59277.239089070627	1
0	1880	59418.346898444506	0
0	1894	59833.95730743286	1
0	1901	60050.641513909667	2
0	1903	60127.586140653565	3
0	1914	60355.817472423945	2
0	1918	60416.304237245055	3
0	1920	60546.36105663547	4
0	1927	60684.912316017362	3
0	1931	60905.195530696538	4
0	1937	60914.886297604808	3
0	1946	61260.486347452315	2
0	1954	61593.489220525656	1
0	1963	61796.557031124812	2
0	1974	62051.116110182175	1
0	1978	62075.713437255866	2
0	1984	62354.716248699042	1
0	1993	62487.154869336222	0
0	2001	62553.529468302452	1
0	2003	62813.259172435326	2
0	2009	63030.097844116899	1
0	2018	63340.543350375065	0
0	2026	63395.917416024885	1
0	2028	63539.28193484578	0
0	2096	65780.683441829816	1
0	2102	65883.0758561729	2
0	2104	65941.00337747739	1
0	2122	66042.227612687284	2
0	2128	66474.207943055523	1
0	2136	66809.979492151098	0
0	2168	67411.181202420369	1
0	2170	67586.977758385596	2
0	2172	67607.510190384579	1
0	2176	67618.278206908436	2
0	2178	67761.405790704011	3
0	2184	67971.216646190382	4
0	2195	68225.359513906451	5
0	2197	68413.443868603803	4
0	2201	68439.255420962931	5
0	2212	68779.993781039608	4
0	2216	68820.399758835822	3
0	2220	69143.86884044915	4
0	2222	69202.582703092554	5
0	2224	69285.052063608869	6
0	2235	69487.998617586696	7
0	2237	69544.997673552729	6
0	2241	69657.120334874264	7
0	2252	70041.01114852497	6
0	2256	70269.603374714149	5
0	2265	70360.535470640447	6
0	2276	70561.845021188074	7
0	2278	70625.752384696402	6
0	2286	70888.224021729842	7
0	2288	70930.874071920672	8
0	2290	70938.046174553722	7
0	2308	71557.460382295944	8
0	2310	71689.937260190142	7
0	2314	71740.358016940321	8
0	2320	71831.628834537551	9
0	2322	71884.533712549381	10
0	2328	72036.963666319188	11
0	2330	72046.379314560831	12
0	2332	72083.133273244839	13
0	2339	72264.154681671657	12
0	2343	72461.937156414181	11
0	2356	72713.005639930755	10
0	2364	72965.390864942469	9
0	2373	73112.446425894392	8
0	2377	73113.097552619887	9
0	2379	73358.473527102924	10
0	2381	73416.432975894228	11
0	2383	73465.166392829317	12
0	2385	73522.480852935709	11
0	2389	73567.17235358575	10
0	2393	73823.094435139359	11
0	2399	73990.633247491218	10
0	2403	74010.906622580569	11
0	2405	74070.247516984584	12
0	2412	74270.500287000336	11
0	2416	74322.329238639277	12
0	2418	74475.795688854647	11
0	2427	74888.914560873325	12
0	2429	75000.345424769014	11
0	2433	75003.170053279135	12
0	2444	75439.657526757814	11
0	2452	75565.800140949083	10
0	2456	75566.847885776175	11
0	2463	75982.050005292088	10
0	2476	76087.145030127955	9
0	2480	76321.340735181803	10
0	2490	76456.14009697778	11
0	2492	76653.330196623005	10
0	2496	76679.374189277344	11
0	2498	76965.967520732679	10
0	2502	77320.938389395863	9
0	2511	77377.791540512932	8
0	2520	77521.638728721949	9
0	2522	77667.40900241794	10
0	2524	77683.852612327356	11
0	2526	77816.727201637127	10
0	2530	77829.365788995406	11
0	2540	78538.574209440118	12
0	2542	78599.437247039292	13
0	2544	78788.479253781528	12
0	2553	78875.464385651728	13
0	2555	79002.575527325026	14
0	2557	79045.533285403741	13
0	2566	79207.146785972023	14
0	2572	79451.379396576681	13
0	2576	79782.16972320924	12
0	2584	79926.910557133646	11
0	2588	79991.528938712669	10
0	2592	80135.610082408498	11
0	2594	80280.521489922115	12
0	2606	80831.930486236074	13
0	2608	80887.329761800464	14
0	2614	81186.197564939154	13
0	2618	81326.240366619327	12
0	2626	81566.558485025449	13
0	2628	81570.364166816266	12
0	2632	81594.187890846746	13
0	2648	82238.271476089457	14
0	2659	82525.260278232865	15
0	2661	82568.918552978782	16
0	2663	82767.69506653914	15
0	2667	82819.614275733126	14
0	2671	82961.899603639045	13
0	2675	83098.071954422648	14
0	2681	83412.935531657436	13
0	2685	83438.981282281666	14
0	2687	83534.995573554194	15
0	2694	83691.987946463318	14
0	2703	84095.673368800306	15
0	2705	84155.451016428066	14
0	2709	84159.858707066202	15
0	2711	84234.809154592075	16
0	2731	84699.990118589499	15
0	2735	84972.537526527537	14
0	2739	85069.667880160936	15
0	2745	85266.362101492973	14
0	2749	85303.18556519188	15
0	2760	85362.462744289794	16
0	2766	86021.26139216323	15
0	2775	86187.358362287644	16
0	2777	86264.985654201605	15
0	2785	86475.827283935739	14
0	2794	86709.824324182468	15
0	2800	86941.268448775204	14
0	2804	86959.851581674316	13
0	2808	86998.907214764271	14
0	2810	87081.437022613721	15
0	2812	87333.160444210032	16
0	2814	87362.614420468105	15
0	2818	87489.578579583356	16
0	2825	87618.212714862325	15
0	2829	87726.70449452618	14
0	2833	87890.160785860905	15
0	2849	88263.636478448404	14
0	2853	88317.472075050292	15
0	2859	88669.025703409804	14
0	2868	88788.958418812849	13
0	2876	89083.648468685838	12
0	2884	89129.544667244003	13
0	2886	89334.97649874572	14
0	2888	89375.37794256689	15
0	2890	89404.922044951356	16
0	2892	89471.505257936312	15
0	2901	89874.386925697167	16
0	2908	90198.353631641962	15
0	2912	90467.888309047931	16
0	2918	90743.161715661677	15
0	2926	90887.765354099677	16
0	2933	90920.165288705625	15
0	2937	91069.063946904732	14
0	2946	91290.539610382416	13
0	2958	91880.266970751377	12
0	2967	92188.350624739807	13
0	2969	92276.557224240401	12
0	2978	92451.490316001268	11
0	2982	92479.186178857578	10
0	2999	93002.965281596816	11
0	3001	93489.88776972984	12
0	3012	93836.781441603103	11
0	3016	94063.540417683812	10
0	3020	94076.391292328132	9
0	3028	94267.925299844875	10
0	3040	94546.358731018496	9
0	3044	94681.797138428604	10
0	3046	94727.911391430564	11
0	3052	94811.345909247964	12
0	3054	95088.130651525652	13
0	3056	95097.854412604371	12
0	3069	95170.741966579038	13
0	3071	95174.512442631217	12
0	3080	95478.403736261221	11
0	3084	95508.85047301848	10
0	3097	95813.124874273432	9
0	3101	95876.946148966941	8
0	3109	96042.689934071401	7
0	3113	96078.635475525749	6
0	3122	96246.793183172599	7
0	3128	96400.295041909256	8
0	3130	96406.578587002081	9
0	3132	96700.562077757219	8
0	3141	96882.611289193424	7
0	3145	96963.944728635442	8
0	3151	97134.27998187751	9
0	3157	97381.023039707272	10
0	3164	97490.51100179751	9
0	3168	97557.795865630301	8
0	3177	98142.316639112376	9
0	3184	98186.595753209783	8
0	3188	98276.173507977525	7
0	3196	98385.906389693925	8
0	3202	98461.367299335195	7
0	3210	98653.874457592423	8
0	3212	98912.201024015936	7
0	3221	99171.47338772315	8
0	3223	99357.947097208396	9
0	3230	99562.992310916576	8
0	3238	99656.896704394618	7
0	3247	99965.507445523633	6
0	3255	100084.363865786339	7
0	3261	100224.521245306326	8
0	3263	100279.189743135372	7
0	3267	100357.516035196874	6
0	3271	100813.443434421221	5
0	3285	101342.183384338512	4
0	3289	101382.423832868817	5
0	3295	101649.483919424508	4
0	3313	102065.81767368714	3
0	3317	102159.237986003552	2
0	3321	102671.929441187843	3
0	3327	102696.114395965139	2
0	3331	102753.764160797462	3
0	3337	102777.028523285787	4
0	3339	102942.862905303135	3
0	3348	103098.444304574508	4
0	3350	103370.400483610227	3
0	3354	103489.913487007414	2
0	3372	104123.144772129252	1
0	3380	104149.645675254558	0
0	3434	106100.751644855651	1
0	3436	106208.350460761495	0
0	3454	106387.25641855698	1
0	3466	106563.284109534561	0
0	3470	106646.309080400984	1
0	3472	106743.79329099908	2
0	3478	106824.427988749961	3
0	3489	107266.028292186176	4
0	3491	107505.984216110646	3
0	3495	107629.825801885874	4
0	3497	107648.232301296003	3
0	3505	107830.112366826061	4
0	3512	107961.646038766616	3
0	3516	107977.156470261605	4
0	3518	108033.711667706003	5
0	3520	108053.396810852268	6
0	3522	108122.061824511676	7
0	3524	108150.164175340243	6
0	3533	108431.25227144422	7
0	3544	108765.230064003596	8
0	3550	108821.663785578548	7
0	3559	108966.417337868028	6
0	3563	108989.189750296941	7
0	3565	109017.865687759159	8
0	3567	109067.302065574833	7
0	3571	109113.350507208383	8
0	3581	109451.524581768819	7
0	3585	109477.104152690285	6
0	3589	109477.725956081829	7
0	3591	109492.171171489489	8
0	3593	109492.652737809957	9
0	3605	110205.04692005436	10
0	3607	110234.50052482859	11
0	3613	110351.338150204956	10
0	3621	110718.212779135712	9
0	3630	110815.658986719542	10
0	3632	110955.241620901638	9
0	3636	111023.481560833268	10
0	3638	111064.387981585565	11
0	3644	111247.788572685658	10
0	3653	111367.523491371089	9
0	3662	111439.41603155317	10
0	3664	111485.556703625613	11
0	3674	111977.7603053559	10
0	3678	112085.120548189625	11
0	3680	112311.953579605826	10
0	3684	112332.126079450958	9
0	3693	112533.041258642315	8
0	3697	112695.095586386109	9
0	3708	112964.398362138155	10
0	3715	113086.343415306746	9
0	3719	113225.770815748387	8
0	3732	113609.035289109954	7
0	3736	113751.671418635538	8
0	3742	113872.388977006326	9
0	3744	114003.634106630324	8
0	3748	114017.654406362483	7
0	3752	114021.532376624084	8
0	3763	114617.029812751078	9
0	3770	114769.929399739617	8
0	3782	115057.828760669995	9
0	3784	115121.940676988372	8
0	3798	115525.124786684154	7
0	3802	115555.205845672303	6
0	3806	115691.922419072687	7
0	3816	116269.437318195142	8
0	3818	116325.549286613797	9
0	3820	116391.390387974878	10
0	3827	116425.112949144899	11
0	3829	116526.76723970506	12
0	3831	116530.475931094824	11
0	3835	116542.583959968099	10
0	3839	116559.795309883528	11
0	3841	116757.157474036926	10
0	3845	116765.175548361561	11
0	3852	116813.841236281478	12
0	3854	116880.910949268648	11
0	3858	116910.608902250752	12
0	3860	116960.818133916905	13
0	3875	117609.873159829653	14
0	3882	117725.540047863634	15
0	3884	117907.491185418925	16
0	3886	117913.238786261195	15
0	3890	118173.223632315038	14
0	3898	118191.468918938501	15
0	3909	118453.816483215699	14
0	3913	118849.834751065487	13
0	3917	118896.469280125438	12
0	3925	119066.086414978446	13
0	3932	119350.09023646006	14
0	3939	119722.305531266743	13
0	3947	119731.085906633446	12
0	3956	119965.593574570357	11
0	3960	120033.074358110195	12
0	3966	120506.689588155264	11
0	3970	120736.911449664543	10
0	3983	120986.791978785107	9
0	3992	121328.889434715649	10
0	3994	121364.559066260099	9
0	3998	121403.362658762206	10
0	4000	121612.760397147054	9
0	4012	121850.476127573559	8
0	4016	122135.252690051204	9
0	4018	122235.96785340079	10
0	4020	122376.810242828503	11
0	4032	122548.551244327664	10
0	4036	122631.681566284308	9
0	4044	122899.274306279012	10
0	4046	122960.972881068279	11
0	4052	123063.760110053832	10
0	4056	123577.494682149827	9
0	4070	123633.151686349222	8
0	4074	123714.55328749541	9
0	4076	123890.086693957337	10
0	4082	124245.210391769051	9
0	4090	124275.714527072458	10
0	4097	124315.166504371578	9
0	4101	124388.252454073438	8
0	4110	124513.272856773042	9
0	4112	124663.723061585239	10
0	4114	124832.477621407518	9
0	4118	124865.147554039432	10
0	4133	125442.485801690777	11
0	4135	125505.341320672869	10
0	4139	125509.043292540724	9
0	4143	125713.463217960009	8
0	4147	125874.193685205519	7
0	4151	125887.530155194054	8
0	4162	126101.320788642976	9
0	4164	126152.091771667701	10
0	4175	126358.684649195189	9
0	4184	126680.062357338011	8
0	4188	126775.507623130521	9
0	4194	127014.784904324909	10
0	4196	127281.972372279772	9
0	4200	127441.920032788018	10
0	4206	127514.935370746667	9
0	4215	127615.223689219771	10
0	4222	128172.499571794506	11
0	4224	128198.317201034436	10
0	4228	128212.603415662289	9
0	4236	128285.017004572261	10
0	4242	128498.555124732546	11
0	4244	128527.014720001528	10
0	4248	128780.351135695219	9
0	4257	128829.585204432328	10
0	4264	128906.897969997879	11
0	4266	128913.304824149734	12
0	4268	128950.301831762905	11
0	4272	129257.804021278262	10
0	4280	129356.566448659491	11
0	4282	129434.091394440541	10
0	4290	129609.966287862177	9
0	4294	129616.966469623056	10
0	4296	129802.822961573313	11
0	4307	130327.646063993573	12
0	4309	130398.266379462421	11
0	4318	130727.037880688941	12
0	4320	130868.914189587946	11
0	4328	130943.516036206195	10
0	4332	130971.454799214244	9
0	4336	131099.825746070245	10
0	4343	131282.847547201157	11
0	4349	131857.445880586147	10
0	4353	132101.886656740019	9
0	4362	132174.330460294499	10
0	4364	132215.001188505109	9
0	4368	132327.363076067732	10
0	4370	132568.686745056748	9
0	4383	132847.538201715159	10
0	4385	132929.610309701081	9
0	4389	133161.740188630058	10
0	4391	133198.819131355401	9
0	4395	133276.508085942329	10
0	4397	133356.889226817796	9
0	4410	133680.63820377165	8
0	4414	133713.706557051549	7
0	4418	133833.565434530574	8
0	4425	133990.435049401668	9
0	4427	134057.097764172862	8
0	4431	134109.712977858125	7
0	4439	134278.405253057765	8
0	4446	134420.32939935815	7
0	4463	134990.967330853772	8
0	4470	135173.225572192381	7
0	4474	135248.977915124833	6
0	4478	135454.436731974794	7
0	4498	135980.168132658717	6
0	4502	135991.136292307793	7
0	4504	135998.60275264763	8
0	4506	136094.837755376338	7
0	4514	136275.546139003049	6
0	4527	136794.337358688115	7
0	4529	136800.983796836148	6
0	4533	136808.807162883334	7
0	4535	136837.468956585643	6
0	4548	137020.33177912408	5
0	4552	137179.614422690975	6
0	4554	137540.955184546979	7
0	4560	137802.70715364189	6
0	4564	137805.017299118142	7
0	4566	137874.57770685446	6
0	4575	138008.005499421575	7
0	4577	138074.423548655449	6
0	4590	138647.658821630893	5
0	4594	138793.915145759337	6
0	4596	138925.571479064068	7
0	4598	138939.347789959847	6
0	4602	138948.389225014757	5
0	4606	138985.412138390956	4
0	4614	139188.884482683479	3
0	4623	139617.732051599441	2
0	4631	139736.436031164467	1
0	4635	139811.993610918318	2
0	4642	140203.881396105958	3
0	4644	140224.953566761028	2
0	4648	140289.608970794497	1
0	4652	140312.239718936327	2
0	4654	140374.427007960021	1
0	4663	140661.114680003527	2
0	4665	140678.554951932854	3
0	4671	140872.926370279729	2
0	4693	141709.890745976307	3
0	4695	141756.131807107149	2
0	4703	141827.148711503755	1
0	4707	141855.352275139638	2
0	4714	142384.647782595694	1
0	4718	142449.851356722682	2
0	4720	142729.22460282163	3
0	4722	142748.935006083261	2
0	4735	143157.013983501849	3
0	4737	143215.568220715641	2
0	4745	143416.653885694087	1
0	4754	143723.062571150816	2
0	4756	143727.066411392936	3
0	4758	143786.422852733444	2
0	4767	143956.94367664647	1
0	4779	144621.609705532602	2
0	4781	144636.857811624051	1
0	4785	144890.719788672269	0
0	4805	145435.053144448437	1
0	4807	145493.464374535322	2
0	4809	145536.929107147872	1
0	4831	145793.081994281948	0
0	4916	149126.074040497115	1
0	4931	149325.772455961754	0
0	5011	152466.816606264607	1
0	5013	152482.544685373529	2
0	5020	152584.213807244247	3
0	5022	153039.984621007117	2
0	5026	153067.172179338127	3
0	5037	153719.321700311869	2
0	5051	153910.400652279349	1
0	5063	154384.057890486094	0
0	5094	155126.363062659381	1
0	5100	155199.717094328391	0
0	5136	156795.664870672586	1
0	5142	156894.97502948229	0
0	5156	157196.763542955592	1
0	5158	157245.851416097284	0
0	5166	157559.35147016092	1
0	5168	157585.784189680416	2
0	5170	157692.333812741548	3
0	5181	157842.880566552282	2
0	5190	158381.244160526694	1
0	5194	158513.016994282604	0
0	5228	159228.701777166292	1
0	5230	159298.003058567644	0
0	5234	159429.793009370189	1
0	5244	160050.487580621426	0
0	5314	162288.477602083795	1
0	5316	162437.666975163874	0
0	5366	164114.729258401861	1
0	5377	164343.794120565971	0
0	5387	164889.494446705881	1
0	5389	164944.06121246653	2
0	5413	165442.442297950314	3
0	5415	165553.698279066165	2
0	5423	165764.790155605396	1
0	5427	165857.795057680853	0
0	5431	165984.103633524609	1
0	5433	166089.702714225431	0
0	5442	166231.947479266361	1
0	5444	166410.578074919467	2
0	5446	166656.427375702341	1
0	5450	166677.926903243835	2
0	5456	166818.738055133244	1
0	5465	166941.406465394213	2
0	5467	167140.872314823787	3
0	5469	167142.650695901759	2
0	5473	167213.903317513264	3
0	5475	167257.358923738809	4
0	5477	167415.996748281682	5
0	5479	167542.071475207262	6
0	5481	167712.885622708281	5
0	5494	167850.622584144182	6
0	5500	168193.528215938231	5
0	5504	168207.265372029033	6
0	5511	168392.153767545171	5
0	5524	168826.395220896383	4
0	5528	168944.19368551763	3
0	5537	169300.011398274221	4
0	5543	169388.403599029561	3
0	5547	169449.255180780239	2
0	5555	169864.946454344471	1
0	5564	170419.536934001525	0
0	5589	170780.896791393577	1
0	5591	170874.955462835287	2
0	5593	171037.896948410352	1
0	5601	171251.126506249434	0
0	5615	171380.591685667584	1
0	5617	171437.125725680254	0
0	5621	171477.838689661008	1
0	5623	171826.8469595445	0
0	5676	173338.948508565465	1
0	5678	173342.945325786993	2
0	5680	173450.895511536082	1
0	5689	173597.106108031229	2
0	5691	173598.773216303926	3
0	5693	173665.23618703384	2
0	5701	173975.40613445426	3
0	5708	174034.544994011387	2
0	5720	175033.075227057716	1
0	5729	175144.9481461351	0
0	5744	175392.245737809766	1
0	5746	175495.177597743307	2
0	5756	175978.905494737917	1
0	5765	176004.376007073113	0
0	5799	177294.296867446944	1
0	5806	177425.238335050812	2
0	5808	177543.109158918665	1
0	5812	177560.038976076537	0
0	5816	177611.778418417847	1
0	5823	177820.552833812406	0
0	5827	177993.001307948825	1
0	5846	178437.667113289641	0
0	5854	178754.189107312211	1
0	5861	179049.534250985378	0
0	5947	181740.823058671728	1
0	5949	181746.10573805604	2
0	5956	181974.853566582258	1
0	5960	182073.03790535633	0
0	5968	182252.433579928926	1
0	5970	182299.314672197159	0
0	5974	182411.353558848863	1
0	5976	182484.645383098454	2
0	5988	182938.475485066827	1
0	5992	182959.100679883087	0
0	6056	185360.822712198538	1
0	6058	185382.420741098835	2
0	6060	185395.050353670308	1
0	6064	185644.626019894851	2
0	6070	185932.022127152838	1
0	6083	186321.054047958411	0
0	6147	188589.896017173013	1
0	6154	188642.658171941015	2
0	6160	188952.635039198836	3
0	6162	188993.36417438919	2
0	6170	189475.056875763983	3
0	6172	189481.303469757373	2
0	6176	189522.106307774492	1
0	6180	189539.319661072288	2
0	6187	189590.263657913232	3
0	6189	189894.860540625556	4
0	6191	189929.56610228383	3
0	6200	190023.562098466701	2
0	6208	190137.261190034159	1
0	6217	190231.693107549819	2
0	6219	190256.91191813908	3
0	6221	190387.434191326434	2
0	6225	190453.544827462084	1
0	6242	190838.372859946048	2
0	6244	190889.877520084091	1
0	6248	191012.539247223086	0
0	6252	191109.412491370668	1
0	6254	191308.707139105446	0
0	6350	195548.490639651044	1
0	6352	195606.715007159958	2
0	6372	195865.842969959596	1
0	6376	195942.434767178782	0
0	6380	195986.931759462291	1
0	6382	196526.933093589543	0
0	6386	196602.478190341138	1
0	6388	196651.795035529884	2
0	6394	196737.577986396602	3
0	6405	196849.160819074133	2
0	6409	196889.295152463774	3
0	6420	197599.548133119532	2
0	6424	197622.000687017935	3
0	6430	198092.662646543978	2
0	6434	198132.697129642585	1
0	6448	198648.586205459722	0
0	6456	198902.083157403464	1
0	6472	199490.105994326988	0
0	6546	201786.826394714459	1
0	6553	201966.055863395207	0
0	6571	202402.404104392377	1
0	6573	202419.2975817694	0
0	6577	202638.860464603315	1
0	6584	202676.007818932157	0
0	6588	202871.176504791003	1
0	6590	202887.41022236378	0
0	6639	204683.625079761376	1
0	6641	204695.872403218375	2
0	6643	204808.125292784341	3
0	6650	204842.175110042048	2
0	6658	204913.084705975651	1
0	6662	205125.595080643102	0
0	6671	205464.266863650797	1
0	6681	205692.425447682025	2
0	6683	205963.730355597985	1
0	6692	206254.580945913493	0
0	6790	209490.101375477652	1
0	6792	209567.920153874787	0
0	6806	209822.833403000899	1
0	6808	209879.878007794027	0
0	6861	211765.310948961695	1
0	6863	211822.154409171277	0
0	6923	214173.405148471483	1
0	6925	214366.600265974665	2
0	6927	214399.775528147517	1
0	6953	215082.160975500968	2
0	6955	215101.841043171784	3
0	6957	215257.004536848112	2
0	6961	215486.832990529145	1
0	6965	215499.243433236776	0
0	6973	215550.993458506621	1
0	6975	215636.185841061129	2
0	6977	215861.27911089141	3
0	6979	215923.298896390665	4
0	6981	216037.343709436283	5
0	6988	216263.41985149271	6
0	6990	216280.93946568122	5
0	6994	216492.673476035298	6
0	7005	216767.383188392564	5
0	7014	217013.566588079911	6
0	7016	217028.198723777829	5
0	7020	217075.95434926607	6
0	7026	217324.354155793486	5
0	7039	217594.232589681515	6
0	7046	217859.899522544945	5
0	7050	217905.90182377368	4
0	7058	218211.36026722525	3
0	7066	218545.691776557934	4
0	7068	218818.0355835863	5
0	7070	219017.812424398659	4
0	7079	219033.317457692827	3
0	7083	219100.491566929563	2
0	7092	219432.946169361172	1
0	7096	219554.133552964845	2
0	7098	219557.713182254699	3
0	7113	219880.917301072096	4
0	7115	219952.320342167022	5
0	7117	219962.473663754115	6
0	7119	220013.044486820363	7
0	7121	220290.087936419591	6
0	7125	220337.214209869204	5
0	7129	220393.381824966213	6
0	7131	220441.645600939299	5
0	7149	220751.983518480319	6
0	7159	221203.004868102321	7
0	7161	221237.557933436425	8
0	7163	221451.759091274942	7
0	7167	221738.65619084209	6
0	7171	221807.256230610952	5
0	7175	221828.791310116161	6
0	7177	221859.113374987272	7
0	7179	221882.993870663957	8
0	7186	222070.153344189924	9
0	7193	222381.869142012359	10
0	7195	222447.706639062428	11
0	7197	222459.802843636571	12
0	7203	222678.287319898305	11
0	7207	222687.363175409044	10
0	7215	222780.507956205872	11
0	7217	222806.223857366061	12
0	7219	222834.900367216705	13
0	7221	222871.284278699015	14
0	7223	222882.219890217826	13
0	7232	223139.433939227964	12
0	7236	223196.062970742283	11
0	7244	223334.291751730785	10
0	7253	223622.402578237668	11
0	7255	223994.993440999566	12
0	7271	224283.265768821881	11
0	7279	224397.045773634817	10
0	7283	224589.747305055802	11
0	7285	224591.783048532603	10
0	7289	224635.0082489013	11
0	7291	224758.737407544758	10
0	7299	224844.501590390456	11
0	7306	225060.741981129692	10
0	7314	225401.554948698328	9
0	7318	225521.914536900518	8
0	7327	225743.279187867781	9
0	7334	226062.728707399488	10
0	7336	226238.941126870122	9
0	7354	226731.250055692933	10
0	7356	226828.609309330282	9
0	7364	226959.318971868203	8
0	7368	227133.717972441526	9
0	7378	227475.492425379987	10
0	7385	227800.034291776028	9
0	7389	227853.256373688278	8
0	7402	228284.118966674257	9
0	7404	228464.282086188105	8
0	7408	228524.412816810952	7
0	7412	228533.475863302383	8
0	7418	228853.851150482592	7
0	7427	228877.944083282855	6
0	7431	228902.640526107368	7
0	7433	229007.698457043901	8
0	7435	229141.485116736708	9
0	7442	229186.276386351148	10
0	7444	229196.830685818773	11
0	7450	229243.22388287088	10
0	7454	229430.24706160721	11
0	7456	229531.805079900195	12
0	7463	229738.738054110506	13
0	7465	229776.405802514153	14
0	7467	229884.34773498361	13
0	7475	230085.146023436025	14
0	7481	230436.129711106119	13
0	7499	230864.367284657565	12
0	7503	230903.708847995447	11
0	7507	230935.139642631843	12
0	7514	231173.226508583473	11
0	7518	231394.836674131153	10
0	7522	231400.969238536564	9
0	7526	231410.47577504384	10
0	7541	231703.67547165645	11
0	7543	232035.28666966741	10
0	7551	232281.65578058332	9
0	7565	232928.154152728317	8
0	7569	233039.99748128852	7
0	7573	233246.637706916379	6
0	7585	233462.237409459559	5
0	7594	233697.879995098186	6
0	7596	233739.593098284163	7
0	7607	234221.729686680781	6
0	7615	234603.957848794458	5
0	7619	234661.061543220476	6
0	7626	235113.519990960268	5
0	7635	235272.896521027731	4
0	7639	235273.902611153158	5
0	7641	235464.101426863501	6
0	7647	235672.226129978595	5
0	7651	235767.661486651348	4
0	7655	235855.974271925298	3
0	7663	235929.082842677531	2
0	7677	236475.471907715844	1
0	7685	236576.279232608286	0
0	7725	238039.557204343465	1
0	7741	238439.511750630462	0
0	7759	238941.50461937815	1
0	7761	238998.509499729084	0
0	7765	239009.504429176185	1
0	7767	239158.476401244581	0
0	7785	239590.460540291447	1
0	7787	239603.430519170487	0
0	7791	239844.650397548055	1
0	7802	239952.396557634225	2
0	7804	240013.120844029295	1
0	7808	240093.181201828003	0
0	7812	240140.365489505627	1
0	7814	240215.061804859458	2
0	7820	240629.063998889307	3
0	7827	240991.266367964444	4
0	7829	241251.067855573619	3
0	7833	241279.986297263705	4
0	7835	241342.906269773387	5
0	7837	241420.026976266196	6
0	7844	241543.48206069301	7
0	7846	241657.778180291236	6
0	7850	241668.529778123307	5
0	7863	241910.944283298577	4
0	7876	242464.069328693392	5
0	7882	242648.549955814506	4
0	7886	242793.390961748839	3
0	7900	242947.725020750786	2
0	7904	243018.784254358663	3
0	7914	243178.91683235805	2
0	7918	243292.700762910128	1
0	7926	243537.895113758252	2
0	7928	243568.70694843103	3
0	7930	243656.694321828492	4
0	7942	243987.549984902549	3
0	7946	243992.523162692214	2
0	7963	244275.744936279813	3
0	7970	244702.681545429337	2
0	7978	244790.650534827387	3
0	7980	244814.563917360629	2
0	7984	244851.112562691153	1
0	7988	244987.246378216898	2
0	7990	245055.176250926579	1
0	8003	245368.189231819833	0
0	8012	245652.885275483908	1
0	8014	245667.139839493144	0
0	8077	248090.4701234024	1
0	8089	248160.116279654735	2
0	8091	248193.669874970341	3
0	8093	248280.316458380949	2
0	8101	248534.372511691582	1
0	8105	248598.955170278875	0
0	8118	248950.129124606165	1
0	8125	249344.76619458708	0
0	8149	249920.607797032085	1
0	8151	249935.818909815955	2
0	8158	250227.374217100255	3
0	8160	250298.662696867732	2
0	8164	250307.233190191416	1
0	8177	250877.870718369753	2
0	8179	250901.584115647063	3
0	8181	251070.639909904709	2
0	8190	251237.259359701481	3
0	8196	251373.78518867146	2
0	8200	251486.47408207461	1
0	8204	251519.747647698833	2
0	8206	251747.096936879186	1
0	8219	251941.006899415086	2
0	8221	251949.945537209409	3
0	8223	251979.859577503975	4
0	8234	252085.479168928251	5
0	8236	252154.859052862648	6
0	8238	252252.452076886108	5
0	8242	252301.426741010991	4
0	8246	252388.070030016977	5
0	8248	252585.341814286557	4
0	8261	252829.137209046891	3
0	8265	252866.172310314623	2
0	8269	252964.369053659466	3
0	8271	253059.273440120248	2
0	8275	253115.346249797447	3
0	8282	253426.572151108084	4
0	8292	253538.571754790642	5
0	8294	253653.361305957166	4
0	8298	253799.565440219155	3
0	8307	254121.288177571741	2
0	8311	254124.706207712251	3
0	8313	254128.367935363446	4
0	8320	254805.875392747205	5
0	8330	255279.730205786852	4
0	8334	255414.761956472209	3
0	8338	255457.849746360925	2
0	8352	255616.299456119776	3
0	8354	255634.226700830407	4
0	8356	255661.371935687185	5
0	8358	255805.105222688259	6
0	8360	255885.766093421987	5
0	8364	255972.308154827493	6
0	8374	256410.194678147761	5
0	8378	256446.855441628654	6
0	8380	256456.745500105984	7
0	8387	256567.446980267313	6
0	8391	256580.256706763319	5
0	8395	256950.373144800102	6
0	8402	257125.187500461995	7
0	8408	257546.367311154455	8
0	8410	257779.100199628193	9
0	8412	257782.007241276531	8
0	8425	257944.310725962846	9
0	8432	258112.98046945434	8
0	8436	258130.902766301778	7
0	8444	258231.927202514722	8
0	8446	258362.76860846824	9
0	8448	258566.023288989775	10
0	8450	258701.418467601268	9
0	8454	258748.612146695674	10
0	8456	258799.60847355	11
0	8462	259212.71863745108	10
0	8466	259218.184166401103	11
0	8478	259631.94924472671	10
0	8482	259650.443426065888	11
0	8484	259673.052912642686	10
0	8488	259750.415190348152	11
0	8503	260729.656493802993	10
0	8507	260808.138862688355	9
0	8511	260827.151379599718	8
0	8533	261998.82220766549	9
0	8535	262043.188529489069	8
0	8548	262178.091705977468	7
0	8552	262379.230929974727	6
0	8561	262685.121618946521	5
0	8574	263082.641747892575	6
0	8576	263168.707230925111	5
0	8584	263350.578567648643	6
0	8586	263528.131639424972	5
0	8599	263580.79402982208	4
0	8603	263718.950055557963	5
0	8614	264227.705853833094	6
0	8620	264380.812857053725	5
0	8624	264672.106330049663	4
0	8628	264849.573060834588	5
0	8630	264883.57371577939	6
0	8637	265196.436104055755	5
0	8641	265244.084749646036	4
0	8645	265294.755460662909	5
0	8656	265426.433347863584	4
0	8664	265875.899507951252	3
0	8678	266171.867020889668	2
0	8682	266301.994787800753	3
0	8684	266304.931972219005	4
0	8686	266454.092325389828	5
0	8706	266965.527356964975	4
0	8710	267139.379296515398	3
0	8732	267703.850539490132	2
0	8740	268056.511840101593	1
0	8744	268072.901343233435	0
0	8763	268950.916565498225	1
0	8769	269118.228484507721	2
0	8771	269162.036047815828	1
0	8780	269213.296227359858	2
0	8782	269541.153283629828	1
0	8790	269800.434407659492	0
0	8794	269917.33316988741	1
0	8806	270211.432226554176	0
0	8830	271089.341789246517	1
0	8842	271362.023129243667	2
0	8844	271501.771743700525	1
0	8852	271560.948765382955	2
0	8854	271672.523795258814	1
0	8858	271740.355782880679	2
0	8860	271750.501731981793	3
0	8862	271798.603157185837	2
0	8880	272368.780168820733	1
0	8884	272544.53372892136	2
0	8890	272656.005587142802	3
0	8892	272737.937577158917	4
0	8898	272983.921628624818	3
0	8902	272992.380122840349	4
0	8904	273018.411426105424	3
0	8908	273047.986881960744	2
0	8917	273294.653044675443	3
0	8919	273331.967070194194	4
0	8930	273896.419512153491	3
0	8934	274123.821028487761	4
0	8936	274182.467761479935	3
0	8944	274355.107849048024	4
0	8951	274649.195424732382	3
0	8960	274795.011878805003	4
0	8962	274990.352680281624	3
0	8970	275157.180122838041	2
0	8974	275292.669950396642	1
0	8982	275659.164801654036	0
0	8986	275698.725017846804	1
0	8993	275743.906662345549	0
0	9002	276014.084674401136	1
0	9004	276048.403162912151	0
0	9008	276114.283056259428	1
0	9014	276327.01194632115	0
0	9028	276804.112075787479	1
0	9035	277068.023792956586	0
1	0	0	0
1	37	2082.271286666818	1
1	40	2084.300894604929	2
1	45	2407.73519549375	1
1	62	2797.470222396885	2
1	73	3164.776220620533	3
1	77	3326.625091853443	2
1	86	3341.752454061884	3
1	92	3425.928472856484	2
1	107	4232.878051595659	3
1	115	4643.52975743905	2
1	122	4679.688346200546	3
1	126	4896.781087388176	4
1	128	4951.612124702386	3
1	139	5245.624384889276	4
1	145	5773.063940890956	3
1	152	5953.620578908285	4
1	154	6075.117580293171	3
1	167	6523.124521532924	4
1	171	6541.273044553477	5
1	173	6691.732598152834	4
1	186	7057.810599469503	5
1	198	7645.540042743941	6
1	200	7667.627589645289	5
1	213	7880.992821799488	6
1	215	8069.483474894318	5
1	222	8110.824260544855	6
1	228	8293.66558067586	7
1	234	8517.89373409924	8
1	236	8566.784634272061	7
1	247	8897.168943593175	8
1	259	9111.267727446634	7
1	266	9157.807673272569	8
1	270	9471.184865292985	9
1	278	9763.92010532405	10
1	280	9849.484286483802	9
1	286	10017.164664436955	10
1	299	10539.18429647562	11
1	301	10757.427534312833	10
1	310	11047.452440382809	11
1	313	11102.02953167578	12
1	316	11146.980177351197	13
1	318	11281.056951608934	12
1	327	11572.467785897557	11
1	350	12374.005778693486	10
1	359	12614.912404351362	9
1	366	12659.624447794527	10
1	372	12979.14273965134	11
1	376	13008.507936729582	12
1	382	13188.520246819485	11
1	397	13898.255653202959	10
1	404	13977.100890902418	11
1	408	14270.386800141901	12
1	410	14339.176969594214	11
1	417	14538.203471696468	12
1	424	14742.297182222444	13
1	434	15161.677466528386	14
1	436	15182.180500690319	13
1	452	15904.933161570223	14
1	455	15980.363567611983	15
1	460	15992.960070707727	14
1	465	16100.662328850903	13
1	482	16464.099777138324	14
1	485	16690.40416685163	15
1	488	16709.98706756199	16
1	490	16993.829093406402	15
1	495	17118.809694834877	14
1	511	17684.443385137709	15
1	513	17883.001354633324	14
1	526	18046.131515270909	15
1	537	18516.542134799987	16
1	541	18651.23134045944	15
1	552	18681.815773216541	16
1	554	18749.014145572163	15
1	561	19121.491095816173	16
1	567	19265.738452981118	15
1	573	19297.412235928233	16
1	580	19638.174221956164	17
1	592	20083.004010178573	16
1	597	20143.328995696161	15
1	610	20476.267846962924	16
1	620	20676.967407596685	17
1	622	20688.451864857651	16
1	633	21113.171325801427	17
1	635	21137.18579296105	16
1	642	21170.442243825876	17
1	648	21380.552328888751	16
1	657	21432.855907251515	17
1	663	21731.230027555043	18
1	679	22506.621756416046	19
1	681	22612.725122793071	18
1	688	22673.803925385155	19
1	690	22813.423159225736	18
1	705	23235.093192747349	19
1	715	23544.200338443198	20
1	719	24012.090202207569	19
1	724	24138.654053684749	18
1	731	24170.970341947162	19
1	737	24272.732391087825	20
1	749	24793.59214509886	21
1	753	24928.835418356039	22
1	761	25252.957821657338	23
1	764	25329.738265267129	24
1	775	25536.592866339215	23
1	780	25574.025608488251	22
1	787	25664.072227750206	23
1	801	26239.156409158264	22
1	808	26298.690939416566	23
1	812	26319.413791971462	24
1	818	26660.803671518522	25
1	822	26667.67056973783	26
1	826	26710.761909757042	27
1	834	26929.958746806611	26
1	839	27001.096321212553	25
1	846	27024.823005872029	26
1	849	27060.901429747619	27
1	852	27300.768260482931	28
1	868	27803.837393038799	27
1	874	27867.951393146621	28
1	877	28094.86107628997	29
1	886	28579.541868025862	28
1	891	28720.173980622445	27
1	904	29024.225391722129	28
1	910	29189.970381165348	27
1	916	29485.367833795156	28
1	923	29583.59834729437	29
1	931	29740.990638947938	28
1	936	29974.645465778612	27
1	949	30797.311245066857	28
1	956	30853.142222914107	29
1	959	30961.961386822943	30
1	961	31350.956215710272	29
1	969	31539.728090957232	28
1	986	32147.275204501842	29
1	994	32825.494279201035	28
1	1003	32951.274359056392	29
1	1007	33216.172704890795	28
1	1014	33242.205844047724	29
1	1017	33242.667191747423	30
1	1028	34023.193948220886	29
1	1033	34078.774471442108	28
1	1040	34109.94136469219	29
1	1047	34251.326119806114	30
1	1050	34297.671667012631	31
1	1063	35445.776208479382	30
1	1071	35598.125628718068	29
1	1080	35769.122248084882	30
1	1088	36189.470924527982	31
1	1100	36240.069828981958	30
1	1107	36409.67082662566	31
1	1115	36828.875905925074	32
1	1119	36968.387217920006	33
1	1121	36997.366294747643	32
1	1126	37175.342349215304	31
1	1137	37294.590512791315	32
1	1140	37315.662847590283	33
1	1153	37799.774202106945	32
1	1159	37823.3358171374	33
1	1162	37834.223307722407	34
1	1171	38065.022942300618	35
1	1173	38407.598585587419	34
1	1182	38688.47513346084	33
1	1192	38886.403398844472	34
1	1197	39012.141539220191	33
1	1209	39294.993317277064	32
1	1215	39417.08108111735	33
1	1220	39616.334156541578	32
1	1234	39884.154645384023	33
1	1236	40079.420862245267	32
1	1242	40276.116355546472	33
1	1244	40295.596671196125	32
1	1264	40475.272054431588	33
1	1277	40955.129258876341	34
1	1279	41037.144535994982	33
1	1285	41153.066194782287	34
1	1294	41505.119232406514	35
1	1301	41730.633088741647	36
1	1303	41752.915176105179	35
1	1313	42479.113455583235	34
1	1322	42598.888578655623	33
1	1333	42699.771377376696	34
1	1337	42734.026051134671	35
1	1343	42871.123651286262	36
1	1351	43300.234289189476	37
1	1355	43345.192151170649	36
1	1362	43367.885277687987	37
1	1370	43858.849740737012	36
1	1377	43900.591486340064	37
1	1380	43965.270320185329	38
1	1382	44081.538211562165	37
1	1408	44902.156437245804	38
1	1414	45026.926308690985	39
1	1418	45252.653810476559	40
1	1422	45400.300389137945	39
1	1427	45405.684074040928	38
1	1434	45490.738687802429	39
1	1437	45714.689644433041	40
1	1447	46153.541856242019	41
1	1462	46378.429844778354	42
1	1468	46796.6684421067	41
1	1473	46797.604756493547	40
1	1480	46876.167713368417	41
1	1484	47122.242553633029	42
1	1488	47226.813638429644	43
1	1500	47740.020028565505	42
1	1505	47879.721057369268	41
1	1514	48048.334805036069	42
1	1520	48409.128843429985	43
1	1524	48455.185012484075	44
1	1527	48484.754155677135	45
1	1537	48776.456054179824	44
1	1545	49116.365187474021	43
1	1555	49235.735001820626	44
1	1561	49283.584783703432	45
1	1574	49903.998442523607	44
1	1581	49945.288241582097	45
1	1593	50288.716801816703	46
1	1595	50356.438711193285	45
1	1608	50537.786455739367	46
1	1612	50717.593010245317	47
1	1620	50898.514872120799	48
1	1624	51209.484062724241	47
1	1633	51426.40217669505	48
1	1637	51577.870494081133	49
1	1639	51870.527883079729	48
1	1646	52044.404175493944	49
1	1654	52201.461880037987	48
1	1665	52298.491178928369	49
1	1675	53019.989499488951	50
1	1681	53224.121744882393	51
1	1683	53472.609394025884	50
1	1688	53475.534994097853	49
1	1695	53494.75895213716	50
1	1705	53671.504825531	51
1	1709	53751.658407116414	52
1	1725	54469.157209049988	53
1	1727	54479.890968220735	52
1	1736	54629.346105309309	53
1	1738	54643.106314959831	52
1	1745	54787.332837458778	53
1	1749	54811.495992681438	54
1	1759	55138.6841857453	55
1	1769	55573.028921587819	56
1	1772	55686.739591213049	57
1	1775	55742.03661861651	58
1	1777	55788.558494316841	57
1	1782	55828.624254549749	56
1	1788	56002.213885514492	57
1	1797	56596.128782395701	56
1	1810	57203.152045273118	55
1	1826	57665.250299294761	56
1	1832	57829.142467270999	57
1	1834	57840.770587575118	56
1	1848	58316.841985096771	57
1	1852	58469.149462059649	58
1	1858	58679.218982486882	57
1	1871	59243.808232209141	56
1	1878	59277.239089070627	57
1	1882	59418.346898444506	58
1	1889	59532.466887382407	59
1	1896	59899.718480725669	58
1	1909	60331.021244589667	57
1	1916	60355.817472423945	58
1	1922	60587.342120568164	57
1	1929	60684.912316017362	58
1	1939	60914.886297604808	59
1	1941	61017.508043384607	58
1	1948	61260.486347452315	59
1	1956	61593.489220525656	60
1	1958	61627.408713380302	59
1	1969	61829.702693150275	58
1	1976	62051.116110182175	59
1	1986	62354.716248699042	60
1	1988	62407.916992994453	59
1	1995	62487.154869336222	60
1	2011	63030.097844116899	61
1	2013	63094.991532788508	60
1	2020	63340.543350375065	61
1	2030	63539.28193484578	62
1	2033	63797.985789515587	63
1	2038	64039.250038600023	62
1	2044	64063.639721918439	63
1	2046	64165.12227034279	62
1	2052	64615.018395580977	63
1	2062	64759.584814107785	64
1	2069	64964.759030050632	65
1	2074	65205.622765273683	64
1	2082	65258.583099542613	63
1	2091	65611.746639003898	64
1	2106	65941.00337747739	65
1	2112	65959.960697170774	64
1	2117	65989.196693870135	63
1	2130	66474.207943055523	64
1	2138	66809.979492151098	65
1	2141	67033.51416324426	66
1	2144	67054.449120894925	67
1	2152	67231.17582507288	66
1	2158	67247.625076140029	67
1	2160	67309.559207326629	66
1	2174	67607.510190384579	67
1	2186	68034.804822244578	66
1	2199	68413.443868603803	67
1	2207	68726.124440197329	66
1	2214	68779.993781039608	67
1	2218	68820.399758835822	68
1	2230	69442.188676456818	67
1	2239	69544.997673552729	68
1	2243	69679.993280701767	67
1	2254	70041.01114852497	68
1	2258	70269.603374714149	69
1	2260	70346.181293577784	68
1	2271	70522.10990951253	67
1	2280	70625.752384696402	68
1	2292	70938.046174553722	69
1	2294	71104.175976739162	68
1	2299	71163.719368743206	67
1	2312	71689.937260190142	68
1	2334	72231.625661261807	67
1	2341	72264.154681671657	68
1	2345	72461.937156414181	69
1	2347	72632.184642628664	68
1	2358	72713.005639930755	69
1	2366	72965.390864942469	70
1	2368	73111.462690484206	69
1	2375	73112.446425894392	70
1	2387	73522.480852935709	71
1	2391	73567.17235358575	72
1	2401	73990.633247491218	73
1	2407	74229.362597894752	72
1	2414	74270.500287000336	73
1	2420	74475.795688854647	74
1	2422	74710.851150758992	73
1	2431	75000.345424769014	74
1	2439	75371.203699103454	73
1	2446	75439.657526757814	74
1	2454	75565.800140949083	75
1	2458	75971.746142272334	74
1	2465	75982.050005292088	75
1	2471	76066.982419184307	74
1	2478	76087.145030127955	75
1	2494	76653.330196623005	76
1	2500	76965.967520732679	77
1	2504	77320.938389395863	78
1	2506	77377.24202601322	77
1	2513	77377.791540512932	78
1	2515	77467.204674164261	77
1	2528	77816.727201637127	78
1	2546	78788.479253781528	79
1	2548	78809.401543467204	78
1	2559	79045.533285403741	79
1	2561	79046.3090189532	78
1	2574	79451.379396576681	79
1	2578	79782.16972320924	80
1	2586	79926.910557133646	81
1	2590	79991.528938712669	82
1	2596	80306.809598580833	81
1	2601	80624.735092426147	80
1	2616	81186.197564939154	81
1	2620	81326.240366619327	82
1	2630	81570.364166816266	83
1	2634	81677.234714085664	82
1	2639	81974.829564235072	81
1	2654	82491.797038520183	80
1	2665	82767.69506653914	81
1	2669	82819.614275733126	82
1	2673	82961.899603639045	83
1	2683	83412.935531657436	84
1	2689	83623.374473080869	83
1	2696	83691.987946463318	84
1	2698	83709.038899530153	83
1	2707	84155.451016428066	84
1	2717	84347.667800596412	83
1	2722	84439.571339293282	82
1	2733	84699.990118589499	83
1	2737	84972.537526527537	84
1	2747	85266.362101492973	85
1	2751	85304.80527002221	84
1	2768	86021.26139216323	85
1	2770	86038.559844485383	84
1	2779	86264.985654201605	85
1	2787	86475.827283935739	86
1	2789	86515.906888235789	85
1	2802	86941.268448775204	86
1	2806	86959.851581674316	87
1	2816	87362.614420468105	88
1	2820	87495.512041534196	87
1	2827	87618.212714862325	88
1	2831	87726.70449452618	89
1	2839	87941.107501069513	88
1	2844	88102.570742434721	87
1	2851	88263.636478448404	88
1	2861	88669.025703409804	89
1	2863	88769.777573364285	88
1	2870	88788.958418812849	89
1	2878	89083.648468685838	90
1	2894	89471.505257936312	91
1	2896	89778.297867552276	90
1	2903	90105.720739838166	89
1	2910	90198.353631641962	90
1	2920	90743.161715661677	91
1	2928	90917.671191208895	90
1	2935	90920.165288705625	91
1	2939	91069.063946904732	92
1	2941	91192.123850657103	91
1	2948	91290.539610382416	92
1	2960	91880.266970751377	93
1	2962	92100.384827210467	92
1	2971	92276.557224240401	93
1	2973	92396.776842110289	92
1	2980	92451.490316001268	93
1	2984	92479.186178857578	94
1	2986	92861.365087871339	93
1	3003	93584.572721718309	92
1	3014	93836.781441603103	93
1	3018	94063.540417683812	94
1	3022	94076.391292328132	95
1	3030	94276.855230844479	94
1	3035	94496.889103537855	93
1	3042	94546.358731018496	94
1	3058	95097.854412604371	95
1	3060	95145.368262481374	94
1	3073	95174.512442631217	95
1	3075	95272.990776059117	94
1	3082	95478.403736261221	95
1	3086	95508.85047301848	96
1	3092	95762.603216272277	95
1	3099	95813.124874273432	96
1	3103	95876.946148966941	97
1	3111	96042.689934071401	98
1	3115	96078.635475525749	99
1	3117	96112.661687397297	98
1	3134	96700.562077757219	99
1	3136	96723.451445091945	98
1	3143	96882.611289193424	99
1	3159	97427.632994932022	98
1	3166	97490.51100179751	99
1	3170	97557.795865630301	100
1	3172	97666.191785809082	99
1	3179	98154.861826059308	98
1	3186	98186.595753209783	99
1	3190	98276.173507977525	100
1	3204	98461.367299335195	101
1	3214	98912.201024015936	102
1	3216	98915.187727248726	101
1	3225	99436.974972952988	100
1	3232	99562.992310916576	101
1	3240	99656.896704394618	102
1	3242	99799.5676925019	101
1	3249	99965.507445523633	102
1	3265	100279.189743135372	103
1	3269	100357.516035196874	104
1	3273	100813.443434421221	105
1	3275	100845.881397201178	104
1	3280	100934.817976673033	103
1	3287	101342.183384338512	104
1	3297	101649.483919424508	105
1	3299	101772.367171496984	104
1	3308	102034.785545541403	103
1	3315	102065.81767368714	104
1	3319	102159.237986003552	105
1	3329	102696.114395965139	106
1	3341	102942.862905303135	107
1	3343	103007.095792666909	106
1	3352	103370.400483610227	107
1	3356	103489.913487007414	108
1	3358	103585.033087989745	107
1	3367	104059.863833459926	106
1	3374	104123.144772129252	107
1	3382	104149.645675254558	108
1	3384	104255.712634211836	107
1	3394	104345.00058229665	108
1	3399	104785.838952819717	107
1	3405	104877.979139166072	108
1	3415	105143.580989410673	109
1	3421	105866.992738897411	108
1	3426	105877.830528347653	107
1	3438	106208.350460761495	108
1	3449	106284.521720132555	109
1	3456	106522.075489813892	108
1	3461	106526.584253041905	107
1	3468	106563.284109534561	108
1	3484	107163.811174219904	107
1	3493	107505.984216110646	108
1	3499	107648.232301296003	109
1	3507	107856.305931937781	108
1	3514	107961.646038766616	109
1	3526	108150.164175340243	110
1	3528	108185.562192041857	109
1	3539	108757.939869687793	108
1	3552	108821.663785578548	109
1	3554	108837.535754682926	108
1	3561	108966.417337868028	109
1	3569	109067.302065574833	110
1	3583	109451.524581768819	111
1	3587	109477.104152690285	112
1	3595	109658.934961828304	111
1	3600	109937.283853467984	110
1	3615	110351.338150204956	111
1	3623	110718.212779135712	112
1	3625	110718.40751070386	111
1	3634	110955.241620901638	112
1	3646	111247.788572685658	113
1	3648	111304.799572146399	112
1	3655	111367.523491371089	113
1	3657	111419.2422142238	112
1	3676	111977.7603053559	113
1	3682	112311.953579605826	114
1	3686	112332.126079450958	115
1	3688	112453.994308680726	114
1	3695	112533.041258642315	115
1	3699	112880.47794829206	114
1	3710	113070.841136433614	113
1	3717	113086.343415306746	114
1	3721	113225.770815748387	115
1	3727	113576.808696660115	114
1	3734	113609.035289109954	115
1	3746	114003.634106630324	116
1	3750	114017.654406362483	117
1	3758	114586.621180762035	116
1	3765	114644.85515312375	115
1	3772	114769.929399739617	116
1	3786	115121.940676988372	117
1	3788	115245.494561997144	116
1	3793	115486.160406478179	115
1	3800	115525.124786684154	116
1	3804	115555.205845672303	117
1	3822	116391.609870056524	116
1	3833	116530.475931094824	117
1	3837	116542.583959968099	118
1	3843	116757.157474036926	119
1	3847	116770.052441077737	118
1	3856	116880.910949268648	119
1	3866	117306.859833831801	118
1	3877	117683.681744764058	117
1	3888	117913.238786261195	118
1	3892	118173.223632315038	119
1	3904	118415.355988667249	118
1	3911	118453.816483215699	119
1	3915	118849.834751065487	120
1	3919	118896.469280125438	121
1	3927	119226.982014906495	120
1	3934	119362.260914862586	119
1	3941	119722.305531266743	120
1	3949	119731.085906633446	121
1	3951	119939.234918915569	120
1	3958	119965.593574570357	121
1	3968	120506.689588155264	122
1	3972	120736.911449664543	123
1	3978	120816.590988234116	122
1	3985	120986.791978785107	123
1	3987	121123.666142663821	122
1	3996	121364.559066260099	123
1	4002	121612.760397147054	124
1	4014	121850.476127573559	125
1	4022	122471.048014227732	124
1	4027	122509.023792418554	123
1	4034	122548.551244327664	124
1	4038	122631.681566284308	125
1	4054	123063.760110053832	126
1	4058	123577.494682149827	127
1	4060	123585.369264705538	126
1	4065	123600.807096595779	125
1	4072	123633.151686349222	126
1	4084	124245.210391769051	127
1	4092	124287.22176093465	126
1	4099	124315.166504371578	127
1	4103	124388.252454073438	128
1	4105	124450.869878745541	127
1	4116	124832.477621407518	128
1	4128	125353.985302877516	127
1	4137	125505.341320672869	128
1	4141	125509.043292540724	129
1	4145	125713.463217960009	130
1	4149	125874.193685205519	131
1	4153	125940.814092111274	130
1	4166	126208.026022613884	129
1	4177	126358.684649195189	130
1	4179	126575.29508517912	129
1	4186	126680.062357338011	130
1	4198	127281.972372279772	131
1	4208	127514.935370746667	132
1	4210	127604.069533740075	131
1	4217	127697.040788446054	130
1	4226	128198.317201034436	131
1	4230	128212.603415662289	132
1	4246	128527.014720001528	133
1	4250	128780.351135695219	134
1	4252	128824.455640167834	133
1	4259	128900.034898583278	132
1	4270	128950.301831762905	133
1	4274	129257.804021278262	134
1	4284	129434.091394440541	135
1	4292	129609.966287862177	136
1	4298	129891.241585967036	135
1	4311	130398.266379462421	136
1	4313	130566.323980194017	135
1	4322	130868.914189587946	136
1	4330	130943.516036206195	137
1	4334	130971.454799214244	138
1	4338	131146.122661950903	137
1	4351	131857.445880586147	138
1	4355	132101.886656740019	139
1	4357	132130.396067955032	138
1	4366	132215.001188505109	139
1	4372	132568.686745056748	140
1	4374	132740.555753559711	139
1	4387	132929.610309701081	140
1	4393	133198.819131355401	141
1	4399	133356.889226817796	142
1	4401	133439.893659957186	141
1	4412	133680.63820377165	142
1	4416	133713.706557051549	143
1	4420	133956.336251293215	142
1	4429	134057.097764172862	143
1	4433	134109.712977858125	144
1	4441	134300.179397117779	143
1	4448	134420.32939935815	144
1	4454	134727.982344516459	143
1	4465	135168.674352223486	142
1	4472	135173.225572192381	143
1	4476	135248.977915124833	144
1	4488	135815.849780776444	143
1	4493	135944.93777631639	142
1	4500	135980.168132658717	143
1	4508	136094.837755376338	144
1	4516	136275.546139003049	145
1	4518	136540.919802450481	144
1	4531	136800.983796836148	145
1	4537	136837.468956585643	146
1	4539	136892.542108202786	145
1	4550	137020.33177912408	146
1	4562	137802.70715364189	147
1	4568	137874.57770685446	148
1	4570	137890.799989989865	147
1	4579	138074.423548655449	148
1	4581	138471.903258579285	147
1	4592	138647.658821630893	148
1	4600	138939.347789959847	149
1	4604	138948.389225014757	150
1	4608	138985.412138390956	151
1	4616	139188.884482683479	152
1	4618	139408.07682261886	151
1	4625	139617.732051599441	152
1	4633	139736.436031164467	153
1	4637	139968.587874396206	152
1	4646	140224.953566761028	153
1	4650	140289.608970794497	154
1	4656	140374.427007960021	155
1	4658	140401.645775186735	154
1	4673	140872.926370279729	155
1	4679	141348.467278115885	154
1	4684	141456.080570920276	153
1	4697	141756.131807107149	154
1	4705	141827.148711503755	155
1	4709	142363.441878530102	154
1	4716	142384.647782595694	155
1	4724	142748.935006083261	156
1	4730	142972.933263805197	155
1	4739	143215.568220715641	156
1	4747	143416.653885694087	157
1	4749	143577.161058213995	156
1	4760	143786.422852733444	157
1	4762	143912.335595088916	156
1	4769	143956.94367664647	157
1	4783	144636.857811624051	158
1	4787	144890.719788672269	159
1	4790	144904.32297998042	160
1	4792	144999.700148087831	159
1	4797	145040.48608455664	158
1	4811	145536.929107147872	159
1	4817	145621.52929442087	158
1	4826	145656.321931573064	157
1	4833	145793.081994281948	158
1	4836	145895.875039461672	159
1	4847	146227.317012959958	160
1	4856	146722.161935528008	161
1	4858	146816.92829636714	160
1	4863	146965.620882800685	159
1	4869	147233.668868993553	160
1	4872	147356.794097068625	161
1	4874	147569.843586691157	160
1	4890	148312.694384447204	159
1	4895	148363.377084581615	158
1	4905	148535.914175451415	159
1	4926	149259.797582208084	158
1	4933	149325.772455961754	159
1	4940	149908.41014434161	160
1	4942	149932.655126302005	159
1	4947	149977.701157388182	158
1	4953	150039.134065259267	159
1	4970	150874.638079733898	160
1	4973	151182.032662260028	161
1	4975	151188.632551469745	160
1	4983	151509.208080031411	159
1	4989	151572.966333236195	160
1	4996	152031.38744783625	161
1	5015	152579.466593517827	160
1	5024	153039.984621007117	161
1	5028	153156.265282955454	160
1	5039	153719.321700311869	161
1	5041	153896.949574212449	160
1	5046	153910.391415132643	159
1	5053	153910.400652279349	160
1	5065	154384.057890486094	161
1	5068	154450.2089335669	162
1	5078	154630.459813114378	163
1	5080	154636.982654918419	162
1	5086	154783.762355237871	163
1	5102	155199.717094328391	164
1	5104	155322.072093776333	163
1	5110	155356.180381100248	164
1	5120	155874.423679014066	165
1	5125	156083.08248425691	164
1	5131	156139.993343938279	165
1	5144	156894.97502948229	166
1	5146	156928.924182095471	165
1	5151	157024.878576424407	164
1	5160	157245.851416097284	165
1	5172	157779.646747681218	164
1	5183	157842.880566552282	165
1	5185	158171.846626036303	164
1	5192	158381.244160526694	165
1	5196	158513.016994282604	166
1	5199	158520.476500234351	167
1	5212	158842.819129043165	166
1	5218	158855.858050578536	167
1	5223	159111.027518146174	166
1	5232	159298.003058567644	167
1	5246	160050.487580621426	168
1	5249	160052.595541550433	169
1	5251	160232.14090183461	168
1	5256	160284.001745347368	167
1	5262	160427.711116135121	168
1	5268	160668.236085908298	169
1	5281	161204.298240540984	168
1	5290	161338.776429607708	169
1	5292	161342.382703508156	168
1	5298	161469.482377059687	169
1	5318	162437.666975163874	170
1	5320	162610.147981132286	169
1	5325	162787.647230633038	168
1	5331	162931.141555335455	169
1	5334	163238.104539226773	170
1	5339	163337.536379639896	169
1	5345	163407.56131028479	170
1	5361	164102.481621057632	169
1	5368	164151.308136525068	168
1	5379	164343.794120565971	169
1	5382	164561.027330966481	170
1	5395	165002.849009401071	169
1	5408	165362.428109094936	168
1	5417	165553.698279066165	169
1	5425	165764.790155605396	170
1	5429	165857.795057680853	171
1	5435	166089.702714225431	172
1	5437	166105.595935714337	171
1	5448	166656.427375702341	172
1	5458	166818.738055133244	173
1	5460	166872.883236369554	172
1	5471	167142.650695901759	173
1	5483	167712.885622708281	174
1	5485	167723.174786913115	173
1	5502	168193.528215938231	174
1	5506	168239.303155409608	173
1	5513	168392.153767545171	174
1	5519	168760.449173563066	173
1	5526	168826.395220896383	174
1	5530	168944.19368551763	175
1	5532	169105.926837975595	174
1	5545	169388.403599029561	175
1	5549	169449.255180780239	176
1	5557	169864.946454344471	177
1	5559	169870.864206292573	176
1	5566	170419.536934001525	177
1	5569	170427.06968986655	178
1	5572	170511.019317486307	179
1	5574	170639.064237613667	178
1	5595	171037.896948410352	179
1	5603	171251.126506249434	180
1	5605	171285.788059840817	179
1	5610	171335.020926956523	178
1	5619	171437.125725680254	179
1	5625	171826.8469595445	180
1	5632	172041.213933262056	181
1	5638	172088.54533412423	182
1	5644	172250.060411608685	181
1	5649	172436.394322447914	180
1	5663	173014.457468277134	181
1	5665	173170.827344051469	180
1	5682	173450.895511536082	181
1	5684	173572.962745054129	180
1	5695	173665.23618703384	181
1	5703	174034.060566482041	180
1	5710	174034.544994011387	181
1	5722	175033.075227057716	182
1	5724	175136.098126469615	181
1	5731	175144.9481461351	182
1	5734	175192.926290742919	183
1	5739	175227.182503501792	182
1	5758	175978.905494737917	183
1	5760	175985.707772624183	182
1	5767	176004.376007073113	183
1	5770	176079.181823646805	184
1	5779	176405.037260708307	183
1	5785	176648.773589298615	184
1	5791	177118.755379562174	183
1	5801	177379.612100271944	182
1	5810	177543.109158918665	183
1	5814	177560.038976076537	184
1	5818	177783.084932566528	183
1	5825	177820.552833812406	184
1	5829	178001.682538547058	183
1	5848	178437.667113289641	184
1	5856	178801.78212517025	183
1	5863	179049.534250985378	184
1	5866	179195.750956261625	185
1	5875	179620.552054893662	184
1	5881	179642.830809325384	185
1	5884	179646.242339316303	186
1	5892	179981.159772678186	185
1	5898	180199.606579538196	186
1	5908	180595.064708302312	187
1	5918	180873.971432448391	188
1	5920	180951.269531798054	187
1	5925	180973.715028018598	186
1	5931	181274.814745312242	187
1	5951	181806.150587199692	186
1	5958	181974.853566582258	187
1	5962	182073.03790535633	188
1	5972	182299.314672197159	189
1	5978	182578.958591568191	188
1	5983	182923.812448204	187
1	5990	182938.475485066827	188
1	5994	182959.100679883087	189
1	5997	183111.002338638944	190
1	6007	183654.688326363359	189
1	6013	183663.865249524768	190
1	6022	184460.919264805008	189
1	6028	184468.526939020777	190
1	6031	184562.010927836483	191
1	6036	184778.622399876733	190
1	6051	185229.980983593006	189
1	6062	185395.050353670308	190
1	6072	185932.022127152838	191
1	6078	186204.4443946247	190
1	6085	186321.054047958411	191
1	6092	186458.372447401538	192
1	6095	186637.62485899199	193
1	6100	186730.837293237884	192
1	6106	186892.933338487007	193
1	6109	186980.167688243984	194
1	6115	187280.421925299709	193
1	6120	187592.612433655624	192
1	6139	188289.729363637482	191
1	6149	188590.008161459958	190
1	6164	188993.36417438919	191
1	6174	189481.303469757373	192
1	6178	189522.106307774492	193
1	6182	189541.006065514779	192
1	6193	189929.56610228383	193
1	6195	189964.98450278162	192
1	6202	190023.562098466701	193
1	6210	190137.261190034159	194
1	6212	190169.534341926596	193
1	6223	190387.434191326434	194
1	6227	190453.544827462084	195
1	6233	190743.124483533641	194
1	6246	190889.877520084091	195
1	6250	191012.539247223086	196
1	6256	191308.707139105446	197
1	6259	191392.375098909075	198
1	6261	191475.685066898263	197
1	6270	191716.77961130484	196
1	6276	192126.106824792632	197
1	6287	192485.599540085442	198
1	6289	192493.617607819354	197
1	6294	192603.416772448368	196
1	6310	193654.206810415229	195
1	6315	193882.350452077485	194
1	6321	194286.890578149714	195
1	6334	194920.991406450889	194
1	6342	195096.065583246267	193
1	6354	195755.749256779349	192
1	6367	195859.423514575204	191
1	6374	195865.842969959596	192
1	6378	195942.434767178782	193
1	6384	196526.933093589543	194
1	6396	196807.015170006519	193
1	6407	196849.160819074133	194
1	6411	197130.822047061196	193
1	6422	197599.548133119532	194
1	6432	198092.662646543978	195
1	6436	198132.697129642585	196
1	6438	198394.582826188675	195
1	6443	198440.487636968931	194
1	6450	198648.586205459722	195
1	6458	199009.100485575295	194
1	6467	199412.810660217395	193
1	6474	199490.105994326988	194
1	6477	199630.604806129633	195
1	6484	199969.006483472475	196
1	6486	200009.932743647045	195
1	6502	200396.29006188407	196
1	6505	200587.079856751481	197
1	6507	200634.005584426662	196
1	6513	200664.595385473163	197
1	6515	200703.588184659279	196
1	6538	201702.378834412343	195
1	6548	201793.140269414028	194
1	6555	201966.055863395207	195
1	6558	201998.849217551399	196
1	6575	202419.2975817694	197
1	6579	202671.51728254827	196
1	6586	202676.007818932157	197
1	6592	202887.41022236378	198
1	6599	203149.839952510903	199
1	6601	203286.276189431986	198
1	6606	203383.212383809409	197
1	6615	203745.899050690108	198
1	6618	203772.137035968226	199
1	6620	203948.870139046079	198
1	6645	204811.380402595646	197
1	6652	204842.175110042048	198
1	6660	204913.084705975651	199
1	6664	205125.595080643102	200
1	6666	205249.264990741825	199
1	6685	205963.730355597985	200
1	6687	206176.614542259745	199
1	6694	206254.580945913493	200
1	6697	206511.470473013028	201
1	6699	206625.534187479383	200
1	6716	207416.445135645521	201
1	6718	207427.312156977974	200
1	6723	207517.504677091232	199
1	6732	207781.969813649356	200
1	6739	207822.410346868571	201
1	6744	208116.605247381054	200
1	6754	208723.271244398206	201
1	6766	208894.51860368336	200
1	6771	208917.66408170431	199
1	6781	209243.395607558396	200
1	6794	209567.920153874787	201
1	6796	209569.158019796856	200
1	6801	209595.583153384245	199
1	6810	209879.878007794027	200
1	6821	210327.036909345038	201
1	6826	210841.954804592273	200
1	6832	210873.880516018602	201
1	6838	211106.232272187476	202
1	6840	211144.631911284201	201
1	6856	211582.700983945719	200
1	6865	211822.154409171277	201
1	6868	211831.265584218964	202
1	6871	212197.247177728647	203
1	6878	212411.561160213587	204
1	6883	212647.508505050532	203
1	6888	212784.465275901281	202
1	6904	213809.330115598538	201
1	6910	213895.632218282819	202
1	6918	214110.589792270653	201
1	6929	214399.775528147517	202
1	6931	214530.605159365484	201
1	6944	214975.272530576654	200
1	6959	215257.004536848112	201
1	6963	215486.832990529145	202
1	6967	215499.243433236776	203
1	6983	216070.900544972071	202
1	6992	216280.93946568122	203
1	6996	216555.796731625192	202
1	7007	216767.383188392564	203
1	7009	216948.721700246358	202
1	7018	217028.198723777829	203
1	7028	217324.354155793486	204
1	7034	217522.03244404725	203
1	7041	217705.508785351092	202
1	7048	217859.899522544945	203
1	7052	217905.90182377368	204
1	7060	218211.36026722525	205
1	7072	219017.812424398659	206
1	7074	219031.763235077702	205
1	7081	219033.317457692827	206
1	7085	219100.491566929563	207
1	7087	219380.187633112917	206
1	7094	219432.946169361172	207
1	7104	219691.034841768884	206
1	7123	220290.087936419591	207
1	7127	220337.214209869204	208
1	7133	220441.645600939299	209
1	7135	220477.853380740533	208
1	7144	220667.066447798603	207
1	7165	221451.759091274942	208
1	7169	221738.65619084209	209
1	7173	221807.256230610952	210
1	7181	221929.186055363069	209
1	7188	222229.344849100777	208
1	7205	222678.287319898305	209
1	7209	222687.363175409044	210
1	7225	222882.219890217826	211
1	7227	222979.333194930547	210
1	7234	223139.433939227964	211
1	7238	223196.062970742283	212
1	7246	223334.291751730785	213
1	7248	223445.793957552786	212
1	7257	224077.830557321112	211
1	7266	224143.689353557744	210
1	7273	224283.265768821881	211
1	7281	224397.045773634817	212
1	7287	224591.783048532603	213
1	7293	224758.737407544758	214
1	7301	224943.093802939083	213
1	7308	225060.741981129692	214
1	7316	225401.554948698328	215
1	7320	225521.914536900518	216
1	7322	225650.473174553805	215
1	7329	225988.25049495409	214
1	7338	226238.941126870122	215
1	7344	226453.601130310887	214
1	7349	226622.276848061855	213
1	7358	226828.609309330282	214
1	7366	226959.318971868203	215
1	7380	227477.830199907447	214
1	7387	227800.034291776028	215
1	7391	227853.256373688278	216
1	7393	228004.967126258159	215
1	7406	228464.282086188105	216
1	7410	228524.412816810952	217
1	7420	228853.851150482592	218
1	7422	228877.897875298256	217
1	7429	228877.944083282855	218
1	7437	229151.367933611299	217
1	7452	229243.22388287088	218
1	7458	229679.22141291059	217
1	7469	229884.34773498361	218
1	7483	230436.129711106119	219
1	7485	230458.741942400554	218
1	7490	230587.533581267025	217
1	7501	230864.367284657565	218
1	7505	230903.708847995447	219
1	7509	231138.274650972778	218
1	7516	231173.226508583473	219
1	7520	231394.836674131153	220
1	7524	231400.969238536564	221
1	7532	231667.390052881937	220
1	7545	232035.28666966741	221
1	7553	232281.65578058332	222
1	7555	232486.342805492202	221
1	7560	232658.352794228967	220
1	7567	232928.154152728317	221
1	7571	233039.99748128852	222
1	7575	233246.637706916379	223
1	7587	233462.237409459559	224
1	7589	233637.63685168783	223
1	7598	233838.299539301986	222
1	7609	234221.729686680781	223
1	7617	234603.957848794458	224
1	7621	234968.90458321988	223
1	7628	235113.519990960268	224
1	7630	235269.262976069849	223
1	7637	235272.896521027731	224
1	7649	235672.226129978595	225
1	7653	235767.661486651348	226
1	7657	235855.974271925298	227
1	7665	235929.082842677531	228
1	7667	235962.789505709404	227
1	7672	236055.746553690087	226
1	7679	236475.471907715844	227
1	7687	236576.279232608286	228
1	7690	236900.764178432224	229
1	7696	237045.620377688583	228
1	7705	237187.11769356778	229
1	7708	237273.569733511256	230
1	7710	237342.723999152401	229
1	7731	238347.592138069192	228
1	7736	238351.194999116387	227
1	7743	238439.511750630462	228
1	7746	238542.12024300482	229
1	7763	238998.509499729084	230
1	7769	239158.476401244581	231
1	7771	239224.399113199588	230
1	7780	239583.974645108426	229
1	7789	239603.430519170487	230
1	7797	239946.017135894772	229
1	7806	240013.120844029295	230
1	7810	240093.181201828003	231
1	7822	240933.616054019401	230
1	7831	241251.067855573619	231
1	7839	241517.375091398981	230
1	7848	241657.778180291236	231
1	7852	241668.529778123307	232
1	7858	241786.656802313844	231
1	7865	241910.944283298577	232
1	7867	242218.457387118515	231
1	7884	242648.549955814506	232
1	7888	242793.390961748839	233
1	7890	242845.873958888378	232
1	7895	242894.61335084259	231
1	7902	242947.725020750786	232
1	7916	243178.91683235805	233
1	7920	243292.700762910128	234
1	7932	243658.618036043745	233
1	7937	243738.153520765225	232
1	7944	243987.549984902549	233
1	7948	243992.523162692214	234
1	7958	244272.135396339845	233
1	7965	244423.463975357334	232
1	7972	244702.681545429337	233
1	7982	244814.563917360629	234
1	7986	244851.112562691153	235
1	7992	245055.176250926579	236
1	7994	245184.921481405299	235
1	8005	245368.189231819833	236
1	8007	245413.038462566654	235
1	8016	245667.139839493144	236
1	8019	245761.9051646361	237
1	8030	246230.395474558056	238
1	8032	246332.393311728638	237
1	8037	246960.077162029664	236
1	8053	247312.817516774345	237
1	8055	247526.206284780901	236
1	8061	247664.836614574479	237
1	8079	248130.760717940028	236
1	8084	248151.415856853973	235
1	8095	248280.316458380949	236
1	8103	248534.372511691582	237
1	8107	248598.955170278875	238
1	8113	248897.401221737708	237
1	8120	249276.625792738896	236
1	8127	249344.76619458708	237
1	8130	249362.151506848373	238
1	8137	249555.290554500353	239
1	8153	249940.97183002017	238
1	8162	250298.662696867732	239
1	8166	250307.233190191416	240
1	8172	250848.408533205193	239
1	8183	251070.639909904709	240
1	8185	251086.44541580088	239
1	8198	251373.78518867146	240
1	8202	251486.47408207461	241
1	8208	251747.096936879186	242
1	8210	251760.955168566178	241
1	8229	252079.705522163686	240
1	8240	252252.452076886108	241
1	8244	252301.426741010991	242
1	8250	252585.341814286557	243
1	8256	252764.269735392626	242
1	8263	252829.137209046891	243
1	8267	252866.172310314623	244
1	8273	253059.273440120248	245
1	8277	253194.675012939525	244
1	8296	253653.361305957166	245
1	8300	253799.565440219155	246
1	8302	254087.684368182417	245
1	8309	254121.288177571741	246
1	8315	254587.061337605966	245
1	8332	255279.730205786852	246
1	8336	255414.761956472209	247
1	8340	255457.849746360925	248
1	8342	255572.065634670179	247
1	8347	255572.921063733203	246
1	8362	255885.766093421987	247
1	8376	256410.194678147761	248
1	8382	256561.300835535777	247
1	8389	256567.446980267313	248
1	8393	256580.256706763319	249
1	8397	257112.226441948186	248
1	8414	257782.007241276531	249
1	8416	257899.720762112093	248
1	8427	258092.716023194115	247
1	8434	258112.98046945434	248
1	8438	258130.902766301778	249
1	8452	258701.418467601268	250
1	8464	259212.71863745108	251
1	8468	259417.655021018264	250
1	8473	259471.628446894209	249
1	8480	259631.94924472671	250
1	8486	259673.052912642686	251
1	8498	260550.24026799805	250
1	8505	260729.656493802993	251
1	8509	260808.138862688355	252
1	8513	260827.151379599718	253
1	8515	261020.220120168207	252
1	8524	261381.737242330308	251
1	8537	262043.188529489069	252
1	8539	262111.015697977017	251
1	8550	262178.091705977468	252
1	8554	262379.230929974727	253
1	8556	262470.145001430912	252
1	8563	262685.121618946521	253
1	8569	263050.900744384597	252
1	8578	263168.707230925111	253
1	8588	263528.131639424972	254
1	8590	263544.831012255428	253
1	8601	263580.79402982208	254
1	8605	263828.880532131041	253
1	8622	264380.812857053725	254
1	8626	264672.106330049663	255
1	8632	264983.695698530329	254
1	8639	265196.436104055755	255
1	8643	265244.084749646036	256
1	8647	265297.352861322905	255
1	8658	265426.433347863584	256
1	8666	265875.899507951252	257
1	8668	265948.133852480422	256
1	8673	266040.687748297034	255
1	8680	266171.867020889668	256
1	8696	266652.596933600409	255
1	8701	266759.309837155487	254
1	8708	266965.527356964975	255
1	8712	267139.379296515398	256
1	8722	267405.665424585785	255
1	8727	267601.197749470277	254
1	8734	267703.850539490132	255
1	8742	268056.511840101593	256
1	8746	268072.901343233435	257
1	8753	268457.131034237772	258
1	8755	268511.990649484541	257
1	8773	269162.036047815828	258
1	8775	269194.192264090209	257
1	8784	269541.153283629828	258
1	8792	269800.434407659492	259
1	8796	270015.473607099532	258
1	8801	270111.361902047392	257
1	8808	270211.432226554176	258
1	8811	270253.842163845448	259
1	8817	270588.207080874854	260
1	8832	271149.221672090619	259
1	8837	271174.125961091813	258
1	8846	271501.771743700525	259
1	8856	271672.523795258814	260
1	8864	271798.603157185837	261
1	8866	271888.88306294426	260
1	8875	272134.756923514336	259
1	8882	272368.780168820733	260
1	8900	272983.921628624818	261
1	8906	273018.411426105424	262
1	8910	273047.986881960744	263
1	8912	273291.401891066611	262
1	8921	273358.810346274149	261
1	8932	273896.419512153491	262
1	8938	274182.467761479935	263
1	8946	274486.698331654516	262
1	8953	274649.195424732382	263
1	8955	274734.536737241701	262
1	8964	274990.352680281624	263
1	8972	275157.180122838041	264
1	8976	275292.669950396642	265
1	8984	275659.164801654036	266
1	8988	275719.600805845962	265
1	8995	275743.906662345549	266
1	8997	275932.765046105233	265
1	9006	276048.403162912151	266
1	9016	276327.01194632115	267
1	9023	276495.981495947465	268
1	9030	276861.789552195442	267
1	9037	277068.023792956586	268
1	9040	277158.316501409432	269
2	0	0	0
3	52	2520.644290287472	2388.1371721812
3	59	2777.151773756794	1774.315516453
3	101	4015.482965911232	2974.980738941
3	111	4259.557061745677	3677.532084072
3	135	4985.757128084901	4277.9340988705
3	143	5637.693506012164	3360.9541541304
3	161	6132.292408385205	3513.8007301092
3	182	6855.575116871349	5079.033521844
3	194	7571.618370992023	4674.493734586
3	243	8606.209210211836	5706.3991558523
3	255	9061.911502311431	5850.4766426088
3	274	9541.981209368337	6205.4608604807
3	344	12090.276012763806	8365.4367511513
3	380	13018.482657585719	8840.8301299207
3	389	13256.453830265332	8887.5558000936
3	421	14616.419585634448	7323.1031845294
3	448	15675.672561832197	8256.1872813533
3	474	16379.707422667075	8244.2846371601
3	478	16453.639862638392	8722.762925422
3	505	17456.918211428874	9625.2554008117
3	520	17967.027767282803	9475.515192877
3	548	18659.61576798787	8515.2907944577
3	565	19221.470920006637	9175.7610932062
3	587	19745.543266898844	8704.0810382373
3	606	20452.196268093265	8695.4665827368
3	646	21189.283357121475	8855.701459372
3	669	21841.61927364849	9559.772155901
3	673	21990.597968761302	9505.9485410438
3	701	23121.992736736737	10216.613884149
3	711	23477.638257174645	10951.765905246
3	745	24782.197105093751	9441.9408083708
3	757	25090.070670348086	11733.839992897
3	793	26011.589362212349	10579.844074934
3	799	26138.240132768133	11106.820297703
3	832	26833.929177737687	10483.890466693
3	856	27377.117104081862	11395.046625936
3	863	27436.452155989487	10036.255445881
3	901	28975.007604936563	10951.327275795
3	908	29085.523293680404	11038.986599827
3	920	29560.143013129436	11362.185407246
3	946	30438.133949126009	12366.72788768
3	953	30801.670731900685	10945.565828614
3	983	31949.439253852196	11801.41848167
3	1021	33357.647991767977	13627.959745283
3	1044	34148.785175409593	13472.51901537
3	1054	34442.990727714156	13642.169285283
3	1058	34614.812265325762	13739.169833672
3	1098	36238.813215643992	14631.426803097
3	1144	37323.176039865665	14488.658821787
3	1180	38455.904399229638	14501.295380132
3	1204	39068.02381176584	16158.495894702
3	1227	39648.878022719599	15387.439946513
3	1231	39754.329128359338	16291.019007674
3	1257	40456.639196957355	15076.475849793
3	1261	40474.120903199963	16118.010179672
3	1273	40711.222125756047	15201.34761867
3	1329	42631.817150552251	17213.530807618
3	1347	43194.902446494331	17361.756723853
3	1368	43465.815144980751	17331.080013921
3	1402	44775.995366965315	18397.019113198
3	1444	46092.903111726872	18396.869388172
3	1451	46223.122248396703	17796.728644742
3	1498	47489.890082581794	18567.878995616
3	1535	48694.055271494097	18360.558843843
3	1552	49179.222281399078	17817.072650486
3	1587	50163.17991328282	17483.60268939
3	1616	50855.385665633611	18404.231092697
3	1652	52157.463011283853	19328.193526844
3	1661	52232.864611559442	18804.744106998
3	1713	53818.795324471674	19957.897641084
3	1721	54307.277758604342	18653.310621019
3	1755	55096.361884093739	19637.995858202
3	1763	55249.205486549491	19452.041743672
3	1804	56780.486983089603	20571.806786362
3	1808	57135.26550375713	21221.650218964
3	1823	57575.775269959949	20935.021872569
3	1856	58663.688874029051	21184.487193144
3	1869	59136.097878209212	22664.919396676
3	1886	59524.92186557358	21541.888309199
3	1907	60227.223349251681	22185.632819763
3	1935	60909.911587581466	22008.25565239
3	1952	61334.805998849579	21838.050560402
3	1982	62335.927485058511	21909.023515843
3	1999	62507.662144732558	22023.937492035
3	2007	62907.312424852009	22421.543905589
3	2024	63377.136637457543	23070.272584875
3	2100	65857.830751816238	24354.408858001
3	2110	65951.004740578018	23366.310704458
3	2134	66655.131097017683	24730.546883002
3	2182	67786.278044554301	24345.413761019
3	2193	68083.260161167438	25543.454926318
3	2250	69819.375567632625	25526.661659984
3	2269	70509.031194493602	25720.708896235
3	2284	70836.022348579447	25475.609768535
3	2306	71234.08077219584	26220.403407484
3	2354	72637.113119949083	26309.204557232
3	2362	72933.466568496907	27052.692495794
3	2397	73841.406184181998	27379.538290049
3	2437	75187.564224191839	27781.590037967
3	2450	75507.851881318222	29127.010778856
3	2469	76064.369859258542	28119.91770365
3	2484	76373.213379186075	27365.035355758
3	2570	79362.611470027725	30123.273379915
3	2612	80981.030325387503	30589.747138325
3	2624	81340.512992235329	31060.693141512
3	2646	82148.057357686068	31722.873341823
3	2652	82485.95486943693	32418.640544067
3	2679	83149.970002340581	32735.307942032
3	2715	84259.923344441588	33297.021404293
3	2729	84595.471064810138	32167.875673654
3	2758	85330.209581638585	34026.60178766
3	2764	85781.981353311297	32604.961955062
3	2783	86285.706443889897	32764.392949146
3	2798	86941.159733578991	33361.933977247
3	2837	87910.647304962288	34414.741210832
3	2857	88587.000225557444	34689.113608145
3	2882	89103.74295485994	34118.86661456
3	2916	90634.586028830047	36663.457054273
3	2993	92879.755747810436	35418.778583638
3	3010	93655.695424714025	35733.036322424
3	3050	94745.133065442454	36781.591547416
3	3067	95161.074081620631	35617.45969745
3	3090	95573.456662968632	36774.031464154
3	3107	95898.13935213579	37151.389031531
3	3155	97202.249232184571	37074.663091531
3	3200	98422.917301357623	36626.360270233
3	3208	98618.768422667367	38072.407366032
3	3236	99578.174352514056	38672.978821818
3	3259	100146.146393901167	37592.616925599
3	3293	101548.047567045746	37630.13780353
3	3306	101776.871433258887	38380.954017234
3	3325	102675.451765899446	38008.668340718
3	3335	102767.624378091154	39954.365205656
3	3365	103910.975513347325	38662.474446381
3	3409	105030.660072600899	39457.586962891
3	3419	105537.552554245007	39654.476698072
3	3446	106241.980263321561	40461.296821492
3	3476	106804.835539011715	39646.124322038
3	3482	107014.757999136013	39912.808660338
3	3503	107740.506494081078	40329.325291661
3	3537	108716.94368640749	41129.965928022
3	3548	108767.947282717463	41372.684223446
3	3575	109264.719700404343	41503.3139097
3	3579	109445.09916970363	41826.820962795
3	3611	110300.45949704097	42329.242850851
3	3642	111148.132715950219	42004.263875501
3	3668	111651.639536629332	43212.384115666
3	3672	111846.40235174304	42643.81964865
3	3706	112930.039930891676	43442.041313305
3	3725	113314.15434916587	43657.034014292
3	3740	113757.905210730118	44472.853147121
3	3756	114358.047339609726	43796.202318422
3	3776	114998.482107716514	44067.608035796
3	3780	115050.512307443154	44689.976836803
3	3810	115918.476216365485	45030.252194636
3	3814	116027.061611161066	44286.703594221
3	3864	117028.909488200112	45471.449105904
3	3873	117600.310186984448	45768.681352447
3	3896	118184.401135883196	46299.867423334
3	3902	118280.150779204874	46243.187112886
3	3923	119013.484686204135	46930.351412959
3	3945	119729.350470938622	46312.917495044
3	3964	120084.691544797702	48038.312230237
3	4006	121637.17281498803	48278.699287885
3	4010	121764.14543946357	48298.979046634
3	4042	122837.36970697613	48826.463084396
3	4050	122973.794027723803	49150.699592584
3	4080	124092.943443405345	49089.773390126
3	4088	124271.33398014909	50201.086463165
3	4122	124871.247736400425	50548.918497761
3	4126	125055.170576768831	50166.256015896
3	4160	125984.90577789107	50418.057892115
3	4192	126976.519272849799	50655.178537668
3	4234	128222.932666138247	50701.293937416
3	4240	128494.16851746002	51814.794328183
3	4278	129272.952800643131	51589.100188316
3	4288	129539.050808847787	51000.476599408
3	4305	130165.640592371019	52336.274803376
3	4347	131515.472315913903	52512.896788589
3	4381	132826.524862748072	53951.060477096
3	4408	133467.713999339285	53332.103916931
3	4452	134544.637547683403	54264.116057761
3	4461	134739.47773998687	53907.547253751
3	4482	135635.382311978283	54748.052550178
3	4486	135792.743606938482	54226.185121913
3	4512	136156.21035473505	53917.938878646
3	4525	136637.284539051787	55043.096648205
3	4558	137669.59981309107	54230.618530809
3	4612	139059.407971797944	55961.336017375
3	4629	139652.213642029929	56117.218068476
3	4677	141276.238138797599	57116.379431731
3	4691	141589.376277074651	56519.708396914
3	4701	141817.50265841456	57582.693503822
3	4728	142969.778889185654	57666.593323994
3	4773	144390.904470038102	57391.997255274
3	4815	145541.378935369165	59354.020573082
3	4824	145635.108475276174	58553.671452662
3	4840	145986.955240202041	58653.794795992
3	4844	146166.853976397277	58677.275396814
3	4881	147623.290985634984	59733.130199774
3	4902	148515.776994813667	60198.304919763
3	4920	149174.799911359759	59839.823412614
3	4924	149193.272112897502	59788.350067946
3	4937	149756.108180667179	59288.219871619
3	4960	150306.805965247066	60432.41903955
3	4967	150818.677848373444	61443.299905807
3	5009	152400.926464040266	61513.161109941
3	5035	153395.730868420469	61207.380243681
3	5057	154057.187648758726	60567.299879029
3	5061	154143.141052565443	59461.343914137
3	5075	154617.28126467994	59889.369873249
3	5114	155619.892570572811	61351.967270728
3	5140	156818.969750449495	62007.623841202
3	5164	157267.179336928265	62096.437370349
3	5179	157793.09801507825	61392.802973169
3	5207	158737.852637887435	61773.907909252
3	5238	159689.851331842038	63283.27274484
3	5242	159752.512246024298	62371.489206317
3	5275	160884.706050400528	63750.426068523
3	5279	160962.675939415085	62820.359300303
3	5309	162106.883074025127	62935.409686302
3	5349	163455.580049279051	64801.705591687
3	5353	163673.194821317184	64315.247724109
3	5375	164240.080103912296	62857.656271043
3	5393	164988.881655967299	64904.517790181
3	5402	165014.634084702375	62342.704643515
3	5421	165709.578320336032	65485.05707503
3	5454	166811.176276673469	64034.147753388
3	5492	167753.86826295263	64655.423958378
3	5498	168031.052160478103	63393.660942001
3	5517	168700.612183677468	63650.339432988
3	5541	169333.3121238471	63356.00711001
3	5553	169595.636430530313	63208.380011973
3	5581	170743.552142829541	64642.800497974
3	5599	171163.77363697483	64782.682232019
3	5629	172011.70090616538	65365.391825764
3	5642	172151.284098318685	65407.49080732
3	5656	172705.985475562948	65439.957183377
3	5660	172898.335173065681	66073.907184316
3	5718	174636.642633211706	67006.816831326
3	5750	175701.303081503977	67647.906270652
3	5754	175705.178338772121	67671.466671066
3	5777	176328.11439261629	68206.052568105
3	5789	177019.264045339917	68254.033981336
3	5836	178016.536742989813	69585.284471546
3	5840	178152.897835577343	69135.032147818
3	5844	178434.860975407903	69321.5104682
3	5852	178572.920616835792	69583.730866539
3	5873	179322.411505422462	69829.758767612
3	5905	180465.586909342994	70973.415737854
3	5915	180771.782113472839	71294.056157391
3	5935	181386.621674772788	71181.574754718
3	5945	181719.109024313186	70903.450037594
3	5966	182115.91355370215	71881.413028874
3	6001	183139.827427501698	72075.439445916
3	6005	183231.113070220192	72207.631509387
3	6020	184381.008724310343	72941.592692757
3	6046	184964.821408957679	72879.700860768
3	6068	185695.895840908308	74210.339137283
3	6076	185940.111152016063	73245.01556563
3	6089	186450.548092993816	72698.876674358
3	6113	187042.852936786104	73170.46395978
3	6127	187790.28776589865	74825.88940376
3	6131	187885.551311670308	73864.018935046
3	6158	188894.858562833135	73837.029802163
3	6168	189054.555846472179	74437.526033721
3	6206	190052.327301894224	74360.404882822
3	6231	190594.909265833816	74269.35997922
3	6240	190770.266067021033	74500.828748826
3	6268	191692.371073075076	75300.9806851
3	6280	192135.643284396178	75710.530335251
3	6284	192376.518124033203	75611.342575672
3	6304	193156.949467415428	76597.154157532
3	6332	194545.325735293767	77731.484499012
3	6361	195848.308978780082	78887.490844863
3	6365	195853.306102155215	78243.432942326
3	6392	196676.195815113282	78950.65576725
3	6403	196817.591630191049	78910.100444772
3	6418	197348.814515395528	79157.345596457
3	6428	197966.002245481035	78899.915830503
3	6454	198758.037337615064	77354.674678853
3	6465	199381.48739653497	80031.397160075
3	6481	199945.441674888975	79912.367316779
3	6499	200326.801222254029	78997.911787538
3	6522	200802.333753966636	78667.081063915
3	6526	201192.596589104182	78815.786346276
3	6562	202281.149624426355	79320.176743358
3	6569	202383.483070284969	79484.208764006
3	6596	203055.493654767892	79340.940367272
3	6627	204007.480045716188	80117.393351759
3	6631	204136.404147081515	79860.689620009
3	6656	204880.724894235349	80217.00183265
3	6675	205522.379373052067	80657.231819013
3	6709	206683.041094030164	80795.510938836
3	6713	207187.428450527108	81744.942648836
3	6736	207792.028059371254	81639.936287704
3	6751	208209.217357701533	82107.896569059
3	6761	208785.152507006102	81770.367602681
3	6778	209187.531900320641	82412.02427719
3	6788	209462.083846331485	82020.163813543
3	6818	210228.012194445795	82055.512622651
3	6847	211224.212062050096	82725.656937318
3	6854	211548.674044377081	83933.450355157
3	6875	212301.590030629627	83394.692060632
3	6902	213238.482674035155	83881.916225376
3	6942	214935.189511069009	84208.15163038
3	6951	215020.467882816188	86107.163058666
3	6971	215501.673049645938	85174.026985652
3	7003	216635.030340553173	87018.06387093
3	7024	217215.154018486762	85932.306471286
3	7032	217351.1284078364	86251.302661766
3	7056	218199.535903102631	85351.997701387
3	7064	218352.31215573705	86177.981695443
3	7102	219681.354635943167	87353.991559875
3	7142	220627.938372128152	87466.198183498
3	7153	220968.889613822947	87692.381527881
3	7157	221083.055193655633	87092.620144254
3	7201	222566.619772725652	88288.214519668
3	7242	223299.40322733342	87300.800474686
3	7264	224105.329603078689	88114.193310771
3	7277	224352.164812852542	87557.827454164
3	7297	224826.449878475138	89372.0131465
3	7312	225370.870137578722	88562.062974695
3	7342	226432.451149642908	88891.495965096
3	7362	226922.903785389762	89117.886486272
3	7376	227397.3206417714	90217.70621908
3	7400	228249.766082513059	88045.884686407
3	7416	228731.912693649972	89937.997547891
3	7448	229234.919640820915	90309.348161757
3	7473	229930.230255882169	90118.236644964
3	7479	230433.119800480524	90120.880081544
3	7497	230815.011010000923	90153.896329997
3	7530	231411.404886255886	90732.849934323
3	7539	231698.364625208521	89988.473879232
3	7579	233336.435952811416	90607.21134999
3	7583	233409.783010164717	90959.931653442
3	7613	234355.465982191706	90628.399570799
3	7645	235609.269666027719	90987.659960495
3	7661	235915.205096118998	92192.142524968
3	7683	236559.098884676093	91124.045740228
3	7694	236989.580757004123	91496.116382469
3	7723	237962.003782979127	91484.475342804
3	7729	238187.866297530451	92901.174875294
3	7750	238700.474428290943	90927.301794851
3	7757	238842.044201428916	92129.065335423
3	7778	239474.096705104139	90775.815378395
3	7795	239935.966374211455	91272.144985697
3	7856	241764.76200505949	92638.687964562
3	7874	242280.32912236723	91878.086616479
3	7880	242577.717043737391	92284.062810092
3	7908	243121.334535173055	90720.488406397
3	7912	243137.342059939083	91924.290107582
3	7924	243434.657831646944	91197.30974849
3	7952	244100.804939417611	91633.988333153
3	7956	244145.269136168909	91876.653356563
3	7976	244736.92583784319	91669.753658505
3	8023	245959.649637787114	91157.571791346
3	8027	246035.869936850767	93553.325251477
3	8044	247009.772177544337	91946.453074799
3	8099	248495.401428927179	92835.791338158
3	8111	248858.872498069804	92962.882941391
3	8134	249420.283774909074	93222.608831939
3	8144	249709.089801275086	92512.326258319
3	8170	250508.09036668248	92948.738896522
3	8194	251368.651833756338	93782.867644076
3	8286	253433.540777385678	94571.150772879
3	8290	253500.839562528682	94272.137785362
3	8324	254836.106184673008	95406.313175303
3	8328	254993.623347395016	94384.769851515
3	8368	256185.344991517169	94049.893633094
3	8372	256225.810618585419	95347.481265439
3	8406	257385.440554880453	95676.220513311
3	8423	257910.193706023018	96596.940501398
3	8442	258185.990609378469	95897.513007295
3	8460	258929.250131490152	95103.294756712
3	8492	259795.87311829525	96493.607724798
3	8496	260103.415831139754	96221.766647034
3	8522	261237.000473494153	96636.606963692
3	8531	261391.209443538366	97276.480185137
3	8567	262997.145154847275	98053.083942381
3	8582	263297.214613352819	97313.110979828
3	8597	263562.785525450925	98120.343227501
3	8612	264098.778835058654	97688.200760139
3	8618	264376.630771188913	98144.683291923
3	8654	265330.149692465467	98652.222789222
3	8690	266455.75765568621	99198.398731947
3	8694	266507.714515450327	99366.842200627
3	8716	267312.27517776276	99770.203702556
3	8750	268256.047668558057	100405.42508441
3	8788	269707.271809513598	100407.26041124
3	8821	270735.755271379348	99969.375114472
3	8850	271545.446106689899	100764.5493153
3	8873	271917.795145445016	101042.83968261
3	8888	272642.168262999949	100579.29319168
3	8896	272897.36072118479	101516.76903552
3	8928	273864.209900825203	100620.09219529
3	8942	274210.993851514977	102733.15516185
3	8968	275127.227803700116	101788.27929513
3	8980	275531.619802062318	102201.12515496
3	9012	276127.902978193865	102530.79687016
3	9020	276404.676308993694	103061.73098321
4	251	8983.333226657364	5885.0428393674
4	293	10138.118822358973	6715.5839811926
4	325	11539.386125412662	8129.9522456574
4	337	11992.765332396034	5658.9052030455
4	395	13794.50196033426	7091.478607882
4	428	14855.049650139067	7075.5126044417
4	577	19341.886253234424	10263.392362331
4	614	20623.416082943682	8608.3734146397
4	881	28110.111521930327	10487.199153013
4	979	31770.303658899744	13151.387521717
4	1094	36214.39348975984	14797.648462846
4	1133	37176.822271848522	15173.226749197
4	1151	37510.772524448936	15732.906060283
4	1189	38755.017622400499	14442.258133684
4	1298	41554.432271896755	16080.822096298
4	1389	44198.686590090819	16779.550944891
4	1396	44451.11278031809	17714.532665548
4	1492	47405.178797755816	17810.473701409
4	1531	48503.026183572093	18877.209859717
4	1572	49787.105743054726	18175.871930194
4	1671	52765.362964326942	19735.784142024
4	1795	56354.770588165576	21027.078438262
4	1967	61822.48822824886	22701.262003702
4	2059	64725.002724827163	23293.071705766
4	2066	64861.562904881741	22940.398101817
4	2126	66378.736611575315	23614.882338
4	2205	68682.072462160968	23914.363940698
4	2228	69286.146408532242	25973.109356816
4	2318	71814.120896720224	25585.075700841
4	2326	71938.033945111985	25617.289300107
4	2488	76436.992728887955	28153.015476364
4	2534	78322.394073624993	28746.360283562
4	2538	78333.545680063273	28721.495992143
4	2582	79832.992086204197	30129.691193352
4	2743	85185.124495754447	33078.516035511
4	2874	88964.556315141629	34401.5341048
4	2924	90815.895106371922	35469.796350092
4	2952	91479.064006096182	34230.269031595
4	2956	91493.885724936511	35382.084545306
4	2997	92953.727442874472	35225.220812069
4	3026	94132.247933110652	35984.264627301
4	3126	96315.516309466643	36264.874795557
4	3149	96970.726317112233	37136.769009679
4	3194	98297.060031165268	37880.75579392
4	3253	99977.993088421311	37902.279651165
4	3378	104128.447124714461	39009.115221403
4	3391	104333.324806327832	38607.980836219
4	3442	106229.819917006848	40187.59230432
4	3619	110558.540343650116	42333.180829744
4	3976	120785.744005293488	47672.646452674
4	4173	126264.960533034488	49808.820436057
4	4204	127455.807685738861	49788.398683321
4	4326	130934.714856751695	52335.277609712
4	4437	134199.479669228629	54992.332883257
4	4546	136934.798606038931	54409.538327806
4	4588	138621.920805304218	56053.002252325
4	4669	140712.917990087033	56617.244621287
4	4743	143318.755853835927	57956.293109546
4	4777	144608.413942391889	57898.589618209
4	4885	147680.115292119698	58550.570624876
4	4993	151912.148573492559	58909.183291896
4	5098	155168.547043584721	60080.416392059
4	5203	158646.607344868499	62399.814161696
4	5305	162035.613669353443	63649.70727966
4	5406	165278.991963463741	62525.227802666
4	5699	173950.252639531065	65973.096169269
4	5714	174075.662772411916	66245.550405586
4	6308	193477.156115976073	76950.388876271
4	6325	194310.049153529949	77399.440251279
4	6530	201272.626321267774	79036.658467867
4	6679	205639.965862798011	81126.693006025
4	6814	210059.637056981124	81774.620052409
4	6895	212904.282736469499	84074.697532037
4	6938	214661.681751088151	84858.858789515
4	7111	219780.688661896536	85947.123227366
4	7213	222763.061887694963	87772.094556841
4	7372	227299.280490606005	89291.274991184
4	7549	232255.981005933981	90400.628730794
4	7605	233906.302272044968	90749.288288543
4	7818	240572.216846934434	91929.518857057
4	8001	245218.8304188856	92634.616611641
4	8065	247673.413957262854	93059.382646089
4	8072	247936.902367063712	92810.539304404
4	8217	251807.89643462832	95012.231563956
4	8227	252074.07068092234	93334.251282078
4	8254	252615.12933769348	94922.795524952
4	8546	262171.46897171482	97281.974525009
4	8662	265631.186544344272	98689.78007895
4	8720	267338.572495233711	100124.66917772
4	8738	267913.673717752947	99706.408345724
4	8767	269074.452472988959	101658.45572471
4	8825	270796.773176426916	100016.99764628

