version 2
run Iteration-38-20200521-09:53:03-39924
attr configname Iteration
attr datetime 20200521-09:53:03
attr experiment Iteration
attr inifile omnetpp.ini
attr iterationvars "$i=4, $j=3, $0=15-(4+3)"
attr iterationvarsf i=4,j=3,15-(4+3)-
attr measurement "$i=4, $j=3, $0=15-(4+3)"
attr network Network
attr processid 39924
attr repetition 0
attr replication #0
attr resultdir results
attr runnumber 38
attr seedset 38
itervar i 4
itervar j 3
param **.resourcePool.amount 4
param **.resourcePool1.amount 3
param **.resourcePool2.amount 15-(4+3)
param **.source.interArrivalTime exponential(6min)
param **.delay.delay uniform(4min,28min)
param **.delay1.delay uniform(10min,28min)
param **.delay2.delay uniform(4min,16min)
param **.allocate.resourceModuleName "\"Network.resourcePool\""
param **.allocate1.resourceModuleName "\"Network.resourcePool1\""
param **.allocate2.resourceModuleName "\"Network.resourcePool2\""
param **.deallocate.resourceModuleName "\"Network.resourcePool\""
param **.deallocate1.resourceModuleName "\"Network.resourcePool1\""
param **.deallocate2.resourceModuleName "\"Network.resourcePool2\""
param **.router.randomGateIndex "uniform(0, 1) > 0.2 ? 0 : 1"

vector 0 Network.allocate queueLength:vector ETV
attr interpolationmode sample-hold
attr title "queue length, vector"
vector 1 Network.allocate1 queueLength:vector ETV
attr interpolationmode sample-hold
attr title "queue length, vector"
vector 2 Network.allocate2 queueLength:vector ETV
attr interpolationmode sample-hold
attr title "queue length, vector"
vector 3 Network.sinkStat lifeTime:vector ETV
attr interpolationmode none
attr title "lifetime of arrived jobs, vector"
attr unit s
vector 4 Network.sink lifeTime:vector ETV
attr interpolationmode none
attr title "lifetime of arrived jobs, vector"
attr unit s
0	0	0	0
0	46	3342.127181850721	1
0	48	3376.850179753896	0
0	57	3549.856628984578	1
0	63	3853.960728462745	0
0	80	4280.177268755065	1
0	82	4292.366788324175	2
0	84	4544.831396251615	1
0	97	4549.198948369117	0
0	199	7142.825971651228	1
0	201	7286.996983290967	2
0	208	7532.410542432895	1
0	225	7703.820362159928	0
0	229	7757.277759084089	1
0	236	8071.817415876234	0
0	356	10858.91391154455	1
0	363	11013.317296369706	0
0	536	15732.380041469322	1
0	542	15976.929128500971	0
0	550	16110.851660146436	1
0	561	16224.202470137953	0
0	565	16517.620655746352	1
0	567	16543.404514040132	2
0	569	16600.774713061191	3
0	571	16737.136951228874	2
0	575	16823.235003716528	1
0	579	16974.735404797273	0
0	661	18916.543049586612	1
0	663	19002.334216425889	0
0	667	19014.161905652959	1
0	678	19459.172207790189	0
0	868	24475.06716382015	1
0	875	24562.183636761596	2
0	890	25045.937914744837	3
0	892	25227.170984820507	2
0	896	25266.476857818948	1
0	905	25395.493532563643	2
0	921	25700.806790466533	1
0	925	25762.981451231394	0
0	1065	28808.705171285265	1
0	1067	28939.49071852528	0
0	1077	29040.650173929552	1
0	1079	29116.152540866599	2
0	1090	29418.325769883026	1
0	1094	29428.371830130149	0
0	1494	40164.22481924829	1
0	1500	40359.556714561349	0
0	1582	42056.751454100108	1
0	1588	42300.540304092686	0
0	1592	42307.127256836769	1
0	1599	42663.791320009153	0
0	1812	47768.018230878314	1
0	1822	48023.279503018127	0
0	1826	48090.57153114867	1
0	1833	48188.703998196442	0
0	1857	48734.59713826634	1
0	1859	48738.730653974421	2
0	1861	48794.611405550507	1
0	1865	48895.830308240581	2
0	1867	48996.907271005193	1
0	1875	49008.747265833435	2
0	1877	49026.35163008468	1
0	1895	49337.703514527102	0
0	1899	49493.565347400163	1
0	1901	49802.232789776293	0
0	1959	51228.438698105655	1
0	1965	51379.803850284783	0
0	1985	51767.130512639213	1
0	1992	52027.785769004825	2
0	2003	52481.140302984227	3
0	2010	52726.300878091622	2
0	2014	52810.313623032538	1
0	2018	52895.271607652681	2
0	2028	53104.636686116795	1
0	2032	53265.996758813558	0
0	2036	53330.148119417307	1
0	2043	53636.716939272879	0
0	2061	53877.582710696738	1
0	2063	54014.169933280913	0
0	2322	61288.252406599767	1
0	2324	61316.18896944404	2
0	2330	61377.001327359104	1
0	2343	61442.008024576086	0
0	2506	65900.078588802851	1
0	2512	66167.652274945	2
0	2514	66296.165249462957	3
0	2520	66434.039873215625	4
0	2522	66547.401925349585	3
0	2527	66696.294892739489	2
0	2540	66776.525759571859	1
0	2548	66810.681627248775	2
0	2550	66927.283638160132	1
0	2554	67189.950746796629	2
0	2556	67220.001585605163	3
0	2558	67235.436285135979	4
0	2560	67288.555955836107	5
0	2567	67414.81233668939	6
0	2569	67420.604401105992	5
0	2573	67712.646042810567	6
0	2580	67798.960291312332	7
0	2582	67807.097718407586	8
0	2584	67915.57905828028	9
0	2590	68103.00931891983	8
0	2594	68164.329522089729	7
0	2598	68165.469346794687	6
0	2602	68233.760328229501	5
0	2606	68239.697291785068	6
0	2613	68293.538676330087	7
0	2619	68510.386086781423	8
0	2626	68529.294100953238	9
0	2628	68678.737666088544	8
0	2641	68922.261452380024	7
0	2659	69195.624067640094	8
0	2665	69333.334736922452	7
0	2669	69358.587190520003	6
0	2678	69507.08426053261	5
0	2686	69717.099994059854	6
0	2692	69843.122798086022	7
0	2694	69844.752560073121	8
0	2700	70307.258446352534	7
0	2704	70346.612594399586	6
0	2708	70448.336109487181	7
0	2710	70502.38186940869	6
0	2714	70557.162801647255	5
0	2728	70708.259783504554	6
0	2730	70836.52151414378	5
0	2738	71035.399504232608	4
0	2747	71186.537115530047	5
0	2749	71225.322790021055	4
0	2753	71278.037454472551	3
0	2757	71419.939700444802	4
0	2763	71602.634182968805	3
0	2767	71730.554717244559	2
0	2775	71765.943994748244	3
0	2782	71867.201783891753	2
0	2786	71884.018704850759	3
0	2793	72147.366648004596	4
0	2795	72433.492440472745	3
0	2817	72791.559946560929	2
0	2821	72877.022336141598	3
0	2823	72919.495502423481	2
0	2827	72964.013909023064	3
0	2833	73240.387094678336	2
0	2841	73292.898911859792	3
0	2858	73500.381745308684	4
0	2860	73594.794286067511	5
0	2862	73599.273780222968	4
0	2866	73733.695053122549	5
0	2880	73955.183727550052	6
0	2882	74025.830269070039	5
0	2886	74026.410722772979	4
0	2900	74379.613556082749	3
0	2909	74440.813087807665	2
0	2913	74516.633850136751	1
0	2917	74640.087931837872	0
0	2949	75709.34693046201	1
0	2951	75735.480748716199	0
0	3000	76480.778349457754	1
0	3006	76656.557558778131	0
0	3014	76844.749658688307	1
0	3016	76910.948667310837	2
0	3018	77165.136239102358	1
0	3027	77365.069886863809	0
0	3031	77425.52991881449	1
0	3047	77660.802079069817	0
0	3057	77791.666058929583	1
0	3059	77909.096928952565	2
0	3066	78006.196166065305	1
0	3070	78145.749557168607	0
0	3388	86431.978099165458	1
0	3390	86442.545252904415	0
0	3521	89653.275446728767	1
0	3528	89832.283160730419	0
0	3623	92202.779844700323	1
0	3630	92333.405783275441	2
0	3637	92615.68474709446	1
0	3641	92674.351412445201	2
0	3643	92844.628546839611	1
0	3652	93054.611961477317	0
0	3660	93182.046304484442	1
0	3671	93345.08451343409	0
0	3874	99145.976891194278	1
0	3885	99191.190320184237	0
0	3909	100025.642937923567	1
0	3911	100047.541621562695	0
0	4219	108260.878869449134	1
0	4221	108415.543862832817	0
0	4225	108464.081231816164	1
0	4236	108764.423823434579	0
0	4387	112179.560760682619	1
0	4393	112211.0687210115	0
0	4407	112709.609484915455	1
0	4409	112716.315884168458	2
0	4415	112843.708223491588	1
0	4419	112980.802598928944	2
0	4430	113290.3202805473	3
0	4432	113327.8007935475	4
0	4434	113369.797750591213	5
0	4436	113444.91529700689	6
0	4438	113544.130645737271	5
0	4442	113564.28792931271	4
0	4446	113587.785837364321	3
0	4464	114249.531396069948	2
0	4473	114361.818999532738	3
0	4475	114362.881909809688	2
0	4487	114616.766606171553	1
0	4491	114673.138596976996	2
0	4493	114810.105875155685	3
0	4495	114821.430389331654	4
0	4497	114836.7535653042	3
0	4510	115176.018385801098	4
0	4516	115335.961467598503	3
0	4520	115434.284281098887	4
0	4522	115521.345373989467	3
0	4545	115821.737688978141	2
0	4549	115837.747418634275	1
0	4553	115955.49394781515	2
0	4559	116170.776839772151	3
0	4561	116225.405724615077	2
0	4569	116290.911765993957	1
0	4578	116440.413929295674	2
0	4580	116479.145669849823	3
0	4592	116523.139168590526	2
0	4596	116550.332930019061	3
0	4598	116579.070605353086	4
0	4600	116699.384963364725	3
0	4604	117102.203288539926	2
0	4608	117120.091781533794	3
0	4614	117159.597110648578	2
0	4631	117431.434954344908	1
0	4635	117618.753072465639	2
0	4637	117719.781792152421	3
0	4639	117765.352745830816	4
0	4646	117944.761630437788	5
0	4653	117990.283671700459	6
0	4659	118146.24352727217	5
0	4663	118148.386366598527	4
0	4672	118581.326530121733	5
0	4674	118657.007877726978	4
0	4682	118694.132229886631	3
0	4690	118878.989747507499	4
0	4701	119005.991248676007	3
0	4719	119693.27264509346	4
0	4721	119824.424761317889	3
0	4729	120039.503795367605	2
0	4742	120201.984225661879	1
0	4746	120369.191285386364	0
0	5089	129132.730508898714	1
0	5091	129301.432889702388	2
0	5098	129379.164260534578	1
0	5111	129710.843907214313	0
0	5260	133624.837241830708	1
0	5266	133740.287614796282	0
0	5297	134352.055367335815	1
0	5299	134552.38535540068	0
0	5303	134558.509668723137	1
0	5305	134602.287004735292	0
0	5314	134635.731324350734	1
0	5324	134859.379436593719	2
0	5326	134966.955827417611	1
0	5348	135407.803123072746	2
0	5350	135575.892432629586	1
0	5354	135601.411684632913	0
0	5548	140556.054411591845	1
0	5550	140619.912352041419	2
0	5562	140899.20761811986	1
0	5566	140930.52225492037	2
0	5568	140941.20018223583	3
0	5570	140957.379742187766	4
0	5576	141107.131022483293	5
0	5582	141147.07137207279	4
0	5586	141269.158528073408	3
0	5595	141368.193351827711	4
0	5601	141842.521528476743	3
0	5605	142008.672791507921	4
0	5607	142017.325199431457	3
0	5616	142223.545696388576	2
0	5624	142281.127342614079	1
0	5633	142516.322301315038	0
0	5647	142897.503046564643	1
0	5654	142949.004446366696	0
0	5747	145476.751898320372	1
0	5749	145494.834010408902	0
0	5925	149575.35724628384	1
0	5936	149722.775780769099	2
0	5942	149921.3834855015	1
0	5946	149994.132250563186	2
0	5953	150047.756442675022	1
0	5957	150062.792303179873	2
0	5959	150195.340695153482	1
0	5967	150243.549097883983	0
0	6114	154704.751397998923	1
0	6116	154715.386901454789	0
0	6148	155730.741064702672	1
0	6150	155761.017681665222	0
0	6174	156068.688157361357	1
0	6176	156277.438969893117	0
0	6698	170344.160022389412	1
0	6700	170438.70155358078	0
0	6821	173930.176395190405	1
0	6823	174032.299835264927	0
0	6904	176412.806918301084	1
0	6906	176429.681134212138	0
0	6914	176455.355943652969	1
0	6916	176507.383583942699	0
0	6920	176556.176408407282	1
0	6932	176832.438703382279	2
0	6939	176927.399284108784	1
0	6951	177410.972558137608	2
0	6953	177532.483808311941	1
0	6975	177901.998683835687	0
0	6985	177985.988807072029	1
0	6987	178044.404113825201	0
0	6991	178056.290172839088	1
0	6993	178125.774793522703	0
0	6997	178235.375541324224	1
0	6999	178314.235951948701	0
0	7008	178405.93178368132	1
0	7014	178484.929441946866	0
0	7018	178501.310166730979	1
0	7020	178529.250669937994	2
0	7022	178547.84207346275	1
0	7026	178656.747838452898	2
0	7037	178861.252102762307	1
0	7041	179162.447315017032	0
0	7055	179412.759835905564	1
0	7061	179678.503177427281	2
0	7071	179788.459713844227	3
0	7078	179946.162205461203	2
0	7082	179957.063843475215	3
0	7084	180050.329769167425	2
0	7088	180318.739626988615	1
0	7092	180448.73838380783	2
0	7094	180545.873543400493	3
0	7096	180545.905916520451	4
0	7098	180610.748844677853	3
0	7107	180678.210816293801	2
0	7120	180839.351333474461	3
0	7122	180941.953709397796	4
0	7124	180943.030406029175	5
0	7130	181078.646241932954	4
0	7134	181177.509953016686	3
0	7138	181316.876537438273	2
0	7151	181525.244445230188	1
0	7155	181596.34185210967	0
0	7179	182104.859567578263	1
0	7181	182378.025278699158	0
0	7206	182665.29269311505	1
0	7212	182985.417971524176	2
0	7223	183048.629380736291	1
0	7227	183132.314186329237	0
0	7231	183225.469621875514	1
0	7233	183326.131430893156	0
0	7246	183735.525796079599	1
0	7248	183811.180758949874	0
0	7267	184213.000385761209	1
0	7269	184239.924882646497	2
0	7271	184537.242973256669	3
0	7278	184593.909693054064	4
0	7285	184615.841365132272	3
0	7289	184766.786846994373	2
0	7293	184790.810749035833	1
0	7301	184985.906790732706	2
0	7303	185035.103821355641	1
0	7316	185247.109464302499	2
0	7322	185383.237153354241	1
0	7326	185426.690367673097	0
0	7419	188145.163438150787	1
0	7421	188183.997702414483	2
0	7423	188205.935372699756	1
0	7435	188705.914360181444	0
0	7449	188864.182826492666	1
0	7456	188979.387851594447	0
0	7460	188980.500484210253	1
0	7462	189248.026441213447	0
0	7525	190724.91975633071	1
0	7532	190793.782166624745	0
0	7566	191786.367485913984	1
0	7568	191830.376089921349	0
0	7572	191887.25306724333	1
0	7583	191918.131666924605	0
0	7669	194244.380261400335	1
0	7676	194420.520253923391	0
0	7685	194612.594241312745	1
0	7687	194684.761797038056	0
0	7798	197218.682303985895	1
0	7819	197842.177157647356	0
0	7831	198155.402779804348	1
0	7837	198187.450621884133	0
0	7853	198757.059223799622	1
0	7855	198868.588483261962	0
0	7928	200580.386033162042	1
0	7935	200799.819328718529	0
0	8239	208943.14399180248	1
0	8241	208960.097305824688	2
0	8248	209062.497481705985	3
0	8250	209072.358792026333	4
0	8252	209082.674376440723	3
0	8256	209148.522259024601	4
0	8272	209490.30064147457	3
0	8276	209656.015458637158	2
0	8280	209774.092523316688	3
0	8282	209858.863422845804	2
0	8308	210149.068116596987	3
0	8310	210150.784468983789	2
0	8314	210161.179375419012	3
0	8316	210271.156579403758	4
0	8322	210554.005761598493	3
0	8326	210665.971956505079	4
0	8333	210742.979748853723	3
0	8337	210863.078857404436	2
0	8345	211017.565681467555	3
0	8356	211326.092444617391	4
0	8358	211355.31833895898	5
0	8365	211511.42545325061	4
0	8369	211555.218895336171	3
0	8378	211716.452178592867	4
0	8384	211906.520461374203	3
0	8388	212112.066471507098	2
0	8392	212178.800542389532	1
0	8400	212327.817694185467	2
0	8416	212605.821120073344	1
0	8429	212712.133324531221	0
0	8433	212951.462401143364	1
0	8435	213031.692163270332	2
0	8446	213238.033741981963	1
0	8459	213473.21625180312	0
0	8463	213582.87000778316	1
0	8465	213684.266100553401	2
0	8471	213698.502914630877	3
0	8473	213728.341039127412	4
0	8475	213910.883124889115	3
0	8479	213943.037269567396	2
0	8488	213992.676260334754	1
0	8492	214063.748238969996	2
0	8494	214086.372437400301	1
0	8502	214184.968534926137	2
0	8508	214446.82719504396	3
0	8510	214488.390509044077	2
0	8514	214521.119386503843	3
0	8531	214844.690585390983	4
0	8533	214848.265164689401	3
0	8541	214963.751306881511	2
0	8545	214979.622679760237	1
0	8549	215137.591765157681	2
0	8559	215407.591680294125	3
0	8566	215601.490140443225	2
0	8570	215619.928308348011	3
0	8572	215640.921977953294	2
0	8585	215841.66918148341	3
0	8592	215905.759272103512	2
0	8596	216025.237673708062	3
0	8598	216074.861376104202	2
0	8606	216377.437503354695	3
0	8617	216727.45701917758	2
0	8630	217044.51424907377	3
0	8632	217109.092400891264	2
0	8641	217274.415841819027	1
0	8645	217370.81190321364	0
0	8673	218000.754296605694	1
0	8680	218179.532675007081	0
0	9285	234434.719851670428	1
0	9292	234620.195200945057	0
0	9296	234704.734357150409	1
0	9298	234727.441194646829	2
0	9300	234804.873212299149	1
0	9304	234958.763673048947	0
0	9662	244015.762452115627	1
0	9664	244102.875458260733	0
0	9677	244549.580226879011	1
0	9679	244556.898121709843	0
0	9687	244661.582725893845	1
0	9689	244769.890233821379	0
0	9759	246193.042555702627	1
0	9761	246198.710609570429	2
0	9763	246255.773764463571	3
0	9778	246813.84246313788	2
0	9782	246841.995722283845	3
0	9789	246963.188196217366	2
0	9798	247300.901178772507	3
0	9804	247516.258412385997	4
0	9815	247623.584535437003	3
0	9819	247638.235914507712	2
0	9828	247736.095109227831	1
0	9836	248000.611151226282	2
0	9838	248026.09536418667	3
0	9849	248171.478612540423	4
0	9855	248197.066022250588	3
0	9868	248536.177010106221	2
0	9872	248643.184444812783	1
0	9881	248699.424094971929	2
0	9883	248797.84632647952	1
0	9896	249057.581194037381	2
0	9898	249204.523111460655	3
0	9900	249248.205652070888	2
0	9917	249561.341531687774	3
0	9919	249574.274768810506	2
0	9928	249837.239122817591	1
0	9941	250273.436450465158	2
0	9943	250316.412033570655	1
0	9947	250343.584598140623	0
0	9957	250596.234095357066	1
0	9968	250760.859309939392	0
0	10128	255609.847413363433	1
0	10130	255637.914954759793	0
0	10204	257491.266664486347	1
0	10210	257654.250161103212	2
0	10217	257805.872439066135	3
0	10219	258010.861919224123	2
0	10233	258247.034876632656	1
0	10237	258305.77180498941	0
0	10246	258494.410817138124	1
0	10252	258632.917541696794	0
0	10256	258633.942991696346	1
0	10266	258752.724607665439	2
0	10272	258981.260551549355	1
0	10276	259191.568168863259	2
0	10283	259243.228608683777	1
0	10287	259293.770295332338	0
0	10291	259428.382387605894	1
0	10298	259561.246442645649	0
0	10453	263942.911264020965	1
0	10459	264075.903801778325	0
0	10525	265347.519606389878	1
0	10527	265395.055021044376	0
0	10535	265527.050453671378	1
0	10551	265835.885603401723	0
0	10555	265965.875799204036	1
0	10561	266004.480013437944	0
0	10878	273918.644362787062	1
0	10888	274280.928783400927	0
0	10892	274337.909128051917	1
0	10894	274381.74054939762	2
0	10896	274588.706482558261	1
0	10905	274704.578468408	2
0	10907	274806.953293780929	3
0	10909	274851.286491830045	4
0	10915	274997.395272937103	5
0	10917	275059.832019585371	4
0	10921	275060.50059555379	3
0	10935	275143.383838127306	2
0	10939	275298.4843329334	3
0	10945	275430.025713382048	4
0	10951	275645.201079531323	3
0	10955	275663.891301083317	2
0	10969	275866.346716175973	1
0	10973	275930.657233601832	2
0	10975	276128.431721659657	3
0	10981	276177.786055936228	2
0	10990	276385.719772140335	3
0	10992	276432.096567785224	4
0	10994	276633.110071016047	5
0	11000	276678.240110485827	4
0	11008	276828.772286998292	5
0	11010	276860.950572660874	4
0	11019	277152.543983611464	3
1	0	0	0
1	36	3199.452024675183	1
1	38	3221.073708805717	0
1	50	3376.850179753896	1
1	52	3465.53031090065	0
1	99	4549.198948369117	1
1	101	4587.439275704092	0
1	107	4625.476452976619	1
1	113	4856.627040993382	2
1	116	4972.137287690934	3
1	119	4976.603230235865	4
1	121	5105.302935590927	3
1	141	5580.24727888474	4
1	143	5690.046294036951	3
1	148	6039.213478848298	2
1	153	6224.635803386337	1
1	166	6598.44730343451	2
1	183	6904.151031491197	3
1	189	7039.524446183712	4
1	194	7123.630910435651	3
1	203	7342.797511288595	2
1	210	7532.410542432895	3
1	220	7687.85056931316	2
1	227	7703.820362159928	3
1	231	7999.397774649744	2
1	238	8071.817415876234	3
1	241	8332.306155281334	4
1	255	8681.452606309882	5
1	260	8736.766197480221	4
1	265	8766.326591515682	3
1	271	8805.515455597957	4
1	273	8932.410709004548	3
1	279	8980.054707138837	4
1	282	9097.787891503524	5
1	299	9480.874283125544	6
1	305	9810.466399838916	5
1	314	10053.546807500101	6
1	316	10055.68924820393	5
1	322	10058.694035106166	6
1	327	10274.900454696228	5
1	340	10430.318431373244	6
1	358	10925.764617690515	5
1	365	11013.317296369706	6
1	367	11025.534367741785	5
1	372	11524.269797097852	4
1	377	11627.121504325188	3
1	387	11805.274850996302	4
1	394	12027.852632338166	5
1	397	12080.316514090571	6
1	400	12087.524415789877	7
1	409	12317.253648716725	6
1	418	12501.861422577833	5
1	423	12519.191736582365	4
1	444	13476.104564619567	5
1	446	13494.505638297346	4
1	451	13604.153779301561	3
1	456	14126.880231913139	2
1	462	14203.058130199849	3
1	488	14681.993809858036	2
1	494	14768.066699667452	3
1	500	14887.464454059352	4
1	503	14894.669969243225	5
1	508	15249.156204344473	4
1	518	15463.586706402084	5
1	523	15577.833189474379	4
1	528	15637.233620093834	3
1	544	15976.929128500971	4
1	556	16191.217866888038	3
1	563	16224.202470137953	4
1	573	16737.136951228874	5
1	577	16823.235003716528	6
1	581	16974.735404797273	7
1	587	17121.176694234793	6
1	592	17160.781246259507	5
1	597	17342.12818690925	4
1	603	17383.691700129985	5
1	606	17564.156289501386	6
1	613	17584.363943408582	7
1	626	17976.36581877615	6
1	631	17988.313761608374	5
1	640	18326.772262569285	4
1	656	18500.391780756789	5
1	665	19002.334216425889	6
1	673	19272.989386863966	5
1	680	19459.172207790189	6
1	682	19496.933823650402	5
1	688	19575.590740598679	6
1	698	19855.932224571227	7
1	701	19963.395035224329	8
1	703	20005.661199394382	7
1	713	20676.619501617762	8
1	718	20750.146484127228	7
1	724	20828.996676358157	8
1	733	20974.432493693826	7
1	739	21214.622056727388	8
1	741	21412.730897445	7
1	754	21624.615581119149	8
1	757	21736.963115941988	9
1	762	21834.467779140879	8
1	771	22007.10609434515	7
1	791	22499.888127450696	8
1	796	22767.230443101145	7
1	801	22769.744169640986	6
1	811	23034.104672261384	7
1	814	23044.506320288638	8
1	816	23185.402602631558	7
1	832	23590.456675462125	6
1	838	23885.427583737971	7
1	841	23918.05086735294	8
1	850	24160.295522635571	7
1	870	24554.151949290146	6
1	877	24716.893222829027	5
1	894	25227.170984820507	6
1	898	25266.476857818948	7
1	900	25380.004220282619	6
1	911	25564.412421876333	5
1	916	25642.751006003169	4
1	923	25700.806790466533	5
1	927	25762.981451231394	6
1	934	25850.273859806644	7
1	944	26253.651833572469	8
1	947	26402.658653709445	9
1	953	26722.067940676353	8
1	961	26775.835729692091	7
1	967	26931.318812768088	8
1	970	27030.741496686941	9
1	976	27145.645941937042	8
1	982	27226.936065846903	9
1	990	27561.986514873571	8
1	999	27626.446596024518	7
1	1009	27690.688762223369	8
1	1015	27845.213637979418	9
1	1020	28067.635254090352	8
1	1036	28447.620427916392	9
1	1039	28471.722202183753	10
1	1051	28706.842763213401	9
1	1060	28799.78735761135	8
1	1069	28939.49071852528	9
1	1072	28949.717433121334	10
1	1081	29156.858281468673	9
1	1092	29418.325769883026	10
1	1096	29428.371830130149	11
1	1103	29661.626698134321	12
1	1106	29708.225008988906	13
1	1108	29818.613195413492	12
1	1113	29868.847654167523	11
1	1123	30147.593750146844	12
1	1125	30185.775270279197	11
1	1137	30494.546934118263	10
1	1143	30541.722202574094	11
1	1146	30545.1085325148	12
1	1148	30676.914731444751	11
1	1169	31272.078296666734	10
1	1174	31504.832893408535	9
1	1196	32320.974890425761	8
1	1201	32344.734374558253	7
1	1209	32783.310893572636	6
1	1223	33114.298461802376	7
1	1225	33192.270886212547	6
1	1231	33229.681648529092	7
1	1237	33287.505771784103	8
1	1240	33309.497068648353	9
1	1242	33324.541862088887	8
1	1259	33948.507913689615	9
1	1261	33951.48506738588	8
1	1270	34231.971651235365	7
1	1276	34654.601317697239	8
1	1281	34798.309420807247	7
1	1286	34825.093866208268	6
1	1302	35084.257656339326	5
1	1308	35268.235858354909	6
1	1314	35693.408377425515	5
1	1326	35990.951821099927	4
1	1336	36098.154071897377	5
1	1338	36227.530009628905	4
1	1358	37092.712689399419	3
1	1367	37120.189655086586	4
1	1369	37121.737653635212	3
1	1377	37545.868107335602	2
1	1389	37744.024378707402	1
1	1399	37947.778905904077	2
1	1401	37955.208581037519	1
1	1411	38176.921007346687	2
1	1417	38311.452945716639	1
1	1422	38376.821198401742	0
1	1428	38476.60666220422	1
1	1433	38618.917503229973	0
1	1443	38938.107109138093	1
1	1456	39419.263307260049	0
1	1510	40687.25434124909	1
1	1516	40810.889195627871	2
1	1522	40895.979993041649	1
1	1535	41303.733333927162	2
1	1538	41346.303510744637	3
1	1548	41532.992545409737	4
1	1550	41547.286238772669	3
1	1555	41756.373850718185	2
1	1560	41823.308730641893	1
1	1590	42300.540304092686	2
1	1594	42409.964535124474	1
1	1601	42663.791320009153	2
1	1607	42764.784132713496	1
1	1612	42803.344321944333	0
1	1622	43084.129842781602	1
1	1628	43179.178770167749	2
1	1631	43324.822803609122	3
1	1634	43345.308440317021	4
1	1636	43444.900584599047	3
1	1648	43719.71339839498	2
1	1653	43864.652305603541	1
1	1668	44519.657298620834	0
1	1682	44676.586241675038	1
1	1685	44771.374393075748	2
1	1687	44832.270667184658	1
1	1692	44835.709857800849	0
1	1716	45319.261414984781	1
1	1719	45614.796141131935	2
1	1722	45965.570651822827	3
1	1724	45977.389205783649	2
1	1732	46244.035279922701	1
1	1741	46346.518940860279	0
1	1747	46421.462477552712	1
1	1752	46645.446669315963	0
1	1764	46787.101521806663	1
1	1778	47110.73809339316	2
1	1780	47144.258840842686	1
1	1785	47150.074546681591	0
1	1791	47155.835449514809	1
1	1796	47275.60483756107	0
1	1824	48023.279503018127	1
1	1828	48126.961375517814	0
1	1835	48188.703998196442	1
1	1837	48286.418202854567	0
1	1843	48389.756239819181	1
1	1852	48724.703481369234	0
1	1863	48794.611405550507	1
1	1869	48996.907271005193	2
1	1879	49026.35163008468	3
1	1885	49212.591038131961	2
1	1890	49336.137373266785	1
1	1897	49337.703514527102	2
1	1903	49802.232789776293	3
1	1906	49932.092743895928	4
1	1919	50173.567996639633	3
1	1924	50340.591839323334	2
1	1930	50364.2347302963	3
1	1933	50617.188853974958	4
1	1935	50786.548845562959	3
1	1947	51013.56772340466	2
1	1967	51379.803850284783	3
1	1970	51433.458865743404	4
1	1973	51436.003537757319	5
1	1987	51840.257106846712	4
1	1998	52311.854116590569	3
1	2005	52633.672463135838	2
1	2012	52726.300878091622	3
1	2016	52810.313623032538	4
1	2030	53104.636686116795	5
1	2034	53265.996758813558	6
1	2038	53478.722150330014	5
1	2045	53636.716939272879	6
1	2047	53798.583654137204	5
1	2052	53806.55915133287	4
1	2065	54014.169933280913	5
1	2068	54111.407252973784	6
1	2070	54121.43950135871	5
1	2080	54301.140562302438	6
1	2083	54458.987176368533	7
1	2090	54664.361372225325	8
1	2096	54919.6142658168	7
1	2101	55196.142864214301	6
1	2106	55250.153652457396	5
1	2132	56323.334164004649	4
1	2138	56381.524717056615	5
1	2140	56433.131397957496	4
1	2145	56441.169521963269	3
1	2151	56648.962008773168	4
1	2168	57491.752878619403	3
1	2176	57563.92387363116	2
1	2182	57578.317751796862	3
1	2184	57798.253971389077	2
1	2208	58513.251411289763	3
1	2210	58645.86975085181	2
1	2215	58689.493337426848	1
1	2221	58689.756280990219	2
1	2224	58868.889119321896	3
1	2227	58901.654174286411	4
1	2235	59165.333463810261	3
1	2251	59576.156231606893	2
1	2256	59780.534839564811	1
1	2266	59818.375006801661	2
1	2268	60126.042903974697	1
1	2281	60382.143344828077	2
1	2294	60488.757932236932	1
1	2302	60842.943075826436	0
1	2308	60925.630367764033	1
1	2313	60931.435644449543	0
1	2332	61377.001327359104	1
1	2334	61400.60207360848	0
1	2345	61442.008024576086	1
1	2348	61614.638351861161	2
1	2351	61663.927945018732	3
1	2356	61731.520566521089	2
1	2369	61925.926094704588	3
1	2375	62256.191034699756	4
1	2377	62265.640616841659	3
1	2386	62302.641721036799	2
1	2392	62353.440872996061	3
1	2395	62514.893473730086	4
1	2397	62526.598929297056	3
1	2410	62943.890511669457	4
1	2413	62974.398651932927	5
1	2419	63131.574953654658	4
1	2435	63661.865603296131	3
1	2440	63792.402939986952	2
1	2449	64185.135598426599	3
1	2459	64502.332524433609	2
1	2464	64599.710412653678	1
1	2470	64931.205619962735	2
1	2476	65181.947064647496	1
1	2501	65866.367102861282	0
1	2542	66776.525759571859	1
1	2552	66927.283638160132	2
1	2562	67395.176949780312	1
1	2571	67420.604401105992	2
1	2575	67742.52781272491	1
1	2592	68103.00931891983	2
1	2596	68164.329522089729	3
1	2600	68165.469346794687	4
1	2604	68233.760328229501	5
1	2608	68270.411857619866	4
1	2621	68528.35909756457	3
1	2630	68678.737666088544	4
1	2632	68747.308303946507	3
1	2643	68922.261452380024	4
1	2649	69098.198923991978	3
1	2654	69139.986070306949	2
1	2667	69333.334736922452	3
1	2671	69358.587190520003	4
1	2673	69447.0305197871	3
1	2680	69507.08426053261	4
1	2702	70307.258446352534	5
1	2706	70346.612594399586	6
1	2712	70502.38186940869	7
1	2716	70557.162801647255	8
1	2718	70586.779342876725	7
1	2723	70627.385108388945	6
1	2732	70836.52151414378	7
1	2740	71035.399504232608	8
1	2742	71067.672715866816	7
1	2751	71225.322790021055	8
1	2755	71278.037454472551	9
1	2765	71602.634182968805	10
1	2769	71730.554717244559	11
1	2777	71790.868236144989	10
1	2784	71867.201783891753	11
1	2788	71929.34783400593	10
1	2797	72433.492440472745	11
1	2803	72505.631750244525	10
1	2812	72634.907593369462	9
1	2819	72791.559946560929	10
1	2825	72919.495502423481	11
1	2835	73240.387094678336	12
1	2843	73392.655584283158	11
1	2848	73404.797208491691	10
1	2853	73463.32323849189	9
1	2864	73599.273780222968	10
1	2884	74025.830269070039	11
1	2888	74026.410722772979	12
1	2890	74148.015434266877	11
1	2895	74151.354834383339	10
1	2902	74379.613556082749	11
1	2904	74397.091632164993	10
1	2911	74440.813087807665	11
1	2915	74516.633850136751	12
1	2919	74640.087931837872	13
1	2934	75132.964486987958	14
1	2936	75263.630479778972	13
1	2944	75661.58285516499	12
1	2953	75735.480748716199	13
1	2955	75850.912546409272	12
1	2961	75929.591040896231	13
1	2964	75949.325013618902	14
1	2970	76047.689460310963	13
1	2979	76347.668233176914	14
1	2995	76461.872726097681	13
1	3008	76656.557558778131	14
1	3020	77165.136239102358	15
1	3022	77171.906055474639	14
1	3029	77365.069886863809	15
1	3033	77447.361563319318	14
1	3042	77651.890170182911	13
1	3049	77660.802079069817	14
1	3052	77742.055488311332	15
1	3061	77945.846252126604	14
1	3068	78006.196166065305	15
1	3072	78145.749557168607	16
1	3079	78245.48415873518	17
1	3085	78314.077486453826	18
1	3092	78482.684337508648	19
1	3098	78979.981564720971	18
1	3106	79070.332734143339	17
1	3112	79101.197069243322	18
1	3117	79317.303890522554	17
1	3126	79508.135383194069	18
1	3133	79591.401332511345	19
1	3136	79594.358111584012	20
1	3142	79958.191432421905	19
1	3152	80187.017842475235	20
1	3157	80512.485534736871	19
1	3162	80605.274690730475	18
1	3175	80739.119530828769	19
1	3188	81109.282648330203	20
1	3190	81141.099605942023	19
1	3198	81331.682235060244	18
1	3204	81452.847464422577	19
1	3210	81555.826287358977	18
1	3222	81699.516176735569	19
1	3233	82077.321496986863	20
1	3246	82354.672615991107	21
1	3252	82415.053123202794	22
1	3255	82455.774690767646	23
1	3257	82572.926880679903	22
1	3265	82772.584154061951	21
1	3270	82817.853949490919	20
1	3280	83237.03836245174	21
1	3283	83306.570117143182	22
1	3289	83501.816454004474	21
1	3295	83637.129764312303	22
1	3301	83760.713206782922	21
1	3309	83827.601683642594	20
1	3318	84429.845536254324	19
1	3326	84604.575150508419	18
1	3344	84775.468749637622	19
1	3349	85492.688977615787	18
1	3361	85747.919821828581	17
1	3370	85969.548523884252	16
1	3376	85990.202033234396	17
1	3392	86442.545252904415	18
1	3394	86443.01078445266	17
1	3399	86607.782102726377	16
1	3405	86657.141667647795	17
1	3407	86751.433588175089	16
1	3417	86893.258971869475	17
1	3424	87041.578836234164	18
1	3437	87920.859505655123	17
1	3442	87928.690769175045	16
1	3447	87945.9995293822	15
1	3453	88040.212027184784	16
1	3460	88191.11272251067	17
1	3476	88642.520619707168	16
1	3481	88697.04652996359	15
1	3493	89160.442533986633	16
1	3499	89246.169994184626	15
1	3505	89291.483568971444	16
1	3523	89724.247781235711	15
1	3530	89832.283160730419	16
1	3533	89937.408986759115	17
1	3540	89997.275501094861	18
1	3545	90325.411644071318	17
1	3553	90562.463087197272	16
1	3559	90797.98827184584	17
1	3562	90806.731744936821	18
1	3568	91134.375791517995	17
1	3573	91205.472916431711	16
1	3582	91421.124316217589	17
1	3589	91475.057477038907	18
1	3591	91488.565292199952	17
1	3605	91972.909568475833	18
1	3625	92284.35643240063	17
1	3632	92429.556026054524	16
1	3639	92615.68474709446	17
1	3645	92844.628546839611	18
1	3647	93015.641175731895	17
1	3654	93054.611961477317	18
1	3662	93261.555050570496	17
1	3673	93345.08451343409	18
1	3676	93620.078749092016	19
1	3682	93730.858627632139	18
1	3691	93747.9052482657	17
1	3696	93989.429102499016	16
1	3702	94140.751249609546	17
1	3716	94294.159855278381	18
1	3722	94747.801036613049	17
1	3728	94984.068070919134	18
1	3730	95130.458392351745	17
1	3742	95476.220260864102	16
1	3751	95796.014129924343	17
1	3757	95901.286128768577	16
1	3770	96090.459351567189	17
1	3772	96107.389551598566	16
1	3780	96557.11157800255	15
1	3789	96724.374883176746	14
1	3799	96763.549800946096	15
1	3806	97186.667772217177	16
1	3813	97331.797516841479	17
1	3815	97515.499946419029	16
1	3820	97521.294177427875	15
1	3825	97783.414789732524	14
1	3844	98224.036586135505	13
1	3849	98439.605506362381	12
1	3869	99084.8283535264	13
1	3876	99152.112640744054	12
1	3887	99191.190320184237	13
1	3889	99199.259646963207	12
1	3895	99252.208725736506	13
1	3897	99519.085456181305	12
1	3913	100047.541621562695	13
1	3920	100206.086025243408	14
1	3926	100367.164951670894	13
1	3931	100450.868289228408	12
1	3936	100484.657528318452	11
1	3945	100670.04923010722	12
1	3955	100743.486358946862	13
1	3961	101087.826009550742	14
1	3967	101144.690387878546	13
1	3972	101268.617988750218	12
1	3981	101404.078041037532	11
1	3987	101642.686840496171	12
1	3990	101665.624840122318	13
1	4008	102067.352577639293	14
1	4010	102420.780683966333	13
1	4018	102752.669234648226	12
1	4024	102784.58821500915	13
1	4029	103028.913962861511	12
1	4041	103237.843890279511	11
1	4051	103278.302718416447	12
1	4058	103519.246760568566	13
1	4061	103728.36997173185	14
1	4063	103952.330951087165	13
1	4068	104038.007813632468	12
1	4077	104155.321590937553	11
1	4104	105484.235893045759	12
1	4106	105488.342436710252	11
1	4111	105516.067602124053	10
1	4117	105532.3568856495	11
1	4119	105540.814997075105	10
1	4132	106091.117306632861	11
1	4134	106109.333669412761	10
1	4150	106378.34491796417	9
1	4163	106570.926436309219	10
1	4170	106670.613301756681	11
1	4172	106841.393878135818	10
1	4177	107087.520521977896	9
1	4183	107200.327067355935	10
1	4185	107411.957243680834	9
1	4203	107823.752279711875	8
1	4223	108415.543862832817	9
1	4227	108534.032087666894	8
1	4238	108764.423823434579	9
1	4241	108810.22922115599	10
1	4243	108908.558764494836	9
1	4249	108978.324268898102	10
1	4262	109111.826538697427	11
1	4264	109222.391893049682	10
1	4272	109234.273789154354	9
1	4278	109279.583656977582	10
1	4285	109697.468785095616	11
1	4295	109900.771119639616	12
1	4297	109942.5509553924	11
1	4310	110293.949208529547	10
1	4318	110410.306573493395	9
1	4327	110492.748895604708	10
1	4330	110582.920412400436	11
1	4347	111472.88541787823	12
1	4349	111490.781394485265	11
1	4354	111512.844874221811	10
1	4360	111722.884517130086	11
1	4362	111830.787073375646	10
1	4371	111893.066897967262	11
1	4395	112211.0687210115	12
1	4397	112389.631596362198	11
1	4402	112683.309802738831	10
1	4417	112843.708223491588	11
1	4425	113210.996216053132	10
1	4440	113544.130645737271	11
1	4444	113564.28792931271	12
1	4448	113587.785837364321	13
1	4454	113845.956488173435	12
1	4459	114179.000200200707	11
1	4466	114249.531396069948	12
1	4468	114252.577494952817	11
1	4477	114362.881909809688	12
1	4489	114616.766606171553	13
1	4499	114836.7535653042	14
1	4501	114850.835713833551	13
1	4518	115335.961467598503	14
1	4524	115521.345373989467	15
1	4526	115525.475589234371	14
1	4531	115576.42013792868	13
1	4536	115576.580233206953	12
1	4547	115821.737688978141	13
1	4551	115837.747418634275	14
1	4563	116225.405724615077	15
1	4571	116290.911765993957	16
1	4573	116295.769203407571	15
1	4582	116502.837365955095	14
1	4587	116504.116025913496	13
1	4594	116523.139168590526	14
1	4602	116699.384963364725	15
1	4606	117102.203288539926	16
1	4616	117159.597110648578	17
1	4626	117393.290915494765	16
1	4633	117431.434954344908	17
1	4641	117871.835158385326	16
1	4648	117970.351140862212	15
1	4661	118146.24352727217	16
1	4665	118148.386366598527	17
1	4667	118285.240861061941	16
1	4676	118657.007877726978	17
1	4684	118694.132229886631	18
1	4692	118917.94534103933	17
1	4703	119005.991248676007	18
1	4705	119316.992247916748	17
1	4710	119404.798037927578	16
1	4723	119824.424761317889	17
1	4731	120039.503795367605	18
1	4737	120169.388838102922	17
1	4744	120201.984225661879	18
1	4748	120369.191285386364	19
1	4754	120650.971643358459	18
1	4759	120698.8596230801	17
1	4765	120820.366021812181	18
1	4772	121165.509793400447	19
1	4782	121717.49221873743	20
1	4785	121809.569425993984	21
1	4787	121816.143191885084	20
1	4795	121932.301492348303	19
1	4803	122269.449600955452	18
1	4813	122565.835776924015	19
1	4819	122855.918488793065	18
1	4834	123138.830021591738	17
1	4840	123179.935282786816	18
1	4845	123251.566769430395	17
1	4851	123319.899387310543	18
1	4864	123729.176838148375	17
1	4874	123958.068827916053	18
1	4877	124002.946954237694	19
1	4887	124193.453752530792	20
1	4892	124206.426400426756	19
1	4901	124605.825461309393	18
1	4907	124620.657356811421	19
1	4912	124660.809773793325	18
1	4921	125283.605066192945	19
1	4928	125391.640084216069	20
1	4930	125493.910039570064	19
1	4940	125566.607494374964	20
1	4942	125703.612935041999	19
1	4947	125882.26736746354	18
1	4953	126191.940707086007	19
1	4973	126742.549504764359	18
1	4978	126811.204663833594	17
1	4983	126964.234940688939	16
1	4992	127180.815122070782	17
1	5002	127544.407783502519	18
1	5011	127633.553447868656	17
1	5016	127655.287496503324	16
1	5022	127698.803522290857	17
1	5028	127832.609086444018	18
1	5041	128217.304886491964	19
1	5043	128261.482040202127	18
1	5052	128418.988662708542	17
1	5065	128774.933253676021	18
1	5072	128893.794257997229	19
1	5074	128972.334585772808	18
1	5093	129319.671890754135	17
1	5100	129379.164260534578	18
1	5106	129631.779646381727	17
1	5113	129710.843907214313	18
1	5115	129929.948415933059	17
1	5121	129981.554727695494	18
1	5128	130121.71634036656	19
1	5139	130451.244616514355	20
1	5141	130627.884235843997	19
1	5146	130771.592613188432	18
1	5152	130786.684026217097	19
1	5154	130790.384442621833	18
1	5171	131501.00799032384	19
1	5173	131540.283392688251	18
1	5182	131671.358798043685	17
1	5194	132083.555552694928	16
1	5210	132359.643387749556	17
1	5216	132488.841970898094	16
1	5225	132863.076735597095	15
1	5234	133087.657061442473	16
1	5236	133128.775600101682	15
1	5248	133203.034232702088	14
1	5268	133740.287614796282	15
1	5270	133791.207681607446	14
1	5276	133804.180758828984	15
1	5279	133899.625559249993	16
1	5281	133930.451867896947	15
1	5286	134267.5880992282	14
1	5301	134552.38535540068	15
1	5307	134602.287004735292	16
1	5309	134632.078450042638	15
1	5328	134966.955827417611	16
1	5334	135102.057622816396	15
1	5339	135108.986761581144	14
1	5352	135575.892432629586	15
1	5356	135601.411684632913	16
1	5359	135654.850424412609	17
1	5361	135709.198038849971	16
1	5371	135924.184187457577	17
1	5380	136280.617438582587	16
1	5390	136412.793927470981	17
1	5392	136422.976019145903	16
1	5400	136737.225653335444	15
1	5406	136938.164792358399	16
1	5423	137476.590782111493	15
1	5429	137495.156914073146	16
1	5435	137735.862105507968	17
1	5440	137804.239516919362	16
1	5445	138055.209569504477	15
1	5451	138119.908865934481	16
1	5457	138294.908021051419	15
1	5466	138408.505378481257	16
1	5472	138714.052629028625	17
1	5486	139062.527055768179	16
1	5492	139235.696652428498	17
1	5494	139305.232374213629	16
1	5502	139545.517831226793	15
1	5511	139791.778753268379	16
1	5525	140143.940125998199	17
1	5532	140229.659543842979	18
1	5543	140532.561834994587	17
1	5552	140628.473032765073	16
1	5557	140691.655652869486	15
1	5564	140899.20761811986	16
1	5584	141147.07137207279	17
1	5588	141269.158528073408	18
1	5590	141336.168406139943	17
1	5603	141842.521528476743	18
1	5609	142017.325199431457	19
1	5611	142137.232298688946	18
1	5618	142223.545696388576	19
1	5626	142281.127342614079	20
1	5628	142360.780831297853	19
1	5635	142516.322301315038	20
1	5638	142552.088450750985	21
1	5649	142916.547496328014	20
1	5656	142949.004446366696	21
1	5659	142963.778905111942	22
1	5665	143169.808808989806	21
1	5670	143183.482308175408	20
1	5680	143337.658637570882	21
1	5687	143596.123847381198	22
1	5689	143875.42965759149	21
1	5699	144144.868755103915	22
1	5708	144338.150571090984	21
1	5719	144863.06045947782	20
1	5724	144918.071686370281	19
1	5736	145237.80023123126	18
1	5742	145320.143865826897	19
1	5751	145494.834010408902	20
1	5753	145647.917246988036	19
1	5762	145802.2346532028	18
1	5772	145942.266246782327	19
1	5778	146125.910699283588	18
1	5791	146321.732791638026	19
1	5793	146329.220405874767	18
1	5807	146408.036786407831	19
1	5816	146813.722517437424	20
1	5826	146942.962022754937	21
1	5831	146983.914200693362	20
1	5836	147044.126735819487	19
1	5842	147068.249046080692	20
1	5845	147092.097212479632	21
1	5847	147219.720062678564	20
1	5853	147425.142708923127	21
1	5864	147807.832024982175	22
1	5873	148021.746909441311	21
1	5878	148256.290628371753	20
1	5887	148358.768464323117	19
1	5906	149034.452063819377	18
1	5915	149332.660701385184	19
1	5917	149385.067206799977	18
1	5927	149602.849596086774	17
1	5944	149921.3834855015	18
1	5948	150043.707737905898	17
1	5955	150047.756442675022	18
1	5961	150195.340695153482	19
1	5969	150243.549097883983	20
1	5971	150420.011153338461	19
1	5981	150497.743905219717	20
1	5983	150589.375709416229	19
1	5989	150639.338165229054	20
1	6003	151594.427001574663	21
1	6005	151695.417227756225	20
1	6010	151701.493657404541	19
1	6016	151741.38364334775	20
1	6019	151765.875842306323	21
1	6021	151935.179365556571	20
1	6034	152471.898556218582	21
1	6044	152787.408532213413	20
1	6049	152962.934454899266	19
1	6068	153567.222493812326	18
1	6076	153681.104739179828	17
1	6086	153996.997299687589	18
1	6088	154189.297156566638	17
1	6093	154328.807229703277	16
1	6106	154564.205014178606	17
1	6118	154715.386901454789	18
1	6128	155057.386947313317	17
1	6134	155136.954603931897	18
1	6136	155174.888575207326	17
1	6152	155761.017681665222	18
1	6155	155797.025874983537	19
1	6161	155861.79786005243	18
1	6166	155922.907763520241	17
1	6178	156277.438969893117	18
1	6181	156325.89696455167	19
1	6184	156393.505079045395	20
1	6193	156584.204251283773	19
1	6202	156773.403959851596	18
1	6208	156957.426275133992	19
1	6211	156970.021136497781	20
1	6213	156999.183488614843	19
1	6219	157023.802685497065	20
1	6233	157740.652288451784	19
1	6238	157753.788441369296	18
1	6251	158370.484514972079	17
1	6259	158607.072503069402	16
1	6268	158997.17158301919	15
1	6280	159274.107622932527	14
1	6289	159498.616835014881	13
1	6295	159768.2281762872	14
1	6304	159958.803849816207	13
1	6319	160306.780629355454	12
1	6325	160584.924527760967	13
1	6332	160747.414346817635	14
1	6338	161148.965474018814	13
1	6343	161315.965640099713	12
1	6349	161418.263900658974	13
1	6351	161484.31420648459	12
1	6357	161501.252158484013	13
1	6371	161954.853478172781	12
1	6376	162369.242074836039	11
1	6392	163089.594854764627	10
1	6397	163110.267924750109	9
1	6406	163125.008304282257	10
1	6414	163694.442389827208	9
1	6430	163840.74501120671	8
1	6439	164164.839068064351	7
1	6445	164363.822514659617	8
1	6448	164443.85468021274	9
1	6454	164693.31336541287	8
1	6462	164879.101093895618	7
1	6468	164940.049629406163	8
1	6471	165003.784144128928	9
1	6477	165088.651091955589	8
1	6504	165696.161243027808	9
1	6506	165731.767662716914	8
1	6511	166204.494985679159	7
1	6516	166319.009483611198	6
1	6522	166356.669520929647	7
1	6525	166370.238816734589	8
1	6531	166459.98235477123	7
1	6551	166930.917599256102	8
1	6557	167174.451755166048	7
1	6565	167331.804806161556	6
1	6570	167338.124495312558	5
1	6576	167469.294666927518	6
1	6597	168018.4021646482	7
1	6599	168210.748727081338	6
1	6605	168236.696881690722	7
1	6611	168595.914452628315	8
1	6621	168768.990580588475	9
1	6623	168936.382330056266	8
1	6628	168981.303973812494	7
1	6641	169267.962260458154	8
1	6643	169280.380640646437	7
1	6652	169489.05417594959	8
1	6657	169679.312768801931	7
1	6662	169721.226707153008	6
1	6687	170080.789238790785	7
1	6693	170287.381068852239	8
1	6702	170438.70155358078	9
1	6704	170544.578849256033	8
1	6710	170746.742079527625	9
1	6713	170757.295319050543	10
1	6716	170954.232787499684	11
1	6718	171062.516400115449	10
1	6729	171366.939366726191	9
1	6750	171959.936178897936	10
1	6752	172173.380720449606	9
1	6760	172300.760366614894	8
1	6766	172491.607266656312	9
1	6769	172561.63552584415	10
1	6771	172633.495702221874	9
1	6785	173028.318498953312	10
1	6788	173061.533367001152	11
1	6800	173502.741418352345	10
1	6808	173840.139952773214	9
1	6813	173872.827371246997	8
1	6825	174032.299835264927	9
1	6836	174290.525248714036	10
1	6839	174314.896149881565	11
1	6846	174794.915969401813	12
1	6849	174875.020183364731	13
1	6851	174909.411948883901	12
1	6859	175242.442890821011	11
1	6864	175281.238619303215	10
1	6876	175678.887345522637	9
1	6885	176169.23858981568	8
1	6908	176429.681134212138	9
1	6918	176507.383583942699	10
1	6922	176585.968238558607	9
1	6927	176763.110953729595	8
1	6934	176906.738401744399	7
1	6941	176927.399284108784	8
1	6955	177532.483808311941	9
1	6957	177588.382133344175	8
1	6966	177686.488126581419	7
1	6977	177901.998683835687	8
1	6980	177926.817525676694	9
1	6989	178044.404113825201	10
1	6995	178125.774793522703	11
1	7001	178314.235951948701	12
1	7003	178378.987216597418	11
1	7016	178484.929441946866	12
1	7024	178547.84207346275	13
1	7032	178800.671183509739	12
1	7039	178861.252102762307	13
1	7043	179162.447315017032	14
1	7045	179236.995948908846	13
1	7050	179239.333708146471	12
1	7073	179822.263265108677	11
1	7080	179946.162205461203	12
1	7086	180050.329769167425	13
1	7090	180318.739626988615	14
1	7100	180610.748844677853	15
1	7102	180625.385181244458	14
1	7109	180678.210816293801	15
1	7111	180699.59129060607	14
1	7132	181078.646241932954	15
1	7136	181177.509953016686	16
1	7140	181316.876537438273	17
1	7142	181377.316617337974	16
1	7153	181525.244445230188	17
1	7157	181596.34185210967	18
1	7160	181772.811066145348	19
1	7166	181967.661287115882	18
1	7174	182088.977663228173	17
1	7183	182378.025278699158	18
1	7186	182441.058516118052	19
1	7188	182514.343543039622	18
1	7201	182614.389623463001	19
1	7214	183004.647012587632	18
1	7225	183048.629380736291	19
1	7229	183132.314186329237	20
1	7235	183326.131430893156	21
1	7241	183627.849249476452	20
1	7250	183811.180758949874	21
1	7253	183838.259088108531	22
1	7262	184192.086951728898	21
1	7273	184585.221191327904	20
1	7280	184603.229438459496	19
1	7287	184615.841365132272	20
1	7291	184766.786846994373	21
1	7295	184790.810749035833	22
1	7305	185035.103821355641	23
1	7307	185220.172914340977	22
1	7324	185383.237153354241	23
1	7328	185426.690367673097	24
1	7331	185536.423714376005	25
1	7333	185672.290471816423	24
1	7339	185679.581727694512	25
1	7342	185834.234591337992	26
1	7351	186262.108504690225	25
1	7361	186631.950965177438	26
1	7363	186640.295173358057	25
1	7368	186646.363328160706	24
1	7381	186818.451153923331	25
1	7387	187276.068228417892	24
1	7392	187336.232307238499	23
1	7411	187864.726491678494	22
1	7425	188205.935372699756	23
1	7437	188705.914360181444	24
1	7439	188725.599701009679	23
1	7444	188847.262417061249	22
1	7451	188921.642775433023	21
1	7458	188979.387851594447	22
1	7464	189248.026441213447	23
1	7479	189475.75986716877	24
1	7481	189481.007530746976	23
1	7487	189502.115167057573	24
1	7490	189664.784877271407	25
1	7492	189684.006014661748	24
1	7502	189800.976803031522	25
1	7517	190259.157472286362	24
1	7527	190791.55397317558	23
1	7534	190793.782166624745	24
1	7537	190881.708815681484	25
1	7539	191066.856881342713	24
1	7552	191206.942162025709	23
1	7561	191642.22025075257	24
1	7570	191830.376089921349	25
1	7574	191892.841023957346	24
1	7585	191918.131666924605	25
1	7591	192059.316831530998	24
1	7597	192110.614870959708	25
1	7600	192284.787073927304	26
1	7606	192314.040890345235	25
1	7612	192719.683594215462	26
1	7614	192802.059706324701	25
1	7619	192863.798096433277	24
1	7633	193468.820012768859	25
1	7646	193776.364602465068	24
1	7657	193970.945781288658	23
1	7671	194356.948871782045	22
1	7678	194420.520253923391	23
1	7680	194520.482178740089	22
1	7689	194684.761797038056	23
1	7696	194804.051125233984	24
1	7706	194934.324722342183	23
1	7712	194943.049744066452	24
1	7715	195051.217580658533	25
1	7718	195128.538001826283	26
1	7724	195318.447428748007	25
1	7729	195844.562558807423	24
1	7734	195850.041008237635	23
1	7746	196165.131122658025	22
1	7759	196439.598486890344	23
1	7765	196650.08760145854	22
1	7771	196651.130565571079	23
1	7783	197023.533678647121	22
1	7804	197561.797797670474	21
1	7809	197684.752685327079	20
1	7814	197740.344480635589	19
1	7821	197842.177157647356	20
1	7839	198187.450621884133	21
1	7842	198255.928760526133	22
1	7848	198553.657181184494	23
1	7857	198868.588483261962	24
1	7859	198978.512929975873	23
1	7865	199055.260086863681	24
1	7867	199187.378732908513	23
1	7872	199336.775643533087	22
1	7878	199514.777927565305	23
1	7881	199694.093712869187	24
1	7883	199709.785767029857	23
1	7892	199755.71594630536	24
1	7909	200255.059465324498	23
1	7930	200672.354456290599	22
1	7937	200799.819328718529	23
1	7939	200939.956216165788	22
1	7945	201254.351339072138	23
1	7948	201264.092648718318	24
1	7950	201326.706073218843	23
1	7955	201350.097147665914	22
1	7965	201518.853512749718	23
1	7967	201571.016484225161	22
1	7984	202088.517453753493	23
1	7994	202273.495701216048	22
1	8002	202635.936096353449	21
1	8007	202733.584226949137	20
1	8016	202927.048890364747	21
1	8027	203253.200265776121	22
1	8029	203377.236603479719	21
1	8042	203522.817024617298	22
1	8044	203671.327118646346	21
1	8057	204237.839537733345	22
1	8059	204246.944357326251	21
1	8068	204368.316151425129	20
1	8084	205230.332108816125	19
1	8093	205492.342297523246	20
1	8095	205573.954803191122	19
1	8101	205651.791000885875	20
1	8103	205911.560825500524	19
1	8109	205970.125229726384	20
1	8120	206084.794690577306	19
1	8138	206621.407621709994	20
1	8140	206626.705759437642	19
1	8146	206693.131070719219	20
1	8148	206746.952855238684	19
1	8154	206794.199685711194	20
1	8160	206860.906833263111	19
1	8183	207811.123659318306	18
1	8188	207885.110878415403	17
1	8193	207935.848128562681	16
1	8209	208411.81847598127	17
1	8212	208449.171636826164	18
1	8218	208602.412033054975	17
1	8234	208854.889165082307	18
1	8243	209059.619649397097	17
1	8254	209082.674376440723	18
1	8258	209220.004066718735	17
1	8263	209284.673494428394	16
1	8274	209490.30064147457	17
1	8278	209656.015458637158	18
1	8284	209858.863422845804	19
1	8298	210014.657374378182	18
1	8303	210145.670457111669	17
1	8312	210150.784468983789	18
1	8324	210554.005761598493	19
1	8328	210727.907197173678	18
1	8335	210742.979748853723	19
1	8339	210863.078857404436	20
1	8347	211101.935449773334	19
1	8360	211468.305120535192	18
1	8367	211511.42545325061	19
1	8371	211555.218895336171	20
1	8373	211664.012736823403	19
1	8386	211906.520461374203	20
1	8390	212112.066471507098	21
1	8394	212178.800542389532	22
1	8402	212372.761828526743	21
1	8411	212595.181670796123	20
1	8418	212605.821120073344	21
1	8420	212676.911609942087	20
1	8431	212712.133324531221	21
1	8437	213156.492966841795	20
1	8448	213238.033741981963	21
1	8450	213349.063206382093	20
1	8461	213473.21625180312	21
1	8477	213910.883124889115	22
1	8481	213943.037269567396	23
1	8483	213957.516741227352	22
1	8490	213992.676260334754	23
1	8496	214086.372437400301	24
1	8512	214488.390509044077	25
1	8516	214590.140692718321	24
1	8521	214609.710004461927	23
1	8526	214695.207844274007	22
1	8535	214848.265164689401	23
1	8543	214963.751306881511	24
1	8547	214979.622679760237	25
1	8561	215501.629378776886	24
1	8568	215601.490140443225	25
1	8574	215640.921977953294	26
1	8576	215818.093117756767	25
1	8587	215842.115090141067	24
1	8594	215905.759272103512	25
1	8600	216074.861376104202	26
1	8612	216490.010003019013	25
1	8619	216727.45701917758	26
1	8621	216848.593133084474	25
1	8634	217109.092400891264	26
1	8636	217182.631380572909	25
1	8643	217274.415841819027	26
1	8647	217370.81190321364	27
1	8650	217585.389153776016	28
1	8652	217592.531752269604	27
1	8657	217593.796766383571	26
1	8675	218121.31691880151	25
1	8682	218179.532675007081	26
1	8685	218216.10243113091	27
1	8698	218476.335076112189	26
1	8704	218498.210401729921	27
1	8714	218686.79057821401	28
1	8716	218751.252039071166	27
1	8721	218814.879311902446	26
1	8727	219020.478481332213	27
1	8730	219026.107722939646	28
1	8744	219700.336673390009	27
1	8749	219804.124860778445	26
1	8761	220041.278609018064	27
1	8763	220100.669830471275	26
1	8779	220565.955319916718	25
1	8787	220647.483596108848	24
1	8797	220921.186297096073	25
1	8804	221081.387106690229	26
1	8810	221348.255943538711	27
1	8816	221489.053113786392	26
1	8821	221498.411992864681	25
1	8827	221639.871825405947	26
1	8829	221698.667014637956	25
1	8850	222471.202132500054	26
1	8852	222854.905651371924	25
1	8857	222934.888615287835	24
1	8862	223080.752101838477	23
1	8875	223323.926751076051	24
1	8888	223926.587392926211	23
1	8893	224051.602638402952	22
1	8899	224102.349938305379	23
1	8909	224711.872686991013	24
1	8914	224745.877675628178	23
1	8929	225009.566478613759	22
1	8934	225106.592324256895	21
1	8940	225130.739701880713	22
1	8943	225203.663500695157	23
1	8961	225974.132521476546	24
1	8963	226213.114049337799	23
1	8968	226316.251329993718	22
1	8974	226365.774523764832	23
1	8976	226446.087039813397	22
1	8982	226650.252454567108	23
1	9002	227255.989325402302	22
1	9007	227256.122623458394	21
1	9013	227347.977981184119	22
1	9015	227442.574440432707	21
1	9027	227904.233746779972	20
1	9036	228021.891852086754	21
1	9042	228092.147490897473	22
1	9051	228182.468389697368	21
1	9065	228422.192262197507	22
1	9068	228465.080393618217	23
1	9070	228659.490695392711	22
1	9086	229026.359424378437	23
1	9088	229339.863423338155	22
1	9097	229452.666136631632	21
1	9106	229815.314090109315	22
1	9109	229939.160354509145	23
1	9115	230160.645450914277	22
1	9124	230309.374343156705	21
1	9132	230536.33281705528	20
1	9153	230963.686676561641	21
1	9158	231477.585169821868	20
1	9166	231725.534633766855	19
1	9172	231736.011693882238	20
1	9174	231794.453408915548	19
1	9180	231806.433718088464	20
1	9190	232432.951337644826	19
1	9199	232576.168883787102	20
1	9201	232588.653642479221	19
1	9210	232721.958999235182	18
1	9220	232885.144816226511	19
1	9236	233248.607062662946	20
1	9238	233274.914461811895	19
1	9243	233423.190618321295	18
1	9249	233605.719378894765	19
1	9263	234163.700723603437	20
1	9269	234278.609050465638	19
1	9274	234332.90531021729	18
1	9287	234611.534770704801	17
1	9294	234620.195200945057	18
1	9302	234804.873212299149	19
1	9306	234958.763673048947	20
1	9320	235170.680866725633	19
1	9326	235229.027473947804	20
1	9329	235380.616964852893	21
1	9332	235522.382122580443	22
1	9338	235630.000995943318	21
1	9346	235739.642883233725	20
1	9359	236249.278316136767	21
1	9362	236275.86013546101	22
1	9367	236601.138082403685	21
1	9376	236673.748500619083	20
1	9381	236693.185136048014	19
1	9394	237132.613576611032	20
1	9396	237236.951276302333	19
1	9402	237271.741156164085	20
1	9412	237346.519265998614	21
1	9418	237398.045032229165	20
1	9427	237573.311936497041	21
1	9429	237643.81904714927	20
1	9449	238105.065902300174	19
1	9464	238747.056095484639	18
1	9470	238777.445196411864	19
1	9473	238915.445564639512	20
1	9475	238947.696570811793	19
1	9483	239030.930884741137	18
1	9489	239054.735534140974	19
1	9496	239425.212792441508	20
1	9507	239705.172608305138	21
1	9512	239882.310742778699	20
1	9517	239953.513052502647	19
1	9528	240347.355734985212	18
1	9538	240477.454917538503	19
1	9545	240603.227867829453	20
1	9547	240749.948772631586	19
1	9553	240964.484246527961	20
1	9566	241440.812253231178	19
1	9571	241632.621241817141	18
1	9587	242160.355359831605	19
1	9589	242182.776775151487	18
1	9594	242369.389290206135	17
1	9600	242409.346597225275	18
1	9607	242476.72839016323	19
1	9613	242824.906209427754	18
1	9618	242851.720482368018	17
1	9640	243763.47195323743	16
1	9652	243837.956193430345	15
1	9657	243907.013854961733	14
1	9666	244102.875458260733	15
1	9672	244548.201319152485	14
1	9681	244556.898121709843	15
1	9691	244769.890233821379	16
1	9694	244833.432824609536	17
1	9700	245009.577714977677	16
1	9706	245061.068554101234	17
1	9712	245317.536308712469	18
1	9714	245345.737505985425	17
1	9720	245466.844397361298	18
1	9729	245571.098317984487	17
1	9735	245802.626781635464	18
1	9744	245921.862128050889	17
1	9773	246545.30684391223	16
1	9780	246813.84246313788	17
1	9784	246881.261779684465	16
1	9791	246963.188196217366	17
1	9793	247085.848850697275	16
1	9806	247517.440502114595	15
1	9817	247623.584535437003	16
1	9821	247638.235914507712	17
1	9823	247679.34607088555	16
1	9830	247736.095109227831	17
1	9840	248035.446565203365	16
1	9857	248197.066022250588	17
1	9863	248424.773252056803	16
1	9870	248536.177010106221	17
1	9874	248643.184444812783	18
1	9876	248653.834791757163	17
1	9885	248797.84632647952	18
1	9891	248965.128001125531	17
1	9902	249248.205652070888	18
1	9912	249449.696481348838	17
1	9921	249574.274768810506	18
1	9923	249824.350549776109	17
1	9930	249837.239122817591	18
1	9932	249965.474040569734	17
1	9945	250316.412033570655	18
1	9949	250343.584598140623	19
1	9952	250367.122888285454	20
1	9959	250640.044988430928	19
1	9970	250760.859309939392	20
1	9976	250928.201746974137	19
1	9982	251016.693637870712	20
1	9985	251029.84210176237	21
1	9988	251031.543649310078	22
1	9993	251181.289768630641	21
1	9999	251411.774131140579	22
1	10017	252011.233108101137	23
1	10019	252119.476842522618	22
1	10024	252146.879073688652	21
1	10030	252406.619283262061	22
1	10035	252816.248704094442	21
1	10055	253609.750665053617	20
1	10060	253675.745071234178	19
1	10066	253787.951359994264	20
1	10072	253984.83703273535	19
1	10082	254268.813752313926	20
1	10087	254449.342660611492	19
1	10092	254485.864057512846	18
1	10107	254976.083972902971	17
1	10119	255315.747843049359	16
1	10132	255637.914954759793	17
1	10143	255739.922311881621	18
1	10149	255957.031995434126	19
1	10151	256112.771256832403	18
1	10156	256276.339867144826	17
1	10165	256459.474824946266	16
1	10175	256622.985737443731	17
1	10180	256779.152731919658	16
1	10186	256836.136637400864	17
1	10199	257290.510300882773	18
1	10212	257770.365812258798	17
1	10221	258010.861919224123	18
1	10223	258021.102163847428	17
1	10228	258163.318363144991	16
1	10235	258247.034876632656	17
1	10239	258305.77180498941	18
1	10241	258447.053359990943	17
1	10254	258632.917541696794	18
1	10274	258981.260551549355	19
1	10278	259193.971213837978	18
1	10285	259243.228608683777	19
1	10289	259293.770295332338	20
1	10293	259493.666714109478	19
1	10300	259561.246442645649	20
1	10303	259752.599188483424	21
1	10312	259855.680606171492	20
1	10318	260172.598593101931	21
1	10325	260288.494880001213	22
1	10332	260336.179288811843	23
1	10334	260472.805836658928	22
1	10343	260669.225079746331	23
1	10345	260715.017648832765	22
1	10350	260786.215369427574	21
1	10361	261080.025006162006	20
1	10371	261267.627997221533	21
1	10381	261564.602516405177	20
1	10395	261971.076684827709	21
1	10397	262007.225219706071	20
1	10403	262044.931251799394	21
1	10405	262105.603780832145	20
1	10418	262790.744547657561	19
1	10423	262934.542081166056	18
1	10428	263043.833541005853	17
1	10461	264075.903801778325	18
1	10464	264098.195483248414	19
1	10466	264132.271521855038	18
1	10472	264235.233081164727	19
1	10474	264278.108672631908	18
1	10482	264369.04519886337	17
1	10488	264488.198325853456	18
1	10494	264767.858205782243	19
1	10515	265117.359503133171	20
1	10517	265259.341442124916	19
1	10529	265395.055021044376	20
1	10537	265589.807341517773	19
1	10542	265630.230712575842	18
1	10553	265835.885603401723	19
1	10563	266004.480013437944	20
1	10566	266165.783276727355	21
1	10569	266291.564015746492	22
1	10572	266334.067064408722	23
1	10574	266354.986799383534	22
1	10582	266647.252931615342	21
1	10587	266846.837087198984	20
1	10593	267039.138894390228	21
1	10605	267384.370504116644	20
1	10611	267458.73038539881	21
1	10617	267528.88363901153	20
1	10636	268304.774368423861	19
1	10646	268548.705235249586	20
1	10649	268601.860807207249	21
1	10651	268724.153843887155	20
1	10656	268802.224603300912	19
1	10673	269012.040784978247	20
1	10679	269253.422816553977	19
1	10685	269378.663970395109	20
1	10688	269489.568583237151	21
1	10696	269548.431223502387	20
1	10705	269730.024201782418	19
1	10713	269867.999737085667	18
1	10719	269962.763041651857	19
1	10729	270391.290672929955	18
1	10741	270624.887717086714	17
1	10746	270706.145481674005	16
1	10756	270972.627892955653	17
1	10763	271070.188603117156	18
1	10766	271083.004081145592	19
1	10768	271414.377073759218	18
1	10787	271881.850564625112	17
1	10795	271940.190726704788	16
1	10801	272032.8322095943	17
1	10808	272286.684313151097	18
1	10814	272594.225549796594	17
1	10819	272654.85481809814	16
1	10831	273070.845060732221	15
1	10837	273110.299248354818	16
1	10852	273522.087142253188	15
1	10858	273619.251451659582	16
1	10864	273671.077239019817	17
1	10866	273841.172392262144	16
1	10890	274280.928783400927	17
1	10898	274588.706482558261	18
1	10900	274648.507113253703	17
1	10919	275059.832019585371	18
1	10923	275060.50059555379	19
1	10925	275102.666835613547	18
1	10930	275132.559314537687	17
1	10937	275143.383838127306	18
1	10953	275645.201079531323	19
1	10957	275663.891301083317	20
1	10959	275780.875300206138	19
1	10964	275783.240388652315	18
1	10971	275866.346716175973	19
1	10983	276177.786055936228	20
1	10985	276361.623332561923	19
1	11002	276678.240110485827	20
1	11012	276860.950572660874	21
1	11014	277135.088000644004	20
1	11021	277152.543983611464	21
1	11023	277158.308477509765	20
2	0	0	0
3	74	4040.254576049275	3865.3794793971
3	78	4201.430832905463	2328.4817844629
3	91	4546.479028651021	1875.2096660307
3	95	4549.079031289639	3555.8801900223
3	128	5154.251396473265	2215.1763704234
3	160	6234.112146109041	2891.9849642583
3	176	6805.076449479868	3581.689535152
3	180	6861.015978216893	3745.5325600347
3	245	8349.112275609707	4056.7454872855
3	296	9461.664259101894	4045.9538243767
3	303	9691.005108397414	4260.7172305752
3	337	10402.512417196926	3712.6648405434
3	344	10510.108054945014	3394.251010604
3	354	10814.111065216323	3825.2322586954
3	384	11748.043983703247	4985.0944136042
3	391	11814.738113483113	4671.9121418319
3	407	12227.949004735758	4940.9520214448
3	416	12344.127819821007	3660.8216101636
3	434	12761.41122299615	5004.1334639121
3	441	13138.116739544716	4543.2788971259
3	466	14250.365810472217	4063.3567816661
3	470	14299.53620501212	5170.2243251828
3	477	14415.256705921103	4390.7640434433
3	515	15293.583513473791	4896.6336048428
3	540	15903.568662548398	5362.7381751472
3	548	16100.886852958939	5365.6428282557
3	554	16164.19382063083	5305.2799090863
3	585	17012.165835289053	4825.5283782113
3	610	17572.375457653736	4533.4742664314
3	617	17628.439561979613	3009.5641924412
3	621	17629.312461096492	3215.7367410409
3	653	18429.002237006982	3821.3941814105
3	671	19253.89720803476	4578.3539955582
3	692	19576.684631634463	4374.1402569532
3	710	20391.871348147911	4910.7441723565
3	731	20953.81343827001	4842.9617781236
3	751	21521.593973686878	5879.7367317877
3	769	21857.665251832155	5314.260737792
3	784	22210.738746192075	5693.1180904457
3	788	22242.875824481208	6510.4957830119
3	808	22966.309115834234	6365.534402773
3	823	23224.555051553763	5343.8768231133
3	827	23228.097496948836	4820.4670174194
3	845	23949.47107803445	5032.9280284478
3	863	24252.638168301134	5858.5732153518
3	884	24843.464360520204	5144.1130388928
3	888	24847.658214973054	6174.6076236314
3	909	25559.456790977789	6545.2948853248
3	941	26110.662532536081	5408.1489174
3	951	26495.502739738373	5060.5001212204
3	974	27087.597544904758	5317.1862978107
3	997	27567.956128524385	5493.6666322806
3	1033	28279.247636537767	5644.6195416721
3	1049	28580.138380391483	4992.238613607
3	1058	28742.467950353099	4525.1975444636
3	1088	29186.498920055067	5129.2171530862
3	1120	29977.083596879317	5658.9258875608
3	1135	30329.658062005184	5854.590898185
3	1155	30766.229152534117	6204.0455157725
3	1163	30898.831033542452	5503.3375009788
3	1167	31021.032906727825	4261.3899082959
3	1181	31641.46315931692	4297.957469586
3	1188	31856.365216098426	5966.0554095636
3	1220	33106.349141601433	5611.9830006829
3	1249	33325.879010692008	5255.1312954101
3	1253	33535.792563021143	5822.982428785
3	1268	34037.233200318812	5494.1139710503
3	1293	34854.060309122948	6726.9182217697
3	1297	34918.71284087538	6110.0076695901
3	1312	35526.699021974538	6985.8741958437
3	1321	35739.360798703206	6623.2082578366
3	1345	36324.758576186144	4413.177074881
3	1349	36627.292865322603	7586.6426913931
3	1356	36909.927924726119	6678.4410583514
3	1384	37581.367850232639	4815.4995092869
3	1396	37896.948307318573	5986.4355694577
3	1408	38009.348621483592	6160.4913318069
3	1415	38265.847149690383	4677.7836551859
3	1440	38623.376339602915	5371.6650714727
3	1447	39166.922487247695	4429.2317531554
3	1451	39239.9029082933	4290.0151839681
3	1481	39925.186211088372	2800.1080022268
3	1498	40324.760341107805	3214.8636106865
3	1520	40823.519776969918	4002.2342532607
3	1532	41025.795725941358	3412.0469818175
3	1580	42014.518874842718	2623.9686514356
3	1586	42165.679780686787	2170.5718593579
3	1605	42685.928095336878	2857.2865229514
3	1619	43037.130161082416	2069.5699721067
3	1646	43716.893782806165	3552.6689635579
3	1663	44326.099480470686	2361.6497984753
3	1675	44532.750489008195	2475.9990349081
3	1679	44664.259181106337	3952.9965893954
3	1705	45157.117360640361	3654.3703896505
3	1709	45163.345463540919	3262.0361275044
3	1713	45204.131618486591	2897.0043616498
3	1739	46315.128746550574	4487.8040704201
3	1768	46838.67080875165	3664.0800719104
3	1772	46976.717531001069	3412.4040740559
3	1803	47353.869539281397	2434.0060171741
3	1810	47671.645133482336	2552.1537072501
3	1816	47769.631914174698	3659.3640663916
3	1820	47893.814577059694	3377.9315219454
3	1847	48418.971807720183	1662.8173649499
3	1873	49004.761281762786	2811.7786351467
3	1913	50151.839004745582	3454.3153162397
3	1917	50159.415759189098	3057.757026603
3	1945	50811.997044384354	3407.3838452928
3	1954	51058.349316506229	3865.4098753964
3	1963	51362.636809870476	3594.6185789922
3	1977	51459.513810459568	2845.8329080307
3	1996	52257.923261629931	4167.3517304813
3	2022	52936.635337607979	4197.9046836336
3	2059	53815.19369136966	4919.3633831291
3	2077	54273.168767426208	4779.603420026
3	2094	54910.585862765603	4761.3706154956
3	2119	55476.899152504794	4248.4604543991
3	2123	55567.450285265098	4780.6058559081
3	2159	56734.687350112821	3839.4157424601
3	2163	56820.460482394368	5090.5851202267
3	2191	58046.810056208215	6279.679543569
3	2198	58108.602145770441	6080.8163767656
3	2202	58166.816504864067	4289.2337941673
3	2245	59344.735096717298	6014.5869773
3	2263	59801.982345189776	7320.8420422055
3	2285	60396.963612508073	4956.877329861
3	2320	61194.623933648567	3658.5755024063
3	2341	61418.747896762609	3089.8878719197
3	2363	61828.940636305652	2793.6912670129
3	2384	62288.366619339089	2961.2628367889
3	2407	62772.461866062179	3693.1107818064
3	2417	63047.796256080784	2265.9297026466
3	2429	63429.733415637042	3068.4070646473
3	2433	63525.55108237068	3125.6321673957
3	2453	64422.144259088256	3133.8918524885
3	2474	65070.34341158333	3754.1544421393
3	2489	65358.225395245993	3677.1070610042
3	2499	65523.126703767151	3459.1012902922
3	2534	66734.188115583778	3457.446457971
3	2538	66757.304186378189	4187.7375204255
3	2546	66788.832807019231	4946.4059433188
3	2617	68380.606194330356	2884.5028138719
3	2639	68760.659383621051	3465.5231655389
3	2663	69321.714536087565	4056.500142573
3	2684	69696.633736993995	3400.468487531
3	2690	69806.12718304804	3906.0485942452
3	2761	71465.247356692307	5297.5950817473
3	2773	71734.106516828638	4498.6702316927
3	2801	72458.584797365575	5238.5832117604
3	2810	72547.729305416324	5132.9169687269
3	2839	73261.578393518903	5345.9993352386
3	2870	73780.50201218563	5973.404293778
3	2874	73837.569403681882	6124.9233608713
3	2923	74916.698922293246	7117.7386309809
3	2931	75094.18197060923	6583.7958838278
3	2968	75973.067316785332	7733.3700250003
3	2986	76429.774133592829	7900.4800326396
3	2993	76454.902348076903	6610.1497880038
3	3004	76490.715950112668	6647.5931520266
3	3012	76764.349130332448	7047.2491362726
3	3040	77591.279920434564	8395.6558527945
3	3076	78214.478780483805	7027.9416649538
3	3089	78480.190666429577	8031.8545569424
3	3096	78649.94964206776	7941.6898585632
3	3130	79530.217395095132	7646.1986902444
3	3140	79648.757892036689	7882.8138972884
3	3149	80100.347060497835	8680.407360053
3	3169	80669.725730558735	7376.8268186989
3	3182	80896.197213662773	8748.8305656582
3	3208	81515.115163126938	8551.1012541039
3	3226	81882.292820187164	9005.2704840456
3	3230	82077.168232968061	8482.3739469006
3	3287	83352.139782085893	9618.4447289633
3	3299	83654.404858641311	9699.2211310913
3	3316	84364.886158160843	8273.4421928168
3	3333	84638.64663521944	8199.8913248846
3	3341	84772.183870132891	9062.8369396709
3	3359	85552.204422831521	8641.2557555207
3	3368	85928.628332754476	9567.0974545713
3	3414	86793.097148399786	9367.5672295853
3	3421	86914.05924390058	10069.309585212
3	3428	87425.956079253913	9129.4573522072
3	3432	87512.134325873084	9720.4682669435
3	3474	88524.741861382378	9362.5752422401
3	3497	89234.820640362777	8801.7657793591
3	3515	89518.329865680886	10122.120696558
3	3537	89973.334375984953	8762.8438638422
3	3566	91102.323771227129	10018.524161829
3	3586	91468.180448785303	9795.7216222498
3	3602	91880.963772639618	10242.286731801
3	3658	93117.704067669795	10346.379019457
3	3669	93306.737592579775	10911.213166908
3	3680	93697.380366083113	11484.446386436
3	3709	94247.606330748634	10473.613470943
3	3713	94281.315532848118	9270.9199116973
3	3720	94637.487254288026	8645.8006047732
3	3737	95143.414781840505	9637.8089473621
3	3755	95825.08461985725	9396.2240432579
3	3787	96591.566245343523	8999.5211353468
3	3796	96734.168972251816	7969.0689806453
3	3803	96908.918779674895	8003.1370265247
3	3810	97295.181022213759	8927.8937438924
3	3835	97902.529856189965	8587.3707482151
3	3842	98187.649779926973	8748.816488152
3	3856	98521.652701996245	10045.516817346
3	3866	98768.990322111162	8672.684454914
3	3883	99182.249378803997	9528.9739320752
3	3904	99667.75220748025	8434.5610416285
3	3917	100070.582504911327	9558.0437254025
3	3924	100275.616417650121	8105.687847154
3	3965	101095.779653500753	8421.4282410556
3	3979	101399.483850039421	9348.9571510171
3	3994	101744.186320003101	9747.7213522441
3	4001	101971.424711981776	9768.6448672815
3	4005	101979.677979629366	9646.2721963539
3	4036	103114.939249381302	8956.2001852366
3	4055	103362.166026962909	8088.4909032214
3	4075	104047.230099994669	8529.5281631996
3	4084	104547.414878543455	8580.2216577529
3	4088	104693.50430369365	8358.4264633594
3	4098	104971.297564558665	7033.7422910087
3	4129	106083.042281368727	7517.6100071007
3	4141	106133.365145465239	7480.344821566
3	4148	106307.229835048306	8470.0623173138
3	4157	106388.419917039453	7242.4430258452
3	4167	106636.167305871824	6791.4067241934
3	4210	107872.169550271684	6842.8140362453
3	4214	107971.256546955436	7252.9469002133
3	4234	108724.390327336254	8698.7473894127
3	4259	109084.486381417121	8418.4968014066
3	4282	109321.407671887308	7481.4013915761
3	4292	109764.057451864684	7280.5423991447
3	4304	110163.19009082577	7249.5875097489
3	4308	110210.472466420362	5433.8999973151
3	4334	110755.598268816129	7525.3667725396
3	4344	111326.409002469841	6458.9959146322
3	4385	112079.142116438478	6262.6837771082
3	4391	112185.836333503935	5975.4626579165
3	4423	113031.666485173509	6526.3902433687
3	4452	113841.264004839573	6302.7189166269
3	4485	114485.978449024141	6225.099579575
3	4514	115251.961641829441	6787.8804100133
3	4557	116036.012361319617	6960.2621307208
3	4567	116232.680215623219	7009.8923157934
3	4612	117152.251895420234	6683.3798404144
3	4620	117230.861003333584	6298.7328021175
3	4624	117381.807261101891	7681.5425418078
3	4657	118026.251867605354	7039.327944664
3	4688	118761.08926725562	8433.0410480057
3	4699	118919.424466133098	6739.8637054505
3	4717	119633.985196947933	7554.9639999
3	4735	120067.397240802636	8110.7723733322
3	4752	120468.131881141916	7758.5223962265
3	4769	121148.754820177312	8432.4389360089
3	4776	121215.334878128012	7925.0145975807
3	4810	122279.517195086916	8951.7164015394
3	4817	122761.019002981365	9316.1037059745
3	4829	122876.624079575743	8203.4854825987
3	4855	123497.879054332033	10128.081303741
3	4859	123535.089827800151	8724.9839526445
3	4871	123807.518386498084	9445.6993869653
3	4884	124112.856523852785	8678.5722427539
3	4925	125329.0739150251	9373.5799672099
3	4937	125557.008701313277	10735.578311982
3	4957	126341.990536320836	10171.213696549
3	4961	126382.661132143801	9942.2472028481
3	4965	126616.536746636014	10137.391076786
3	4999	127244.923547545439	10665.852942192
3	5006	127563.614072646927	10443.522291113
3	5032	127865.4564966819	11315.123566663
3	5050	128270.540672648679	10651.787600183
3	5059	128448.981480598331	10504.219850161
3	5069	128885.329739052794	11165.5479469
3	5084	129072.434536600367	11082.1508649
3	5104	129385.925797192361	11620.573051362
3	5132	130187.178476033614	8303.7863872489
3	5136	130217.100189525625	11635.773659404
3	5164	131315.258352423078	9655.8275892777
3	5168	131382.111448207752	9399.0116901533
3	5180	131569.124683268349	12690.134935761
3	5189	132022.311296546714	8886.4898782516
3	5201	132160.430185778058	9292.7452633529
3	5223	132792.163872122648	8594.0247035494
3	5258	133486.825712636095	8426.1171163603
3	5264	133693.989242315176	9669.4564476401
3	5318	134673.581081770352	10030.707662353
3	5322	134691.909161694231	7967.0601350263
3	5346	135299.227951206151	8192.6524525904
3	5375	136021.386603016398	8782.3117266314
3	5410	136957.16925310528	8948.8688586311
3	5414	136995.958524728077	9388.1354854345
3	5418	137066.928731791667	8428.5313574229
3	5455	138226.564436057565	9119.3731610386
3	5476	138714.070283524674	9581.339774626
3	5480	138745.963727729278	9444.5308380269
3	5518	139934.256800996122	7627.3309254891
3	5522	140006.449031429248	8980.5139647433
3	5529	140217.174007512622	8148.8350836562
3	5574	140976.070220686489	7560.6037249614
3	5599	141436.070599295082	9153.5392985902
3	5642	142720.413245880959	9095.5760040503
3	5677	143318.592687593657	8996.3535139806
3	5684	143534.692610759271	9229.5283757554
3	5703	144292.801845787076	9657.0705214363
3	5760	145698.160844409831	10838.781407816
3	5769	145848.213762925921	8704.2083558653
3	5776	146068.70052528556	9963.1730803002
3	5785	146199.840506484725	9562.8899851811
3	5800	146375.035933969526	8757.0989692972
3	5804	146391.629136865842	8039.5314414657
3	5820	146907.591230461367	9158.3155576072
3	5861	147619.061336547129	7914.490185014
3	5894	148657.821840789153	8247.9628402073
3	5934	149718.548767367361	9098.6364153259
3	5940	149782.978673253201	8852.4564183328
3	5965	150236.500507071499	9874.5029630642
3	5978	150454.410260172554	9513.2100779367
3	6000	151389.804992424208	10432.425250236
3	6038	152476.146484855446	11107.953133028
3	6042	152562.218372143798	10553.545580636
3	6059	153237.936687763765	10340.433641199
3	6066	153559.383550595486	10716.120095174
3	6083	153929.806857742253	9487.9427307513
3	6103	154554.694956244894	10224.535636314
3	6122	154754.592745328307	9277.8408470079
3	6126	154846.803731424618	10121.160767279
3	6146	155527.209754085162	10397.97756013
3	6191	156431.964971508824	10981.402182418
3	6200	156757.851897874832	10261.790172449
3	6223	157429.833075087402	10816.078590142
3	6227	157499.409116899588	10566.997991616
3	6231	157611.072804532931	10655.7675192
3	6245	158206.685634788119	10252.021887315
3	6249	158299.477084210129	8839.5877998139
3	6266	158945.17880414601	9783.5022858195
3	6278	159267.935841890038	10318.158782935
3	6287	159415.874906789504	10545.844406464
3	6299	159782.551120785983	10207.193874502
3	6317	160118.299057595316	10055.506754415
3	6329	160604.666264504079	9740.503046017
3	6336	160802.635705910617	11079.859925142
3	6361	161624.829580096522	8315.3364819031
3	6365	161700.927610123517	11706.79535956
3	6369	161763.920350372676	9802.235235295
3	6390	163020.118885815137	9426.2373244001
3	6424	163789.893247568865	9112.6204635378
3	6428	163805.481546647833	9353.9944635784
3	6437	164107.088131077581	9427.5202258788
3	6452	164482.388020638363	8453.5226178675
3	6475	165057.562774186839	10352.811376188
3	6484	165291.566219052294	8895.0830689949
3	6494	165585.755639783923	10103.968603851
3	6498	165622.451104685651	9891.710039983
3	6529	166372.325036106516	7903.26443912
3	6548	166915.065720267478	6823.1959544906
3	6580	167615.063511703158	7820.0945233228
3	6594	167855.661296415958	5361.5681003823
3	6615	168686.865490192542	5562.856678757
3	6669	169723.866226898501	6142.332609764
3	6680	169973.722014553831	5136.8017827433
3	6684	170045.847839861992	4707.9261669812
3	6736	171389.070889979595	5728.7274719363
3	6743	171844.568162439276	6374.0857003358
3	6747	171868.624524982632	5265.6585324982
3	6778	172917.465537229547	6156.0150962389
3	6792	173130.525518599782	5860.85180139
3	6833	174162.972345972419	6340.370588413
3	6843	174497.143267653767	5504.4027098277
3	6883	176102.929872950525	6164.8804336353
3	6892	176212.843844732154	6723.9120629955
3	6912	176444.204829446856	6256.7153144156
3	6945	177048.672145616258	6704.5121232268
3	6964	177617.302297614399	6309.3378472781
3	7030	178743.960615212093	6458.6879825619
3	7059	179598.762772833915	5942.5297925749
3	7118	180738.060830520453	7259.4035466702
3	7128	181071.673193957652	7788.7227371793
3	7149	181499.393379101414	6410.830678253
3	7164	181915.205898439499	6373.776679035
3	7210	182897.986927056672	6065.5482236744
3	7221	183010.310089150328	6597.5031708492
3	7239	183399.487351059909	6843.3109426526
3	7260	183945.142680900057	7557.7524659765
3	7314	185243.946316037212	7832.9737578996
3	7320	185288.541750984262	7302.5529439122
3	7358	186487.147566830727	8520.9977716414
3	7409	187803.360435971875	9146.612597519
3	7429	188229.193180484692	9699.9425105467
3	7433	188546.356394417572	8757.8966805733
3	7468	189305.70140758715	9348.6375641119
3	7476	189454.017045041431	9005.2786612336
3	7499	189762.229564080009	8922.8782306055
3	7506	190026.619888273884	9480.7139717534
3	7546	191119.602234113956	9045.7469486664
3	7550	191201.86647742613	11523.363299999
3	7581	191907.600748706494	10965.647039309
3	7589	191954.589072573919	11408.715529173
3	7604	192301.846105555062	9738.4029466613
3	7630	193144.694057395567	10486.62985241
3	7637	193476.935054907565	11372.075487329
3	7641	193482.938794597979	10497.520823074
3	7693	194739.358792738979	11513.889170863
3	7700	194855.285771192978	11119.759975113
3	7704	194897.391258273159	10684.390872512
3	7741	195947.891096744682	11410.648123488
3	7756	196386.870962321749	11792.961269268
3	7763	196524.865280184781	12284.940397538
3	7775	196788.70499851368	11802.798207781
3	7796	197218.014373024812	11970.904908722
3	7825	197994.8294685873	10572.617266663
3	7829	198030.832997925576	11227.979993935
3	7835	198172.382499897843	10396.664398845
3	7896	199853.350280292328	11930.900351286
3	7926	200551.750188978381	10411.935303226
3	7962	201518.478785317388	12537.978301107
3	7974	201841.642787909127	11670.053768673
3	7981	202016.052150158098	11811.311143379
3	7988	202149.61553220823	11826.892971819
3	7992	202222.924194863058	10734.295270601
3	8024	203216.314095556623	11481.058004586
3	8036	203391.33759336732	12666.417837037
3	8066	204269.44812159612	10359.587208628
3	8075	204691.06182642467	10671.904954505
3	8079	204843.040494844204	10893.438439073
3	8127	206129.835780007758	11885.455518607
3	8131	206390.657658159729	11778.063416847
3	8135	206599.40726345963	10534.462844026
3	8167	207061.208184296153	10060.101785051
3	8171	207169.261686133218	10789.828234225
3	8181	207697.268076078959	10603.57977902
3	8206	208249.095713147887	11281.692479057
3	8216	208593.907679365836	11388.505250056
3	8288	209949.561728436498	11794.158948632
3	8292	209963.685920989134	12745.003617003
3	8296	209997.737211594246	11240.677987795
3	8320	210537.479408532269	10783.428504161
3	8343	210973.488320691509	10588.012131306
3	8354	211117.107974268489	11001.352360643
3	8382	211842.236179252975	11261.850146091
3	8398	212192.136163815853	11760.421644843
3	8427	212694.562363345064	9815.6999141426
3	8444	213205.575397528705	10754.691771009
3	8457	213362.352714600035	9937.1803325423
3	8469	213689.56402523432	9505.3933599637
3	8500	214134.03887543082	9206.7994952891
3	8506	214374.992643404745	9065.5037252988
3	8539	214949.517875893039	8955.6527463318
3	8553	215158.652097331248	9169.2087688181
3	8557	215370.100480873132	9289.6805723014
3	8604	216103.148237319661	8580.900316748
3	8628	216867.728826533892	8119.8262427583
3	8671	217778.93252448737	9784.5682000432
3	8696	218472.09888573922	9528.9548939367
3	8734	219293.253691997268	10230.756210291
3	8738	219536.169252993537	9762.0767296768
3	8742	219574.031741484993	10501.672949459
3	8770	220240.284660719224	11091.762401695
3	8774	220476.976608723396	10327.908492126
3	8801	220986.357606682921	9660.2651620655
3	8814	221441.880414178484	10775.908457673
3	8836	221815.155895819885	11543.999316416
3	8840	221995.715048095205	10640.396709136
3	8844	222080.752887232118	11063.187205765
3	8869	223185.03603774309	11468.58385915
3	8879	223529.50012417499	10578.037723032
3	8886	223602.674701042468	11274.857006857
3	8903	224524.728817084802	11493.036653814
3	8924	224796.160450126971	11111.894349574
3	8947	225282.189291339363	11583.686376708
3	8951	225355.780089562647	11772.910081779
3	8955	225367.992538094519	11639.651498967
3	8986	226715.846863012756	12530.878328087
3	8993	226961.910609593504	12440.79122309
3	9000	227133.733074843881	12686.9058798
3	9022	227586.154198590555	12178.562518296
3	9046	228135.964477157218	13291.273891766
3	9058	228306.725271293888	14242.977032324
3	9062	228419.729108074569	12394.491434367
3	9080	228877.613231368358	13257.68492302
3	9113	230072.402381399642	14230.733199916
3	9122	230231.440970441216	12550.078094732
3	9139	230639.464773463084	14262.027270108
3	9143	230664.938927553485	12280.256408436
3	9147	230856.830674368883	13812.316425295
3	9184	231942.047952189932	13407.280377392
3	9188	232349.126741506158	14348.3724449
3	9233	233241.316769352178	13371.298566732
3	9256	233666.293293789028	13080.717120333
3	9260	234023.818144863362	11880.629654682
3	9267	234247.538470882918	13070.267187555
3	9314	235124.00316904288	11570.871054981
3	9318	235126.59536100551	10542.032321011
3	9336	235548.300436604658	10640.44712471
3	9356	236175.718591386448	11431.33127852
3	9374	236622.106687251477	11874.025174923
3	9391	237076.656977117061	10183.258425558
3	9409	237278.881695391501	11858.377601004
3	9416	237355.027497816826	10259.287505306
3	9447	238053.987499006088	10242.622380948
3	9462	238457.38829312473	10298.006573733
3	9493	239268.950904609635	10583.168007958
3	9500	239512.358988184477	9860.9114380742
3	9504	239601.301614586154	10605.605748196
3	9542	240562.203940620646	9652.5222476819
3	9557	240980.434103812913	9534.3236683032
3	9578	241848.681674120943	10143.406771726
3	9604	242425.939556220437	9910.9004998238
3	9611	242579.458745323117	9568.4405847985
3	9625	243176.524965122343	9562.150250636
3	9670	244527.779647750776	9800.3384531039
3	9685	244618.811963016168	9914.0776058658
3	9698	244858.008859045694	10490.014956848
3	9739	245865.910916747416	9725.2629053708
3	9751	245963.267993109302	10244.997382713
3	9767	246458.831467792387	9705.409161095
3	9771	246545.297654727365	10174.237305415
3	9813	247530.467413771894	10081.847910118
3	9847	248036.485471494497	9917.6235742176
3	9861	248349.785660911348	10027.939726486
3	9889	248869.161611525233	9012.1779092206
3	9906	249256.152405083176	9203.1001577245
3	9910	249277.733914220707	9169.8455248461
3	9939	250075.349576296176	8696.1401372926
3	9966	250688.703562367709	8738.2969273679
3	9974	250904.631621098142	8919.9050018314
3	10003	251581.319933254163	8361.6290661899
3	10007	251614.256501827386	7832.7549707264
3	10011	251725.245113020765	8207.6212471678
3	10042	252935.86656634685	8920.1041142312
3	10046	252946.978716734794	9459.8059678136
3	10050	253178.737171676012	8517.1544457822
3	10079	254232.816388301554	8358.3481666573
3	10099	254544.463092839342	9994.8828659603
3	10114	255086.377866165605	9560.6002860406
3	10126	255359.217550275844	9166.1749945732
3	10136	255709.326175022763	8408.4249962503
3	10140	255727.970063334333	9614.2908127198
3	10163	256444.436048982662	10323.435393596
3	10172	256618.569971129301	10362.796206666
3	10190	256901.834623869401	10703.124014299
3	10208	257609.530588990074	10767.534866706
3	10260	258710.903741868216	10684.808377682
3	10264	258746.634618325162	10047.210523353
3	10270	258791.14700175811	11274.888589372
3	10310	259817.179988073078	11645.701375533
3	10322	260282.554056115452	10721.212524428
3	10329	260288.677828121928	11231.096634085
3	10368	261127.845001008365	10854.408550543
3	10388	261610.309092240405	12405.78598078
3	10392	261963.192378394198	11366.958283037
3	10412	262370.712476197634	9600.6286629182
3	10416	262410.290483726186	10472.207764464
3	10448	263571.844333317023	10368.030003099
3	10457	263974.201330814514	9240.7047300357
3	10508	265025.095450973142	9803.728557514
3	10512	265028.752377349776	10680.646480225
3	10533	265507.27688439749	8476.8240660604
3	10549	265834.997945865509	10225.150532502
3	10559	265978.134380972017	9347.6115611402
3	10603	267210.136441389097	9878.6890219235
3	10615	267465.783370213587	9974.5167057272
3	10624	267666.877918597203	10656.779578623
3	10628	267886.7233967986	10232.473235695
3	10643	268309.527429860083	10503.654990794
3	10663	268814.482755139363	10180.539763443
3	10703	269560.417801355836	10368.849632493
3	10723	270081.865943001588	10653.483555396
3	10727	270149.430154589829	9655.2260980194
3	10753	270828.02937413193	9800.6487120728
3	10760	270987.512341050436	10114.792712043
3	10775	271498.511965852123	8031.0238386038
3	10785	271788.781334685167	8524.4301638439
3	10805	272177.845696765927	8789.6198886114
3	10829	272917.459044381869	8151.3028885828
3	10847	273411.878480413927	9126.7165550851
3	10876	273918.226701721554	9975.3154377006
3	10886	274224.465779686345	8915.2281651777
3	10913	274977.34546780773	9971.3676103764
3	10943	275350.390686128287	10002.871079738
3	10949	275608.491644933713	9642.6158457297
3	10979	276156.835664138092	8998.4169282249
3	10998	276659.534009715547	11132.483556044
3	11006	276814.781770525498	10308.267728224
4	138	5518.532261861448	3208.7470736448
4	214	7593.662564003539	4043.805935019
4	218	7661.11980109844	3380.9425323434
4	252	8643.748938807986	3931.0985337906
4	292	9239.600743142656	2702.379315541
4	430	12654.675578552998	3442.6235736247
4	638	18302.662038182539	3507.5176628859
4	931	25824.440944841092	4912.5769100005
4	1006	27651.142981549425	5640.916715681
4	1100	29622.198920299999	5370.3071435964
4	1159	30823.587260352216	5777.6493456074
4	1216	33025.241214925123	5071.8755542856
4	1333	36037.679496820786	7073.0383350608
4	1463	39441.57542161986	3609.7577784258
4	1542	41427.113311827227	2866.5765149239
4	1573	41958.287166179964	2093.9683780912
4	1883	49189.189818501347	2671.7438985534
4	2026	53098.520219875375	4363.923081609
4	2087	54521.430802466224	5512.6835366328
4	2127	55967.927802657753	4775.6489464931
4	2155	56720.79483016818	5113.722510176
4	2249	59559.636646345771	4225.8045023224
4	2275	60194.04100367292	4207.6346855505
4	2292	60448.706939788412	3157.4441359574
4	2328	61321.632345034323	3222.0979748561
4	2457	64478.337974702984	3549.4002117759
4	2588	68073.075143899646	4164.249064887
4	2647	69040.388512080413	3608.8277139926
4	2698	69916.030533859484	3105.3489066107
4	2736	70881.820845819994	4447.7809726044
4	2831	73067.299472577748	5778.7435167416
4	2878	73874.242031399146	6684.2912846025
4	2927	75049.055483113953	6755.5168067839
4	3243	82321.93881524352	8821.5570699348
4	3277	83114.697106868007	7522.3527693541
4	3337	84740.995539590694	8260.2171901329
4	3383	85997.303886465706	8210.481789908
4	3457	88178.599632481091	9117.9694737673
4	3464	88229.746734594912	10320.649805642
4	3519	89598.75463631189	8922.4474687989
4	3598	91817.76848443409	11034.83071685
4	3615	92079.935586443049	9968.5949483439
4	3689	93734.029099415966	9165.5101131856
4	3767	96011.246934613191	9579.2688354477
4	3952	100730.513512153158	8537.2483399044
4	4048	103271.896759202683	10089.850454718
4	4198	107598.237810146051	8454.6806448203
4	4378	111993.679966028759	6889.9654742834
4	4413	112794.427676951492	5176.3720113559
4	4481	114382.125180136392	6942.0531971509
4	4508	115113.128494705994	6969.3267508777
4	4543	115821.02999197876	6811.7155116474
4	4680	118679.229395400722	6842.7587987448
4	4727	119980.855813804994	7000.053214876
4	4899	124547.103449568133	9371.085063767
4	5125	130049.983908235909	10356.711263142
4	5214	132446.685949001443	8863.0509111209
4	5246	133181.657730109981	9947.1529531947
4	5332	135021.127714352664	8282.9754110502
4	5368	135832.790343441052	7914.8213618901
4	5387	136382.901538360855	8662.4274447094
4	5484	139005.504109339781	9991.7029740249
4	5580	141146.456523291749	7992.270387737
4	5622	142280.34556968126	9296.5161929289
4	5663	143155.551004989066	8803.4956376533
4	5696	144027.782002158456	9469.2723334353
4	5731	145038.290040837484	9630.4869177647
4	5857	147429.775397634117	9009.0969955056
4	5868	147808.239254569519	8494.7303533869
4	5885	148341.68600478198	8015.2402520284
4	5901	148903.098670432337	9058.3773560145
4	5993	150846.793441200613	10290.739029609
4	6031	152295.157751148551	11188.026728665
4	6159	155803.280503116432	9527.9007160074
4	6386	162703.190648002537	9736.6847481689
4	6541	166680.574912505219	10611.886755144
4	6555	167048.002953795703	7811.6925154492
4	6584	167632.767013587044	7548.6713418005
4	6638	169192.820035606609	5492.677893198
4	6673	169875.689094681177	6343.881696963
4	6782	173015.211402099566	5222.4677602229
4	6829	174122.916100213299	5846.5914109369
4	6874	175563.006987424562	6822.1252145834
4	6896	176227.953329898412	6679.8095206753
4	6949	177374.569754298763	7068.0981358252
4	6973	177855.426002280773	6590.1713079614
4	7012	178478.897972432781	6964.3826119874
4	7065	179743.459461862105	5813.2830666717
4	7069	179760.931404737751	5859.3833775051
4	7198	182592.744597049425	6298.501169781
4	7299	184867.917100001114	8412.5611563481
4	7346	185843.714448790882	7342.4042820599
4	7375	186705.784073483194	8649.4939006441
4	7385	187183.710156399642	8948.3346150754
4	7399	187363.975188551459	8958.0434048701
4	7472	189347.281016889948	9934.5211809844
4	7626	192908.374578395853	11965.344172367
4	7667	194055.243372339641	11389.950679225
4	7722	195304.269041154524	11389.351731398
4	7802	197397.181254714718	11177.480789896
4	7900	199868.778057601189	11723.61461945
4	7904	200044.606364561236	11180.423538069
4	7919	200404.023584853744	12220.025882439
4	8020	203148.077998334535	11260.824931091
4	8051	204031.449351906663	12245.081865993
4	8158	206809.156558103746	13192.221593657
4	8225	208694.742670852688	10154.143481337
4	8270	209315.257041912523	10601.927003444
4	8409	212379.514747127884	10459.14178511
4	8583	215823.815457504131	7576.7342551673
4	8610	216456.823758264998	9148.5545502687
4	8664	217670.811689209191	8935.3673364657
4	8692	218451.717232204863	9522.5446634242
4	8711	218542.700218144798	9582.6029123201
4	8794	220782.413115046916	10621.233739628
4	9095	229406.427747590465	14268.835982433
4	9208	232674.191223658617	12790.601743654
4	9217	232877.126696966479	12362.109023344
4	9310	235099.538009122013	11868.58019094
4	9436	237812.948374599109	9731.3678497166
4	9440	237947.362694472074	10013.559425307
4	9535	240434.023572752248	9927.3243029709
4	9561	241035.738198041916	8132.7212127568
4	9632	243290.752980388697	8887.4335917937
4	9647	243776.912146136055	10591.895478123
4	9724	245469.149394413452	11034.429542743
4	9802	247491.248989665882	10214.563833463
4	9834	247785.757093988251	9751.0932682931
4	9853	248175.649053212147	9214.5997713093
4	10070	253971.882651969682	8785.4675858611
4	10250	258531.668401896951	10531.057250671
4	10375	261328.949046807367	10291.85640167
4	10379	261451.605585804102	11049.507736464
4	10438	263328.081997368482	8734.1224163727
4	10501	264852.810567976905	9058.5207103725
4	10670	268981.741197530185	10487.330380392
4	10677	269178.56652051769	10425.841912852
4	10736	270514.64188477583	10711.677459993
4	10812	272304.884311910611	8644.7356909746
4	10882	274014.254239248005	9203.2533107786

